# stan_version_major = 2
# stan_version_minor = 26
# stan_version_patch = 1
# model = BNN_partial_sum_SLICED_ARGS_y_SHARED_ARGS_W_Categorical_GLM_row_indexing_model
# method = sample (Default)
#   sample
#     num_samples = 1
#     num_warmup = 1000 (Default)
#     save_warmup = 1
#     thin = 1 (Default)
#     adapt
#       engaged = 0
#       gamma = 0.050000000000000003 (Default)
#       delta = 0.80000000000000004 (Default)
#       kappa = 0.75 (Default)
#       t0 = 10 (Default)
#       init_buffer = 75 (Default)
#       term_buffer = 50 (Default)
#       window = 25 (Default)
#     algorithm = hmc (Default)
#       hmc
#         engine = nuts (Default)
#           nuts
#             max_depth = 10 (Default)
#         metric = diag_e (Default)
#         metric_file =  (Default)
#         stepsize = 1 (Default)
#         stepsize_jitter = 0 (Default)
# id = 1
# data
#   file = /tmp/tmpkw3f8k1s/v31jqvai.json
# init = 2 (Default)
# random
#   seed = 1
# output
#   file = /home/jmaronasm/STAN_time_comparison/results/cpu/NO_threads_4/partial_sum_SLICED_ARGS_y_SHARED_ARGS_W_Categorical_GLM_row_indexing/BNN_partial_sum_SLICED_ARGS_y_SHARED_ARGS_W_Categorical_GLM_row_indexing-202103261248-1.csv
#   diagnostic_file = /home/jmaronasm/STAN_time_comparison/results/cpu/NO_threads_4/partial_sum_SLICED_ARGS_y_SHARED_ARGS_W_Categorical_GLM_row_indexing/BNN_partial_sum_SLICED_ARGS_y_SHARED_ARGS_W_Categorical_GLM_row_indexing-202103261248-diagnostic-1.csv
#   refresh = 100 (Default)
#   sig_figs = -1 (Default)
#   profile_file = profile.csv (Default)
lp__,accept_stat__,stepsize__,treedepth__,n_leapfrog__,divergent__,energy__,W.1.1,W.2.1,W.3.1,W.4.1,W.5.1,W.6.1,W.7.1,W.8.1,W.9.1,W.10.1,W.1.2,W.2.2,W.3.2,W.4.2,W.5.2,W.6.2,W.7.2,W.8.2,W.9.2,W.10.2,W.1.3,W.2.3,W.3.3,W.4.3,W.5.3,W.6.3,W.7.3,W.8.3,W.9.3,W.10.3,W.1.4,W.2.4,W.3.4,W.4.4,W.5.4,W.6.4,W.7.4,W.8.4,W.9.4,W.10.4,W.1.5,W.2.5,W.3.5,W.4.5,W.5.5,W.6.5,W.7.5,W.8.5,W.9.5,W.10.5,W.1.6,W.2.6,W.3.6,W.4.6,W.5.6,W.6.6,W.7.6,W.8.6,W.9.6,W.10.6,W.1.7,W.2.7,W.3.7,W.4.7,W.5.7,W.6.7,W.7.7,W.8.7,W.9.7,W.10.7,W.1.8,W.2.8,W.3.8,W.4.8,W.5.8,W.6.8,W.7.8,W.8.8,W.9.8,W.10.8,W.1.9,W.2.9,W.3.9,W.4.9,W.5.9,W.6.9,W.7.9,W.8.9,W.9.9,W.10.9,W.1.10,W.2.10,W.3.10,W.4.10,W.5.10,W.6.10,W.7.10,W.8.10,W.9.10,W.10.10,p_W.1.1,p_W.2.1,p_W.3.1,p_W.4.1,p_W.5.1,p_W.6.1,p_W.7.1,p_W.8.1,p_W.9.1,p_W.10.1,p_W.1.2,p_W.2.2,p_W.3.2,p_W.4.2,p_W.5.2,p_W.6.2,p_W.7.2,p_W.8.2,p_W.9.2,p_W.10.2,p_W.1.3,p_W.2.3,p_W.3.3,p_W.4.3,p_W.5.3,p_W.6.3,p_W.7.3,p_W.8.3,p_W.9.3,p_W.10.3,p_W.1.4,p_W.2.4,p_W.3.4,p_W.4.4,p_W.5.4,p_W.6.4,p_W.7.4,p_W.8.4,p_W.9.4,p_W.10.4,p_W.1.5,p_W.2.5,p_W.3.5,p_W.4.5,p_W.5.5,p_W.6.5,p_W.7.5,p_W.8.5,p_W.9.5,p_W.10.5,p_W.1.6,p_W.2.6,p_W.3.6,p_W.4.6,p_W.5.6,p_W.6.6,p_W.7.6,p_W.8.6,p_W.9.6,p_W.10.6,p_W.1.7,p_W.2.7,p_W.3.7,p_W.4.7,p_W.5.7,p_W.6.7,p_W.7.7,p_W.8.7,p_W.9.7,p_W.10.7,p_W.1.8,p_W.2.8,p_W.3.8,p_W.4.8,p_W.5.8,p_W.6.8,p_W.7.8,p_W.8.8,p_W.9.8,p_W.10.8,p_W.1.9,p_W.2.9,p_W.3.9,p_W.4.9,p_W.5.9,p_W.6.9,p_W.7.9,p_W.8.9,p_W.9.9,p_W.10.9,p_W.1.10,p_W.2.10,p_W.3.10,p_W.4.10,p_W.5.10,p_W.6.10,p_W.7.10,p_W.8.10,p_W.9.10,p_W.10.10,g_W.1.1,g_W.2.1,g_W.3.1,g_W.4.1,g_W.5.1,g_W.6.1,g_W.7.1,g_W.8.1,g_W.9.1,g_W.10.1,g_W.1.2,g_W.2.2,g_W.3.2,g_W.4.2,g_W.5.2,g_W.6.2,g_W.7.2,g_W.8.2,g_W.9.2,g_W.10.2,g_W.1.3,g_W.2.3,g_W.3.3,g_W.4.3,g_W.5.3,g_W.6.3,g_W.7.3,g_W.8.3,g_W.9.3,g_W.10.3,g_W.1.4,g_W.2.4,g_W.3.4,g_W.4.4,g_W.5.4,g_W.6.4,g_W.7.4,g_W.8.4,g_W.9.4,g_W.10.4,g_W.1.5,g_W.2.5,g_W.3.5,g_W.4.5,g_W.5.5,g_W.6.5,g_W.7.5,g_W.8.5,g_W.9.5,g_W.10.5,g_W.1.6,g_W.2.6,g_W.3.6,g_W.4.6,g_W.5.6,g_W.6.6,g_W.7.6,g_W.8.6,g_W.9.6,g_W.10.6,g_W.1.7,g_W.2.7,g_W.3.7,g_W.4.7,g_W.5.7,g_W.6.7,g_W.7.7,g_W.8.7,g_W.9.7,g_W.10.7,g_W.1.8,g_W.2.8,g_W.3.8,g_W.4.8,g_W.5.8,g_W.6.8,g_W.7.8,g_W.8.8,g_W.9.8,g_W.10.8,g_W.1.9,g_W.2.9,g_W.3.9,g_W.4.9,g_W.5.9,g_W.6.9,g_W.7.9,g_W.8.9,g_W.9.9,g_W.10.9,g_W.1.10,g_W.2.10,g_W.3.10,g_W.4.10,g_W.5.10,g_W.6.10,g_W.7.10,g_W.8.10,g_W.9.10,g_W.10.10
-250354,0,1,0,1,1,250396,-0.384764,0.00591807,1.98251,0.65987,0.194549,-1.62464,-1.32884,-0.638008,0.776036,1.76188,-0.149657,0.116447,-1.54277,-0.0636614,0.2482,-1.00728,-1.59481,-1.01706,-0.127135,0.559175,1.40119,-1.61276,1.8305,-0.0898098,-1.26576,-1.76124,1.23195,-0.269686,1.22789,-1.59845,-1.56077,0.458786,1.996,-0.185011,-1.75004,1.38731,-0.797919,-1.56933,0.936032,-1.67351,1.35279,0.444837,1.42627,-1.3104,-0.0724454,0.89088,-0.393547,0.886616,0.0264761,-0.478673,-1.03596,0.226382,0.0675763,-1.26799,0.156639,-0.0321617,0.998724,0.212245,-0.63784,-0.775643,-0.788799,1.94885,1.21166,0.828242,-0.92643,-0.62419,-1.08532,0.0134659,-0.922084,-1.04397,-1.82062,-0.720654,-1.94471,-0.376988,1.76676,-0.594025,1.17955,0.313105,1.16384,0.0323358,0.112372,0.276904,0.173359,1.84303,0.871915,-1.30925,-0.819472,-0.271119,0.144731,1.18899,1.07535,1.68402,1.67163,-0.91779,-0.253471,-1.68299,-0.374937,1.42931,0.855572,-1.19532,-0.206493,0.51481,0.697516,0.742011,-0.872417,-0.49975,1.21594,-0.126787,1.00574,0.372202,-2.1237,0.400017,0.179701,-0.252726,0.640647,-0.152721,1.17941,0.484815,-0.594474,-0.151371,1.54804,-0.822057,-0.0750681,0.704717,-0.240172,0.20004,-0.309504,-0.289384,-0.185083,-0.0927494,1.02421,1.34444,0.175909,0.956858,0.478614,-0.748683,-1.37757,-0.313802,0.807534,2.06484,1.49607,-1.1385,-0.43651,0.951246,0.316151,0.303086,1.01338,1.2546,0.197149,-1.24416,0.132343,-0.592619,-0.807528,0.875943,-0.633914,0.21565,-2.04491,0.175537,-0.746436,-0.218477,-0.497082,0.862765,0.76518,0.139092,0.471262,0.569331,1.88724,-1.01209,1.27815,0.211361,-0.274498,0.805397,-2.54599,-0.0203511,-1.76284,-1.03844,-1.51654,1.39493,0.55356,-0.798297,0.369995,-0.692592,-0.668614,-0.807318,0.0339243,-0.443453,-0.419893,-0.17474,0.0900306,-1.7878,-1.02151,-0.681125,-1.12383,-0.0887249,0.440476,-0.146805,-2.13496,-0.319411,1.33577,-0.013853,-547.184,-508.299,2761.5,815.011,520.894,-1882.04,-2005.36,-819.359,713.376,4167.89,684.524,-60.5022,-3825.74,-379.508,89.5438,-786.665,-2764.26,-1893.05,-1138.15,1330.48,3721.9,-4549.31,2287.66,267.703,-2638.59,-2872.07,3581.78,-691.08,1559.76,-2665.15,-3407.54,531.827,2745.55,-223.138,-3512.96,4957.76,-1430.38,-3610.6,1490.59,-2808.39,2647.86,134.514,1058.66,-2025.01,485.435,3088.29,-408.039,1755.96,-843.537,223.64,-979.537,157.066,-382.401,-1592.82,146.539,630.355,1663.4,390.568,-1767.98,-422.267,-1066.21,3073.98,426.967,1910.6,-1257.09,-400.344,-1141.72,499.265,-2604.22,-1076.11,-4120.46,-2216.12,-5824.17,-626.233,4606.2,242.817,3643.23,1542.24,2193.71,656.864,865.569,271.498,-601.193,3442.11,1343.81,-669.027,-589.169,-124.323,-568.395,1995.34,2199.27,3168.19,1360.03,-1589.59,215.181,-2315.43,-552.459,2949.46,968.289,-1405.52
-250354,0,1,0,1,1,250402,-0.384764,0.00591807,1.98251,0.65987,0.194549,-1.62464,-1.32884,-0.638008,0.776036,1.76188,-0.149657,0.116447,-1.54277,-0.0636614,0.2482,-1.00728,-1.59481,-1.01706,-0.127135,0.559175,1.40119,-1.61276,1.8305,-0.0898098,-1.26576,-1.76124,1.23195,-0.269686,1.22789,-1.59845,-1.56077,0.458786,1.996,-0.185011,-1.75004,1.38731,-0.797919,-1.56933,0.936032,-1.67351,1.35279,0.444837,1.42627,-1.3104,-0.0724454,0.89088,-0.393547,0.886616,0.0264761,-0.478673,-1.03596,0.226382,0.0675763,-1.26799,0.156639,-0.0321617,0.998724,0.212245,-0.63784,-0.775643,-0.788799,1.94885,1.21166,0.828242,-0.92643,-0.62419,-1.08532,0.0134659,-0.922084,-1.04397,-1.82062,-0.720654,-1.94471,-0.376988,1.76676,-0.594025,1.17955,0.313105,1.16384,0.0323358,0.112372,0.276904,0.173359,1.84303,0.871915,-1.30925,-0.819472,-0.271119,0.144731,1.18899,1.07535,1.68402,1.67163,-0.91779,-0.253471,-1.68299,-0.374937,1.42931,0.855572,-1.19532,1.12196,0.448668,1.53318,1.21099,0.55315,0.219598,0.560538,-0.3495,-1.08562,0.992541,-2.59822,-0.406753,-0.165716,0.792187,-0.259509,-0.218841,-1.10193,-0.765066,0.33173,0.0638977,0.0979369,-0.282051,0.435801,0.527208,0.071817,0.00978724,-0.0809909,-0.0948928,0.159176,2.36174,-0.868322,-0.324007,-0.708022,-0.13649,0.0491145,-1.06128,-0.198822,1.22612,0.734214,-0.906852,0.730103,0.745989,0.702034,0.104932,0.535926,-0.707109,-0.271503,0.026605,0.920918,0.142603,-1.24404,-0.518884,1.0171,-1.59613,0.219187,1.3245,1.55144,0.530756,-1.35331,-0.533258,-0.543882,-0.0757972,-0.221148,-1.54392,-0.916303,-1.27209,1.15275,-1.05063,1.02589,1.24014,1.08099,0.54467,0.255134,1.47277,-1.31183,-2.011,-0.679125,-0.2842,-1.39856,-1.96098,-0.781024,-0.512416,-0.93919,0.361716,1.32644,-0.322896,1.49346,-1.54411,0.588612,0.364634,-0.826136,-2.75329,1.59277,1.53859,-0.938118,0.804672,0.172908,-0.269737,0.809045,0.192379,-547.184,-508.299,2761.5,815.011,520.894,-1882.04,-2005.36,-819.359,713.376,4167.89,684.524,-60.5022,-3825.74,-379.508,89.5438,-786.665,-2764.26,-1893.05,-1138.15,1330.48,3721.9,-4549.31,2287.66,267.703,-2638.59,-2872.07,3581.78,-691.08,1559.76,-2665.15,-3407.54,531.827,2745.55,-223.138,-3512.96,4957.76,-1430.38,-3610.6,1490.59,-2808.39,2647.86,134.514,1058.66,-2025.01,485.435,3088.29,-408.039,1755.96,-843.537,223.64,-979.537,157.066,-382.401,-1592.82,146.539,630.355,1663.4,390.568,-1767.98,-422.267,-1066.21,3073.98,426.967,1910.6,-1257.09,-400.344,-1141.72,499.265,-2604.22,-1076.11,-4120.46,-2216.12,-5824.17,-626.233,4606.2,242.817,3643.23,1542.24,2193.71,656.864,865.569,271.498,-601.193,3442.11,1343.81,-669.027,-589.169,-124.323,-568.395,1995.34,2199.27,3168.19,1360.03,-1589.59,215.181,-2315.43,-552.459,2949.46,968.289,-1405.52
-250354,0,1,0,1,1,250408,-0.384764,0.00591807,1.98251,0.65987,0.194549,-1.62464,-1.32884,-0.638008,0.776036,1.76188,-0.149657,0.116447,-1.54277,-0.0636614,0.2482,-1.00728,-1.59481,-1.01706,-0.127135,0.559175,1.40119,-1.61276,1.8305,-0.0898098,-1.26576,-1.76124,1.23195,-0.269686,1.22789,-1.59845,-1.56077,0.458786,1.996,-0.185011,-1.75004,1.38731,-0.797919,-1.56933,0.936032,-1.67351,1.35279,0.444837,1.42627,-1.3104,-0.0724454,0.89088,-0.393547,0.886616,0.0264761,-0.478673,-1.03596,0.226382,0.0675763,-1.26799,0.156639,-0.0321617,0.998724,0.212245,-0.63784,-0.775643,-0.788799,1.94885,1.21166,0.828242,-0.92643,-0.62419,-1.08532,0.0134659,-0.922084,-1.04397,-1.82062,-0.720654,-1.94471,-0.376988,1.76676,-0.594025,1.17955,0.313105,1.16384,0.0323358,0.112372,0.276904,0.173359,1.84303,0.871915,-1.30925,-0.819472,-0.271119,0.144731,1.18899,1.07535,1.68402,1.67163,-0.91779,-0.253471,-1.68299,-0.374937,1.42931,0.855572,-1.19532,-0.162223,-0.333524,-0.323778,0.543556,0.255759,-1.22192,1.46892,-1.80221,2.40824,1.30453,0.216721,-0.550671,-1.14058,-1.25819,0.809951,-1.31455,0.142125,-1.59018,-0.745389,0.663703,-0.866045,-0.0157716,0.0713335,-0.0345795,-0.534125,-0.467281,1.33273,0.119423,-1.29951,-1.40577,1.23304,-0.252509,0.850202,1.03851,-1.88291,1.05941,0.132,0.423271,-0.57229,0.198983,-0.225878,0.00154239,1.13853,0.6014,0.395528,-1.49452,0.0240554,-2.21373,-1.36661,1.25315,0.0371952,-1.03045,-1.10179,0.866785,-0.251325,-0.470145,-1.21106,0.51022,2.26114,0.54669,-1.14455,-1.12573,0.612256,-0.23051,-0.952556,0.202984,-0.509618,0.166449,1.59246,-2.1206,0.623274,0.82158,-1.34455,-1.06745,0.116874,0.049428,0.492778,-0.745192,1.34981,-0.542314,-0.526634,0.926396,2.28328,-0.109382,0.498965,0.294144,-0.146193,2.34555,-0.176431,-1.0385,-1.00843,0.471274,-0.265568,-1.08978,0.972488,-0.700633,0.860236,-1.98134,-1.39682,2.06993,-547.184,-508.299,2761.5,815.011,520.894,-1882.04,-2005.36,-819.359,713.376,4167.89,684.524,-60.5022,-3825.74,-379.508,89.5438,-786.665,-2764.26,-1893.05,-1138.15,1330.48,3721.9,-4549.31,2287.66,267.703,-2638.59,-2872.07,3581.78,-691.08,1559.76,-2665.15,-3407.54,531.827,2745.55,-223.138,-3512.96,4957.76,-1430.38,-3610.6,1490.59,-2808.39,2647.86,134.514,1058.66,-2025.01,485.435,3088.29,-408.039,1755.96,-843.537,223.64,-979.537,157.066,-382.401,-1592.82,146.539,630.355,1663.4,390.568,-1767.98,-422.267,-1066.21,3073.98,426.967,1910.6,-1257.09,-400.344,-1141.72,499.265,-2604.22,-1076.11,-4120.46,-2216.12,-5824.17,-626.233,4606.2,242.817,3643.23,1542.24,2193.71,656.864,865.569,271.498,-601.193,3442.11,1343.81,-669.027,-589.169,-124.323,-568.395,1995.34,2199.27,3168.19,1360.03,-1589.59,215.181,-2315.43,-552.459,2949.46,968.289,-1405.52
-250354,0,1,0,1,1,250400,-0.384764,0.00591807,1.98251,0.65987,0.194549,-1.62464,-1.32884,-0.638008,0.776036,1.76188,-0.149657,0.116447,-1.54277,-0.0636614,0.2482,-1.00728,-1.59481,-1.01706,-0.127135,0.559175,1.40119,-1.61276,1.8305,-0.0898098,-1.26576,-1.76124,1.23195,-0.269686,1.22789,-1.59845,-1.56077,0.458786,1.996,-0.185011,-1.75004,1.38731,-0.797919,-1.56933,0.936032,-1.67351,1.35279,0.444837,1.42627,-1.3104,-0.0724454,0.89088,-0.393547,0.886616,0.0264761,-0.478673,-1.03596,0.226382,0.0675763,-1.26799,0.156639,-0.0321617,0.998724,0.212245,-0.63784,-0.775643,-0.788799,1.94885,1.21166,0.828242,-0.92643,-0.62419,-1.08532,0.0134659,-0.922084,-1.04397,-1.82062,-0.720654,-1.94471,-0.376988,1.76676,-0.594025,1.17955,0.313105,1.16384,0.0323358,0.112372,0.276904,0.173359,1.84303,0.871915,-1.30925,-0.819472,-0.271119,0.144731,1.18899,1.07535,1.68402,1.67163,-0.91779,-0.253471,-1.68299,-0.374937,1.42931,0.855572,-1.19532,-0.0401857,1.35974,-0.103288,0.384752,0.833119,0.429436,-0.534888,0.606125,-0.623844,-0.398153,0.688382,1.42493,-0.0319958,-0.276019,0.232354,-1.0426,1.0144,-0.0630026,-0.492928,0.204365,-2.54685,-0.55892,-0.42834,-0.330153,0.118911,-0.781918,-1.38028,-0.111718,0.14896,1.23839,-0.663888,0.334841,-1.09816,-1.91799,-0.18109,0.0953404,-0.201118,-0.425857,0.95243,-0.28802,1.08063,-0.261898,0.392081,0.357372,-0.339845,-0.287301,1.3328,-0.497568,1.3459,0.271727,0.931525,1.3554,-0.354339,1.25699,1.83888,-0.481979,2.09806,-0.168423,-0.0281722,0.0993495,-1.33963,0.537843,0.850303,-1.12254,-2.16262,-0.349435,-1.53593,0.634957,1.7507,0.850883,0.846462,0.163272,-0.516081,-0.144427,0.0807633,-1.2149,-0.118378,0.884587,-0.80516,0.156886,1.7793,1.63218,-1.29892,0.180892,-0.415721,0.888846,-0.104546,-1.51217,0.044066,-2.80543,-0.0189734,1.0568,0.442456,-0.528511,1.02372,0.439664,-1.77378,-1.08376,-0.0139693,0.734777,-547.184,-508.299,2761.5,815.011,520.894,-1882.04,-2005.36,-819.359,713.376,4167.89,684.524,-60.5022,-3825.74,-379.508,89.5438,-786.665,-2764.26,-1893.05,-1138.15,1330.48,3721.9,-4549.31,2287.66,267.703,-2638.59,-2872.07,3581.78,-691.08,1559.76,-2665.15,-3407.54,531.827,2745.55,-223.138,-3512.96,4957.76,-1430.38,-3610.6,1490.59,-2808.39,2647.86,134.514,1058.66,-2025.01,485.435,3088.29,-408.039,1755.96,-843.537,223.64,-979.537,157.066,-382.401,-1592.82,146.539,630.355,1663.4,390.568,-1767.98,-422.267,-1066.21,3073.98,426.967,1910.6,-1257.09,-400.344,-1141.72,499.265,-2604.22,-1076.11,-4120.46,-2216.12,-5824.17,-626.233,4606.2,242.817,3643.23,1542.24,2193.71,656.864,865.569,271.498,-601.193,3442.11,1343.81,-669.027,-589.169,-124.323,-568.395,1995.34,2199.27,3168.19,1360.03,-1589.59,215.181,-2315.43,-552.459,2949.46,968.289,-1405.52
-250354,0,1,0,1,1,250400,-0.384764,0.00591807,1.98251,0.65987,0.194549,-1.62464,-1.32884,-0.638008,0.776036,1.76188,-0.149657,0.116447,-1.54277,-0.0636614,0.2482,-1.00728,-1.59481,-1.01706,-0.127135,0.559175,1.40119,-1.61276,1.8305,-0.0898098,-1.26576,-1.76124,1.23195,-0.269686,1.22789,-1.59845,-1.56077,0.458786,1.996,-0.185011,-1.75004,1.38731,-0.797919,-1.56933,0.936032,-1.67351,1.35279,0.444837,1.42627,-1.3104,-0.0724454,0.89088,-0.393547,0.886616,0.0264761,-0.478673,-1.03596,0.226382,0.0675763,-1.26799,0.156639,-0.0321617,0.998724,0.212245,-0.63784,-0.775643,-0.788799,1.94885,1.21166,0.828242,-0.92643,-0.62419,-1.08532,0.0134659,-0.922084,-1.04397,-1.82062,-0.720654,-1.94471,-0.376988,1.76676,-0.594025,1.17955,0.313105,1.16384,0.0323358,0.112372,0.276904,0.173359,1.84303,0.871915,-1.30925,-0.819472,-0.271119,0.144731,1.18899,1.07535,1.68402,1.67163,-0.91779,-0.253471,-1.68299,-0.374937,1.42931,0.855572,-1.19532,0.0944847,-1.89136,-1.08069,1.51816,-0.970024,0.264028,0.228434,-1.36263,-0.478927,-0.466755,1.49496,0.373236,0.921047,-0.279205,0.240248,2.23384,1.21975,-1.35454,1.63578,2.13588,-0.520253,0.765313,-1.89925,-0.571301,-1.26481,0.386749,-0.847456,0.199934,-0.504331,0.626963,0.922823,-1.11987,0.952943,0.419267,0.575694,-0.603237,0.608922,-0.115726,-1.09749,-0.528164,0.16855,0.0967241,-0.23543,-0.11193,0.782239,0.387331,0.574424,0.375377,0.420105,0.55781,-0.40415,0.792444,0.515671,1.16637,0.563942,0.336128,-0.289009,-1.15138,-1.66745,-0.987367,-0.0627699,-1.93293,-2.23419,-0.565398,0.554387,-0.0565447,0.516887,-1.06872,-0.251553,0.782247,-1.07801,1.45329,0.211418,1.59405,-0.0599883,-0.944019,-1.22561,0.495207,0.0517546,0.278957,0.178828,0.504668,0.352474,-0.215684,-0.364847,1.07348,-0.16157,-0.152497,0.120245,-2.45466,-0.363581,1.21055,0.225421,0.866842,1.42123,-1.0842,-1.02622,1.44002,0.951478,-0.885228,-547.184,-508.299,2761.5,815.011,520.894,-1882.04,-2005.36,-819.359,713.376,4167.89,684.524,-60.5022,-3825.74,-379.508,89.5438,-786.665,-2764.26,-1893.05,-1138.15,1330.48,3721.9,-4549.31,2287.66,267.703,-2638.59,-2872.07,3581.78,-691.08,1559.76,-2665.15,-3407.54,531.827,2745.55,-223.138,-3512.96,4957.76,-1430.38,-3610.6,1490.59,-2808.39,2647.86,134.514,1058.66,-2025.01,485.435,3088.29,-408.039,1755.96,-843.537,223.64,-979.537,157.066,-382.401,-1592.82,146.539,630.355,1663.4,390.568,-1767.98,-422.267,-1066.21,3073.98,426.967,1910.6,-1257.09,-400.344,-1141.72,499.265,-2604.22,-1076.11,-4120.46,-2216.12,-5824.17,-626.233,4606.2,242.817,3643.23,1542.24,2193.71,656.864,865.569,271.498,-601.193,3442.11,1343.81,-669.027,-589.169,-124.323,-568.395,1995.34,2199.27,3168.19,1360.03,-1589.59,215.181,-2315.43,-552.459,2949.46,968.289,-1405.52
-250354,0,1,0,1,1,250394,-0.384764,0.00591807,1.98251,0.65987,0.194549,-1.62464,-1.32884,-0.638008,0.776036,1.76188,-0.149657,0.116447,-1.54277,-0.0636614,0.2482,-1.00728,-1.59481,-1.01706,-0.127135,0.559175,1.40119,-1.61276,1.8305,-0.0898098,-1.26576,-1.76124,1.23195,-0.269686,1.22789,-1.59845,-1.56077,0.458786,1.996,-0.185011,-1.75004,1.38731,-0.797919,-1.56933,0.936032,-1.67351,1.35279,0.444837,1.42627,-1.3104,-0.0724454,0.89088,-0.393547,0.886616,0.0264761,-0.478673,-1.03596,0.226382,0.0675763,-1.26799,0.156639,-0.0321617,0.998724,0.212245,-0.63784,-0.775643,-0.788799,1.94885,1.21166,0.828242,-0.92643,-0.62419,-1.08532,0.0134659,-0.922084,-1.04397,-1.82062,-0.720654,-1.94471,-0.376988,1.76676,-0.594025,1.17955,0.313105,1.16384,0.0323358,0.112372,0.276904,0.173359,1.84303,0.871915,-1.30925,-0.819472,-0.271119,0.144731,1.18899,1.07535,1.68402,1.67163,-0.91779,-0.253471,-1.68299,-0.374937,1.42931,0.855572,-1.19532,0.405774,-0.9127,-1.10488,0.34431,-0.08328,0.0441594,-1.75395,-0.454469,-0.225953,-0.254387,-0.527355,-0.780977,-1.1329,-0.228636,-0.220672,-0.137065,-0.439437,-0.456129,1.28121,-0.30589,0.196598,-1.23261,1.5732,0.246978,-0.518214,-0.0794743,-0.0106853,0.805823,0.881225,1.34877,-0.605543,-0.243416,-0.49116,-0.128884,0.663622,1.08584,-0.164712,-0.861936,0.203731,-0.899237,-1.25874,-0.915986,0.600587,0.736525,0.554417,-0.181817,-0.505002,0.918639,-0.0578628,0.308444,-1.18358,0.590198,0.933189,0.913255,-1.01885,1.13732,-0.608007,-2.31029,1.33746,0.386618,-0.628101,-0.29218,1.8151,0.139007,0.821682,0.414624,-1.12718,1.06243,-0.832884,0.882049,-0.731028,-0.793971,0.963045,0.431539,-0.6992,-0.868137,0.613897,-0.677284,0.371154,-1.45867,-0.823285,-0.657049,0.164759,1.23665,-1.16505,1.55164,1.47187,-0.649754,-2.14224,0.883097,0.574712,1.25813,-1.2774,1.37273,-2.0408,0.292003,0.788057,-0.626845,-0.105352,0.434702,-547.184,-508.299,2761.5,815.011,520.894,-1882.04,-2005.36,-819.359,713.376,4167.89,684.524,-60.5022,-3825.74,-379.508,89.5438,-786.665,-2764.26,-1893.05,-1138.15,1330.48,3721.9,-4549.31,2287.66,267.703,-2638.59,-2872.07,3581.78,-691.08,1559.76,-2665.15,-3407.54,531.827,2745.55,-223.138,-3512.96,4957.76,-1430.38,-3610.6,1490.59,-2808.39,2647.86,134.514,1058.66,-2025.01,485.435,3088.29,-408.039,1755.96,-843.537,223.64,-979.537,157.066,-382.401,-1592.82,146.539,630.355,1663.4,390.568,-1767.98,-422.267,-1066.21,3073.98,426.967,1910.6,-1257.09,-400.344,-1141.72,499.265,-2604.22,-1076.11,-4120.46,-2216.12,-5824.17,-626.233,4606.2,242.817,3643.23,1542.24,2193.71,656.864,865.569,271.498,-601.193,3442.11,1343.81,-669.027,-589.169,-124.323,-568.395,1995.34,2199.27,3168.19,1360.03,-1589.59,215.181,-2315.43,-552.459,2949.46,968.289,-1405.52
-250354,0,1,0,1,1,250402,-0.384764,0.00591807,1.98251,0.65987,0.194549,-1.62464,-1.32884,-0.638008,0.776036,1.76188,-0.149657,0.116447,-1.54277,-0.0636614,0.2482,-1.00728,-1.59481,-1.01706,-0.127135,0.559175,1.40119,-1.61276,1.8305,-0.0898098,-1.26576,-1.76124,1.23195,-0.269686,1.22789,-1.59845,-1.56077,0.458786,1.996,-0.185011,-1.75004,1.38731,-0.797919,-1.56933,0.936032,-1.67351,1.35279,0.444837,1.42627,-1.3104,-0.0724454,0.89088,-0.393547,0.886616,0.0264761,-0.478673,-1.03596,0.226382,0.0675763,-1.26799,0.156639,-0.0321617,0.998724,0.212245,-0.63784,-0.775643,-0.788799,1.94885,1.21166,0.828242,-0.92643,-0.62419,-1.08532,0.0134659,-0.922084,-1.04397,-1.82062,-0.720654,-1.94471,-0.376988,1.76676,-0.594025,1.17955,0.313105,1.16384,0.0323358,0.112372,0.276904,0.173359,1.84303,0.871915,-1.30925,-0.819472,-0.271119,0.144731,1.18899,1.07535,1.68402,1.67163,-0.91779,-0.253471,-1.68299,-0.374937,1.42931,0.855572,-1.19532,-1.26225,-0.0954506,-1.22082,0.601069,-0.332302,0.0727281,-1.08871,0.0319755,-0.56864,0.824879,-0.538682,1.36165,-0.132179,-1.62651,-0.71559,-1.17148,1.4646,-0.12139,-0.0693503,-1.39424,0.54833,0.741254,0.684468,-0.0052279,0.91112,0.175163,0.379278,-0.0468154,-0.570712,-1.02855,-0.780496,-0.467754,-1.06142,-1.52042,-0.685828,1.60806,0.544512,1.11962,0.842048,0.672401,0.572113,-1.24489,0.542141,-1.0328,-0.105595,-0.991126,-1.77983,-0.713311,-0.278412,0.463682,0.824432,-0.526139,0.238053,0.969753,0.846851,0.861228,1.4433,-0.596625,-1.20158,-1.07582,-0.85788,-0.700343,-0.297884,0.293247,1.19224,0.0710692,1.65896,-0.516518,0.208402,0.00441685,0.286368,1.29874,0.052357,-0.600906,-0.896153,-2.00191,-0.348643,0.192097,1.14304,1.26795,-0.792551,0.1575,1.29904,1.61488,2.42007,-0.25342,1.98023,0.0941658,-0.279771,-1.005,1.92176,0.767075,-0.87872,-0.420045,-0.107807,2.35781,0.650486,-0.0158996,1.82287,-1.77218,-547.184,-508.299,2761.5,815.011,520.894,-1882.04,-2005.36,-819.359,713.376,4167.89,684.524,-60.5022,-3825.74,-379.508,89.5438,-786.665,-2764.26,-1893.05,-1138.15,1330.48,3721.9,-4549.31,2287.66,267.703,-2638.59,-2872.07,3581.78,-691.08,1559.76,-2665.15,-3407.54,531.827,2745.55,-223.138,-3512.96,4957.76,-1430.38,-3610.6,1490.59,-2808.39,2647.86,134.514,1058.66,-2025.01,485.435,3088.29,-408.039,1755.96,-843.537,223.64,-979.537,157.066,-382.401,-1592.82,146.539,630.355,1663.4,390.568,-1767.98,-422.267,-1066.21,3073.98,426.967,1910.6,-1257.09,-400.344,-1141.72,499.265,-2604.22,-1076.11,-4120.46,-2216.12,-5824.17,-626.233,4606.2,242.817,3643.23,1542.24,2193.71,656.864,865.569,271.498,-601.193,3442.11,1343.81,-669.027,-589.169,-124.323,-568.395,1995.34,2199.27,3168.19,1360.03,-1589.59,215.181,-2315.43,-552.459,2949.46,968.289,-1405.52
-250354,0,1,0,1,1,250398,-0.384764,0.00591807,1.98251,0.65987,0.194549,-1.62464,-1.32884,-0.638008,0.776036,1.76188,-0.149657,0.116447,-1.54277,-0.0636614,0.2482,-1.00728,-1.59481,-1.01706,-0.127135,0.559175,1.40119,-1.61276,1.8305,-0.0898098,-1.26576,-1.76124,1.23195,-0.269686,1.22789,-1.59845,-1.56077,0.458786,1.996,-0.185011,-1.75004,1.38731,-0.797919,-1.56933,0.936032,-1.67351,1.35279,0.444837,1.42627,-1.3104,-0.0724454,0.89088,-0.393547,0.886616,0.0264761,-0.478673,-1.03596,0.226382,0.0675763,-1.26799,0.156639,-0.0321617,0.998724,0.212245,-0.63784,-0.775643,-0.788799,1.94885,1.21166,0.828242,-0.92643,-0.62419,-1.08532,0.0134659,-0.922084,-1.04397,-1.82062,-0.720654,-1.94471,-0.376988,1.76676,-0.594025,1.17955,0.313105,1.16384,0.0323358,0.112372,0.276904,0.173359,1.84303,0.871915,-1.30925,-0.819472,-0.271119,0.144731,1.18899,1.07535,1.68402,1.67163,-0.91779,-0.253471,-1.68299,-0.374937,1.42931,0.855572,-1.19532,0.290247,-0.287535,-0.317653,0.38949,0.491286,-0.396142,-0.829553,0.39295,-0.416103,-0.311144,-0.374689,-0.214989,-0.462664,0.243643,-1.1338,-0.489288,1.01579,-1.06721,0.0322939,0.208676,-0.188604,-0.522089,-0.989953,1.79965,-0.566807,0.525004,0.679674,-0.548501,-1.04325,-0.558691,2.204,0.180232,-1.27932,-0.999745,0.881113,0.0950218,0.0902209,0.644127,1.05727,0.245852,-0.500717,-1.18067,-1.11657,0.831928,-0.450682,-0.869908,-2.02305,-0.131454,-0.817506,0.528569,0.059656,-0.144575,-3.16779,1.10068,1.28377,-0.426549,-1.32687,-0.113507,-0.263851,-0.0875596,-2.31614,0.375443,2.07508,-0.660235,0.61763,-1.79487,-0.280033,-0.870781,0.0108438,0.703002,-0.558918,-1.09109,-0.146317,-0.970993,0.289093,2.06673,1.63291,0.19863,0.227317,-1.17336,-1.57031,-0.0955658,-0.603665,-0.112456,0.938281,0.814218,-0.911137,-0.503434,-0.416603,0.254298,-0.179851,-0.245637,-0.281443,-1.09507,0.426454,0.414058,0.590455,1.84143,-0.233984,1.61105,-547.184,-508.299,2761.5,815.011,520.894,-1882.04,-2005.36,-819.359,713.376,4167.89,684.524,-60.5022,-3825.74,-379.508,89.5438,-786.665,-2764.26,-1893.05,-1138.15,1330.48,3721.9,-4549.31,2287.66,267.703,-2638.59,-2872.07,3581.78,-691.08,1559.76,-2665.15,-3407.54,531.827,2745.55,-223.138,-3512.96,4957.76,-1430.38,-3610.6,1490.59,-2808.39,2647.86,134.514,1058.66,-2025.01,485.435,3088.29,-408.039,1755.96,-843.537,223.64,-979.537,157.066,-382.401,-1592.82,146.539,630.355,1663.4,390.568,-1767.98,-422.267,-1066.21,3073.98,426.967,1910.6,-1257.09,-400.344,-1141.72,499.265,-2604.22,-1076.11,-4120.46,-2216.12,-5824.17,-626.233,4606.2,242.817,3643.23,1542.24,2193.71,656.864,865.569,271.498,-601.193,3442.11,1343.81,-669.027,-589.169,-124.323,-568.395,1995.34,2199.27,3168.19,1360.03,-1589.59,215.181,-2315.43,-552.459,2949.46,968.289,-1405.52
-250354,0,1,0,1,1,250407,-0.384764,0.00591807,1.98251,0.65987,0.194549,-1.62464,-1.32884,-0.638008,0.776036,1.76188,-0.149657,0.116447,-1.54277,-0.0636614,0.2482,-1.00728,-1.59481,-1.01706,-0.127135,0.559175,1.40119,-1.61276,1.8305,-0.0898098,-1.26576,-1.76124,1.23195,-0.269686,1.22789,-1.59845,-1.56077,0.458786,1.996,-0.185011,-1.75004,1.38731,-0.797919,-1.56933,0.936032,-1.67351,1.35279,0.444837,1.42627,-1.3104,-0.0724454,0.89088,-0.393547,0.886616,0.0264761,-0.478673,-1.03596,0.226382,0.0675763,-1.26799,0.156639,-0.0321617,0.998724,0.212245,-0.63784,-0.775643,-0.788799,1.94885,1.21166,0.828242,-0.92643,-0.62419,-1.08532,0.0134659,-0.922084,-1.04397,-1.82062,-0.720654,-1.94471,-0.376988,1.76676,-0.594025,1.17955,0.313105,1.16384,0.0323358,0.112372,0.276904,0.173359,1.84303,0.871915,-1.30925,-0.819472,-0.271119,0.144731,1.18899,1.07535,1.68402,1.67163,-0.91779,-0.253471,-1.68299,-0.374937,1.42931,0.855572,-1.19532,-2.01698,-1.39024,0.716946,-0.258743,-1.17354,0.753678,0.360844,1.5133,1.59613,0.321015,0.489631,-1.25321,-0.688379,0.77996,-1.25539,-0.552848,-1.66546,0.00807462,1.91462,0.040314,0.385444,-0.745734,0.971007,-1.82692,-0.409237,-0.985292,1.92605,-0.524236,-1.58606,-0.439587,-0.516245,-3.17608,0.118352,-0.422213,1.02481,0.223153,-1.19807,-0.541173,-0.393595,-0.180739,-0.281713,-2.22089,0.255729,0.455004,-1.99912,0.985241,0.557791,0.120107,0.598864,-0.414138,1.86455,0.503346,0.160847,0.942196,0.0119362,-0.108149,-0.046964,-0.0727999,-0.788875,-0.102712,2.14479,-0.0300155,0.0669625,-0.469985,0.58006,1.20063,-1.92493,-0.352925,0.207082,0.341066,0.650587,-0.0197772,2.11996,0.728959,0.0855135,0.344077,-0.56051,1.12165,0.097969,-0.0672393,-1.03675,-0.425977,-1.3917,-0.700527,0.823878,-0.76556,0.896009,0.767984,0.665769,0.8939,-0.176329,-1.06278,-0.335799,1.58083,2.29577,-0.585128,-1.81787,-0.606315,0.280229,-0.067071,-547.184,-508.299,2761.5,815.011,520.894,-1882.04,-2005.36,-819.359,713.376,4167.89,684.524,-60.5022,-3825.74,-379.508,89.5438,-786.665,-2764.26,-1893.05,-1138.15,1330.48,3721.9,-4549.31,2287.66,267.703,-2638.59,-2872.07,3581.78,-691.08,1559.76,-2665.15,-3407.54,531.827,2745.55,-223.138,-3512.96,4957.76,-1430.38,-3610.6,1490.59,-2808.39,2647.86,134.514,1058.66,-2025.01,485.435,3088.29,-408.039,1755.96,-843.537,223.64,-979.537,157.066,-382.401,-1592.82,146.539,630.355,1663.4,390.568,-1767.98,-422.267,-1066.21,3073.98,426.967,1910.6,-1257.09,-400.344,-1141.72,499.265,-2604.22,-1076.11,-4120.46,-2216.12,-5824.17,-626.233,4606.2,242.817,3643.23,1542.24,2193.71,656.864,865.569,271.498,-601.193,3442.11,1343.81,-669.027,-589.169,-124.323,-568.395,1995.34,2199.27,3168.19,1360.03,-1589.59,215.181,-2315.43,-552.459,2949.46,968.289,-1405.52
-250354,0,1,0,1,1,250397,-0.384764,0.00591807,1.98251,0.65987,0.194549,-1.62464,-1.32884,-0.638008,0.776036,1.76188,-0.149657,0.116447,-1.54277,-0.0636614,0.2482,-1.00728,-1.59481,-1.01706,-0.127135,0.559175,1.40119,-1.61276,1.8305,-0.0898098,-1.26576,-1.76124,1.23195,-0.269686,1.22789,-1.59845,-1.56077,0.458786,1.996,-0.185011,-1.75004,1.38731,-0.797919,-1.56933,0.936032,-1.67351,1.35279,0.444837,1.42627,-1.3104,-0.0724454,0.89088,-0.393547,0.886616,0.0264761,-0.478673,-1.03596,0.226382,0.0675763,-1.26799,0.156639,-0.0321617,0.998724,0.212245,-0.63784,-0.775643,-0.788799,1.94885,1.21166,0.828242,-0.92643,-0.62419,-1.08532,0.0134659,-0.922084,-1.04397,-1.82062,-0.720654,-1.94471,-0.376988,1.76676,-0.594025,1.17955,0.313105,1.16384,0.0323358,0.112372,0.276904,0.173359,1.84303,0.871915,-1.30925,-0.819472,-0.271119,0.144731,1.18899,1.07535,1.68402,1.67163,-0.91779,-0.253471,-1.68299,-0.374937,1.42931,0.855572,-1.19532,0.981316,-0.132101,-0.536387,-0.922884,-0.971751,-0.573901,-0.0193987,0.131206,-0.026989,-2.91499,0.939872,1.51593,-1.27825,2.4189,-0.343076,0.293231,-0.848602,1.05879,1.32946,-0.180509,-0.868272,-1.87711,1.60156,-0.549701,0.423575,-0.571313,0.00794311,0.291399,0.268197,0.604346,0.183617,0.250717,0.724163,0.0975366,1.19433,0.568612,1.82813,0.318528,-0.917952,0.10042,-0.575989,0.725678,-0.708149,-0.07375,0.690574,1.13291,-0.394147,-0.0727771,1.15885,0.354459,1.5866,0.0421083,0.111892,-1.03998,-0.184695,-0.247365,0.0463866,-1.55902,-0.34566,-2.04983,0.923765,0.75682,0.721469,0.0523272,0.580395,-0.262266,0.289262,0.320523,0.529932,0.454381,0.117262,-1.12101,0.218649,-0.763478,0.574012,0.36914,-2.06068,-0.997155,-0.00174721,1.85487,0.28536,1.49272,-0.464345,-1.72848,-1.37875,1.54345,-0.877068,-0.141314,-0.448683,0.120361,-0.218942,-0.292499,-0.301158,0.70679,-0.245657,-1.72517,-0.412242,0.434292,-0.242508,0.650811,-547.184,-508.299,2761.5,815.011,520.894,-1882.04,-2005.36,-819.359,713.376,4167.89,684.524,-60.5022,-3825.74,-379.508,89.5438,-786.665,-2764.26,-1893.05,-1138.15,1330.48,3721.9,-4549.31,2287.66,267.703,-2638.59,-2872.07,3581.78,-691.08,1559.76,-2665.15,-3407.54,531.827,2745.55,-223.138,-3512.96,4957.76,-1430.38,-3610.6,1490.59,-2808.39,2647.86,134.514,1058.66,-2025.01,485.435,3088.29,-408.039,1755.96,-843.537,223.64,-979.537,157.066,-382.401,-1592.82,146.539,630.355,1663.4,390.568,-1767.98,-422.267,-1066.21,3073.98,426.967,1910.6,-1257.09,-400.344,-1141.72,499.265,-2604.22,-1076.11,-4120.46,-2216.12,-5824.17,-626.233,4606.2,242.817,3643.23,1542.24,2193.71,656.864,865.569,271.498,-601.193,3442.11,1343.81,-669.027,-589.169,-124.323,-568.395,1995.34,2199.27,3168.19,1360.03,-1589.59,215.181,-2315.43,-552.459,2949.46,968.289,-1405.52
-250354,0,1,0,1,1,250399,-0.384764,0.00591807,1.98251,0.65987,0.194549,-1.62464,-1.32884,-0.638008,0.776036,1.76188,-0.149657,0.116447,-1.54277,-0.0636614,0.2482,-1.00728,-1.59481,-1.01706,-0.127135,0.559175,1.40119,-1.61276,1.8305,-0.0898098,-1.26576,-1.76124,1.23195,-0.269686,1.22789,-1.59845,-1.56077,0.458786,1.996,-0.185011,-1.75004,1.38731,-0.797919,-1.56933,0.936032,-1.67351,1.35279,0.444837,1.42627,-1.3104,-0.0724454,0.89088,-0.393547,0.886616,0.0264761,-0.478673,-1.03596,0.226382,0.0675763,-1.26799,0.156639,-0.0321617,0.998724,0.212245,-0.63784,-0.775643,-0.788799,1.94885,1.21166,0.828242,-0.92643,-0.62419,-1.08532,0.0134659,-0.922084,-1.04397,-1.82062,-0.720654,-1.94471,-0.376988,1.76676,-0.594025,1.17955,0.313105,1.16384,0.0323358,0.112372,0.276904,0.173359,1.84303,0.871915,-1.30925,-0.819472,-0.271119,0.144731,1.18899,1.07535,1.68402,1.67163,-0.91779,-0.253471,-1.68299,-0.374937,1.42931,0.855572,-1.19532,0.0214886,0.123425,-0.556568,1.12544,1.0717,-0.212125,-0.875584,1.61938,-2.02267,0.343586,0.488032,-1.11485,0.178246,-0.585929,-1.1576,0.78004,0.0861265,-1.67249,0.456596,-0.633016,0.968166,0.981635,-1.48493,-0.835871,0.446134,0.585389,-0.0561689,0.353696,-0.391064,0.918991,1.30678,1.40208,0.701993,-0.719372,0.00434727,0.147096,-2.55592,0.282191,0.509889,0.205002,-1.2169,-0.952687,1.47454,-1.49682,0.157002,-0.286028,-0.265653,-1.10085,0.310963,0.0733264,1.08844,-0.436278,-0.847076,0.976784,0.109569,-0.755244,1.23661,1.20208,-0.62031,0.801107,2.14298,-0.465625,0.80811,-0.897152,0.488115,1.31014,0.306366,-1.77422,0.478671,-0.432421,0.333648,-0.628725,1.05087,-0.0113759,0.271026,-1.08468,-0.782026,1.66207,-1.00609,-0.0420288,0.120795,-0.00606514,0.578243,1.91033,0.100552,0.402016,1.16045,0.370593,1.77401,-0.848402,0.625711,1.26468,1.83463,-0.453037,-0.351825,-1.7868,0.0807455,-0.13536,0.747412,0.616644,-547.184,-508.299,2761.5,815.011,520.894,-1882.04,-2005.36,-819.359,713.376,4167.89,684.524,-60.5022,-3825.74,-379.508,89.5438,-786.665,-2764.26,-1893.05,-1138.15,1330.48,3721.9,-4549.31,2287.66,267.703,-2638.59,-2872.07,3581.78,-691.08,1559.76,-2665.15,-3407.54,531.827,2745.55,-223.138,-3512.96,4957.76,-1430.38,-3610.6,1490.59,-2808.39,2647.86,134.514,1058.66,-2025.01,485.435,3088.29,-408.039,1755.96,-843.537,223.64,-979.537,157.066,-382.401,-1592.82,146.539,630.355,1663.4,390.568,-1767.98,-422.267,-1066.21,3073.98,426.967,1910.6,-1257.09,-400.344,-1141.72,499.265,-2604.22,-1076.11,-4120.46,-2216.12,-5824.17,-626.233,4606.2,242.817,3643.23,1542.24,2193.71,656.864,865.569,271.498,-601.193,3442.11,1343.81,-669.027,-589.169,-124.323,-568.395,1995.34,2199.27,3168.19,1360.03,-1589.59,215.181,-2315.43,-552.459,2949.46,968.289,-1405.52
-250354,0,1,0,1,1,250394,-0.384764,0.00591807,1.98251,0.65987,0.194549,-1.62464,-1.32884,-0.638008,0.776036,1.76188,-0.149657,0.116447,-1.54277,-0.0636614,0.2482,-1.00728,-1.59481,-1.01706,-0.127135,0.559175,1.40119,-1.61276,1.8305,-0.0898098,-1.26576,-1.76124,1.23195,-0.269686,1.22789,-1.59845,-1.56077,0.458786,1.996,-0.185011,-1.75004,1.38731,-0.797919,-1.56933,0.936032,-1.67351,1.35279,0.444837,1.42627,-1.3104,-0.0724454,0.89088,-0.393547,0.886616,0.0264761,-0.478673,-1.03596,0.226382,0.0675763,-1.26799,0.156639,-0.0321617,0.998724,0.212245,-0.63784,-0.775643,-0.788799,1.94885,1.21166,0.828242,-0.92643,-0.62419,-1.08532,0.0134659,-0.922084,-1.04397,-1.82062,-0.720654,-1.94471,-0.376988,1.76676,-0.594025,1.17955,0.313105,1.16384,0.0323358,0.112372,0.276904,0.173359,1.84303,0.871915,-1.30925,-0.819472,-0.271119,0.144731,1.18899,1.07535,1.68402,1.67163,-0.91779,-0.253471,-1.68299,-0.374937,1.42931,0.855572,-1.19532,0.353229,-2.43936,-0.810173,0.460472,0.171373,0.507283,0.0499439,-0.736168,-0.0795329,-1.37614,0.401333,0.515487,1.02712,-1.10607,-0.95792,-1.03767,0.495937,0.0302929,-0.267423,-0.330353,-0.54797,1.24811,0.269407,-0.32684,-1.62969,-0.557801,-0.00386845,-1.02029,-0.782357,-0.915833,0.969696,-0.285854,-0.352037,0.265593,0.579955,0.0151406,1.1043,-0.579998,0.595222,0.203935,-0.184083,-0.444298,-0.505072,1.93956,1.75643,-0.179923,-0.673152,0.152516,0.0278086,0.308696,1.76242,0.589919,0.294701,0.277196,0.941762,-0.21559,-0.380045,-0.275648,0.213142,-0.840646,-1.92136,-0.920677,-2.07702,-0.354128,-0.488846,1.43184,-0.747188,0.182089,-1.45389,1.446,0.444869,-0.794279,0.350086,0.0199009,0.942847,1.10118,1.01941,-0.227458,1.08729,-0.0278956,0.711418,0.452058,-2.34771,1.09935,-0.420428,0.476707,-0.979087,0.0617463,-0.0238512,-0.555946,-0.564518,0.816017,1.06426,0.702136,-0.611688,-0.949971,-2.05077,-0.399137,0.157642,0.903945,-547.184,-508.299,2761.5,815.011,520.894,-1882.04,-2005.36,-819.359,713.376,4167.89,684.524,-60.5022,-3825.74,-379.508,89.5438,-786.665,-2764.26,-1893.05,-1138.15,1330.48,3721.9,-4549.31,2287.66,267.703,-2638.59,-2872.07,3581.78,-691.08,1559.76,-2665.15,-3407.54,531.827,2745.55,-223.138,-3512.96,4957.76,-1430.38,-3610.6,1490.59,-2808.39,2647.86,134.514,1058.66,-2025.01,485.435,3088.29,-408.039,1755.96,-843.537,223.64,-979.537,157.066,-382.401,-1592.82,146.539,630.355,1663.4,390.568,-1767.98,-422.267,-1066.21,3073.98,426.967,1910.6,-1257.09,-400.344,-1141.72,499.265,-2604.22,-1076.11,-4120.46,-2216.12,-5824.17,-626.233,4606.2,242.817,3643.23,1542.24,2193.71,656.864,865.569,271.498,-601.193,3442.11,1343.81,-669.027,-589.169,-124.323,-568.395,1995.34,2199.27,3168.19,1360.03,-1589.59,215.181,-2315.43,-552.459,2949.46,968.289,-1405.52
-250354,0,1,0,1,1,250391,-0.384764,0.00591807,1.98251,0.65987,0.194549,-1.62464,-1.32884,-0.638008,0.776036,1.76188,-0.149657,0.116447,-1.54277,-0.0636614,0.2482,-1.00728,-1.59481,-1.01706,-0.127135,0.559175,1.40119,-1.61276,1.8305,-0.0898098,-1.26576,-1.76124,1.23195,-0.269686,1.22789,-1.59845,-1.56077,0.458786,1.996,-0.185011,-1.75004,1.38731,-0.797919,-1.56933,0.936032,-1.67351,1.35279,0.444837,1.42627,-1.3104,-0.0724454,0.89088,-0.393547,0.886616,0.0264761,-0.478673,-1.03596,0.226382,0.0675763,-1.26799,0.156639,-0.0321617,0.998724,0.212245,-0.63784,-0.775643,-0.788799,1.94885,1.21166,0.828242,-0.92643,-0.62419,-1.08532,0.0134659,-0.922084,-1.04397,-1.82062,-0.720654,-1.94471,-0.376988,1.76676,-0.594025,1.17955,0.313105,1.16384,0.0323358,0.112372,0.276904,0.173359,1.84303,0.871915,-1.30925,-0.819472,-0.271119,0.144731,1.18899,1.07535,1.68402,1.67163,-0.91779,-0.253471,-1.68299,-0.374937,1.42931,0.855572,-1.19532,0.0118828,0.427774,-0.347709,0.114853,1.1251,-0.771773,0.0478638,-0.304557,-0.300302,-0.0378402,0.135563,-0.861028,1.105,-1.09056,0.525573,0.11807,2.1576,0.81534,0.733824,-1.07615,-1.51855,-0.710756,-0.194679,-0.98931,-1.06697,1.69266,1.54259,0.00265601,0.737116,-0.121776,-0.672227,-0.249488,-0.206628,0.632739,0.653523,-0.950569,1.38868,-1.03203,0.784018,-0.341674,-1.85849,0.9428,1.28203,-1.06247,-0.745627,1.85481,0.838405,0.158924,-0.264352,-0.341384,1.23103,-0.394882,1.2655,-0.733758,-0.731665,0.83461,1.02191,-0.27893,0.311892,1.36441,0.0341855,-0.503659,-0.024029,1.66726,-0.857457,0.927019,1.37661,0.31247,1.34455,1.96699,0.293212,-0.66376,0.383805,-0.618013,0.650995,-0.689585,-0.59484,-0.995698,-0.459775,-0.462126,-0.996332,-1.02588,0.230418,0.370477,-0.0367698,-1.01999,-0.717178,-0.287939,-0.00718879,0.343674,0.210681,0.292193,0.201932,-0.716969,-0.839077,0.54346,-0.215137,-1.25777,0.668723,-1.11558,-547.184,-508.299,2761.5,815.011,520.894,-1882.04,-2005.36,-819.359,713.376,4167.89,684.524,-60.5022,-3825.74,-379.508,89.5438,-786.665,-2764.26,-1893.05,-1138.15,1330.48,3721.9,-4549.31,2287.66,267.703,-2638.59,-2872.07,3581.78,-691.08,1559.76,-2665.15,-3407.54,531.827,2745.55,-223.138,-3512.96,4957.76,-1430.38,-3610.6,1490.59,-2808.39,2647.86,134.514,1058.66,-2025.01,485.435,3088.29,-408.039,1755.96,-843.537,223.64,-979.537,157.066,-382.401,-1592.82,146.539,630.355,1663.4,390.568,-1767.98,-422.267,-1066.21,3073.98,426.967,1910.6,-1257.09,-400.344,-1141.72,499.265,-2604.22,-1076.11,-4120.46,-2216.12,-5824.17,-626.233,4606.2,242.817,3643.23,1542.24,2193.71,656.864,865.569,271.498,-601.193,3442.11,1343.81,-669.027,-589.169,-124.323,-568.395,1995.34,2199.27,3168.19,1360.03,-1589.59,215.181,-2315.43,-552.459,2949.46,968.289,-1405.52
-250354,0,1,0,1,1,250411,-0.384764,0.00591807,1.98251,0.65987,0.194549,-1.62464,-1.32884,-0.638008,0.776036,1.76188,-0.149657,0.116447,-1.54277,-0.0636614,0.2482,-1.00728,-1.59481,-1.01706,-0.127135,0.559175,1.40119,-1.61276,1.8305,-0.0898098,-1.26576,-1.76124,1.23195,-0.269686,1.22789,-1.59845,-1.56077,0.458786,1.996,-0.185011,-1.75004,1.38731,-0.797919,-1.56933,0.936032,-1.67351,1.35279,0.444837,1.42627,-1.3104,-0.0724454,0.89088,-0.393547,0.886616,0.0264761,-0.478673,-1.03596,0.226382,0.0675763,-1.26799,0.156639,-0.0321617,0.998724,0.212245,-0.63784,-0.775643,-0.788799,1.94885,1.21166,0.828242,-0.92643,-0.62419,-1.08532,0.0134659,-0.922084,-1.04397,-1.82062,-0.720654,-1.94471,-0.376988,1.76676,-0.594025,1.17955,0.313105,1.16384,0.0323358,0.112372,0.276904,0.173359,1.84303,0.871915,-1.30925,-0.819472,-0.271119,0.144731,1.18899,1.07535,1.68402,1.67163,-0.91779,-0.253471,-1.68299,-0.374937,1.42931,0.855572,-1.19532,-0.0401588,-1.89827,-2.41696,0.00668282,-0.908513,-0.729771,-0.425074,-1.55061,-1.52104,0.794202,0.571046,0.557187,-0.396227,0.0629002,1.78369,-1.35737,0.390053,-1.18356,-0.444935,1.16065,0.896852,-0.338106,-2.28686,-1.87324,-1.92384,-0.746502,-0.0610078,-1.64473,-0.515843,0.717421,0.153037,-0.567584,0.0947079,1.52845,-0.428084,-0.863185,-1.228,1.25074,-1.18989,0.729583,1.95981,-0.24531,0.290352,0.373246,-1.66664,0.227405,-2.13927,0.83086,1.42698,0.49618,-0.739752,-0.118085,2.76939,-0.514089,-0.0284748,-1.17915,-0.0610455,-0.614113,-0.428969,-0.533034,0.0496904,-0.434992,0.731059,0.809342,0.854106,-0.3293,0.337131,1.45584,0.272027,0.553864,0.271892,-1.59049,-0.327227,-0.229748,-0.0537959,-0.379295,2.54446,0.0328615,-0.444962,0.664231,0.386187,0.233937,0.186911,1.50094,-0.410326,-0.653703,-1.20264,0.385274,2.5598,1.11824,0.526144,-0.592162,-1.68127,0.0824415,0.166661,1.11725,1.11528,-0.80342,1.8937,-0.437663,-547.184,-508.299,2761.5,815.011,520.894,-1882.04,-2005.36,-819.359,713.376,4167.89,684.524,-60.5022,-3825.74,-379.508,89.5438,-786.665,-2764.26,-1893.05,-1138.15,1330.48,3721.9,-4549.31,2287.66,267.703,-2638.59,-2872.07,3581.78,-691.08,1559.76,-2665.15,-3407.54,531.827,2745.55,-223.138,-3512.96,4957.76,-1430.38,-3610.6,1490.59,-2808.39,2647.86,134.514,1058.66,-2025.01,485.435,3088.29,-408.039,1755.96,-843.537,223.64,-979.537,157.066,-382.401,-1592.82,146.539,630.355,1663.4,390.568,-1767.98,-422.267,-1066.21,3073.98,426.967,1910.6,-1257.09,-400.344,-1141.72,499.265,-2604.22,-1076.11,-4120.46,-2216.12,-5824.17,-626.233,4606.2,242.817,3643.23,1542.24,2193.71,656.864,865.569,271.498,-601.193,3442.11,1343.81,-669.027,-589.169,-124.323,-568.395,1995.34,2199.27,3168.19,1360.03,-1589.59,215.181,-2315.43,-552.459,2949.46,968.289,-1405.52
-250354,0,1,0,1,1,250403,-0.384764,0.00591807,1.98251,0.65987,0.194549,-1.62464,-1.32884,-0.638008,0.776036,1.76188,-0.149657,0.116447,-1.54277,-0.0636614,0.2482,-1.00728,-1.59481,-1.01706,-0.127135,0.559175,1.40119,-1.61276,1.8305,-0.0898098,-1.26576,-1.76124,1.23195,-0.269686,1.22789,-1.59845,-1.56077,0.458786,1.996,-0.185011,-1.75004,1.38731,-0.797919,-1.56933,0.936032,-1.67351,1.35279,0.444837,1.42627,-1.3104,-0.0724454,0.89088,-0.393547,0.886616,0.0264761,-0.478673,-1.03596,0.226382,0.0675763,-1.26799,0.156639,-0.0321617,0.998724,0.212245,-0.63784,-0.775643,-0.788799,1.94885,1.21166,0.828242,-0.92643,-0.62419,-1.08532,0.0134659,-0.922084,-1.04397,-1.82062,-0.720654,-1.94471,-0.376988,1.76676,-0.594025,1.17955,0.313105,1.16384,0.0323358,0.112372,0.276904,0.173359,1.84303,0.871915,-1.30925,-0.819472,-0.271119,0.144731,1.18899,1.07535,1.68402,1.67163,-0.91779,-0.253471,-1.68299,-0.374937,1.42931,0.855572,-1.19532,1.24855,-0.214713,-1.65464,0.260279,0.125675,1.22133,0.597931,0.402119,-0.460908,-0.51397,-1.24233,0.563263,0.104451,-0.208971,1.81224,0.303544,-0.10627,-0.428536,-1.09154,-0.775725,0.302998,0.227695,-0.374373,1.31752,1.4418,0.621051,-0.170086,0.626653,-0.0632954,-1.23719,0.0824616,-0.351938,-0.541825,0.171594,-1.30178,1.0049,-0.939693,-0.183701,-1.23841,-2.46957,1.0888,0.301859,0.716008,-1.57638,1.00781,-0.262857,-1.16499,2.05405,-2.97043,1.01603,-1.03342,0.326385,-2.73786,-0.886057,-1.30706,0.600198,-0.0367933,0.0342478,0.0173283,1.66113,-1.77573,-1.9329,0.882264,-0.419341,0.297898,0.558894,-0.586992,0.678845,1.55136,0.0792008,0.952836,1.97396,-0.100529,0.344246,-0.74303,0.49052,-1.04409,-1.12829,0.684165,0.937148,0.216065,-0.253606,-0.914058,0.868182,0.273344,-0.265811,-1.40294,0.336469,1.15308,1.02016,0.709953,0.397635,0.545207,-0.635497,0.538616,-0.281682,-0.664792,0.720592,-0.304129,-0.146637,-547.184,-508.299,2761.5,815.011,520.894,-1882.04,-2005.36,-819.359,713.376,4167.89,684.524,-60.5022,-3825.74,-379.508,89.5438,-786.665,-2764.26,-1893.05,-1138.15,1330.48,3721.9,-4549.31,2287.66,267.703,-2638.59,-2872.07,3581.78,-691.08,1559.76,-2665.15,-3407.54,531.827,2745.55,-223.138,-3512.96,4957.76,-1430.38,-3610.6,1490.59,-2808.39,2647.86,134.514,1058.66,-2025.01,485.435,3088.29,-408.039,1755.96,-843.537,223.64,-979.537,157.066,-382.401,-1592.82,146.539,630.355,1663.4,390.568,-1767.98,-422.267,-1066.21,3073.98,426.967,1910.6,-1257.09,-400.344,-1141.72,499.265,-2604.22,-1076.11,-4120.46,-2216.12,-5824.17,-626.233,4606.2,242.817,3643.23,1542.24,2193.71,656.864,865.569,271.498,-601.193,3442.11,1343.81,-669.027,-589.169,-124.323,-568.395,1995.34,2199.27,3168.19,1360.03,-1589.59,215.181,-2315.43,-552.459,2949.46,968.289,-1405.52
-250354,0,1,0,1,1,250395,-0.384764,0.00591807,1.98251,0.65987,0.194549,-1.62464,-1.32884,-0.638008,0.776036,1.76188,-0.149657,0.116447,-1.54277,-0.0636614,0.2482,-1.00728,-1.59481,-1.01706,-0.127135,0.559175,1.40119,-1.61276,1.8305,-0.0898098,-1.26576,-1.76124,1.23195,-0.269686,1.22789,-1.59845,-1.56077,0.458786,1.996,-0.185011,-1.75004,1.38731,-0.797919,-1.56933,0.936032,-1.67351,1.35279,0.444837,1.42627,-1.3104,-0.0724454,0.89088,-0.393547,0.886616,0.0264761,-0.478673,-1.03596,0.226382,0.0675763,-1.26799,0.156639,-0.0321617,0.998724,0.212245,-0.63784,-0.775643,-0.788799,1.94885,1.21166,0.828242,-0.92643,-0.62419,-1.08532,0.0134659,-0.922084,-1.04397,-1.82062,-0.720654,-1.94471,-0.376988,1.76676,-0.594025,1.17955,0.313105,1.16384,0.0323358,0.112372,0.276904,0.173359,1.84303,0.871915,-1.30925,-0.819472,-0.271119,0.144731,1.18899,1.07535,1.68402,1.67163,-0.91779,-0.253471,-1.68299,-0.374937,1.42931,0.855572,-1.19532,1.23044,0.595709,-0.760891,-0.125942,0.957119,-0.715361,0.362284,-0.224428,1.10676,0.250427,-0.248664,1.1159,0.140576,0.203929,-1.80776,-0.265835,1.10284,1.46086,0.428856,0.125509,0.0755779,-0.865379,-0.402234,1.29209,1.23346,-0.686651,-0.343172,-0.212355,0.834238,0.693753,-0.188411,1.46688,2.04951,0.095036,-0.606719,0.559596,1.91754,-1.62324,-0.381371,-0.596495,-1.41149,-0.844886,-0.562203,-1.37161,0.940469,-1.61441,-0.400007,-0.555988,-0.123025,1.17252,-0.47078,0.0866765,1.14802,1.18775,1.92423,-0.229973,0.597514,0.0738976,-0.756824,0.904131,-0.832734,0.520909,1.52721,0.560813,-0.231995,0.480792,0.456754,-1.03796,-0.272521,0.486714,0.987388,0.950947,-0.0650988,0.386449,1.40619,0.708888,-1.06071,0.210477,0.636645,-0.878486,0.854332,0.134678,-1.0518,1.52824,-0.98109,-0.519519,-0.0917701,-0.925547,0.130288,0.0155009,2.04342,0.701584,-0.963082,1.4536,0.0947526,0.957411,0.086471,0.758329,-0.408593,-1.30029,-547.184,-508.299,2761.5,815.011,520.894,-1882.04,-2005.36,-819.359,713.376,4167.89,684.524,-60.5022,-3825.74,-379.508,89.5438,-786.665,-2764.26,-1893.05,-1138.15,1330.48,3721.9,-4549.31,2287.66,267.703,-2638.59,-2872.07,3581.78,-691.08,1559.76,-2665.15,-3407.54,531.827,2745.55,-223.138,-3512.96,4957.76,-1430.38,-3610.6,1490.59,-2808.39,2647.86,134.514,1058.66,-2025.01,485.435,3088.29,-408.039,1755.96,-843.537,223.64,-979.537,157.066,-382.401,-1592.82,146.539,630.355,1663.4,390.568,-1767.98,-422.267,-1066.21,3073.98,426.967,1910.6,-1257.09,-400.344,-1141.72,499.265,-2604.22,-1076.11,-4120.46,-2216.12,-5824.17,-626.233,4606.2,242.817,3643.23,1542.24,2193.71,656.864,865.569,271.498,-601.193,3442.11,1343.81,-669.027,-589.169,-124.323,-568.395,1995.34,2199.27,3168.19,1360.03,-1589.59,215.181,-2315.43,-552.459,2949.46,968.289,-1405.52
-250354,0,1,0,1,1,250402,-0.384764,0.00591807,1.98251,0.65987,0.194549,-1.62464,-1.32884,-0.638008,0.776036,1.76188,-0.149657,0.116447,-1.54277,-0.0636614,0.2482,-1.00728,-1.59481,-1.01706,-0.127135,0.559175,1.40119,-1.61276,1.8305,-0.0898098,-1.26576,-1.76124,1.23195,-0.269686,1.22789,-1.59845,-1.56077,0.458786,1.996,-0.185011,-1.75004,1.38731,-0.797919,-1.56933,0.936032,-1.67351,1.35279,0.444837,1.42627,-1.3104,-0.0724454,0.89088,-0.393547,0.886616,0.0264761,-0.478673,-1.03596,0.226382,0.0675763,-1.26799,0.156639,-0.0321617,0.998724,0.212245,-0.63784,-0.775643,-0.788799,1.94885,1.21166,0.828242,-0.92643,-0.62419,-1.08532,0.0134659,-0.922084,-1.04397,-1.82062,-0.720654,-1.94471,-0.376988,1.76676,-0.594025,1.17955,0.313105,1.16384,0.0323358,0.112372,0.276904,0.173359,1.84303,0.871915,-1.30925,-0.819472,-0.271119,0.144731,1.18899,1.07535,1.68402,1.67163,-0.91779,-0.253471,-1.68299,-0.374937,1.42931,0.855572,-1.19532,-1.89779,1.29648,-1.91508,1.26043,1.87136,0.806037,-0.976838,1.30295,-0.996339,0.445686,1.26579,-1.10906,0.378266,-0.230772,1.35975,-0.190224,-0.722044,0.224513,0.574818,-0.738639,-1.73184,0.67868,-0.49417,-0.579137,-0.0424565,-0.0744176,-1.27571,0.0892129,1.26214,2.48532,1.70945,0.573961,-0.427776,-1.38042,-1.61795,-1.32679,0.739128,0.494737,-1.00423,-0.0706661,-1.07465,-0.524095,-0.0483813,0.498179,0.167213,-0.44136,-0.510146,-1.29514,-0.231081,0.0915911,-1.46919,1.57201,-0.0316385,1.26508,-0.335217,-0.914941,0.301328,-0.67232,-0.230804,0.0273047,-1.32238,0.2377,0.244673,0.54106,0.390469,0.882849,0.776332,-0.593448,-0.903984,0.966811,-1.09907,0.865141,-1.38151,-0.715371,0.988145,1.41438,2.36386,-0.257524,0.075756,-0.413322,1.48997,0.270339,0.0138688,0.393368,-1.76133,-0.746193,-1.58644,-1.56912,0.0736108,0.998831,-0.726984,-0.152733,-0.865012,0.00241944,0.99569,-0.243817,-0.510753,0.72808,0.70074,-0.0534587,-547.184,-508.299,2761.5,815.011,520.894,-1882.04,-2005.36,-819.359,713.376,4167.89,684.524,-60.5022,-3825.74,-379.508,89.5438,-786.665,-2764.26,-1893.05,-1138.15,1330.48,3721.9,-4549.31,2287.66,267.703,-2638.59,-2872.07,3581.78,-691.08,1559.76,-2665.15,-3407.54,531.827,2745.55,-223.138,-3512.96,4957.76,-1430.38,-3610.6,1490.59,-2808.39,2647.86,134.514,1058.66,-2025.01,485.435,3088.29,-408.039,1755.96,-843.537,223.64,-979.537,157.066,-382.401,-1592.82,146.539,630.355,1663.4,390.568,-1767.98,-422.267,-1066.21,3073.98,426.967,1910.6,-1257.09,-400.344,-1141.72,499.265,-2604.22,-1076.11,-4120.46,-2216.12,-5824.17,-626.233,4606.2,242.817,3643.23,1542.24,2193.71,656.864,865.569,271.498,-601.193,3442.11,1343.81,-669.027,-589.169,-124.323,-568.395,1995.34,2199.27,3168.19,1360.03,-1589.59,215.181,-2315.43,-552.459,2949.46,968.289,-1405.52
-250354,0,1,0,1,1,250401,-0.384764,0.00591807,1.98251,0.65987,0.194549,-1.62464,-1.32884,-0.638008,0.776036,1.76188,-0.149657,0.116447,-1.54277,-0.0636614,0.2482,-1.00728,-1.59481,-1.01706,-0.127135,0.559175,1.40119,-1.61276,1.8305,-0.0898098,-1.26576,-1.76124,1.23195,-0.269686,1.22789,-1.59845,-1.56077,0.458786,1.996,-0.185011,-1.75004,1.38731,-0.797919,-1.56933,0.936032,-1.67351,1.35279,0.444837,1.42627,-1.3104,-0.0724454,0.89088,-0.393547,0.886616,0.0264761,-0.478673,-1.03596,0.226382,0.0675763,-1.26799,0.156639,-0.0321617,0.998724,0.212245,-0.63784,-0.775643,-0.788799,1.94885,1.21166,0.828242,-0.92643,-0.62419,-1.08532,0.0134659,-0.922084,-1.04397,-1.82062,-0.720654,-1.94471,-0.376988,1.76676,-0.594025,1.17955,0.313105,1.16384,0.0323358,0.112372,0.276904,0.173359,1.84303,0.871915,-1.30925,-0.819472,-0.271119,0.144731,1.18899,1.07535,1.68402,1.67163,-0.91779,-0.253471,-1.68299,-0.374937,1.42931,0.855572,-1.19532,-0.332517,1.33318,-0.291359,-0.451378,-0.560937,1.14215,0.101773,-1.45615,-0.0534365,-0.364382,-0.769247,-0.106419,-1.74243,0.99534,0.121783,-0.144068,-0.789701,0.242771,2.15791,-0.97613,-0.790676,0.146174,-0.491572,-0.188041,-0.113545,-0.618193,-0.611811,-2.68147,-1.23219,0.135935,-1.0118,0.438951,0.391428,0.715288,-0.542593,-1.47529,-0.624534,0.445605,-0.804013,-0.0732298,-0.836731,0.152173,-1.26934,0.351783,-0.469928,-2.10819,1.04053,-0.214341,-0.743787,0.953923,0.887161,0.447506,-0.657033,-0.25147,-0.283291,-0.393726,-0.313056,-0.726638,-1.26115,-0.123395,-0.180287,1.05975,0.442371,1.88199,0.505192,-0.852325,0.79591,0.262095,-1.28038,1.03551,-1.02661,0.217781,0.211106,-0.0461655,0.19234,0.683129,-0.369278,0.846763,-0.728789,0.442982,-0.463015,-1.35595,2.0114,-1.57471,-1.09431,-1.09128,1.44116,-0.162486,1.92833,-0.152059,-2.3439,0.860712,-2.23694,1.553,-0.344234,-1.34427,0.924818,0.827382,0.511324,0.576287,-547.184,-508.299,2761.5,815.011,520.894,-1882.04,-2005.36,-819.359,713.376,4167.89,684.524,-60.5022,-3825.74,-379.508,89.5438,-786.665,-2764.26,-1893.05,-1138.15,1330.48,3721.9,-4549.31,2287.66,267.703,-2638.59,-2872.07,3581.78,-691.08,1559.76,-2665.15,-3407.54,531.827,2745.55,-223.138,-3512.96,4957.76,-1430.38,-3610.6,1490.59,-2808.39,2647.86,134.514,1058.66,-2025.01,485.435,3088.29,-408.039,1755.96,-843.537,223.64,-979.537,157.066,-382.401,-1592.82,146.539,630.355,1663.4,390.568,-1767.98,-422.267,-1066.21,3073.98,426.967,1910.6,-1257.09,-400.344,-1141.72,499.265,-2604.22,-1076.11,-4120.46,-2216.12,-5824.17,-626.233,4606.2,242.817,3643.23,1542.24,2193.71,656.864,865.569,271.498,-601.193,3442.11,1343.81,-669.027,-589.169,-124.323,-568.395,1995.34,2199.27,3168.19,1360.03,-1589.59,215.181,-2315.43,-552.459,2949.46,968.289,-1405.52
-250354,0,1,0,1,1,250409,-0.384764,0.00591807,1.98251,0.65987,0.194549,-1.62464,-1.32884,-0.638008,0.776036,1.76188,-0.149657,0.116447,-1.54277,-0.0636614,0.2482,-1.00728,-1.59481,-1.01706,-0.127135,0.559175,1.40119,-1.61276,1.8305,-0.0898098,-1.26576,-1.76124,1.23195,-0.269686,1.22789,-1.59845,-1.56077,0.458786,1.996,-0.185011,-1.75004,1.38731,-0.797919,-1.56933,0.936032,-1.67351,1.35279,0.444837,1.42627,-1.3104,-0.0724454,0.89088,-0.393547,0.886616,0.0264761,-0.478673,-1.03596,0.226382,0.0675763,-1.26799,0.156639,-0.0321617,0.998724,0.212245,-0.63784,-0.775643,-0.788799,1.94885,1.21166,0.828242,-0.92643,-0.62419,-1.08532,0.0134659,-0.922084,-1.04397,-1.82062,-0.720654,-1.94471,-0.376988,1.76676,-0.594025,1.17955,0.313105,1.16384,0.0323358,0.112372,0.276904,0.173359,1.84303,0.871915,-1.30925,-0.819472,-0.271119,0.144731,1.18899,1.07535,1.68402,1.67163,-0.91779,-0.253471,-1.68299,-0.374937,1.42931,0.855572,-1.19532,-0.730103,-0.923656,0.632172,1.61366,-0.998686,1.44913,-0.494212,0.706874,0.565274,0.759354,-1.44814,1.21264,0.288572,-1.86742,0.415825,0.660739,1.32047,0.835213,0.367796,0.231573,0.588006,-0.716013,0.857849,1.22046,-0.552928,0.209635,-0.59468,0.229314,-0.685655,-1.15482,0.152119,-2.47144,0.444799,-0.278326,-1.2911,-0.510505,0.490074,-0.744458,-0.599503,-0.314885,-1.11846,0.569964,-1.49914,1.48415,-1.11112,-2.59342,0.0986612,0.820851,0.972159,0.587043,-0.498111,0.414949,0.454972,-1.7513,-0.802501,-1.95244,0.576291,1.69145,1.91738,0.606408,-0.0898935,-1.95346,-0.720836,-1.10512,-1.235,-1.76608,2.01206,-0.350352,1.50989,-0.128049,0.0129108,0.164641,-0.986544,0.448566,-0.53837,1.57575,0.956037,-0.210023,0.0980792,-0.522584,-0.542395,-0.295438,-0.366204,2.13686,-1.98866,-1.5111,1.08844,-1.22581,1.36511,1.15048,0.431397,-1.49921,-0.932428,-0.921627,0.023646,0.0251518,-0.458279,0.392728,0.851705,-0.0165681,-547.184,-508.299,2761.5,815.011,520.894,-1882.04,-2005.36,-819.359,713.376,4167.89,684.524,-60.5022,-3825.74,-379.508,89.5438,-786.665,-2764.26,-1893.05,-1138.15,1330.48,3721.9,-4549.31,2287.66,267.703,-2638.59,-2872.07,3581.78,-691.08,1559.76,-2665.15,-3407.54,531.827,2745.55,-223.138,-3512.96,4957.76,-1430.38,-3610.6,1490.59,-2808.39,2647.86,134.514,1058.66,-2025.01,485.435,3088.29,-408.039,1755.96,-843.537,223.64,-979.537,157.066,-382.401,-1592.82,146.539,630.355,1663.4,390.568,-1767.98,-422.267,-1066.21,3073.98,426.967,1910.6,-1257.09,-400.344,-1141.72,499.265,-2604.22,-1076.11,-4120.46,-2216.12,-5824.17,-626.233,4606.2,242.817,3643.23,1542.24,2193.71,656.864,865.569,271.498,-601.193,3442.11,1343.81,-669.027,-589.169,-124.323,-568.395,1995.34,2199.27,3168.19,1360.03,-1589.59,215.181,-2315.43,-552.459,2949.46,968.289,-1405.52
-250354,0,1,0,1,1,250404,-0.384764,0.00591807,1.98251,0.65987,0.194549,-1.62464,-1.32884,-0.638008,0.776036,1.76188,-0.149657,0.116447,-1.54277,-0.0636614,0.2482,-1.00728,-1.59481,-1.01706,-0.127135,0.559175,1.40119,-1.61276,1.8305,-0.0898098,-1.26576,-1.76124,1.23195,-0.269686,1.22789,-1.59845,-1.56077,0.458786,1.996,-0.185011,-1.75004,1.38731,-0.797919,-1.56933,0.936032,-1.67351,1.35279,0.444837,1.42627,-1.3104,-0.0724454,0.89088,-0.393547,0.886616,0.0264761,-0.478673,-1.03596,0.226382,0.0675763,-1.26799,0.156639,-0.0321617,0.998724,0.212245,-0.63784,-0.775643,-0.788799,1.94885,1.21166,0.828242,-0.92643,-0.62419,-1.08532,0.0134659,-0.922084,-1.04397,-1.82062,-0.720654,-1.94471,-0.376988,1.76676,-0.594025,1.17955,0.313105,1.16384,0.0323358,0.112372,0.276904,0.173359,1.84303,0.871915,-1.30925,-0.819472,-0.271119,0.144731,1.18899,1.07535,1.68402,1.67163,-0.91779,-0.253471,-1.68299,-0.374937,1.42931,0.855572,-1.19532,0.392509,0.604005,0.447657,-0.775351,2.56383,-1.09242,-0.643098,-0.26956,0.46482,0.147173,-0.934696,-0.0926847,0.497938,-1.49581,0.0683293,-0.435055,0.646069,-0.724729,1.55062,0.662211,-0.138214,1.39062,0.710232,0.447232,-0.16115,1.6517,0.236054,0.116033,2.02702,-0.571459,-2.17249,-0.944011,0.467589,-0.0641442,0.804627,-1.19343,0.679346,-0.520722,-0.579227,-0.600171,0.262306,-1.17455,1.25375,-0.251094,1.19631,-0.633748,1.28615,1.4752,0.0931038,-0.639252,-0.846953,-0.494143,-0.0345572,-0.450436,0.500346,-0.132291,-0.262678,-1.06094,1.07872,-0.104414,-2.57716,-0.890143,1.30406,-0.978412,-0.922714,0.0484881,0.48978,-0.425062,0.661498,1.09594,-0.155012,1.49914,1.00567,1.95748,0.228842,0.117528,0.94715,-0.55144,1.81147,-2.50778,0.862107,0.232153,1.08429,0.0998303,1.71941,-1.20993,-0.745005,-0.594925,-0.280244,-0.855788,-1.21169,1.02643,1.26945,-0.956456,2.02028,0.803926,0.86484,0.744607,0.0328131,0.724682,-547.184,-508.299,2761.5,815.011,520.894,-1882.04,-2005.36,-819.359,713.376,4167.89,684.524,-60.5022,-3825.74,-379.508,89.5438,-786.665,-2764.26,-1893.05,-1138.15,1330.48,3721.9,-4549.31,2287.66,267.703,-2638.59,-2872.07,3581.78,-691.08,1559.76,-2665.15,-3407.54,531.827,2745.55,-223.138,-3512.96,4957.76,-1430.38,-3610.6,1490.59,-2808.39,2647.86,134.514,1058.66,-2025.01,485.435,3088.29,-408.039,1755.96,-843.537,223.64,-979.537,157.066,-382.401,-1592.82,146.539,630.355,1663.4,390.568,-1767.98,-422.267,-1066.21,3073.98,426.967,1910.6,-1257.09,-400.344,-1141.72,499.265,-2604.22,-1076.11,-4120.46,-2216.12,-5824.17,-626.233,4606.2,242.817,3643.23,1542.24,2193.71,656.864,865.569,271.498,-601.193,3442.11,1343.81,-669.027,-589.169,-124.323,-568.395,1995.34,2199.27,3168.19,1360.03,-1589.59,215.181,-2315.43,-552.459,2949.46,968.289,-1405.52
-250354,0,1,0,1,1,250397,-0.384764,0.00591807,1.98251,0.65987,0.194549,-1.62464,-1.32884,-0.638008,0.776036,1.76188,-0.149657,0.116447,-1.54277,-0.0636614,0.2482,-1.00728,-1.59481,-1.01706,-0.127135,0.559175,1.40119,-1.61276,1.8305,-0.0898098,-1.26576,-1.76124,1.23195,-0.269686,1.22789,-1.59845,-1.56077,0.458786,1.996,-0.185011,-1.75004,1.38731,-0.797919,-1.56933,0.936032,-1.67351,1.35279,0.444837,1.42627,-1.3104,-0.0724454,0.89088,-0.393547,0.886616,0.0264761,-0.478673,-1.03596,0.226382,0.0675763,-1.26799,0.156639,-0.0321617,0.998724,0.212245,-0.63784,-0.775643,-0.788799,1.94885,1.21166,0.828242,-0.92643,-0.62419,-1.08532,0.0134659,-0.922084,-1.04397,-1.82062,-0.720654,-1.94471,-0.376988,1.76676,-0.594025,1.17955,0.313105,1.16384,0.0323358,0.112372,0.276904,0.173359,1.84303,0.871915,-1.30925,-0.819472,-0.271119,0.144731,1.18899,1.07535,1.68402,1.67163,-0.91779,-0.253471,-1.68299,-0.374937,1.42931,0.855572,-1.19532,0.281463,-1.59662,-0.890496,0.144406,0.285128,0.0273972,-0.474451,-1.8357,-0.391449,-0.899977,-0.222333,1.57422,-1.38118,1.89347,0.246366,-1.57827,0.894607,1.70218,-0.971623,0.172587,0.558586,-0.0398392,-0.921303,0.649744,-1.7457,-0.0731227,-0.646691,-0.508888,-0.186692,-0.0487061,1.59544,-0.650979,0.282357,1.20872,-0.426569,1.53761,-1.86561,0.489233,0.672716,0.136841,-0.319624,0.370555,-0.447662,-0.825586,-2.12736,0.758332,-0.979226,-0.480412,0.32961,-0.197991,1.92674,-0.56424,-0.469475,0.00126689,0.565006,-1.385,-0.648348,0.333065,-0.34545,0.666656,-0.0814754,0.986936,0.373662,-0.455742,0.291077,1.13463,0.841102,-0.734563,-0.361331,0.543004,0.942607,-0.129995,-0.440409,0.214311,-0.400651,0.939143,-0.594982,0.000293936,0.171732,0.882139,1.44012,0.329305,-0.227422,0.633103,-0.972309,-1.75551,0.763315,1.21696,0.604394,-0.469054,-2.02973,-0.449684,1.00072,-2.38966,-0.0441585,0.133749,0.574752,-1.26099,0.954434,-0.845486,-547.184,-508.299,2761.5,815.011,520.894,-1882.04,-2005.36,-819.359,713.376,4167.89,684.524,-60.5022,-3825.74,-379.508,89.5438,-786.665,-2764.26,-1893.05,-1138.15,1330.48,3721.9,-4549.31,2287.66,267.703,-2638.59,-2872.07,3581.78,-691.08,1559.76,-2665.15,-3407.54,531.827,2745.55,-223.138,-3512.96,4957.76,-1430.38,-3610.6,1490.59,-2808.39,2647.86,134.514,1058.66,-2025.01,485.435,3088.29,-408.039,1755.96,-843.537,223.64,-979.537,157.066,-382.401,-1592.82,146.539,630.355,1663.4,390.568,-1767.98,-422.267,-1066.21,3073.98,426.967,1910.6,-1257.09,-400.344,-1141.72,499.265,-2604.22,-1076.11,-4120.46,-2216.12,-5824.17,-626.233,4606.2,242.817,3643.23,1542.24,2193.71,656.864,865.569,271.498,-601.193,3442.11,1343.81,-669.027,-589.169,-124.323,-568.395,1995.34,2199.27,3168.19,1360.03,-1589.59,215.181,-2315.43,-552.459,2949.46,968.289,-1405.52
-250354,0,1,0,1,1,250394,-0.384764,0.00591807,1.98251,0.65987,0.194549,-1.62464,-1.32884,-0.638008,0.776036,1.76188,-0.149657,0.116447,-1.54277,-0.0636614,0.2482,-1.00728,-1.59481,-1.01706,-0.127135,0.559175,1.40119,-1.61276,1.8305,-0.0898098,-1.26576,-1.76124,1.23195,-0.269686,1.22789,-1.59845,-1.56077,0.458786,1.996,-0.185011,-1.75004,1.38731,-0.797919,-1.56933,0.936032,-1.67351,1.35279,0.444837,1.42627,-1.3104,-0.0724454,0.89088,-0.393547,0.886616,0.0264761,-0.478673,-1.03596,0.226382,0.0675763,-1.26799,0.156639,-0.0321617,0.998724,0.212245,-0.63784,-0.775643,-0.788799,1.94885,1.21166,0.828242,-0.92643,-0.62419,-1.08532,0.0134659,-0.922084,-1.04397,-1.82062,-0.720654,-1.94471,-0.376988,1.76676,-0.594025,1.17955,0.313105,1.16384,0.0323358,0.112372,0.276904,0.173359,1.84303,0.871915,-1.30925,-0.819472,-0.271119,0.144731,1.18899,1.07535,1.68402,1.67163,-0.91779,-0.253471,-1.68299,-0.374937,1.42931,0.855572,-1.19532,0.34793,0.295383,-0.0609063,-0.154174,0.824506,0.539985,0.428179,-0.840801,-0.493369,-0.212888,-0.191243,-0.0197924,0.450066,0.631189,-0.423377,-0.958264,-1.26949,-0.798107,0.687138,0.0437913,0.263204,-1.58681,-0.245471,-0.765686,0.265935,-1.57164,-0.353963,0.0954344,0.198373,0.701348,0.356927,-0.775112,-0.258166,0.0323573,1.22789,-0.46838,0.369326,0.831469,1.14525,-0.77667,-0.0340781,1.75675,0.71008,0.847701,-1.95334,0.854068,0.101237,-0.65485,-0.977245,-1.00026,0.28235,1.2232,-0.941955,-0.404574,0.83341,1.38301,1.14422,0.447784,0.658765,0.638925,0.437081,0.220574,-0.465975,-0.320196,-0.590432,-1.8423,0.941839,1.19729,-0.653848,-0.751879,-0.115719,-0.306045,-0.0409098,-1.10187,1.91035,-1.49773,-0.61101,-0.687556,0.091257,-0.44829,0.156716,-1.00693,-0.795411,0.367358,0.174594,0.8006,-0.125857,-1.52241,1.47203,-1.52977,-0.384188,1.00831,-0.678874,1.43286,-0.876314,0.0971646,1.09192,-2.31359,2.49781,-0.04369,-547.184,-508.299,2761.5,815.011,520.894,-1882.04,-2005.36,-819.359,713.376,4167.89,684.524,-60.5022,-3825.74,-379.508,89.5438,-786.665,-2764.26,-1893.05,-1138.15,1330.48,3721.9,-4549.31,2287.66,267.703,-2638.59,-2872.07,3581.78,-691.08,1559.76,-2665.15,-3407.54,531.827,2745.55,-223.138,-3512.96,4957.76,-1430.38,-3610.6,1490.59,-2808.39,2647.86,134.514,1058.66,-2025.01,485.435,3088.29,-408.039,1755.96,-843.537,223.64,-979.537,157.066,-382.401,-1592.82,146.539,630.355,1663.4,390.568,-1767.98,-422.267,-1066.21,3073.98,426.967,1910.6,-1257.09,-400.344,-1141.72,499.265,-2604.22,-1076.11,-4120.46,-2216.12,-5824.17,-626.233,4606.2,242.817,3643.23,1542.24,2193.71,656.864,865.569,271.498,-601.193,3442.11,1343.81,-669.027,-589.169,-124.323,-568.395,1995.34,2199.27,3168.19,1360.03,-1589.59,215.181,-2315.43,-552.459,2949.46,968.289,-1405.52
-250354,0,1,0,1,1,250411,-0.384764,0.00591807,1.98251,0.65987,0.194549,-1.62464,-1.32884,-0.638008,0.776036,1.76188,-0.149657,0.116447,-1.54277,-0.0636614,0.2482,-1.00728,-1.59481,-1.01706,-0.127135,0.559175,1.40119,-1.61276,1.8305,-0.0898098,-1.26576,-1.76124,1.23195,-0.269686,1.22789,-1.59845,-1.56077,0.458786,1.996,-0.185011,-1.75004,1.38731,-0.797919,-1.56933,0.936032,-1.67351,1.35279,0.444837,1.42627,-1.3104,-0.0724454,0.89088,-0.393547,0.886616,0.0264761,-0.478673,-1.03596,0.226382,0.0675763,-1.26799,0.156639,-0.0321617,0.998724,0.212245,-0.63784,-0.775643,-0.788799,1.94885,1.21166,0.828242,-0.92643,-0.62419,-1.08532,0.0134659,-0.922084,-1.04397,-1.82062,-0.720654,-1.94471,-0.376988,1.76676,-0.594025,1.17955,0.313105,1.16384,0.0323358,0.112372,0.276904,0.173359,1.84303,0.871915,-1.30925,-0.819472,-0.271119,0.144731,1.18899,1.07535,1.68402,1.67163,-0.91779,-0.253471,-1.68299,-0.374937,1.42931,0.855572,-1.19532,0.716719,-0.0683461,0.303609,1.96623,0.781768,1.63035,0.959318,0.786877,0.370806,-0.550243,0.348122,0.560143,1.18829,-0.320265,1.30177,0.661107,-0.893355,-1.35442,-0.621506,0.0343771,-0.357295,-1.23337,0.139517,-0.865755,0.245872,-1.35443,-1.0549,-0.83853,-1.76415,0.254763,-1.61606,0.588416,-0.385511,2.61788,0.562638,-0.734619,-2.02453,-0.288062,0.567381,0.969142,-0.487281,0.598145,1.73246,1.21809,-0.338209,-0.759548,-2.61202,2.85886,0.624019,1.38642,0.789156,0.964537,-1.039,0.86623,1.04895,-1.18727,0.251552,-0.912289,0.240072,0.774525,1.25976,-0.108037,0.0877775,0.606813,-1.44733,0.244494,-0.259549,-1.64488,2.0039,0.366352,-0.723082,-0.203735,2.01818,-0.130056,0.784174,-1.17682,1.13275,1.90043,-0.42027,-1.45744,-0.803667,0.0295995,0.506046,-0.799282,-0.175335,0.408078,0.146122,-0.258662,0.652233,0.554741,-0.855631,0.0947627,0.928317,1.46013,0.408752,-0.877735,-1.29819,1.90234,-1.14158,1.34003,-547.184,-508.299,2761.5,815.011,520.894,-1882.04,-2005.36,-819.359,713.376,4167.89,684.524,-60.5022,-3825.74,-379.508,89.5438,-786.665,-2764.26,-1893.05,-1138.15,1330.48,3721.9,-4549.31,2287.66,267.703,-2638.59,-2872.07,3581.78,-691.08,1559.76,-2665.15,-3407.54,531.827,2745.55,-223.138,-3512.96,4957.76,-1430.38,-3610.6,1490.59,-2808.39,2647.86,134.514,1058.66,-2025.01,485.435,3088.29,-408.039,1755.96,-843.537,223.64,-979.537,157.066,-382.401,-1592.82,146.539,630.355,1663.4,390.568,-1767.98,-422.267,-1066.21,3073.98,426.967,1910.6,-1257.09,-400.344,-1141.72,499.265,-2604.22,-1076.11,-4120.46,-2216.12,-5824.17,-626.233,4606.2,242.817,3643.23,1542.24,2193.71,656.864,865.569,271.498,-601.193,3442.11,1343.81,-669.027,-589.169,-124.323,-568.395,1995.34,2199.27,3168.19,1360.03,-1589.59,215.181,-2315.43,-552.459,2949.46,968.289,-1405.52
-250354,0,1,0,1,1,250393,-0.384764,0.00591807,1.98251,0.65987,0.194549,-1.62464,-1.32884,-0.638008,0.776036,1.76188,-0.149657,0.116447,-1.54277,-0.0636614,0.2482,-1.00728,-1.59481,-1.01706,-0.127135,0.559175,1.40119,-1.61276,1.8305,-0.0898098,-1.26576,-1.76124,1.23195,-0.269686,1.22789,-1.59845,-1.56077,0.458786,1.996,-0.185011,-1.75004,1.38731,-0.797919,-1.56933,0.936032,-1.67351,1.35279,0.444837,1.42627,-1.3104,-0.0724454,0.89088,-0.393547,0.886616,0.0264761,-0.478673,-1.03596,0.226382,0.0675763,-1.26799,0.156639,-0.0321617,0.998724,0.212245,-0.63784,-0.775643,-0.788799,1.94885,1.21166,0.828242,-0.92643,-0.62419,-1.08532,0.0134659,-0.922084,-1.04397,-1.82062,-0.720654,-1.94471,-0.376988,1.76676,-0.594025,1.17955,0.313105,1.16384,0.0323358,0.112372,0.276904,0.173359,1.84303,0.871915,-1.30925,-0.819472,-0.271119,0.144731,1.18899,1.07535,1.68402,1.67163,-0.91779,-0.253471,-1.68299,-0.374937,1.42931,0.855572,-1.19532,-1.0208,-0.825804,-1.28956,-0.696207,0.688349,-0.82958,-0.07303,0.298593,1.32813,-0.614255,0.488595,-0.47005,1.66811,-0.735626,0.0430048,-1.08696,0.285167,0.244917,-0.013184,0.716245,-0.754684,0.381822,0.258024,0.795975,-1.45325,-0.985756,-0.401636,0.0471507,0.465384,-0.397344,-1.352,-1.03183,-0.124742,0.271635,-0.156485,0.721777,1.23153,1.09133,-0.159951,-1.65153,-1.30918,1.52058,2.3314,0.595447,0.119436,0.267833,-0.176341,0.148719,0.342441,-1.02395,-2.11205,-0.204549,-0.58282,1.43211,-0.65916,-0.538858,-0.0393115,0.741992,-2.07038,0.563296,0.838129,-0.283083,0.817578,0.0522805,-1.35289,-0.631168,-0.0147633,0.607755,-1.71604,-0.0602657,-0.710629,-0.667565,-0.935685,0.665157,0.325816,-0.0376935,-1.18318,-0.0741428,0.425381,0.0125455,-0.319271,-0.199904,0.880322,0.411116,1.75594,1.10619,-0.424316,0.0741529,0.237473,1.38725,-0.128138,-0.931201,-0.790606,0.763604,1.09018,-1.56277,0.384671,-0.772099,0.931737,-0.987922,-547.184,-508.299,2761.5,815.011,520.894,-1882.04,-2005.36,-819.359,713.376,4167.89,684.524,-60.5022,-3825.74,-379.508,89.5438,-786.665,-2764.26,-1893.05,-1138.15,1330.48,3721.9,-4549.31,2287.66,267.703,-2638.59,-2872.07,3581.78,-691.08,1559.76,-2665.15,-3407.54,531.827,2745.55,-223.138,-3512.96,4957.76,-1430.38,-3610.6,1490.59,-2808.39,2647.86,134.514,1058.66,-2025.01,485.435,3088.29,-408.039,1755.96,-843.537,223.64,-979.537,157.066,-382.401,-1592.82,146.539,630.355,1663.4,390.568,-1767.98,-422.267,-1066.21,3073.98,426.967,1910.6,-1257.09,-400.344,-1141.72,499.265,-2604.22,-1076.11,-4120.46,-2216.12,-5824.17,-626.233,4606.2,242.817,3643.23,1542.24,2193.71,656.864,865.569,271.498,-601.193,3442.11,1343.81,-669.027,-589.169,-124.323,-568.395,1995.34,2199.27,3168.19,1360.03,-1589.59,215.181,-2315.43,-552.459,2949.46,968.289,-1405.52
-250354,0,1,0,1,1,250396,-0.384764,0.00591807,1.98251,0.65987,0.194549,-1.62464,-1.32884,-0.638008,0.776036,1.76188,-0.149657,0.116447,-1.54277,-0.0636614,0.2482,-1.00728,-1.59481,-1.01706,-0.127135,0.559175,1.40119,-1.61276,1.8305,-0.0898098,-1.26576,-1.76124,1.23195,-0.269686,1.22789,-1.59845,-1.56077,0.458786,1.996,-0.185011,-1.75004,1.38731,-0.797919,-1.56933,0.936032,-1.67351,1.35279,0.444837,1.42627,-1.3104,-0.0724454,0.89088,-0.393547,0.886616,0.0264761,-0.478673,-1.03596,0.226382,0.0675763,-1.26799,0.156639,-0.0321617,0.998724,0.212245,-0.63784,-0.775643,-0.788799,1.94885,1.21166,0.828242,-0.92643,-0.62419,-1.08532,0.0134659,-0.922084,-1.04397,-1.82062,-0.720654,-1.94471,-0.376988,1.76676,-0.594025,1.17955,0.313105,1.16384,0.0323358,0.112372,0.276904,0.173359,1.84303,0.871915,-1.30925,-0.819472,-0.271119,0.144731,1.18899,1.07535,1.68402,1.67163,-0.91779,-0.253471,-1.68299,-0.374937,1.42931,0.855572,-1.19532,0.120238,0.882463,0.901801,-1.80523,-0.518349,0.592313,-0.122354,-0.457426,0.646525,0.0464382,1.46292,-1.66738,0.798503,0.228307,-0.815693,-1.45213,-0.423151,-0.141706,0.41119,-1.58053,1.76509,-0.0375139,-1.68847,-0.277812,0.230597,-0.417241,-0.816945,0.00148026,1.11401,0.303273,-0.288362,-0.681598,-0.451351,1.97126,-1.03913,-0.727996,-0.88972,0.925659,1.32221,-0.287352,0.0863449,1.00648,-1.95666,-0.223314,0.258526,0.011867,-0.774187,0.22252,-0.311309,0.3828,-0.317309,0.973616,1.02531,1.05561,-0.287781,-0.842395,-1.3101,1.47118,0.266331,0.412207,-0.389058,-0.285361,-0.366777,-1.00205,-0.134275,1.58271,0.236339,1.48394,-1.3908,0.173261,0.0849138,1.21921,-0.500154,-0.41352,0.524125,1.73313,1.03633,-1.26009,0.865465,-1.12105,-1.0451,0.0978381,-1.00339,0.62876,-0.805915,0.108176,1.12902,-0.670479,0.928091,0.437646,0.0543649,-1.0099,-0.421636,-2.28763,0.225366,1.01538,0.972426,-0.145147,0.4451,-1.19734,-547.184,-508.299,2761.5,815.011,520.894,-1882.04,-2005.36,-819.359,713.376,4167.89,684.524,-60.5022,-3825.74,-379.508,89.5438,-786.665,-2764.26,-1893.05,-1138.15,1330.48,3721.9,-4549.31,2287.66,267.703,-2638.59,-2872.07,3581.78,-691.08,1559.76,-2665.15,-3407.54,531.827,2745.55,-223.138,-3512.96,4957.76,-1430.38,-3610.6,1490.59,-2808.39,2647.86,134.514,1058.66,-2025.01,485.435,3088.29,-408.039,1755.96,-843.537,223.64,-979.537,157.066,-382.401,-1592.82,146.539,630.355,1663.4,390.568,-1767.98,-422.267,-1066.21,3073.98,426.967,1910.6,-1257.09,-400.344,-1141.72,499.265,-2604.22,-1076.11,-4120.46,-2216.12,-5824.17,-626.233,4606.2,242.817,3643.23,1542.24,2193.71,656.864,865.569,271.498,-601.193,3442.11,1343.81,-669.027,-589.169,-124.323,-568.395,1995.34,2199.27,3168.19,1360.03,-1589.59,215.181,-2315.43,-552.459,2949.46,968.289,-1405.52
-250354,0,1,0,1,1,250403,-0.384764,0.00591807,1.98251,0.65987,0.194549,-1.62464,-1.32884,-0.638008,0.776036,1.76188,-0.149657,0.116447,-1.54277,-0.0636614,0.2482,-1.00728,-1.59481,-1.01706,-0.127135,0.559175,1.40119,-1.61276,1.8305,-0.0898098,-1.26576,-1.76124,1.23195,-0.269686,1.22789,-1.59845,-1.56077,0.458786,1.996,-0.185011,-1.75004,1.38731,-0.797919,-1.56933,0.936032,-1.67351,1.35279,0.444837,1.42627,-1.3104,-0.0724454,0.89088,-0.393547,0.886616,0.0264761,-0.478673,-1.03596,0.226382,0.0675763,-1.26799,0.156639,-0.0321617,0.998724,0.212245,-0.63784,-0.775643,-0.788799,1.94885,1.21166,0.828242,-0.92643,-0.62419,-1.08532,0.0134659,-0.922084,-1.04397,-1.82062,-0.720654,-1.94471,-0.376988,1.76676,-0.594025,1.17955,0.313105,1.16384,0.0323358,0.112372,0.276904,0.173359,1.84303,0.871915,-1.30925,-0.819472,-0.271119,0.144731,1.18899,1.07535,1.68402,1.67163,-0.91779,-0.253471,-1.68299,-0.374937,1.42931,0.855572,-1.19532,0.870885,-2.10141,0.174999,-0.369021,-0.131619,0.00188611,0.022591,0.845784,0.481479,0.283763,0.407509,0.543192,-1.61988,-0.265375,0.447987,-0.410581,1.05525,-0.905772,-1.13886,0.845824,0.867267,0.938252,-0.0747885,-0.39305,0.359132,-1.91265,1.50162,-1.4641,0.302763,0.213959,-0.899451,1.9132,-2.23458,-0.986611,-0.900757,-0.825126,0.417716,-1.15317,-0.200779,0.624123,-0.795964,-1.53698,0.109563,1.53848,0.891426,-2.01778,-0.0664331,0.714902,0.758626,-1.72918,-0.929271,-1.24832,-0.840805,-2.15848,-0.821356,1.14339,1.01709,-0.610566,1.39806,-0.00927509,-0.18901,0.361133,-0.1595,1.12085,1.19342,1.50374,-0.159822,1.35111,0.962666,-0.42219,1.07846,-0.272936,-1.64289,-0.833462,-0.991732,-0.538285,-0.860853,-0.199082,1.41011,-0.266102,0.239106,-0.460944,-0.310586,1.21052,-0.550804,0.344721,-0.0219367,1.31268,-0.947717,-0.393688,0.668306,0.399648,0.578728,0.63103,-0.745131,-2.06059,0.589147,0.774785,-1.62633,0.736951,-547.184,-508.299,2761.5,815.011,520.894,-1882.04,-2005.36,-819.359,713.376,4167.89,684.524,-60.5022,-3825.74,-379.508,89.5438,-786.665,-2764.26,-1893.05,-1138.15,1330.48,3721.9,-4549.31,2287.66,267.703,-2638.59,-2872.07,3581.78,-691.08,1559.76,-2665.15,-3407.54,531.827,2745.55,-223.138,-3512.96,4957.76,-1430.38,-3610.6,1490.59,-2808.39,2647.86,134.514,1058.66,-2025.01,485.435,3088.29,-408.039,1755.96,-843.537,223.64,-979.537,157.066,-382.401,-1592.82,146.539,630.355,1663.4,390.568,-1767.98,-422.267,-1066.21,3073.98,426.967,1910.6,-1257.09,-400.344,-1141.72,499.265,-2604.22,-1076.11,-4120.46,-2216.12,-5824.17,-626.233,4606.2,242.817,3643.23,1542.24,2193.71,656.864,865.569,271.498,-601.193,3442.11,1343.81,-669.027,-589.169,-124.323,-568.395,1995.34,2199.27,3168.19,1360.03,-1589.59,215.181,-2315.43,-552.459,2949.46,968.289,-1405.52
-250354,0,1,0,1,1,250409,-0.384764,0.00591807,1.98251,0.65987,0.194549,-1.62464,-1.32884,-0.638008,0.776036,1.76188,-0.149657,0.116447,-1.54277,-0.0636614,0.2482,-1.00728,-1.59481,-1.01706,-0.127135,0.559175,1.40119,-1.61276,1.8305,-0.0898098,-1.26576,-1.76124,1.23195,-0.269686,1.22789,-1.59845,-1.56077,0.458786,1.996,-0.185011,-1.75004,1.38731,-0.797919,-1.56933,0.936032,-1.67351,1.35279,0.444837,1.42627,-1.3104,-0.0724454,0.89088,-0.393547,0.886616,0.0264761,-0.478673,-1.03596,0.226382,0.0675763,-1.26799,0.156639,-0.0321617,0.998724,0.212245,-0.63784,-0.775643,-0.788799,1.94885,1.21166,0.828242,-0.92643,-0.62419,-1.08532,0.0134659,-0.922084,-1.04397,-1.82062,-0.720654,-1.94471,-0.376988,1.76676,-0.594025,1.17955,0.313105,1.16384,0.0323358,0.112372,0.276904,0.173359,1.84303,0.871915,-1.30925,-0.819472,-0.271119,0.144731,1.18899,1.07535,1.68402,1.67163,-0.91779,-0.253471,-1.68299,-0.374937,1.42931,0.855572,-1.19532,-0.143146,0.26817,-1.09975,0.0713764,0.131352,0.254427,-0.339435,-0.205151,0.283282,-0.108607,-0.0263316,-0.547565,0.715349,1.26049,-2.05155,0.24304,-0.17583,-1.40433,-1.85636,2.34646,0.238318,-1.0379,-1.19486,-0.507504,0.881917,-1.52794,-0.679582,-0.000566783,-1.8625,-0.656394,0.475371,-1.08271,0.914864,0.866886,-0.743295,0.370725,0.513763,0.55747,-1.1751,-0.351022,-0.221272,-1.32484,0.960837,0.319624,0.0262463,0.698301,-0.419609,-0.0560598,-0.430807,-1.28073,1.81145,-1.29979,1.0434,0.0150334,-0.145557,2.33268,-0.0495545,-0.194673,0.845703,-1.41813,-2.03424,-1.02006,-0.342968,0.203329,-1.70977,0.785309,-0.0957466,0.501139,0.191093,-0.949104,1.61793,-2.34842,-1.73576,1.21019,-1.77933,-1.35136,0.487657,-1.60198,-0.481461,1.81756,1.68432,-0.360646,-0.598604,0.903805,0.282629,-0.0351708,-0.85953,0.184053,1.66987,0.347898,-0.480107,0.555611,0.278538,-1.20858,-1.91365,1.12798,1.48342,-1.9285,-0.0893516,0.511542,-547.184,-508.299,2761.5,815.011,520.894,-1882.04,-2005.36,-819.359,713.376,4167.89,684.524,-60.5022,-3825.74,-379.508,89.5438,-786.665,-2764.26,-1893.05,-1138.15,1330.48,3721.9,-4549.31,2287.66,267.703,-2638.59,-2872.07,3581.78,-691.08,1559.76,-2665.15,-3407.54,531.827,2745.55,-223.138,-3512.96,4957.76,-1430.38,-3610.6,1490.59,-2808.39,2647.86,134.514,1058.66,-2025.01,485.435,3088.29,-408.039,1755.96,-843.537,223.64,-979.537,157.066,-382.401,-1592.82,146.539,630.355,1663.4,390.568,-1767.98,-422.267,-1066.21,3073.98,426.967,1910.6,-1257.09,-400.344,-1141.72,499.265,-2604.22,-1076.11,-4120.46,-2216.12,-5824.17,-626.233,4606.2,242.817,3643.23,1542.24,2193.71,656.864,865.569,271.498,-601.193,3442.11,1343.81,-669.027,-589.169,-124.323,-568.395,1995.34,2199.27,3168.19,1360.03,-1589.59,215.181,-2315.43,-552.459,2949.46,968.289,-1405.52
-250354,0,1,0,1,1,250402,-0.384764,0.00591807,1.98251,0.65987,0.194549,-1.62464,-1.32884,-0.638008,0.776036,1.76188,-0.149657,0.116447,-1.54277,-0.0636614,0.2482,-1.00728,-1.59481,-1.01706,-0.127135,0.559175,1.40119,-1.61276,1.8305,-0.0898098,-1.26576,-1.76124,1.23195,-0.269686,1.22789,-1.59845,-1.56077,0.458786,1.996,-0.185011,-1.75004,1.38731,-0.797919,-1.56933,0.936032,-1.67351,1.35279,0.444837,1.42627,-1.3104,-0.0724454,0.89088,-0.393547,0.886616,0.0264761,-0.478673,-1.03596,0.226382,0.0675763,-1.26799,0.156639,-0.0321617,0.998724,0.212245,-0.63784,-0.775643,-0.788799,1.94885,1.21166,0.828242,-0.92643,-0.62419,-1.08532,0.0134659,-0.922084,-1.04397,-1.82062,-0.720654,-1.94471,-0.376988,1.76676,-0.594025,1.17955,0.313105,1.16384,0.0323358,0.112372,0.276904,0.173359,1.84303,0.871915,-1.30925,-0.819472,-0.271119,0.144731,1.18899,1.07535,1.68402,1.67163,-0.91779,-0.253471,-1.68299,-0.374937,1.42931,0.855572,-1.19532,-0.700543,-1.08404,1.43568,-0.588111,-0.813858,0.166437,-2.44029,-0.637356,-0.634693,-0.240527,0.161581,0.726252,-0.607358,-0.742989,0.713205,-1.00161,1.25185,-0.949248,-2.0294,0.28662,0.40065,0.63646,0.201754,0.475431,-0.943687,-0.562678,-0.239683,0.599544,0.417516,-0.408047,-1.07479,-2.04071,-0.451106,0.475513,1.11605,0.376866,-0.526873,-0.223438,1.37449,-0.314084,-0.4266,-1.32234,-0.33996,0.592222,1.08167,0.414279,-0.631373,0.848574,1.89589,0.257781,0.497759,-0.813221,-0.687787,-0.428604,0.195355,1.28018,0.899353,-0.848746,1.11208,-0.340899,0.816012,-1.09959,0.116048,0.891318,-0.715823,-1.21869,1.24585,0.756261,0.796533,-1.05924,-0.435403,-0.955843,1.58712,-0.528041,0.303098,-1.07959,0.0742218,-0.420516,-2.97506,1.20926,0.324926,-0.0592999,-1.02077,-1.58822,1.47768,-0.344262,-0.423442,-0.86187,0.0958686,-0.930364,-0.422782,0.09511,1.3248,0.856673,1.23571,-1.74858,-0.6872,-2.29663,-0.359381,-1.26365,-547.184,-508.299,2761.5,815.011,520.894,-1882.04,-2005.36,-819.359,713.376,4167.89,684.524,-60.5022,-3825.74,-379.508,89.5438,-786.665,-2764.26,-1893.05,-1138.15,1330.48,3721.9,-4549.31,2287.66,267.703,-2638.59,-2872.07,3581.78,-691.08,1559.76,-2665.15,-3407.54,531.827,2745.55,-223.138,-3512.96,4957.76,-1430.38,-3610.6,1490.59,-2808.39,2647.86,134.514,1058.66,-2025.01,485.435,3088.29,-408.039,1755.96,-843.537,223.64,-979.537,157.066,-382.401,-1592.82,146.539,630.355,1663.4,390.568,-1767.98,-422.267,-1066.21,3073.98,426.967,1910.6,-1257.09,-400.344,-1141.72,499.265,-2604.22,-1076.11,-4120.46,-2216.12,-5824.17,-626.233,4606.2,242.817,3643.23,1542.24,2193.71,656.864,865.569,271.498,-601.193,3442.11,1343.81,-669.027,-589.169,-124.323,-568.395,1995.34,2199.27,3168.19,1360.03,-1589.59,215.181,-2315.43,-552.459,2949.46,968.289,-1405.52
-250354,0,1,0,1,1,250405,-0.384764,0.00591807,1.98251,0.65987,0.194549,-1.62464,-1.32884,-0.638008,0.776036,1.76188,-0.149657,0.116447,-1.54277,-0.0636614,0.2482,-1.00728,-1.59481,-1.01706,-0.127135,0.559175,1.40119,-1.61276,1.8305,-0.0898098,-1.26576,-1.76124,1.23195,-0.269686,1.22789,-1.59845,-1.56077,0.458786,1.996,-0.185011,-1.75004,1.38731,-0.797919,-1.56933,0.936032,-1.67351,1.35279,0.444837,1.42627,-1.3104,-0.0724454,0.89088,-0.393547,0.886616,0.0264761,-0.478673,-1.03596,0.226382,0.0675763,-1.26799,0.156639,-0.0321617,0.998724,0.212245,-0.63784,-0.775643,-0.788799,1.94885,1.21166,0.828242,-0.92643,-0.62419,-1.08532,0.0134659,-0.922084,-1.04397,-1.82062,-0.720654,-1.94471,-0.376988,1.76676,-0.594025,1.17955,0.313105,1.16384,0.0323358,0.112372,0.276904,0.173359,1.84303,0.871915,-1.30925,-0.819472,-0.271119,0.144731,1.18899,1.07535,1.68402,1.67163,-0.91779,-0.253471,-1.68299,-0.374937,1.42931,0.855572,-1.19532,-0.982086,0.27255,-0.666488,1.52028,-0.890371,0.311958,0.948307,-0.082653,0.316736,0.155894,-0.0556123,-0.963613,0.968089,-1.12836,-0.0356315,0.136625,0.84473,2.55663,-0.476442,2.16988,1.13613,-1.89573,-0.155566,1.15732,-0.383221,-0.423111,-0.0479263,-0.12491,0.530057,-0.0749354,0.599542,0.689523,1.09351,-0.402483,-0.828755,0.907267,-0.937947,-0.820107,-1.65972,-0.309205,0.310694,0.798007,1.34875,1.08594,-0.400026,0.487992,-0.489677,0.842107,-0.790102,-0.456747,-2.40692,2.17433,-0.589433,0.967623,0.713028,1.50042,1.50575,0.354364,-0.613967,-0.884386,-0.601333,-0.267538,-0.0445652,-0.871625,-1.55024,-0.946024,0.383079,1.61094,0.271839,-0.0574177,0.462954,-1.96297,0.710588,-1.19795,-0.371868,0.155122,1.47455,-0.992777,-2.20926,-1.39842,-0.15902,-1.08937,1.04836,1.10187,0.191437,0.0434794,1.21545,-0.17772,1.31258,-1.10249,0.669125,1.39992,-0.259267,-0.861565,-1.27995,-0.244766,-0.605536,0.947142,1.20947,1.77325,-547.184,-508.299,2761.5,815.011,520.894,-1882.04,-2005.36,-819.359,713.376,4167.89,684.524,-60.5022,-3825.74,-379.508,89.5438,-786.665,-2764.26,-1893.05,-1138.15,1330.48,3721.9,-4549.31,2287.66,267.703,-2638.59,-2872.07,3581.78,-691.08,1559.76,-2665.15,-3407.54,531.827,2745.55,-223.138,-3512.96,4957.76,-1430.38,-3610.6,1490.59,-2808.39,2647.86,134.514,1058.66,-2025.01,485.435,3088.29,-408.039,1755.96,-843.537,223.64,-979.537,157.066,-382.401,-1592.82,146.539,630.355,1663.4,390.568,-1767.98,-422.267,-1066.21,3073.98,426.967,1910.6,-1257.09,-400.344,-1141.72,499.265,-2604.22,-1076.11,-4120.46,-2216.12,-5824.17,-626.233,4606.2,242.817,3643.23,1542.24,2193.71,656.864,865.569,271.498,-601.193,3442.11,1343.81,-669.027,-589.169,-124.323,-568.395,1995.34,2199.27,3168.19,1360.03,-1589.59,215.181,-2315.43,-552.459,2949.46,968.289,-1405.52
-250354,0,1,0,1,1,250398,-0.384764,0.00591807,1.98251,0.65987,0.194549,-1.62464,-1.32884,-0.638008,0.776036,1.76188,-0.149657,0.116447,-1.54277,-0.0636614,0.2482,-1.00728,-1.59481,-1.01706,-0.127135,0.559175,1.40119,-1.61276,1.8305,-0.0898098,-1.26576,-1.76124,1.23195,-0.269686,1.22789,-1.59845,-1.56077,0.458786,1.996,-0.185011,-1.75004,1.38731,-0.797919,-1.56933,0.936032,-1.67351,1.35279,0.444837,1.42627,-1.3104,-0.0724454,0.89088,-0.393547,0.886616,0.0264761,-0.478673,-1.03596,0.226382,0.0675763,-1.26799,0.156639,-0.0321617,0.998724,0.212245,-0.63784,-0.775643,-0.788799,1.94885,1.21166,0.828242,-0.92643,-0.62419,-1.08532,0.0134659,-0.922084,-1.04397,-1.82062,-0.720654,-1.94471,-0.376988,1.76676,-0.594025,1.17955,0.313105,1.16384,0.0323358,0.112372,0.276904,0.173359,1.84303,0.871915,-1.30925,-0.819472,-0.271119,0.144731,1.18899,1.07535,1.68402,1.67163,-0.91779,-0.253471,-1.68299,-0.374937,1.42931,0.855572,-1.19532,-1.25069,0.0420853,0.251192,-0.719965,0.140376,-2.11992,-0.941153,-0.273442,-1.11951,-1.72183,-0.807494,-0.836387,3.0305,-0.168476,0.403278,-0.442906,0.219537,-0.450261,-0.553641,3.11136,0.0832059,-0.21338,1.32655,-0.404118,-0.150729,-0.0285682,-0.0218118,0.633762,-1.71225,-1.77183,0.703287,-0.701238,1.08938,-1.01602,-0.231837,1.41843,-0.743394,0.362397,-0.954149,-0.499594,-0.531144,0.525869,1.18728,-0.151774,0.0976677,-0.227992,0.152284,0.476181,-0.523602,0.368832,1.86794,-0.97092,-0.445953,0.285561,-0.677413,-0.396795,-0.740768,-0.372472,0.776178,0.518775,-0.134532,-0.433079,-1.83805,0.635747,1.16401,-0.300737,-0.331806,-0.269912,-0.243569,-0.600433,0.00601956,0.418444,-0.749023,-0.563511,-1.03131,1.25583,1.46616,-0.652112,-0.0735676,0.314044,-0.277429,0.488963,0.59235,-0.341414,-0.985709,-1.35107,-0.81336,-0.136945,0.648962,0.978701,1.8391,-0.535688,-0.791523,-0.363732,-1.36384,0.193884,-0.755,-0.933329,-1.21947,1.72488,-547.184,-508.299,2761.5,815.011,520.894,-1882.04,-2005.36,-819.359,713.376,4167.89,684.524,-60.5022,-3825.74,-379.508,89.5438,-786.665,-2764.26,-1893.05,-1138.15,1330.48,3721.9,-4549.31,2287.66,267.703,-2638.59,-2872.07,3581.78,-691.08,1559.76,-2665.15,-3407.54,531.827,2745.55,-223.138,-3512.96,4957.76,-1430.38,-3610.6,1490.59,-2808.39,2647.86,134.514,1058.66,-2025.01,485.435,3088.29,-408.039,1755.96,-843.537,223.64,-979.537,157.066,-382.401,-1592.82,146.539,630.355,1663.4,390.568,-1767.98,-422.267,-1066.21,3073.98,426.967,1910.6,-1257.09,-400.344,-1141.72,499.265,-2604.22,-1076.11,-4120.46,-2216.12,-5824.17,-626.233,4606.2,242.817,3643.23,1542.24,2193.71,656.864,865.569,271.498,-601.193,3442.11,1343.81,-669.027,-589.169,-124.323,-568.395,1995.34,2199.27,3168.19,1360.03,-1589.59,215.181,-2315.43,-552.459,2949.46,968.289,-1405.52
-250354,0,1,0,1,1,250415,-0.384764,0.00591807,1.98251,0.65987,0.194549,-1.62464,-1.32884,-0.638008,0.776036,1.76188,-0.149657,0.116447,-1.54277,-0.0636614,0.2482,-1.00728,-1.59481,-1.01706,-0.127135,0.559175,1.40119,-1.61276,1.8305,-0.0898098,-1.26576,-1.76124,1.23195,-0.269686,1.22789,-1.59845,-1.56077,0.458786,1.996,-0.185011,-1.75004,1.38731,-0.797919,-1.56933,0.936032,-1.67351,1.35279,0.444837,1.42627,-1.3104,-0.0724454,0.89088,-0.393547,0.886616,0.0264761,-0.478673,-1.03596,0.226382,0.0675763,-1.26799,0.156639,-0.0321617,0.998724,0.212245,-0.63784,-0.775643,-0.788799,1.94885,1.21166,0.828242,-0.92643,-0.62419,-1.08532,0.0134659,-0.922084,-1.04397,-1.82062,-0.720654,-1.94471,-0.376988,1.76676,-0.594025,1.17955,0.313105,1.16384,0.0323358,0.112372,0.276904,0.173359,1.84303,0.871915,-1.30925,-0.819472,-0.271119,0.144731,1.18899,1.07535,1.68402,1.67163,-0.91779,-0.253471,-1.68299,-0.374937,1.42931,0.855572,-1.19532,1.15408,0.0191503,0.509712,-1.20234,1.77024,-0.865864,0.600313,-1.0235,1.60443,-1.0292,0.0862647,0.125244,0.249254,-0.711259,-0.700342,-0.870674,1.15098,-0.386242,1.05583,-0.361171,1.23407,1.08161,0.0901965,-1.56501,-1.12739,1.01351,-0.193998,-1.13795,0.61082,2.03004,-1.72689,1.76222,0.372607,-0.887533,-1.41137,-0.644415,1.24883,-1.35185,0.173783,-0.581924,-0.275501,-0.150335,0.246413,-0.428429,-1.00895,-2.34947,0.99492,0.0812567,-0.00826132,0.747466,-1.45481,0.896129,-0.301047,0.080654,-1.51485,-0.720037,-0.606579,1.17112,-0.527922,0.829209,1.21322,-2.05265,-0.0688383,-1.71118,1.55854,-2.76753,0.217193,-0.326017,-0.22501,0.2197,3.34943,-0.715766,-0.834404,-0.663553,1.06155,-0.459694,0.362695,-0.939977,-1.82062,-0.55427,-1.46584,0.949952,0.305587,1.99928,-0.829669,0.187243,1.60534,-0.543454,1.50889,-0.476518,0.875492,-1.43632,-0.746295,-0.617702,-0.200146,0.653386,1.3809,-1.44485,-1.68248,0.843848,-547.184,-508.299,2761.5,815.011,520.894,-1882.04,-2005.36,-819.359,713.376,4167.89,684.524,-60.5022,-3825.74,-379.508,89.5438,-786.665,-2764.26,-1893.05,-1138.15,1330.48,3721.9,-4549.31,2287.66,267.703,-2638.59,-2872.07,3581.78,-691.08,1559.76,-2665.15,-3407.54,531.827,2745.55,-223.138,-3512.96,4957.76,-1430.38,-3610.6,1490.59,-2808.39,2647.86,134.514,1058.66,-2025.01,485.435,3088.29,-408.039,1755.96,-843.537,223.64,-979.537,157.066,-382.401,-1592.82,146.539,630.355,1663.4,390.568,-1767.98,-422.267,-1066.21,3073.98,426.967,1910.6,-1257.09,-400.344,-1141.72,499.265,-2604.22,-1076.11,-4120.46,-2216.12,-5824.17,-626.233,4606.2,242.817,3643.23,1542.24,2193.71,656.864,865.569,271.498,-601.193,3442.11,1343.81,-669.027,-589.169,-124.323,-568.395,1995.34,2199.27,3168.19,1360.03,-1589.59,215.181,-2315.43,-552.459,2949.46,968.289,-1405.52
-250354,0,1,0,1,1,250401,-0.384764,0.00591807,1.98251,0.65987,0.194549,-1.62464,-1.32884,-0.638008,0.776036,1.76188,-0.149657,0.116447,-1.54277,-0.0636614,0.2482,-1.00728,-1.59481,-1.01706,-0.127135,0.559175,1.40119,-1.61276,1.8305,-0.0898098,-1.26576,-1.76124,1.23195,-0.269686,1.22789,-1.59845,-1.56077,0.458786,1.996,-0.185011,-1.75004,1.38731,-0.797919,-1.56933,0.936032,-1.67351,1.35279,0.444837,1.42627,-1.3104,-0.0724454,0.89088,-0.393547,0.886616,0.0264761,-0.478673,-1.03596,0.226382,0.0675763,-1.26799,0.156639,-0.0321617,0.998724,0.212245,-0.63784,-0.775643,-0.788799,1.94885,1.21166,0.828242,-0.92643,-0.62419,-1.08532,0.0134659,-0.922084,-1.04397,-1.82062,-0.720654,-1.94471,-0.376988,1.76676,-0.594025,1.17955,0.313105,1.16384,0.0323358,0.112372,0.276904,0.173359,1.84303,0.871915,-1.30925,-0.819472,-0.271119,0.144731,1.18899,1.07535,1.68402,1.67163,-0.91779,-0.253471,-1.68299,-0.374937,1.42931,0.855572,-1.19532,0.328235,0.0478793,1.17898,-0.516211,-0.364981,0.57261,2.27446,0.0347206,-0.532642,-0.795195,0.00802364,0.797134,-0.569539,0.146922,-1.29522,-0.768441,-0.775068,1.29661,1.31173,-0.264368,-0.257473,1.06234,0.161472,-0.225189,-0.936997,-2.09391,-1.91728,-0.431559,-1.18984,0.146082,0.438096,-0.362305,0.285688,-0.0494498,-0.0338376,-2.0825,0.443826,0.612213,-1.28362,1.18678,3.29953,-0.994097,-0.992434,-0.295444,-1.41434,-0.320143,-0.276956,0.294149,0.592045,-0.572629,0.780867,-2.30969,-1.31416,1.304,-0.122295,0.0723199,0.288598,0.104016,-1.29661,1.88736,-0.821715,-0.446831,0.841126,-1.30199,-1.10255,-0.240986,-0.0390416,-1.12223,0.550146,1.61327,0.693973,1.03374,-0.277953,0.375438,-0.60325,1.91595,0.013735,-0.370364,-1.09841,0.278576,-0.342996,-1.07901,-0.961605,0.315994,0.485439,1.18601,0.975367,-0.54707,1.51002,1.70054,0.679971,0.357545,-0.10607,-0.419872,-0.182741,-0.132058,0.111067,0.442077,0.346431,0.433408,-547.184,-508.299,2761.5,815.011,520.894,-1882.04,-2005.36,-819.359,713.376,4167.89,684.524,-60.5022,-3825.74,-379.508,89.5438,-786.665,-2764.26,-1893.05,-1138.15,1330.48,3721.9,-4549.31,2287.66,267.703,-2638.59,-2872.07,3581.78,-691.08,1559.76,-2665.15,-3407.54,531.827,2745.55,-223.138,-3512.96,4957.76,-1430.38,-3610.6,1490.59,-2808.39,2647.86,134.514,1058.66,-2025.01,485.435,3088.29,-408.039,1755.96,-843.537,223.64,-979.537,157.066,-382.401,-1592.82,146.539,630.355,1663.4,390.568,-1767.98,-422.267,-1066.21,3073.98,426.967,1910.6,-1257.09,-400.344,-1141.72,499.265,-2604.22,-1076.11,-4120.46,-2216.12,-5824.17,-626.233,4606.2,242.817,3643.23,1542.24,2193.71,656.864,865.569,271.498,-601.193,3442.11,1343.81,-669.027,-589.169,-124.323,-568.395,1995.34,2199.27,3168.19,1360.03,-1589.59,215.181,-2315.43,-552.459,2949.46,968.289,-1405.52
-250354,0,1,0,1,1,250403,-0.384764,0.00591807,1.98251,0.65987,0.194549,-1.62464,-1.32884,-0.638008,0.776036,1.76188,-0.149657,0.116447,-1.54277,-0.0636614,0.2482,-1.00728,-1.59481,-1.01706,-0.127135,0.559175,1.40119,-1.61276,1.8305,-0.0898098,-1.26576,-1.76124,1.23195,-0.269686,1.22789,-1.59845,-1.56077,0.458786,1.996,-0.185011,-1.75004,1.38731,-0.797919,-1.56933,0.936032,-1.67351,1.35279,0.444837,1.42627,-1.3104,-0.0724454,0.89088,-0.393547,0.886616,0.0264761,-0.478673,-1.03596,0.226382,0.0675763,-1.26799,0.156639,-0.0321617,0.998724,0.212245,-0.63784,-0.775643,-0.788799,1.94885,1.21166,0.828242,-0.92643,-0.62419,-1.08532,0.0134659,-0.922084,-1.04397,-1.82062,-0.720654,-1.94471,-0.376988,1.76676,-0.594025,1.17955,0.313105,1.16384,0.0323358,0.112372,0.276904,0.173359,1.84303,0.871915,-1.30925,-0.819472,-0.271119,0.144731,1.18899,1.07535,1.68402,1.67163,-0.91779,-0.253471,-1.68299,-0.374937,1.42931,0.855572,-1.19532,-1.24979,-2.45678,-0.169082,0.280479,0.904359,-1.32605,0.404815,1.47132,-0.653133,1.84489,-0.633763,-0.498051,-0.665258,0.424793,-1.46194,-0.342503,1.59624,0.848793,1.81217,0.0515816,0.303756,-0.410965,0.925509,-0.251611,0.462933,0.339731,-1.1995,0.138683,-1.08229,2.13107,2.41653,-0.240909,0.539178,0.139266,-0.21684,-2.0566,0.609404,1.06214,-0.510989,-0.483116,-0.53744,1.18218,-0.377359,0.0305559,0.383728,0.828218,1.56381,-0.245537,0.638279,0.0334724,0.247416,-0.139428,1.42885,-0.929311,-0.672703,0.365923,-0.0318242,0.910825,-0.233284,0.4129,-0.306577,-0.627448,-0.0605548,-0.497185,-1.55218,0.703064,0.00744493,0.648469,1.44078,-2.06269,1.43253,0.995702,0.139754,0.590687,-0.42163,1.12272,-0.29336,-0.869795,-0.750809,-1.27854,0.484211,0.871111,-1.44204,-1.80793,1.49776,-0.533741,-0.2436,-0.369515,0.0687377,2.25773,0.361366,-0.910011,0.323967,0.607613,0.275219,1.66286,1.06451,0.0549484,-1.18285,-0.164491,-547.184,-508.299,2761.5,815.011,520.894,-1882.04,-2005.36,-819.359,713.376,4167.89,684.524,-60.5022,-3825.74,-379.508,89.5438,-786.665,-2764.26,-1893.05,-1138.15,1330.48,3721.9,-4549.31,2287.66,267.703,-2638.59,-2872.07,3581.78,-691.08,1559.76,-2665.15,-3407.54,531.827,2745.55,-223.138,-3512.96,4957.76,-1430.38,-3610.6,1490.59,-2808.39,2647.86,134.514,1058.66,-2025.01,485.435,3088.29,-408.039,1755.96,-843.537,223.64,-979.537,157.066,-382.401,-1592.82,146.539,630.355,1663.4,390.568,-1767.98,-422.267,-1066.21,3073.98,426.967,1910.6,-1257.09,-400.344,-1141.72,499.265,-2604.22,-1076.11,-4120.46,-2216.12,-5824.17,-626.233,4606.2,242.817,3643.23,1542.24,2193.71,656.864,865.569,271.498,-601.193,3442.11,1343.81,-669.027,-589.169,-124.323,-568.395,1995.34,2199.27,3168.19,1360.03,-1589.59,215.181,-2315.43,-552.459,2949.46,968.289,-1405.52
-250354,0,1,0,1,1,250400,-0.384764,0.00591807,1.98251,0.65987,0.194549,-1.62464,-1.32884,-0.638008,0.776036,1.76188,-0.149657,0.116447,-1.54277,-0.0636614,0.2482,-1.00728,-1.59481,-1.01706,-0.127135,0.559175,1.40119,-1.61276,1.8305,-0.0898098,-1.26576,-1.76124,1.23195,-0.269686,1.22789,-1.59845,-1.56077,0.458786,1.996,-0.185011,-1.75004,1.38731,-0.797919,-1.56933,0.936032,-1.67351,1.35279,0.444837,1.42627,-1.3104,-0.0724454,0.89088,-0.393547,0.886616,0.0264761,-0.478673,-1.03596,0.226382,0.0675763,-1.26799,0.156639,-0.0321617,0.998724,0.212245,-0.63784,-0.775643,-0.788799,1.94885,1.21166,0.828242,-0.92643,-0.62419,-1.08532,0.0134659,-0.922084,-1.04397,-1.82062,-0.720654,-1.94471,-0.376988,1.76676,-0.594025,1.17955,0.313105,1.16384,0.0323358,0.112372,0.276904,0.173359,1.84303,0.871915,-1.30925,-0.819472,-0.271119,0.144731,1.18899,1.07535,1.68402,1.67163,-0.91779,-0.253471,-1.68299,-0.374937,1.42931,0.855572,-1.19532,1.17587,0.361907,0.613084,-0.609166,-0.869678,-0.326372,0.783185,0.177371,0.0441399,0.197558,0.0424353,1.98517,-0.309282,-1.09266,0.469057,-0.617115,0.648962,-1.73593,0.682353,-0.706476,-0.47212,1.46384,-0.21848,1.28526,-0.299766,0.0392041,-0.351486,0.0206928,-0.497266,-1.6464,1.76952,-1.30935,-0.34781,-1.45868,-0.39926,-0.887018,-0.159376,-0.296317,0.0145744,-1.12737,-1.14131,1.01075,0.159222,0.190972,-0.931311,0.196239,-0.258522,-1.72308,0.109952,1.12661,0.265524,-0.60041,0.201177,-1.14207,0.395445,1.81796,-1.26829,-0.0974566,-1.07466,-0.273378,-0.906634,-0.245727,0.442916,-0.596296,-0.843777,-0.709533,0.785681,-1.02353,0.227486,-0.979545,1.66876,1.78491,-0.405267,0.1949,-0.552967,-1.38785,2.43787,1.29047,0.378336,-0.157814,1.29501,0.429126,1.50878,-0.931895,2.77289,-0.208704,-0.918383,-0.0511461,0.0690951,1.91273,0.172182,0.947314,-0.138238,1.19785,-0.0471821,1.39755,-0.545779,-1.25402,-0.190373,0.720802,-547.184,-508.299,2761.5,815.011,520.894,-1882.04,-2005.36,-819.359,713.376,4167.89,684.524,-60.5022,-3825.74,-379.508,89.5438,-786.665,-2764.26,-1893.05,-1138.15,1330.48,3721.9,-4549.31,2287.66,267.703,-2638.59,-2872.07,3581.78,-691.08,1559.76,-2665.15,-3407.54,531.827,2745.55,-223.138,-3512.96,4957.76,-1430.38,-3610.6,1490.59,-2808.39,2647.86,134.514,1058.66,-2025.01,485.435,3088.29,-408.039,1755.96,-843.537,223.64,-979.537,157.066,-382.401,-1592.82,146.539,630.355,1663.4,390.568,-1767.98,-422.267,-1066.21,3073.98,426.967,1910.6,-1257.09,-400.344,-1141.72,499.265,-2604.22,-1076.11,-4120.46,-2216.12,-5824.17,-626.233,4606.2,242.817,3643.23,1542.24,2193.71,656.864,865.569,271.498,-601.193,3442.11,1343.81,-669.027,-589.169,-124.323,-568.395,1995.34,2199.27,3168.19,1360.03,-1589.59,215.181,-2315.43,-552.459,2949.46,968.289,-1405.52
-250354,0,1,0,1,1,250406,-0.384764,0.00591807,1.98251,0.65987,0.194549,-1.62464,-1.32884,-0.638008,0.776036,1.76188,-0.149657,0.116447,-1.54277,-0.0636614,0.2482,-1.00728,-1.59481,-1.01706,-0.127135,0.559175,1.40119,-1.61276,1.8305,-0.0898098,-1.26576,-1.76124,1.23195,-0.269686,1.22789,-1.59845,-1.56077,0.458786,1.996,-0.185011,-1.75004,1.38731,-0.797919,-1.56933,0.936032,-1.67351,1.35279,0.444837,1.42627,-1.3104,-0.0724454,0.89088,-0.393547,0.886616,0.0264761,-0.478673,-1.03596,0.226382,0.0675763,-1.26799,0.156639,-0.0321617,0.998724,0.212245,-0.63784,-0.775643,-0.788799,1.94885,1.21166,0.828242,-0.92643,-0.62419,-1.08532,0.0134659,-0.922084,-1.04397,-1.82062,-0.720654,-1.94471,-0.376988,1.76676,-0.594025,1.17955,0.313105,1.16384,0.0323358,0.112372,0.276904,0.173359,1.84303,0.871915,-1.30925,-0.819472,-0.271119,0.144731,1.18899,1.07535,1.68402,1.67163,-0.91779,-0.253471,-1.68299,-0.374937,1.42931,0.855572,-1.19532,-1.79167,-0.93283,-0.186564,-0.652696,-0.413198,-0.626617,-0.197997,1.05269,-0.790952,2.05126,-0.769272,-0.165852,-0.756276,-1.15182,0.33442,0.352608,-0.927172,-1.00347,2.13696,-1.66629,-1.22765,0.468142,-0.0340131,-0.124042,0.825111,0.621017,0.86379,0.0606239,0.665273,-0.0142735,0.529531,1.8444,0.689272,0.459542,0.888421,-0.630783,-0.00479567,-0.927234,1.46975,-0.300981,-1.40528,-1.34728,0.564671,-0.535796,0.160693,1.19855,0.326537,-0.69222,0.360785,1.27143,1.37134,0.410604,1.96762,-0.56625,-2.89664,1.68039,-2.17199,0.492014,0.00931534,-0.48439,-0.153434,0.459242,-0.303921,0.175247,0.0994467,-0.255788,0.893159,0.684022,1.03721,0.700086,-1.71801,0.9435,-0.443712,-1.82542,-0.947435,-0.518425,-0.748828,-1.27063,-0.200704,-2.10008,-0.0591459,-1.07657,0.218696,1.26216,0.885218,0.588848,-0.245267,-2.32283,-0.819674,0.0920935,1.33752,-0.687428,-0.126384,-1.01808,-0.877409,-1.04445,-0.566186,-0.134127,-1.9199,0.0128819,-547.184,-508.299,2761.5,815.011,520.894,-1882.04,-2005.36,-819.359,713.376,4167.89,684.524,-60.5022,-3825.74,-379.508,89.5438,-786.665,-2764.26,-1893.05,-1138.15,1330.48,3721.9,-4549.31,2287.66,267.703,-2638.59,-2872.07,3581.78,-691.08,1559.76,-2665.15,-3407.54,531.827,2745.55,-223.138,-3512.96,4957.76,-1430.38,-3610.6,1490.59,-2808.39,2647.86,134.514,1058.66,-2025.01,485.435,3088.29,-408.039,1755.96,-843.537,223.64,-979.537,157.066,-382.401,-1592.82,146.539,630.355,1663.4,390.568,-1767.98,-422.267,-1066.21,3073.98,426.967,1910.6,-1257.09,-400.344,-1141.72,499.265,-2604.22,-1076.11,-4120.46,-2216.12,-5824.17,-626.233,4606.2,242.817,3643.23,1542.24,2193.71,656.864,865.569,271.498,-601.193,3442.11,1343.81,-669.027,-589.169,-124.323,-568.395,1995.34,2199.27,3168.19,1360.03,-1589.59,215.181,-2315.43,-552.459,2949.46,968.289,-1405.52
-250354,0,1,0,1,1,250407,-0.384764,0.00591807,1.98251,0.65987,0.194549,-1.62464,-1.32884,-0.638008,0.776036,1.76188,-0.149657,0.116447,-1.54277,-0.0636614,0.2482,-1.00728,-1.59481,-1.01706,-0.127135,0.559175,1.40119,-1.61276,1.8305,-0.0898098,-1.26576,-1.76124,1.23195,-0.269686,1.22789,-1.59845,-1.56077,0.458786,1.996,-0.185011,-1.75004,1.38731,-0.797919,-1.56933,0.936032,-1.67351,1.35279,0.444837,1.42627,-1.3104,-0.0724454,0.89088,-0.393547,0.886616,0.0264761,-0.478673,-1.03596,0.226382,0.0675763,-1.26799,0.156639,-0.0321617,0.998724,0.212245,-0.63784,-0.775643,-0.788799,1.94885,1.21166,0.828242,-0.92643,-0.62419,-1.08532,0.0134659,-0.922084,-1.04397,-1.82062,-0.720654,-1.94471,-0.376988,1.76676,-0.594025,1.17955,0.313105,1.16384,0.0323358,0.112372,0.276904,0.173359,1.84303,0.871915,-1.30925,-0.819472,-0.271119,0.144731,1.18899,1.07535,1.68402,1.67163,-0.91779,-0.253471,-1.68299,-0.374937,1.42931,0.855572,-1.19532,-0.575438,0.408463,-0.277688,-0.919315,0.0422332,-0.585122,-0.131033,1.65504,-1.13089,-0.52608,-1.81549,0.0890113,-0.0550116,-0.451823,-0.734269,1.66993,-0.159573,-0.570338,-0.618897,0.551466,-1.6703,0.141051,0.360586,-1.03725,0.433111,-2.07878,-0.565166,-1.37689,-1.26293,-0.198288,-1.56317,-1.04915,2.05311,2.34601,1.00935,-0.623733,-0.179038,-0.944007,-0.5649,-1.38694,1.19429,-0.853769,-1.21063,0.934387,-0.0121387,1.16963,-0.901367,1.83862,0.334284,1.72586,-0.73465,-1.82678,-1.08485,0.901923,-0.530422,0.260014,-0.261332,-0.808866,-0.21803,-0.609176,0.544693,-0.523841,-0.375272,0.218683,0.235621,-0.877795,-0.370226,0.285349,0.194913,0.461237,-0.508533,-0.852076,1.14097,-0.11191,1.16905,1.12936,-1.58551,1.86391,1.45422,-2.18964,0.968472,0.355577,-0.249461,-1.81228,-0.47571,-1.6506,0.636867,-0.917602,-1.3054,-0.86928,-1.56587,-1.06951,0.656807,0.238497,0.717689,0.0705211,1.55843,0.835152,0.491222,1.15805,-547.184,-508.299,2761.5,815.011,520.894,-1882.04,-2005.36,-819.359,713.376,4167.89,684.524,-60.5022,-3825.74,-379.508,89.5438,-786.665,-2764.26,-1893.05,-1138.15,1330.48,3721.9,-4549.31,2287.66,267.703,-2638.59,-2872.07,3581.78,-691.08,1559.76,-2665.15,-3407.54,531.827,2745.55,-223.138,-3512.96,4957.76,-1430.38,-3610.6,1490.59,-2808.39,2647.86,134.514,1058.66,-2025.01,485.435,3088.29,-408.039,1755.96,-843.537,223.64,-979.537,157.066,-382.401,-1592.82,146.539,630.355,1663.4,390.568,-1767.98,-422.267,-1066.21,3073.98,426.967,1910.6,-1257.09,-400.344,-1141.72,499.265,-2604.22,-1076.11,-4120.46,-2216.12,-5824.17,-626.233,4606.2,242.817,3643.23,1542.24,2193.71,656.864,865.569,271.498,-601.193,3442.11,1343.81,-669.027,-589.169,-124.323,-568.395,1995.34,2199.27,3168.19,1360.03,-1589.59,215.181,-2315.43,-552.459,2949.46,968.289,-1405.52
-250354,0,1,0,1,1,250406,-0.384764,0.00591807,1.98251,0.65987,0.194549,-1.62464,-1.32884,-0.638008,0.776036,1.76188,-0.149657,0.116447,-1.54277,-0.0636614,0.2482,-1.00728,-1.59481,-1.01706,-0.127135,0.559175,1.40119,-1.61276,1.8305,-0.0898098,-1.26576,-1.76124,1.23195,-0.269686,1.22789,-1.59845,-1.56077,0.458786,1.996,-0.185011,-1.75004,1.38731,-0.797919,-1.56933,0.936032,-1.67351,1.35279,0.444837,1.42627,-1.3104,-0.0724454,0.89088,-0.393547,0.886616,0.0264761,-0.478673,-1.03596,0.226382,0.0675763,-1.26799,0.156639,-0.0321617,0.998724,0.212245,-0.63784,-0.775643,-0.788799,1.94885,1.21166,0.828242,-0.92643,-0.62419,-1.08532,0.0134659,-0.922084,-1.04397,-1.82062,-0.720654,-1.94471,-0.376988,1.76676,-0.594025,1.17955,0.313105,1.16384,0.0323358,0.112372,0.276904,0.173359,1.84303,0.871915,-1.30925,-0.819472,-0.271119,0.144731,1.18899,1.07535,1.68402,1.67163,-0.91779,-0.253471,-1.68299,-0.374937,1.42931,0.855572,-1.19532,0.9872,0.952809,1.03264,-1.0817,0.373288,0.298632,-0.223833,-0.760251,0.0857851,-1.35727,-0.572372,1.85988,0.88856,-1.56521,-0.122029,1.03628,0.326514,1.92497,0.439669,0.926231,-0.838477,-0.428961,-1.01967,-1.08023,0.811507,-0.407322,-0.986609,2.1546,0.633024,0.914368,-2.81985,0.378221,-0.885524,-1.12381,-3.59621,-0.767933,-0.28077,-0.00581755,0.268132,0.608311,1.05976,-1.19812,0.0864566,-1.59395,0.543639,-0.486483,0.789931,-0.108271,-0.631552,-0.384258,1.72675,-0.649328,-0.903085,-0.799866,-0.973633,0.100714,-0.256552,-0.0879104,1.06582,0.103243,-0.074938,-0.491031,0.354545,-0.290286,-0.54177,0.183305,0.893503,0.874659,0.692955,-1.41355,-0.111694,1.51976,0.552908,0.248689,-0.877966,2.1386,0.712232,-0.560111,0.470503,-1.58679,0.44334,2.68449,-0.17279,-0.528201,1.18874,0.30508,1.00923,-0.0458399,1.08438,-0.346286,-1.03064,-1.13147,0.112565,-0.428875,0.371641,0.235078,0.950032,1.58475,0.547448,0.0252818,-547.184,-508.299,2761.5,815.011,520.894,-1882.04,-2005.36,-819.359,713.376,4167.89,684.524,-60.5022,-3825.74,-379.508,89.5438,-786.665,-2764.26,-1893.05,-1138.15,1330.48,3721.9,-4549.31,2287.66,267.703,-2638.59,-2872.07,3581.78,-691.08,1559.76,-2665.15,-3407.54,531.827,2745.55,-223.138,-3512.96,4957.76,-1430.38,-3610.6,1490.59,-2808.39,2647.86,134.514,1058.66,-2025.01,485.435,3088.29,-408.039,1755.96,-843.537,223.64,-979.537,157.066,-382.401,-1592.82,146.539,630.355,1663.4,390.568,-1767.98,-422.267,-1066.21,3073.98,426.967,1910.6,-1257.09,-400.344,-1141.72,499.265,-2604.22,-1076.11,-4120.46,-2216.12,-5824.17,-626.233,4606.2,242.817,3643.23,1542.24,2193.71,656.864,865.569,271.498,-601.193,3442.11,1343.81,-669.027,-589.169,-124.323,-568.395,1995.34,2199.27,3168.19,1360.03,-1589.59,215.181,-2315.43,-552.459,2949.46,968.289,-1405.52
-250354,0,1,0,1,1,250390,-0.384764,0.00591807,1.98251,0.65987,0.194549,-1.62464,-1.32884,-0.638008,0.776036,1.76188,-0.149657,0.116447,-1.54277,-0.0636614,0.2482,-1.00728,-1.59481,-1.01706,-0.127135,0.559175,1.40119,-1.61276,1.8305,-0.0898098,-1.26576,-1.76124,1.23195,-0.269686,1.22789,-1.59845,-1.56077,0.458786,1.996,-0.185011,-1.75004,1.38731,-0.797919,-1.56933,0.936032,-1.67351,1.35279,0.444837,1.42627,-1.3104,-0.0724454,0.89088,-0.393547,0.886616,0.0264761,-0.478673,-1.03596,0.226382,0.0675763,-1.26799,0.156639,-0.0321617,0.998724,0.212245,-0.63784,-0.775643,-0.788799,1.94885,1.21166,0.828242,-0.92643,-0.62419,-1.08532,0.0134659,-0.922084,-1.04397,-1.82062,-0.720654,-1.94471,-0.376988,1.76676,-0.594025,1.17955,0.313105,1.16384,0.0323358,0.112372,0.276904,0.173359,1.84303,0.871915,-1.30925,-0.819472,-0.271119,0.144731,1.18899,1.07535,1.68402,1.67163,-0.91779,-0.253471,-1.68299,-0.374937,1.42931,0.855572,-1.19532,0.554106,0.0260732,1.21515,-0.387803,-1.9435,-0.474035,1.57629,-1.11753,-0.420616,1.41416,0.115703,-0.617208,0.831347,0.856363,0.976089,-0.340919,-0.913215,-0.135161,-0.264489,-0.723918,-0.14967,0.885394,0.796526,-0.620153,-0.632563,-1.09175,-0.835522,-1.34917,0.336383,1.65408,1.52207,1.4195,0.0268617,0.677969,-0.67625,-0.514256,0.253164,0.114398,0.933191,-0.225619,-0.2669,-1.55916,0.336235,-0.0790487,0.633086,0.608494,0.278729,0.644245,-0.571086,-0.159966,0.884687,-0.28687,0.0989432,-1.76096,0.611269,-0.96799,0.583965,0.553162,-0.516401,0.804337,-0.696279,0.0783244,0.741297,-1.01649,-0.120982,0.197045,0.468426,1.00042,0.214174,1.2021,-0.915752,-0.784024,0.27664,0.17553,1.62711,-0.95424,0.837924,0.0953271,-2.0614,-0.553458,0.678836,0.347589,0.0846136,-0.288367,-0.348113,-1.70622,1.13948,0.575918,0.324016,0.963739,-0.040813,-0.450171,-0.808058,-1.02206,0.441336,0.714679,0.15919,-0.121921,1.55655,-1.77926,-547.184,-508.299,2761.5,815.011,520.894,-1882.04,-2005.36,-819.359,713.376,4167.89,684.524,-60.5022,-3825.74,-379.508,89.5438,-786.665,-2764.26,-1893.05,-1138.15,1330.48,3721.9,-4549.31,2287.66,267.703,-2638.59,-2872.07,3581.78,-691.08,1559.76,-2665.15,-3407.54,531.827,2745.55,-223.138,-3512.96,4957.76,-1430.38,-3610.6,1490.59,-2808.39,2647.86,134.514,1058.66,-2025.01,485.435,3088.29,-408.039,1755.96,-843.537,223.64,-979.537,157.066,-382.401,-1592.82,146.539,630.355,1663.4,390.568,-1767.98,-422.267,-1066.21,3073.98,426.967,1910.6,-1257.09,-400.344,-1141.72,499.265,-2604.22,-1076.11,-4120.46,-2216.12,-5824.17,-626.233,4606.2,242.817,3643.23,1542.24,2193.71,656.864,865.569,271.498,-601.193,3442.11,1343.81,-669.027,-589.169,-124.323,-568.395,1995.34,2199.27,3168.19,1360.03,-1589.59,215.181,-2315.43,-552.459,2949.46,968.289,-1405.52
-250354,0,1,0,1,1,250409,-0.384764,0.00591807,1.98251,0.65987,0.194549,-1.62464,-1.32884,-0.638008,0.776036,1.76188,-0.149657,0.116447,-1.54277,-0.0636614,0.2482,-1.00728,-1.59481,-1.01706,-0.127135,0.559175,1.40119,-1.61276,1.8305,-0.0898098,-1.26576,-1.76124,1.23195,-0.269686,1.22789,-1.59845,-1.56077,0.458786,1.996,-0.185011,-1.75004,1.38731,-0.797919,-1.56933,0.936032,-1.67351,1.35279,0.444837,1.42627,-1.3104,-0.0724454,0.89088,-0.393547,0.886616,0.0264761,-0.478673,-1.03596,0.226382,0.0675763,-1.26799,0.156639,-0.0321617,0.998724,0.212245,-0.63784,-0.775643,-0.788799,1.94885,1.21166,0.828242,-0.92643,-0.62419,-1.08532,0.0134659,-0.922084,-1.04397,-1.82062,-0.720654,-1.94471,-0.376988,1.76676,-0.594025,1.17955,0.313105,1.16384,0.0323358,0.112372,0.276904,0.173359,1.84303,0.871915,-1.30925,-0.819472,-0.271119,0.144731,1.18899,1.07535,1.68402,1.67163,-0.91779,-0.253471,-1.68299,-0.374937,1.42931,0.855572,-1.19532,0.0277064,-1.23143,0.466409,-0.437703,0.00824046,-0.734398,-0.258191,-0.450142,0.297734,0.505896,1.54793,0.121042,-0.809088,-0.821178,1.6897,-0.87233,-2.66563,0.759535,0.194911,-0.227394,-2.14408,-0.849192,1.61388,-1.59274,0.608056,0.21537,-1.96382,-0.0624355,1.95199,1.15912,-0.0319224,0.853249,0.701173,0.625973,-0.171896,0.600244,0.679864,-0.56866,0.0810957,-0.282807,0.0296838,-1.00741,1.19154,-0.415627,-1.07671,-0.551963,-1.08984,0.447776,-0.351936,0.425966,-0.439319,-2.44107,-0.188475,1.46939,-0.624253,0.54871,-0.0996367,-0.134061,-1.89835,-0.149243,0.268455,2.11423,-0.702288,2.08029,-0.879798,-1.42816,1.3134,-0.0942248,0.242521,0.474,0.166914,1.11592,1.6562,1.10523,-0.391364,-0.345964,-1.2414,-0.186252,0.0619527,-1.23181,-1.41979,1.20378,2.46829,-0.405211,0.353667,-0.975148,1.01045,0.560475,-0.155652,-2.66948,1.87405,-1.31401,0.565103,-0.253454,0.479026,-0.555453,-0.850168,-0.868854,-0.429737,-0.0844664,-547.184,-508.299,2761.5,815.011,520.894,-1882.04,-2005.36,-819.359,713.376,4167.89,684.524,-60.5022,-3825.74,-379.508,89.5438,-786.665,-2764.26,-1893.05,-1138.15,1330.48,3721.9,-4549.31,2287.66,267.703,-2638.59,-2872.07,3581.78,-691.08,1559.76,-2665.15,-3407.54,531.827,2745.55,-223.138,-3512.96,4957.76,-1430.38,-3610.6,1490.59,-2808.39,2647.86,134.514,1058.66,-2025.01,485.435,3088.29,-408.039,1755.96,-843.537,223.64,-979.537,157.066,-382.401,-1592.82,146.539,630.355,1663.4,390.568,-1767.98,-422.267,-1066.21,3073.98,426.967,1910.6,-1257.09,-400.344,-1141.72,499.265,-2604.22,-1076.11,-4120.46,-2216.12,-5824.17,-626.233,4606.2,242.817,3643.23,1542.24,2193.71,656.864,865.569,271.498,-601.193,3442.11,1343.81,-669.027,-589.169,-124.323,-568.395,1995.34,2199.27,3168.19,1360.03,-1589.59,215.181,-2315.43,-552.459,2949.46,968.289,-1405.52
-250354,0,1,0,1,1,250406,-0.384764,0.00591807,1.98251,0.65987,0.194549,-1.62464,-1.32884,-0.638008,0.776036,1.76188,-0.149657,0.116447,-1.54277,-0.0636614,0.2482,-1.00728,-1.59481,-1.01706,-0.127135,0.559175,1.40119,-1.61276,1.8305,-0.0898098,-1.26576,-1.76124,1.23195,-0.269686,1.22789,-1.59845,-1.56077,0.458786,1.996,-0.185011,-1.75004,1.38731,-0.797919,-1.56933,0.936032,-1.67351,1.35279,0.444837,1.42627,-1.3104,-0.0724454,0.89088,-0.393547,0.886616,0.0264761,-0.478673,-1.03596,0.226382,0.0675763,-1.26799,0.156639,-0.0321617,0.998724,0.212245,-0.63784,-0.775643,-0.788799,1.94885,1.21166,0.828242,-0.92643,-0.62419,-1.08532,0.0134659,-0.922084,-1.04397,-1.82062,-0.720654,-1.94471,-0.376988,1.76676,-0.594025,1.17955,0.313105,1.16384,0.0323358,0.112372,0.276904,0.173359,1.84303,0.871915,-1.30925,-0.819472,-0.271119,0.144731,1.18899,1.07535,1.68402,1.67163,-0.91779,-0.253471,-1.68299,-0.374937,1.42931,0.855572,-1.19532,-0.155314,0.63232,1.47205,0.890963,1.52455,0.692759,-0.426044,-0.610156,-0.390366,0.466551,-0.589024,-0.396483,0.4745,-0.389103,0.331737,-1.32073,0.26955,1.64136,0.771448,-0.769649,-0.606149,-0.430853,-0.298834,0.0789262,1.10922,-1.62216,0.250242,0.0892626,-0.37487,-1.3472,-0.202062,0.700595,0.297414,-2.4612,0.816957,0.167092,-0.975803,-0.661461,0.00476433,-0.822952,0.0897183,-0.304222,-1.77502,0.862805,-1.02729,-0.621334,-1.01618,1.02468,-1.83567,0.0228906,1.03964,1.70114,0.939844,0.767782,0.351857,2.02979,-0.991713,0.933806,0.848017,-0.74602,0.00578543,1.39356,-0.990574,-0.422593,1.49499,-0.0895653,-0.0155615,3.20349,-0.0548531,0.469782,-0.370877,-0.616463,0.263635,-0.575382,0.825135,0.481719,-0.58555,-0.863191,-0.312997,-0.907574,-1.60752,1.79091,1.02539,-0.489164,-1.3836,-0.929661,-0.217867,-0.724146,1.35285,-0.055725,1.768,1.4111,-0.251646,0.547274,-2.41694,-1.05266,-0.970219,-0.0461969,0.984273,1.94409,-547.184,-508.299,2761.5,815.011,520.894,-1882.04,-2005.36,-819.359,713.376,4167.89,684.524,-60.5022,-3825.74,-379.508,89.5438,-786.665,-2764.26,-1893.05,-1138.15,1330.48,3721.9,-4549.31,2287.66,267.703,-2638.59,-2872.07,3581.78,-691.08,1559.76,-2665.15,-3407.54,531.827,2745.55,-223.138,-3512.96,4957.76,-1430.38,-3610.6,1490.59,-2808.39,2647.86,134.514,1058.66,-2025.01,485.435,3088.29,-408.039,1755.96,-843.537,223.64,-979.537,157.066,-382.401,-1592.82,146.539,630.355,1663.4,390.568,-1767.98,-422.267,-1066.21,3073.98,426.967,1910.6,-1257.09,-400.344,-1141.72,499.265,-2604.22,-1076.11,-4120.46,-2216.12,-5824.17,-626.233,4606.2,242.817,3643.23,1542.24,2193.71,656.864,865.569,271.498,-601.193,3442.11,1343.81,-669.027,-589.169,-124.323,-568.395,1995.34,2199.27,3168.19,1360.03,-1589.59,215.181,-2315.43,-552.459,2949.46,968.289,-1405.52
-250354,0,1,0,1,1,250406,-0.384764,0.00591807,1.98251,0.65987,0.194549,-1.62464,-1.32884,-0.638008,0.776036,1.76188,-0.149657,0.116447,-1.54277,-0.0636614,0.2482,-1.00728,-1.59481,-1.01706,-0.127135,0.559175,1.40119,-1.61276,1.8305,-0.0898098,-1.26576,-1.76124,1.23195,-0.269686,1.22789,-1.59845,-1.56077,0.458786,1.996,-0.185011,-1.75004,1.38731,-0.797919,-1.56933,0.936032,-1.67351,1.35279,0.444837,1.42627,-1.3104,-0.0724454,0.89088,-0.393547,0.886616,0.0264761,-0.478673,-1.03596,0.226382,0.0675763,-1.26799,0.156639,-0.0321617,0.998724,0.212245,-0.63784,-0.775643,-0.788799,1.94885,1.21166,0.828242,-0.92643,-0.62419,-1.08532,0.0134659,-0.922084,-1.04397,-1.82062,-0.720654,-1.94471,-0.376988,1.76676,-0.594025,1.17955,0.313105,1.16384,0.0323358,0.112372,0.276904,0.173359,1.84303,0.871915,-1.30925,-0.819472,-0.271119,0.144731,1.18899,1.07535,1.68402,1.67163,-0.91779,-0.253471,-1.68299,-0.374937,1.42931,0.855572,-1.19532,0.83181,-1.17297,-1.45105,0.868069,-0.195517,0.515393,-0.904517,0.730011,-2.09783,-0.654329,-1.17745,0.617884,-1.26774,-1.0169,-0.506012,-1.55472,1.41537,1.70572,0.281704,-1.75813,0.886313,-0.50872,-1.71698,0.607533,0.634388,-0.452247,-0.332678,0.226742,0.912208,-1.80153,-0.925916,0.0458756,-1.08449,1.11899,0.171428,-0.773019,0.919631,-0.20904,0.482758,1.18086,-0.185404,-0.14141,-1.30005,0.567418,0.0187355,-0.835396,1.39961,-0.440176,1.21073,-0.315667,0.439052,-0.123211,-1.87285,0.855269,-0.251051,-0.102969,0.275551,-0.523595,-0.947135,0.313542,0.258414,-0.889092,-0.283064,-1.24841,0.124479,0.780725,-1.08148,-0.172842,1.66319,0.898582,0.961026,2.17212,1.22548,-0.53907,1.01033,0.462737,-1.25484,-0.172406,0.289171,-1.08195,0.566523,0.602035,0.0149902,-0.114569,2.44459,-2.1038,0.12507,-0.962635,0.967517,-0.301728,2.35884,1.36424,-1.33066,0.455383,-1.1139,1.27965,1.76469,0.585566,0.120367,-0.130244,-547.184,-508.299,2761.5,815.011,520.894,-1882.04,-2005.36,-819.359,713.376,4167.89,684.524,-60.5022,-3825.74,-379.508,89.5438,-786.665,-2764.26,-1893.05,-1138.15,1330.48,3721.9,-4549.31,2287.66,267.703,-2638.59,-2872.07,3581.78,-691.08,1559.76,-2665.15,-3407.54,531.827,2745.55,-223.138,-3512.96,4957.76,-1430.38,-3610.6,1490.59,-2808.39,2647.86,134.514,1058.66,-2025.01,485.435,3088.29,-408.039,1755.96,-843.537,223.64,-979.537,157.066,-382.401,-1592.82,146.539,630.355,1663.4,390.568,-1767.98,-422.267,-1066.21,3073.98,426.967,1910.6,-1257.09,-400.344,-1141.72,499.265,-2604.22,-1076.11,-4120.46,-2216.12,-5824.17,-626.233,4606.2,242.817,3643.23,1542.24,2193.71,656.864,865.569,271.498,-601.193,3442.11,1343.81,-669.027,-589.169,-124.323,-568.395,1995.34,2199.27,3168.19,1360.03,-1589.59,215.181,-2315.43,-552.459,2949.46,968.289,-1405.52
-250354,0,1,0,1,1,250407,-0.384764,0.00591807,1.98251,0.65987,0.194549,-1.62464,-1.32884,-0.638008,0.776036,1.76188,-0.149657,0.116447,-1.54277,-0.0636614,0.2482,-1.00728,-1.59481,-1.01706,-0.127135,0.559175,1.40119,-1.61276,1.8305,-0.0898098,-1.26576,-1.76124,1.23195,-0.269686,1.22789,-1.59845,-1.56077,0.458786,1.996,-0.185011,-1.75004,1.38731,-0.797919,-1.56933,0.936032,-1.67351,1.35279,0.444837,1.42627,-1.3104,-0.0724454,0.89088,-0.393547,0.886616,0.0264761,-0.478673,-1.03596,0.226382,0.0675763,-1.26799,0.156639,-0.0321617,0.998724,0.212245,-0.63784,-0.775643,-0.788799,1.94885,1.21166,0.828242,-0.92643,-0.62419,-1.08532,0.0134659,-0.922084,-1.04397,-1.82062,-0.720654,-1.94471,-0.376988,1.76676,-0.594025,1.17955,0.313105,1.16384,0.0323358,0.112372,0.276904,0.173359,1.84303,0.871915,-1.30925,-0.819472,-0.271119,0.144731,1.18899,1.07535,1.68402,1.67163,-0.91779,-0.253471,-1.68299,-0.374937,1.42931,0.855572,-1.19532,0.0576155,-1.6584,0.229317,1.62344,1.43282,-1.44457,-1.10445,-1.56474,-0.78402,-0.535094,-1.05335,1.19094,-0.970773,-1.31865,0.696034,0.0332808,0.134753,1.67391,0.318472,1.78561,0.123509,0.626798,-0.416257,0.0531699,0.209017,-1.08808,1.13566,-0.21758,-2.12326,-2.08606,-1.1516,0.617933,-1.23309,-1.19402,0.532083,1.60192,0.210763,-0.0601213,2.17117,0.219084,0.0371397,0.665506,-0.174805,-1.1971,-0.496038,-1.21057,1.52688,1.46986,0.971777,0.868611,-0.446094,-1.0439,1.20082,0.250317,-2.70742,1.32849,0.273814,-0.0905288,-1.52742,-0.825009,-0.529583,-1.62999,0.127025,3.06158,0.450759,-0.713232,0.410645,0.482049,0.694837,0.370739,-0.528788,-1.32532,-0.4056,0.294111,0.811032,0.146707,-0.299398,-0.19383,-0.354987,-0.0588444,-0.204946,-0.586327,0.605607,-0.66543,-0.0180838,0.204716,-0.348446,0.454492,0.55143,-0.0328201,-1.52006,0.808087,-1.10541,0.828511,0.115538,-1.43846,1.22463,0.566691,0.529574,-1.65926,-547.184,-508.299,2761.5,815.011,520.894,-1882.04,-2005.36,-819.359,713.376,4167.89,684.524,-60.5022,-3825.74,-379.508,89.5438,-786.665,-2764.26,-1893.05,-1138.15,1330.48,3721.9,-4549.31,2287.66,267.703,-2638.59,-2872.07,3581.78,-691.08,1559.76,-2665.15,-3407.54,531.827,2745.55,-223.138,-3512.96,4957.76,-1430.38,-3610.6,1490.59,-2808.39,2647.86,134.514,1058.66,-2025.01,485.435,3088.29,-408.039,1755.96,-843.537,223.64,-979.537,157.066,-382.401,-1592.82,146.539,630.355,1663.4,390.568,-1767.98,-422.267,-1066.21,3073.98,426.967,1910.6,-1257.09,-400.344,-1141.72,499.265,-2604.22,-1076.11,-4120.46,-2216.12,-5824.17,-626.233,4606.2,242.817,3643.23,1542.24,2193.71,656.864,865.569,271.498,-601.193,3442.11,1343.81,-669.027,-589.169,-124.323,-568.395,1995.34,2199.27,3168.19,1360.03,-1589.59,215.181,-2315.43,-552.459,2949.46,968.289,-1405.52
-250354,0,1,0,1,1,250393,-0.384764,0.00591807,1.98251,0.65987,0.194549,-1.62464,-1.32884,-0.638008,0.776036,1.76188,-0.149657,0.116447,-1.54277,-0.0636614,0.2482,-1.00728,-1.59481,-1.01706,-0.127135,0.559175,1.40119,-1.61276,1.8305,-0.0898098,-1.26576,-1.76124,1.23195,-0.269686,1.22789,-1.59845,-1.56077,0.458786,1.996,-0.185011,-1.75004,1.38731,-0.797919,-1.56933,0.936032,-1.67351,1.35279,0.444837,1.42627,-1.3104,-0.0724454,0.89088,-0.393547,0.886616,0.0264761,-0.478673,-1.03596,0.226382,0.0675763,-1.26799,0.156639,-0.0321617,0.998724,0.212245,-0.63784,-0.775643,-0.788799,1.94885,1.21166,0.828242,-0.92643,-0.62419,-1.08532,0.0134659,-0.922084,-1.04397,-1.82062,-0.720654,-1.94471,-0.376988,1.76676,-0.594025,1.17955,0.313105,1.16384,0.0323358,0.112372,0.276904,0.173359,1.84303,0.871915,-1.30925,-0.819472,-0.271119,0.144731,1.18899,1.07535,1.68402,1.67163,-0.91779,-0.253471,-1.68299,-0.374937,1.42931,0.855572,-1.19532,0.55458,1.2697,-0.43741,0.159919,-0.830034,0.979648,0.11495,0.860485,0.778162,-0.800817,-0.519493,-0.827933,2.63537,-1.58148,-1.5429,-0.632239,-0.920292,-0.949198,-0.0993366,1.42774,1.00922,-0.89022,-1.86001,0.057845,-0.821205,-0.475139,-1.06983,0.022455,-0.121222,-0.23909,0.12318,-1.9614,-0.902013,-1.71052,-0.578242,0.784116,-2.07654,0.616588,0.383629,-0.350787,-0.949768,-0.125,2.07612,0.288439,-0.310956,-0.550691,0.0718687,-0.237185,-0.184459,-0.6194,-0.416794,-0.10222,-0.743546,0.991718,-0.457607,0.208977,0.83007,0.980613,-0.719599,-0.235289,0.215843,-0.212397,-0.876541,-0.430424,-0.556299,0.868264,-0.90531,0.0316193,0.0709925,1.02741,1.59689,-0.736841,-0.991587,-0.413757,1.6871,0.594964,-0.201552,-1.03613,-0.689433,1.078,-1.43931,-0.0639716,0.369024,0.851263,0.469614,0.166825,-0.657863,-0.31423,0.317439,0.455534,1.10148,1.54089,-0.354746,0.342021,-0.828414,-0.289479,0.336225,0.478355,0.318902,0.526947,-547.184,-508.299,2761.5,815.011,520.894,-1882.04,-2005.36,-819.359,713.376,4167.89,684.524,-60.5022,-3825.74,-379.508,89.5438,-786.665,-2764.26,-1893.05,-1138.15,1330.48,3721.9,-4549.31,2287.66,267.703,-2638.59,-2872.07,3581.78,-691.08,1559.76,-2665.15,-3407.54,531.827,2745.55,-223.138,-3512.96,4957.76,-1430.38,-3610.6,1490.59,-2808.39,2647.86,134.514,1058.66,-2025.01,485.435,3088.29,-408.039,1755.96,-843.537,223.64,-979.537,157.066,-382.401,-1592.82,146.539,630.355,1663.4,390.568,-1767.98,-422.267,-1066.21,3073.98,426.967,1910.6,-1257.09,-400.344,-1141.72,499.265,-2604.22,-1076.11,-4120.46,-2216.12,-5824.17,-626.233,4606.2,242.817,3643.23,1542.24,2193.71,656.864,865.569,271.498,-601.193,3442.11,1343.81,-669.027,-589.169,-124.323,-568.395,1995.34,2199.27,3168.19,1360.03,-1589.59,215.181,-2315.43,-552.459,2949.46,968.289,-1405.52
-250354,0,1,0,1,1,250411,-0.384764,0.00591807,1.98251,0.65987,0.194549,-1.62464,-1.32884,-0.638008,0.776036,1.76188,-0.149657,0.116447,-1.54277,-0.0636614,0.2482,-1.00728,-1.59481,-1.01706,-0.127135,0.559175,1.40119,-1.61276,1.8305,-0.0898098,-1.26576,-1.76124,1.23195,-0.269686,1.22789,-1.59845,-1.56077,0.458786,1.996,-0.185011,-1.75004,1.38731,-0.797919,-1.56933,0.936032,-1.67351,1.35279,0.444837,1.42627,-1.3104,-0.0724454,0.89088,-0.393547,0.886616,0.0264761,-0.478673,-1.03596,0.226382,0.0675763,-1.26799,0.156639,-0.0321617,0.998724,0.212245,-0.63784,-0.775643,-0.788799,1.94885,1.21166,0.828242,-0.92643,-0.62419,-1.08532,0.0134659,-0.922084,-1.04397,-1.82062,-0.720654,-1.94471,-0.376988,1.76676,-0.594025,1.17955,0.313105,1.16384,0.0323358,0.112372,0.276904,0.173359,1.84303,0.871915,-1.30925,-0.819472,-0.271119,0.144731,1.18899,1.07535,1.68402,1.67163,-0.91779,-0.253471,-1.68299,-0.374937,1.42931,0.855572,-1.19532,0.769022,0.140731,-0.386547,0.361478,1.62891,-1.14902,0.975519,-1.51155,-0.678092,0.86114,-1.17335,-1.81238,-0.0301528,-0.59148,0.925175,-1.96543,2.12558,0.341655,2.0217,-2.12809,2.19232,0.26438,0.512424,-0.131269,1.11867,-0.161168,-0.65061,0.112377,0.743621,0.0938496,1.20522,-0.765086,4.15128,0.133739,0.60938,0.0266299,0.0175501,-0.531329,-0.459193,-0.0760698,-0.436727,0.800828,-1.54827,0.778635,1.26253,-0.0645141,-0.748771,-0.471246,0.761488,0.225394,-1.39978,0.0403935,0.693342,1.42878,-0.508747,0.0397236,0.995084,0.041788,2.13633,-0.0988563,-2.44649,0.920076,-0.0980225,1.36865,-0.446438,2.25691,0.724303,-1.061,0.624731,1.1406,-0.751321,-0.455211,0.106376,-0.546691,0.719815,2.27439,0.785486,-0.445256,-0.219765,-0.0486323,0.452853,0.679531,0.474282,0.789488,0.414847,0.340804,-0.168834,-0.101372,-0.652,-2.09218,0.136904,1.6493,0.250981,-0.181384,0.0659388,0.432319,0.504214,0.0909877,-0.555327,-0.966602,-547.184,-508.299,2761.5,815.011,520.894,-1882.04,-2005.36,-819.359,713.376,4167.89,684.524,-60.5022,-3825.74,-379.508,89.5438,-786.665,-2764.26,-1893.05,-1138.15,1330.48,3721.9,-4549.31,2287.66,267.703,-2638.59,-2872.07,3581.78,-691.08,1559.76,-2665.15,-3407.54,531.827,2745.55,-223.138,-3512.96,4957.76,-1430.38,-3610.6,1490.59,-2808.39,2647.86,134.514,1058.66,-2025.01,485.435,3088.29,-408.039,1755.96,-843.537,223.64,-979.537,157.066,-382.401,-1592.82,146.539,630.355,1663.4,390.568,-1767.98,-422.267,-1066.21,3073.98,426.967,1910.6,-1257.09,-400.344,-1141.72,499.265,-2604.22,-1076.11,-4120.46,-2216.12,-5824.17,-626.233,4606.2,242.817,3643.23,1542.24,2193.71,656.864,865.569,271.498,-601.193,3442.11,1343.81,-669.027,-589.169,-124.323,-568.395,1995.34,2199.27,3168.19,1360.03,-1589.59,215.181,-2315.43,-552.459,2949.46,968.289,-1405.52
-250354,0,1,0,1,1,250401,-0.384764,0.00591807,1.98251,0.65987,0.194549,-1.62464,-1.32884,-0.638008,0.776036,1.76188,-0.149657,0.116447,-1.54277,-0.0636614,0.2482,-1.00728,-1.59481,-1.01706,-0.127135,0.559175,1.40119,-1.61276,1.8305,-0.0898098,-1.26576,-1.76124,1.23195,-0.269686,1.22789,-1.59845,-1.56077,0.458786,1.996,-0.185011,-1.75004,1.38731,-0.797919,-1.56933,0.936032,-1.67351,1.35279,0.444837,1.42627,-1.3104,-0.0724454,0.89088,-0.393547,0.886616,0.0264761,-0.478673,-1.03596,0.226382,0.0675763,-1.26799,0.156639,-0.0321617,0.998724,0.212245,-0.63784,-0.775643,-0.788799,1.94885,1.21166,0.828242,-0.92643,-0.62419,-1.08532,0.0134659,-0.922084,-1.04397,-1.82062,-0.720654,-1.94471,-0.376988,1.76676,-0.594025,1.17955,0.313105,1.16384,0.0323358,0.112372,0.276904,0.173359,1.84303,0.871915,-1.30925,-0.819472,-0.271119,0.144731,1.18899,1.07535,1.68402,1.67163,-0.91779,-0.253471,-1.68299,-0.374937,1.42931,0.855572,-1.19532,0.53391,0.0910717,0.987235,1.75489,-0.166862,-0.491692,1.10203,-0.311713,0.243243,2.24542,1.33714,1.28891,0.290473,0.150797,-0.0115209,0.63618,-0.511777,-0.991006,0.425697,0.0325186,-0.367185,-0.0621738,1.50221,0.692113,-0.925987,-0.912328,0.747388,0.370417,-0.574482,0.327958,-0.349468,0.147677,-0.391869,0.106692,-0.420796,0.464123,-0.662293,-0.272153,-0.319256,0.406605,1.14202,-1.31515,1.74793,-1.55475,0.267078,1.05232,0.301342,1.72522,0.0758146,-0.187265,0.218016,-0.116223,-2.37737,-1.75936,-0.270566,1.41122,0.369352,-0.332088,0.418644,0.147001,-3.24393,-1.77302,0.973644,-0.130517,-1.02696,-0.371291,-0.834224,0.963609,-0.949822,0.526055,-0.47637,-0.346415,-0.68633,-0.4783,-1.03922,-0.00871886,0.181273,1.93826,1.37798,-0.0447182,0.961837,0.1455,-1.38481,-0.255928,0.0847827,-0.864399,0.71276,0.956768,1.95682,-0.433992,-1.63283,-1.08422,0.504247,0.558693,-0.642411,-0.904524,-1.60551,0.618519,-1.00837,-0.973369,-547.184,-508.299,2761.5,815.011,520.894,-1882.04,-2005.36,-819.359,713.376,4167.89,684.524,-60.5022,-3825.74,-379.508,89.5438,-786.665,-2764.26,-1893.05,-1138.15,1330.48,3721.9,-4549.31,2287.66,267.703,-2638.59,-2872.07,3581.78,-691.08,1559.76,-2665.15,-3407.54,531.827,2745.55,-223.138,-3512.96,4957.76,-1430.38,-3610.6,1490.59,-2808.39,2647.86,134.514,1058.66,-2025.01,485.435,3088.29,-408.039,1755.96,-843.537,223.64,-979.537,157.066,-382.401,-1592.82,146.539,630.355,1663.4,390.568,-1767.98,-422.267,-1066.21,3073.98,426.967,1910.6,-1257.09,-400.344,-1141.72,499.265,-2604.22,-1076.11,-4120.46,-2216.12,-5824.17,-626.233,4606.2,242.817,3643.23,1542.24,2193.71,656.864,865.569,271.498,-601.193,3442.11,1343.81,-669.027,-589.169,-124.323,-568.395,1995.34,2199.27,3168.19,1360.03,-1589.59,215.181,-2315.43,-552.459,2949.46,968.289,-1405.52
-250354,0,1,0,1,1,250399,-0.384764,0.00591807,1.98251,0.65987,0.194549,-1.62464,-1.32884,-0.638008,0.776036,1.76188,-0.149657,0.116447,-1.54277,-0.0636614,0.2482,-1.00728,-1.59481,-1.01706,-0.127135,0.559175,1.40119,-1.61276,1.8305,-0.0898098,-1.26576,-1.76124,1.23195,-0.269686,1.22789,-1.59845,-1.56077,0.458786,1.996,-0.185011,-1.75004,1.38731,-0.797919,-1.56933,0.936032,-1.67351,1.35279,0.444837,1.42627,-1.3104,-0.0724454,0.89088,-0.393547,0.886616,0.0264761,-0.478673,-1.03596,0.226382,0.0675763,-1.26799,0.156639,-0.0321617,0.998724,0.212245,-0.63784,-0.775643,-0.788799,1.94885,1.21166,0.828242,-0.92643,-0.62419,-1.08532,0.0134659,-0.922084,-1.04397,-1.82062,-0.720654,-1.94471,-0.376988,1.76676,-0.594025,1.17955,0.313105,1.16384,0.0323358,0.112372,0.276904,0.173359,1.84303,0.871915,-1.30925,-0.819472,-0.271119,0.144731,1.18899,1.07535,1.68402,1.67163,-0.91779,-0.253471,-1.68299,-0.374937,1.42931,0.855572,-1.19532,-0.49194,1.62814,0.87656,-0.872184,0.191914,-0.850165,-0.0152201,-1.19625,-0.017777,0.404482,0.00421724,0.435309,-0.831834,-0.612534,-1.24438,0.22055,0.375996,1.24776,-1.69921,0.519916,-1.19501,1.00581,0.593241,0.249985,-1.18211,1.65148,-0.0611475,0.861686,0.883032,-0.0194022,-0.068908,-0.002537,-0.849598,-0.516867,0.42526,0.076869,-0.166836,0.122867,0.693163,-0.13258,-0.182653,-1.35143,0.724185,-0.522927,0.446165,-0.858683,-0.228701,0.238537,0.930898,0.685999,0.0817947,-0.781139,-2.59937,0.186135,0.356686,0.416225,0.262547,1.46475,0.426799,-0.196193,-0.835609,-1.30201,-3.22025,0.750018,-0.069056,0.215825,-1.01285,1.49887,1.19212,-1.23886,-0.200242,0.699174,0.0754724,1.33834,-1.31209,-0.0948413,0.625674,-0.380119,0.79853,-0.607923,-1.53747,1.54291,0.8891,1.74488,-1.86544,1.15612,0.369769,0.140518,0.67766,0.736541,0.372717,-1.18587,-0.339504,1.93279,-0.972607,-1.19052,-0.734153,0.420332,0.432558,-0.899411,-547.184,-508.299,2761.5,815.011,520.894,-1882.04,-2005.36,-819.359,713.376,4167.89,684.524,-60.5022,-3825.74,-379.508,89.5438,-786.665,-2764.26,-1893.05,-1138.15,1330.48,3721.9,-4549.31,2287.66,267.703,-2638.59,-2872.07,3581.78,-691.08,1559.76,-2665.15,-3407.54,531.827,2745.55,-223.138,-3512.96,4957.76,-1430.38,-3610.6,1490.59,-2808.39,2647.86,134.514,1058.66,-2025.01,485.435,3088.29,-408.039,1755.96,-843.537,223.64,-979.537,157.066,-382.401,-1592.82,146.539,630.355,1663.4,390.568,-1767.98,-422.267,-1066.21,3073.98,426.967,1910.6,-1257.09,-400.344,-1141.72,499.265,-2604.22,-1076.11,-4120.46,-2216.12,-5824.17,-626.233,4606.2,242.817,3643.23,1542.24,2193.71,656.864,865.569,271.498,-601.193,3442.11,1343.81,-669.027,-589.169,-124.323,-568.395,1995.34,2199.27,3168.19,1360.03,-1589.59,215.181,-2315.43,-552.459,2949.46,968.289,-1405.52
-250354,0,1,0,1,1,250396,-0.384764,0.00591807,1.98251,0.65987,0.194549,-1.62464,-1.32884,-0.638008,0.776036,1.76188,-0.149657,0.116447,-1.54277,-0.0636614,0.2482,-1.00728,-1.59481,-1.01706,-0.127135,0.559175,1.40119,-1.61276,1.8305,-0.0898098,-1.26576,-1.76124,1.23195,-0.269686,1.22789,-1.59845,-1.56077,0.458786,1.996,-0.185011,-1.75004,1.38731,-0.797919,-1.56933,0.936032,-1.67351,1.35279,0.444837,1.42627,-1.3104,-0.0724454,0.89088,-0.393547,0.886616,0.0264761,-0.478673,-1.03596,0.226382,0.0675763,-1.26799,0.156639,-0.0321617,0.998724,0.212245,-0.63784,-0.775643,-0.788799,1.94885,1.21166,0.828242,-0.92643,-0.62419,-1.08532,0.0134659,-0.922084,-1.04397,-1.82062,-0.720654,-1.94471,-0.376988,1.76676,-0.594025,1.17955,0.313105,1.16384,0.0323358,0.112372,0.276904,0.173359,1.84303,0.871915,-1.30925,-0.819472,-0.271119,0.144731,1.18899,1.07535,1.68402,1.67163,-0.91779,-0.253471,-1.68299,-0.374937,1.42931,0.855572,-1.19532,1.8519,0.970911,0.386841,0.128009,0.467013,-1.83403,-0.836268,-1.90413,-1.81297,-0.830861,0.573312,0.0695038,-0.56323,1.97012,-1.05749,0.0895052,1.18379,-1.89477,0.210773,-1.00457,-0.455287,0.634594,0.837325,-0.315509,0.523014,0.924297,0.172459,-0.630402,0.84389,0.205282,0.381263,0.0634188,-0.950243,0.790903,-0.285691,0.219834,-1.39196,0.163458,1.2508,-0.255362,-0.481628,-0.412369,-0.942468,-1.18898,1.26706,-0.049266,1.76645,-0.332135,-0.301647,-0.595285,0.240177,-0.0825102,0.54669,0.370234,0.395572,0.0237434,-0.581082,-0.68572,0.944406,-1.54467,0.489941,2.04245,-0.0837903,1.98562,1.65296,0.400302,-0.409736,0.165565,0.321128,-0.725083,2.58793,-0.546983,-0.288145,0.228199,-0.393944,0.419714,0.457285,0.534809,0.328039,0.163248,1.66542,0.78413,0.764594,0.54653,0.229718,0.102462,-0.00341017,0.562599,0.0208223,-0.260243,-1.06661,-2.40241,0.526543,-0.265334,-0.741939,0.180798,0.80701,0.937112,0.0232455,0.751653,-547.184,-508.299,2761.5,815.011,520.894,-1882.04,-2005.36,-819.359,713.376,4167.89,684.524,-60.5022,-3825.74,-379.508,89.5438,-786.665,-2764.26,-1893.05,-1138.15,1330.48,3721.9,-4549.31,2287.66,267.703,-2638.59,-2872.07,3581.78,-691.08,1559.76,-2665.15,-3407.54,531.827,2745.55,-223.138,-3512.96,4957.76,-1430.38,-3610.6,1490.59,-2808.39,2647.86,134.514,1058.66,-2025.01,485.435,3088.29,-408.039,1755.96,-843.537,223.64,-979.537,157.066,-382.401,-1592.82,146.539,630.355,1663.4,390.568,-1767.98,-422.267,-1066.21,3073.98,426.967,1910.6,-1257.09,-400.344,-1141.72,499.265,-2604.22,-1076.11,-4120.46,-2216.12,-5824.17,-626.233,4606.2,242.817,3643.23,1542.24,2193.71,656.864,865.569,271.498,-601.193,3442.11,1343.81,-669.027,-589.169,-124.323,-568.395,1995.34,2199.27,3168.19,1360.03,-1589.59,215.181,-2315.43,-552.459,2949.46,968.289,-1405.52
-250354,0,1,0,1,1,250414,-0.384764,0.00591807,1.98251,0.65987,0.194549,-1.62464,-1.32884,-0.638008,0.776036,1.76188,-0.149657,0.116447,-1.54277,-0.0636614,0.2482,-1.00728,-1.59481,-1.01706,-0.127135,0.559175,1.40119,-1.61276,1.8305,-0.0898098,-1.26576,-1.76124,1.23195,-0.269686,1.22789,-1.59845,-1.56077,0.458786,1.996,-0.185011,-1.75004,1.38731,-0.797919,-1.56933,0.936032,-1.67351,1.35279,0.444837,1.42627,-1.3104,-0.0724454,0.89088,-0.393547,0.886616,0.0264761,-0.478673,-1.03596,0.226382,0.0675763,-1.26799,0.156639,-0.0321617,0.998724,0.212245,-0.63784,-0.775643,-0.788799,1.94885,1.21166,0.828242,-0.92643,-0.62419,-1.08532,0.0134659,-0.922084,-1.04397,-1.82062,-0.720654,-1.94471,-0.376988,1.76676,-0.594025,1.17955,0.313105,1.16384,0.0323358,0.112372,0.276904,0.173359,1.84303,0.871915,-1.30925,-0.819472,-0.271119,0.144731,1.18899,1.07535,1.68402,1.67163,-0.91779,-0.253471,-1.68299,-0.374937,1.42931,0.855572,-1.19532,-1.40128,0.308974,0.286808,-1.27428,-0.122477,2.15552,-1.28036,-1.01642,0.323449,-0.882937,0.302803,-0.0530039,-1.32788,0.117038,-0.245787,-0.240541,0.558112,-0.761404,-0.0883949,2.17817,0.57963,2.20506,0.798031,-1.0244,1.38401,0.716678,-0.678781,0.426218,1.10592,-1.1758,-1.00885,-1.49059,1.68925,-0.879895,-0.450002,2.14812,0.319996,0.131094,0.590444,-0.431214,-0.209098,-1.04404,-2.72696,-0.695412,1.2785,-1.2578,0.0988434,-0.652677,0.529752,-0.0648768,0.478477,-2.63071,-0.0301686,0.200753,1.04781,-0.997689,-0.822946,-1.22051,0.903563,-0.287487,-1.22782,1.23323,-0.162921,1.27034,3.77525,-0.408945,0.136078,-1.3857,-0.100502,-0.274488,0.474412,-0.143698,0.759634,1.07061,0.262604,1.03074,-1.2237,-0.838087,-1.69544,-0.313232,-0.0382347,0.233723,2.25701,-0.528779,-0.0977124,-1.02796,1.41692,1.39187,-1.58176,0.639015,0.168039,0.31718,-0.262313,-0.462773,0.840569,-0.121975,-0.566391,2.20686,-0.635575,0.0534595,-547.184,-508.299,2761.5,815.011,520.894,-1882.04,-2005.36,-819.359,713.376,4167.89,684.524,-60.5022,-3825.74,-379.508,89.5438,-786.665,-2764.26,-1893.05,-1138.15,1330.48,3721.9,-4549.31,2287.66,267.703,-2638.59,-2872.07,3581.78,-691.08,1559.76,-2665.15,-3407.54,531.827,2745.55,-223.138,-3512.96,4957.76,-1430.38,-3610.6,1490.59,-2808.39,2647.86,134.514,1058.66,-2025.01,485.435,3088.29,-408.039,1755.96,-843.537,223.64,-979.537,157.066,-382.401,-1592.82,146.539,630.355,1663.4,390.568,-1767.98,-422.267,-1066.21,3073.98,426.967,1910.6,-1257.09,-400.344,-1141.72,499.265,-2604.22,-1076.11,-4120.46,-2216.12,-5824.17,-626.233,4606.2,242.817,3643.23,1542.24,2193.71,656.864,865.569,271.498,-601.193,3442.11,1343.81,-669.027,-589.169,-124.323,-568.395,1995.34,2199.27,3168.19,1360.03,-1589.59,215.181,-2315.43,-552.459,2949.46,968.289,-1405.52
-250354,0,1,0,1,1,250397,-0.384764,0.00591807,1.98251,0.65987,0.194549,-1.62464,-1.32884,-0.638008,0.776036,1.76188,-0.149657,0.116447,-1.54277,-0.0636614,0.2482,-1.00728,-1.59481,-1.01706,-0.127135,0.559175,1.40119,-1.61276,1.8305,-0.0898098,-1.26576,-1.76124,1.23195,-0.269686,1.22789,-1.59845,-1.56077,0.458786,1.996,-0.185011,-1.75004,1.38731,-0.797919,-1.56933,0.936032,-1.67351,1.35279,0.444837,1.42627,-1.3104,-0.0724454,0.89088,-0.393547,0.886616,0.0264761,-0.478673,-1.03596,0.226382,0.0675763,-1.26799,0.156639,-0.0321617,0.998724,0.212245,-0.63784,-0.775643,-0.788799,1.94885,1.21166,0.828242,-0.92643,-0.62419,-1.08532,0.0134659,-0.922084,-1.04397,-1.82062,-0.720654,-1.94471,-0.376988,1.76676,-0.594025,1.17955,0.313105,1.16384,0.0323358,0.112372,0.276904,0.173359,1.84303,0.871915,-1.30925,-0.819472,-0.271119,0.144731,1.18899,1.07535,1.68402,1.67163,-0.91779,-0.253471,-1.68299,-0.374937,1.42931,0.855572,-1.19532,0.363506,-0.249275,0.641628,0.249686,-0.105182,-0.566091,-1.65377,1.03821,-0.619171,-0.331499,-0.528054,1.40595,0.986697,0.777063,0.253832,-1.07206,0.814275,0.978586,1.51708,-0.275392,-0.990661,1.31557,-1.30466,-0.299296,1.40054,1.61338,-0.543609,0.703053,1.00266,-0.818646,-1.02206,0.213901,-1.71111,-0.835463,-2.34996,0.583626,0.552552,-1.22207,0.419313,0.748512,-0.688611,0.194542,-0.367766,-0.433201,-1.55634,-1.17511,-0.297795,-0.944901,-0.419131,-2.07815,-0.02827,-0.612134,0.431141,0.539936,-0.286888,-0.383311,0.178974,0.820705,0.344633,-2.14148,1.38009,-0.716936,0.181269,-0.556477,-0.591463,1.86114,-1.24859,1.02725,-0.518884,-0.441219,-0.245447,0.739179,-0.0785764,-0.482663,2.03594,-2.2679,0.736114,-0.0487975,-0.344461,0.0502664,0.00887949,0.143041,0.903867,-0.340623,-0.213178,0.355848,-0.387836,-0.0997635,0.62894,-0.532398,-1.55055,-0.603693,1.1252,0.972834,-0.224229,0.113734,0.50129,-1.62284,0.532342,0.337767,-547.184,-508.299,2761.5,815.011,520.894,-1882.04,-2005.36,-819.359,713.376,4167.89,684.524,-60.5022,-3825.74,-379.508,89.5438,-786.665,-2764.26,-1893.05,-1138.15,1330.48,3721.9,-4549.31,2287.66,267.703,-2638.59,-2872.07,3581.78,-691.08,1559.76,-2665.15,-3407.54,531.827,2745.55,-223.138,-3512.96,4957.76,-1430.38,-3610.6,1490.59,-2808.39,2647.86,134.514,1058.66,-2025.01,485.435,3088.29,-408.039,1755.96,-843.537,223.64,-979.537,157.066,-382.401,-1592.82,146.539,630.355,1663.4,390.568,-1767.98,-422.267,-1066.21,3073.98,426.967,1910.6,-1257.09,-400.344,-1141.72,499.265,-2604.22,-1076.11,-4120.46,-2216.12,-5824.17,-626.233,4606.2,242.817,3643.23,1542.24,2193.71,656.864,865.569,271.498,-601.193,3442.11,1343.81,-669.027,-589.169,-124.323,-568.395,1995.34,2199.27,3168.19,1360.03,-1589.59,215.181,-2315.43,-552.459,2949.46,968.289,-1405.52
-250354,0,1,0,1,1,250420,-0.384764,0.00591807,1.98251,0.65987,0.194549,-1.62464,-1.32884,-0.638008,0.776036,1.76188,-0.149657,0.116447,-1.54277,-0.0636614,0.2482,-1.00728,-1.59481,-1.01706,-0.127135,0.559175,1.40119,-1.61276,1.8305,-0.0898098,-1.26576,-1.76124,1.23195,-0.269686,1.22789,-1.59845,-1.56077,0.458786,1.996,-0.185011,-1.75004,1.38731,-0.797919,-1.56933,0.936032,-1.67351,1.35279,0.444837,1.42627,-1.3104,-0.0724454,0.89088,-0.393547,0.886616,0.0264761,-0.478673,-1.03596,0.226382,0.0675763,-1.26799,0.156639,-0.0321617,0.998724,0.212245,-0.63784,-0.775643,-0.788799,1.94885,1.21166,0.828242,-0.92643,-0.62419,-1.08532,0.0134659,-0.922084,-1.04397,-1.82062,-0.720654,-1.94471,-0.376988,1.76676,-0.594025,1.17955,0.313105,1.16384,0.0323358,0.112372,0.276904,0.173359,1.84303,0.871915,-1.30925,-0.819472,-0.271119,0.144731,1.18899,1.07535,1.68402,1.67163,-0.91779,-0.253471,-1.68299,-0.374937,1.42931,0.855572,-1.19532,-2.34393,1.32323,-0.927851,1.63205,0.883839,0.617487,0.840953,-0.884602,-1.98352,-0.866309,0.0161827,1.65316,-0.24174,1.17268,0.437414,1.01177,0.211406,-0.32169,-0.900401,0.240601,0.238301,-0.805729,-1.0469,1.33501,0.459883,1.08599,1.31065,0.28926,2.69012,-0.627216,-0.715511,-1.47615,1.83188,-0.670351,-0.900981,1.36875,-1.88997,-0.761037,-0.496167,-0.739394,-0.133049,0.583811,1.99847,-1.21724,1.42038,0.383492,-0.308705,-1.81965,0.564656,0.713377,-1.95957,0.941826,-0.719436,-0.848586,1.37744,-1.36292,2.1199,-0.223756,1.48055,-0.730133,-0.62314,-0.284538,-0.0780919,1.23167,0.833013,0.885225,1.21033,-1.17035,1.58159,0.772587,0.0335855,-0.284058,0.34278,-0.726129,1.37665,1.08659,1.95709,0.0444785,-2.10602,0.353318,0.712092,-0.425232,1.55015,0.277753,-0.0212938,0.883761,-1.25015,-0.750999,0.562187,2.34028,-1.75898,0.922122,0.147415,0.465952,-2.09049,-0.2463,-2.13551,1.03458,-1.24048,-0.454015,-547.184,-508.299,2761.5,815.011,520.894,-1882.04,-2005.36,-819.359,713.376,4167.89,684.524,-60.5022,-3825.74,-379.508,89.5438,-786.665,-2764.26,-1893.05,-1138.15,1330.48,3721.9,-4549.31,2287.66,267.703,-2638.59,-2872.07,3581.78,-691.08,1559.76,-2665.15,-3407.54,531.827,2745.55,-223.138,-3512.96,4957.76,-1430.38,-3610.6,1490.59,-2808.39,2647.86,134.514,1058.66,-2025.01,485.435,3088.29,-408.039,1755.96,-843.537,223.64,-979.537,157.066,-382.401,-1592.82,146.539,630.355,1663.4,390.568,-1767.98,-422.267,-1066.21,3073.98,426.967,1910.6,-1257.09,-400.344,-1141.72,499.265,-2604.22,-1076.11,-4120.46,-2216.12,-5824.17,-626.233,4606.2,242.817,3643.23,1542.24,2193.71,656.864,865.569,271.498,-601.193,3442.11,1343.81,-669.027,-589.169,-124.323,-568.395,1995.34,2199.27,3168.19,1360.03,-1589.59,215.181,-2315.43,-552.459,2949.46,968.289,-1405.52
-250354,0,1,0,1,1,250408,-0.384764,0.00591807,1.98251,0.65987,0.194549,-1.62464,-1.32884,-0.638008,0.776036,1.76188,-0.149657,0.116447,-1.54277,-0.0636614,0.2482,-1.00728,-1.59481,-1.01706,-0.127135,0.559175,1.40119,-1.61276,1.8305,-0.0898098,-1.26576,-1.76124,1.23195,-0.269686,1.22789,-1.59845,-1.56077,0.458786,1.996,-0.185011,-1.75004,1.38731,-0.797919,-1.56933,0.936032,-1.67351,1.35279,0.444837,1.42627,-1.3104,-0.0724454,0.89088,-0.393547,0.886616,0.0264761,-0.478673,-1.03596,0.226382,0.0675763,-1.26799,0.156639,-0.0321617,0.998724,0.212245,-0.63784,-0.775643,-0.788799,1.94885,1.21166,0.828242,-0.92643,-0.62419,-1.08532,0.0134659,-0.922084,-1.04397,-1.82062,-0.720654,-1.94471,-0.376988,1.76676,-0.594025,1.17955,0.313105,1.16384,0.0323358,0.112372,0.276904,0.173359,1.84303,0.871915,-1.30925,-0.819472,-0.271119,0.144731,1.18899,1.07535,1.68402,1.67163,-0.91779,-0.253471,-1.68299,-0.374937,1.42931,0.855572,-1.19532,-0.198565,0.921469,0.673567,-1.08347,-0.592148,0.284029,-0.229491,-0.175315,0.539297,-1.13598,2.33773,-0.972848,-2.76498,-2.00916,-0.682404,0.207883,-0.644122,-0.00301528,1.59445,0.234752,-0.703104,-2.73973,0.304932,1.05232,2.08349,-0.121326,-0.289797,-0.524684,-2.16408,-1.32308,0.200689,1.32675,-1.24237,0.325433,-0.560426,-0.609032,-1.03119,1.31337,-1.82014,0.624025,-1.21859,-0.00956303,0.431376,1.21192,-0.867841,-0.66963,-0.762814,-1.30204,-0.958046,1.44115,-0.116024,-0.199084,0.306922,0.89646,-0.249629,-0.039236,-0.935256,0.759002,-0.733251,-0.948076,1.97192,-1.08271,-1.01229,0.583359,-0.517655,-0.56663,-0.406171,0.257238,-0.577032,0.0225166,0.309285,0.0602386,1.26999,-0.585029,-0.00313245,0.905555,-0.19178,-0.401126,0.0509622,-1.62112,-0.691805,-0.764538,-0.420371,-0.634099,-1.41862,-0.117239,-0.760203,0.627479,-0.905652,-0.673444,-0.508457,1.96886,-1.61863,-1.48291,2.25681,0.622059,-0.433748,1.0092,-0.148464,-1.12584,-547.184,-508.299,2761.5,815.011,520.894,-1882.04,-2005.36,-819.359,713.376,4167.89,684.524,-60.5022,-3825.74,-379.508,89.5438,-786.665,-2764.26,-1893.05,-1138.15,1330.48,3721.9,-4549.31,2287.66,267.703,-2638.59,-2872.07,3581.78,-691.08,1559.76,-2665.15,-3407.54,531.827,2745.55,-223.138,-3512.96,4957.76,-1430.38,-3610.6,1490.59,-2808.39,2647.86,134.514,1058.66,-2025.01,485.435,3088.29,-408.039,1755.96,-843.537,223.64,-979.537,157.066,-382.401,-1592.82,146.539,630.355,1663.4,390.568,-1767.98,-422.267,-1066.21,3073.98,426.967,1910.6,-1257.09,-400.344,-1141.72,499.265,-2604.22,-1076.11,-4120.46,-2216.12,-5824.17,-626.233,4606.2,242.817,3643.23,1542.24,2193.71,656.864,865.569,271.498,-601.193,3442.11,1343.81,-669.027,-589.169,-124.323,-568.395,1995.34,2199.27,3168.19,1360.03,-1589.59,215.181,-2315.43,-552.459,2949.46,968.289,-1405.52
-250354,0,1,0,1,1,250399,-0.384764,0.00591807,1.98251,0.65987,0.194549,-1.62464,-1.32884,-0.638008,0.776036,1.76188,-0.149657,0.116447,-1.54277,-0.0636614,0.2482,-1.00728,-1.59481,-1.01706,-0.127135,0.559175,1.40119,-1.61276,1.8305,-0.0898098,-1.26576,-1.76124,1.23195,-0.269686,1.22789,-1.59845,-1.56077,0.458786,1.996,-0.185011,-1.75004,1.38731,-0.797919,-1.56933,0.936032,-1.67351,1.35279,0.444837,1.42627,-1.3104,-0.0724454,0.89088,-0.393547,0.886616,0.0264761,-0.478673,-1.03596,0.226382,0.0675763,-1.26799,0.156639,-0.0321617,0.998724,0.212245,-0.63784,-0.775643,-0.788799,1.94885,1.21166,0.828242,-0.92643,-0.62419,-1.08532,0.0134659,-0.922084,-1.04397,-1.82062,-0.720654,-1.94471,-0.376988,1.76676,-0.594025,1.17955,0.313105,1.16384,0.0323358,0.112372,0.276904,0.173359,1.84303,0.871915,-1.30925,-0.819472,-0.271119,0.144731,1.18899,1.07535,1.68402,1.67163,-0.91779,-0.253471,-1.68299,-0.374937,1.42931,0.855572,-1.19532,1.25979,0.412659,-0.63491,0.512069,-0.49391,-0.020046,0.0272532,0.373358,0.459669,-0.492945,1.57724,0.627326,-1.48677,0.765093,-1.30518,-0.387361,-1.82407,1.06508,1.35036,-0.0986614,-0.766429,-1.47221,-0.298374,-0.423224,1.33547,-0.976972,0.831728,0.603769,0.584221,1.35955,-0.904425,-1.0619,0.182715,0.295961,-1.00851,0.83507,0.189678,0.370994,0.152428,1.46733,-0.280608,1.56802,-1.04098,-1.13952,-0.771696,-1.264,1.8334,-0.628227,-0.619644,-0.00957082,0.282533,1.06775,0.921587,0.442762,-0.595562,0.764514,0.501156,-0.0426233,-0.809182,0.948067,1.02637,-0.127255,-2.1461,0.951262,-1.77584,0.555735,-0.749565,-1.5547,-1.22047,-0.331788,0.805052,-2.22241,0.98448,-0.765682,-0.352143,0.853494,-0.866968,-1.50025,-0.767333,1.09546,-1.16827,0.518199,-0.562613,-0.940943,-2.33626,0.44392,-0.171766,0.335107,-0.444228,-0.321769,1.14368,-1.30156,0.280936,-0.521032,-0.0313935,0.568925,0.18198,0.190675,-0.634062,0.873396,-547.184,-508.299,2761.5,815.011,520.894,-1882.04,-2005.36,-819.359,713.376,4167.89,684.524,-60.5022,-3825.74,-379.508,89.5438,-786.665,-2764.26,-1893.05,-1138.15,1330.48,3721.9,-4549.31,2287.66,267.703,-2638.59,-2872.07,3581.78,-691.08,1559.76,-2665.15,-3407.54,531.827,2745.55,-223.138,-3512.96,4957.76,-1430.38,-3610.6,1490.59,-2808.39,2647.86,134.514,1058.66,-2025.01,485.435,3088.29,-408.039,1755.96,-843.537,223.64,-979.537,157.066,-382.401,-1592.82,146.539,630.355,1663.4,390.568,-1767.98,-422.267,-1066.21,3073.98,426.967,1910.6,-1257.09,-400.344,-1141.72,499.265,-2604.22,-1076.11,-4120.46,-2216.12,-5824.17,-626.233,4606.2,242.817,3643.23,1542.24,2193.71,656.864,865.569,271.498,-601.193,3442.11,1343.81,-669.027,-589.169,-124.323,-568.395,1995.34,2199.27,3168.19,1360.03,-1589.59,215.181,-2315.43,-552.459,2949.46,968.289,-1405.52
-250354,0,1,0,1,1,250406,-0.384764,0.00591807,1.98251,0.65987,0.194549,-1.62464,-1.32884,-0.638008,0.776036,1.76188,-0.149657,0.116447,-1.54277,-0.0636614,0.2482,-1.00728,-1.59481,-1.01706,-0.127135,0.559175,1.40119,-1.61276,1.8305,-0.0898098,-1.26576,-1.76124,1.23195,-0.269686,1.22789,-1.59845,-1.56077,0.458786,1.996,-0.185011,-1.75004,1.38731,-0.797919,-1.56933,0.936032,-1.67351,1.35279,0.444837,1.42627,-1.3104,-0.0724454,0.89088,-0.393547,0.886616,0.0264761,-0.478673,-1.03596,0.226382,0.0675763,-1.26799,0.156639,-0.0321617,0.998724,0.212245,-0.63784,-0.775643,-0.788799,1.94885,1.21166,0.828242,-0.92643,-0.62419,-1.08532,0.0134659,-0.922084,-1.04397,-1.82062,-0.720654,-1.94471,-0.376988,1.76676,-0.594025,1.17955,0.313105,1.16384,0.0323358,0.112372,0.276904,0.173359,1.84303,0.871915,-1.30925,-0.819472,-0.271119,0.144731,1.18899,1.07535,1.68402,1.67163,-0.91779,-0.253471,-1.68299,-0.374937,1.42931,0.855572,-1.19532,1.41929,1.1214,1.95775,0.998751,0.739318,0.38709,0.669201,0.648519,0.406825,0.27614,-1.27216,-1.35923,-0.565801,0.528847,0.916482,-0.776563,0.839596,1.97817,1.61272,-0.734708,0.162048,1.70932,-1.25144,-1.66147,-0.663142,-0.496948,-1.29967,0.0486589,0.760548,1.42303,-0.263588,-0.439683,-0.349919,2.04359,-0.706337,-1.05762,-0.309031,1.27917,-1.13209,0.105824,-0.238365,0.726456,0.522762,-0.356267,0.567124,2.5139,1.37271,-0.386048,-0.297638,-0.614631,-0.513037,-1.51572,-0.764119,-1.49476,-1.67132,-0.658056,0.656365,-0.815874,-1.2559,-0.747429,0.379926,1.74449,-0.0667951,1.20143,-1.48416,1.18966,-0.612693,-1.74871,-0.000644801,-0.61566,1.0431,-0.0989339,1.50122,-0.140852,1.35509,-1.67558,-1.09449,-0.536619,-0.862261,-0.490463,-1.2818,-0.860365,-1.8256,0.864814,-0.221724,-0.179254,-0.327572,0.554254,-0.319284,0.367874,-0.614291,0.904031,0.113158,0.948607,1.1877,-0.808204,-0.0549356,1.09203,1.28292,-0.793541,-547.184,-508.299,2761.5,815.011,520.894,-1882.04,-2005.36,-819.359,713.376,4167.89,684.524,-60.5022,-3825.74,-379.508,89.5438,-786.665,-2764.26,-1893.05,-1138.15,1330.48,3721.9,-4549.31,2287.66,267.703,-2638.59,-2872.07,3581.78,-691.08,1559.76,-2665.15,-3407.54,531.827,2745.55,-223.138,-3512.96,4957.76,-1430.38,-3610.6,1490.59,-2808.39,2647.86,134.514,1058.66,-2025.01,485.435,3088.29,-408.039,1755.96,-843.537,223.64,-979.537,157.066,-382.401,-1592.82,146.539,630.355,1663.4,390.568,-1767.98,-422.267,-1066.21,3073.98,426.967,1910.6,-1257.09,-400.344,-1141.72,499.265,-2604.22,-1076.11,-4120.46,-2216.12,-5824.17,-626.233,4606.2,242.817,3643.23,1542.24,2193.71,656.864,865.569,271.498,-601.193,3442.11,1343.81,-669.027,-589.169,-124.323,-568.395,1995.34,2199.27,3168.19,1360.03,-1589.59,215.181,-2315.43,-552.459,2949.46,968.289,-1405.52
-250354,0,1,0,1,1,250412,-0.384764,0.00591807,1.98251,0.65987,0.194549,-1.62464,-1.32884,-0.638008,0.776036,1.76188,-0.149657,0.116447,-1.54277,-0.0636614,0.2482,-1.00728,-1.59481,-1.01706,-0.127135,0.559175,1.40119,-1.61276,1.8305,-0.0898098,-1.26576,-1.76124,1.23195,-0.269686,1.22789,-1.59845,-1.56077,0.458786,1.996,-0.185011,-1.75004,1.38731,-0.797919,-1.56933,0.936032,-1.67351,1.35279,0.444837,1.42627,-1.3104,-0.0724454,0.89088,-0.393547,0.886616,0.0264761,-0.478673,-1.03596,0.226382,0.0675763,-1.26799,0.156639,-0.0321617,0.998724,0.212245,-0.63784,-0.775643,-0.788799,1.94885,1.21166,0.828242,-0.92643,-0.62419,-1.08532,0.0134659,-0.922084,-1.04397,-1.82062,-0.720654,-1.94471,-0.376988,1.76676,-0.594025,1.17955,0.313105,1.16384,0.0323358,0.112372,0.276904,0.173359,1.84303,0.871915,-1.30925,-0.819472,-0.271119,0.144731,1.18899,1.07535,1.68402,1.67163,-0.91779,-0.253471,-1.68299,-0.374937,1.42931,0.855572,-1.19532,0.643936,0.74606,0.587491,-0.791364,-0.00509564,0.850916,-0.35225,-0.0557145,-0.362765,0.590661,0.555863,0.39818,-0.651247,-0.166099,0.745212,0.819175,1.58834,0.308868,-1.01476,0.192913,0.58513,0.886995,-0.803696,-1.27645,-0.616089,0.567822,-1.32845,0.0738084,-1.47837,-2.38641,2.04175,0.564826,-0.949872,0.499984,-0.654391,-0.0918347,0.388933,0.0559547,-1.64737,0.933073,-1.41868,-1.28656,-1.4521,1.30877,-0.571377,0.259632,-0.718567,-0.103924,-0.281971,-0.482264,-0.0586197,0.685296,-2.13268,0.206668,-1.0835,0.577906,2.44107,2.57898,-1.29989,0.0878406,1.7334,0.581301,-1.57188,0.290583,-0.829704,2.70065,-0.653762,0.224572,0.863843,-0.224592,1.73257,-1.31432,-0.490101,-1.54089,-0.217799,-1.25162,0.776426,-0.920491,1.54334,-1.16186,-0.202147,-1.40713,-0.0534117,0.127955,-0.542162,0.915257,-1.22323,0.672862,1.41401,-1.09255,0.589439,-2.62504,0.50216,-0.53697,-0.0484025,-2.2355,0.126923,-0.560258,1.62734,0.690424,-547.184,-508.299,2761.5,815.011,520.894,-1882.04,-2005.36,-819.359,713.376,4167.89,684.524,-60.5022,-3825.74,-379.508,89.5438,-786.665,-2764.26,-1893.05,-1138.15,1330.48,3721.9,-4549.31,2287.66,267.703,-2638.59,-2872.07,3581.78,-691.08,1559.76,-2665.15,-3407.54,531.827,2745.55,-223.138,-3512.96,4957.76,-1430.38,-3610.6,1490.59,-2808.39,2647.86,134.514,1058.66,-2025.01,485.435,3088.29,-408.039,1755.96,-843.537,223.64,-979.537,157.066,-382.401,-1592.82,146.539,630.355,1663.4,390.568,-1767.98,-422.267,-1066.21,3073.98,426.967,1910.6,-1257.09,-400.344,-1141.72,499.265,-2604.22,-1076.11,-4120.46,-2216.12,-5824.17,-626.233,4606.2,242.817,3643.23,1542.24,2193.71,656.864,865.569,271.498,-601.193,3442.11,1343.81,-669.027,-589.169,-124.323,-568.395,1995.34,2199.27,3168.19,1360.03,-1589.59,215.181,-2315.43,-552.459,2949.46,968.289,-1405.52
-250354,0,1,0,1,1,250415,-0.384764,0.00591807,1.98251,0.65987,0.194549,-1.62464,-1.32884,-0.638008,0.776036,1.76188,-0.149657,0.116447,-1.54277,-0.0636614,0.2482,-1.00728,-1.59481,-1.01706,-0.127135,0.559175,1.40119,-1.61276,1.8305,-0.0898098,-1.26576,-1.76124,1.23195,-0.269686,1.22789,-1.59845,-1.56077,0.458786,1.996,-0.185011,-1.75004,1.38731,-0.797919,-1.56933,0.936032,-1.67351,1.35279,0.444837,1.42627,-1.3104,-0.0724454,0.89088,-0.393547,0.886616,0.0264761,-0.478673,-1.03596,0.226382,0.0675763,-1.26799,0.156639,-0.0321617,0.998724,0.212245,-0.63784,-0.775643,-0.788799,1.94885,1.21166,0.828242,-0.92643,-0.62419,-1.08532,0.0134659,-0.922084,-1.04397,-1.82062,-0.720654,-1.94471,-0.376988,1.76676,-0.594025,1.17955,0.313105,1.16384,0.0323358,0.112372,0.276904,0.173359,1.84303,0.871915,-1.30925,-0.819472,-0.271119,0.144731,1.18899,1.07535,1.68402,1.67163,-0.91779,-0.253471,-1.68299,-0.374937,1.42931,0.855572,-1.19532,0.878014,0.243851,-0.494759,0.111327,-0.712303,-0.38867,-1.91416,-0.91498,0.660265,-1.57998,-1.27749,0.663286,0.846318,2.41335,0.506323,-0.153067,-0.288321,0.0527284,-0.189265,-0.207571,-0.181944,0.0941217,-0.125812,-0.248658,-0.829278,-0.951592,0.56515,-3.29354,-0.979397,-1.87203,1.04989,-0.525328,-0.864252,0.882155,1.76518,0.309689,0.103125,1.89135,-0.749494,-0.811425,-1.48837,-0.0637747,-1.82928,0.303536,-2.07371,0.418112,0.493932,0.654371,-2.35785,-0.30773,-0.402812,-1.58962,0.725925,1.95542,-1.93567,-1.51586,-1.01262,-0.269759,-0.219983,0.163106,0.132544,2.70684,-1.17156,1.5241,0.478484,0.219427,0.0306032,-1.14022,0.285482,0.358917,-0.549498,-1.11823,0.302326,0.560161,0.436927,-1.02368,-0.504599,-0.766003,-0.508616,-2.02176,-1.99319,-0.255755,-0.694158,-0.804319,0.477681,0.195913,-0.539303,-0.927316,0.56693,-2.08974,0.758878,-1.22975,2.21701,0.554937,-0.754264,-1.88575,0.149765,0.342044,0.36976,-0.681331,-547.184,-508.299,2761.5,815.011,520.894,-1882.04,-2005.36,-819.359,713.376,4167.89,684.524,-60.5022,-3825.74,-379.508,89.5438,-786.665,-2764.26,-1893.05,-1138.15,1330.48,3721.9,-4549.31,2287.66,267.703,-2638.59,-2872.07,3581.78,-691.08,1559.76,-2665.15,-3407.54,531.827,2745.55,-223.138,-3512.96,4957.76,-1430.38,-3610.6,1490.59,-2808.39,2647.86,134.514,1058.66,-2025.01,485.435,3088.29,-408.039,1755.96,-843.537,223.64,-979.537,157.066,-382.401,-1592.82,146.539,630.355,1663.4,390.568,-1767.98,-422.267,-1066.21,3073.98,426.967,1910.6,-1257.09,-400.344,-1141.72,499.265,-2604.22,-1076.11,-4120.46,-2216.12,-5824.17,-626.233,4606.2,242.817,3643.23,1542.24,2193.71,656.864,865.569,271.498,-601.193,3442.11,1343.81,-669.027,-589.169,-124.323,-568.395,1995.34,2199.27,3168.19,1360.03,-1589.59,215.181,-2315.43,-552.459,2949.46,968.289,-1405.52
-250354,0,1,0,1,1,250400,-0.384764,0.00591807,1.98251,0.65987,0.194549,-1.62464,-1.32884,-0.638008,0.776036,1.76188,-0.149657,0.116447,-1.54277,-0.0636614,0.2482,-1.00728,-1.59481,-1.01706,-0.127135,0.559175,1.40119,-1.61276,1.8305,-0.0898098,-1.26576,-1.76124,1.23195,-0.269686,1.22789,-1.59845,-1.56077,0.458786,1.996,-0.185011,-1.75004,1.38731,-0.797919,-1.56933,0.936032,-1.67351,1.35279,0.444837,1.42627,-1.3104,-0.0724454,0.89088,-0.393547,0.886616,0.0264761,-0.478673,-1.03596,0.226382,0.0675763,-1.26799,0.156639,-0.0321617,0.998724,0.212245,-0.63784,-0.775643,-0.788799,1.94885,1.21166,0.828242,-0.92643,-0.62419,-1.08532,0.0134659,-0.922084,-1.04397,-1.82062,-0.720654,-1.94471,-0.376988,1.76676,-0.594025,1.17955,0.313105,1.16384,0.0323358,0.112372,0.276904,0.173359,1.84303,0.871915,-1.30925,-0.819472,-0.271119,0.144731,1.18899,1.07535,1.68402,1.67163,-0.91779,-0.253471,-1.68299,-0.374937,1.42931,0.855572,-1.19532,-0.211628,-0.0588983,-0.771193,0.0412839,0.335811,1.15694,0.383505,1.09296,-0.320689,-1.10223,0.539196,0.141629,0.0368565,1.61859,0.861759,1.26987,1.07556,-1.31824,-1.59823,-0.93879,0.38693,-0.0112994,-0.402774,0.520003,2.13811,-2.5276,1.63188,0.545555,0.934951,0.232806,0.80375,-1.72724,-0.128212,-0.88939,-0.980537,0.713804,0.211235,-0.283642,1.47144,0.312447,0.410898,0.771568,0.25436,-0.550374,0.376415,0.260642,-1.48754,0.513233,0.0489533,-0.636144,0.0570968,0.17649,0.00251461,-0.591398,0.46194,-0.87484,2.94265,-1.06238,1.12533,1.81322,0.648677,-1.78552,0.242974,1.0705,-0.0657302,0.0160073,-0.452445,0.0375465,-0.279532,0.199497,-0.0947615,-0.296116,1.01931,2.20046,1.59672,0.500273,-0.0354986,-0.368719,-1.62427,-1.09733,-0.442939,0.754464,0.69243,0.615707,-0.835739,-1.1202,0.306703,0.559827,1.49399,1.28194,0.758892,1.05611,-0.023839,-0.0196746,-0.567618,0.904717,0.0146828,0.271099,1.63802,0.894914,-547.184,-508.299,2761.5,815.011,520.894,-1882.04,-2005.36,-819.359,713.376,4167.89,684.524,-60.5022,-3825.74,-379.508,89.5438,-786.665,-2764.26,-1893.05,-1138.15,1330.48,3721.9,-4549.31,2287.66,267.703,-2638.59,-2872.07,3581.78,-691.08,1559.76,-2665.15,-3407.54,531.827,2745.55,-223.138,-3512.96,4957.76,-1430.38,-3610.6,1490.59,-2808.39,2647.86,134.514,1058.66,-2025.01,485.435,3088.29,-408.039,1755.96,-843.537,223.64,-979.537,157.066,-382.401,-1592.82,146.539,630.355,1663.4,390.568,-1767.98,-422.267,-1066.21,3073.98,426.967,1910.6,-1257.09,-400.344,-1141.72,499.265,-2604.22,-1076.11,-4120.46,-2216.12,-5824.17,-626.233,4606.2,242.817,3643.23,1542.24,2193.71,656.864,865.569,271.498,-601.193,3442.11,1343.81,-669.027,-589.169,-124.323,-568.395,1995.34,2199.27,3168.19,1360.03,-1589.59,215.181,-2315.43,-552.459,2949.46,968.289,-1405.52
-250354,0,1,0,1,1,250413,-0.384764,0.00591807,1.98251,0.65987,0.194549,-1.62464,-1.32884,-0.638008,0.776036,1.76188,-0.149657,0.116447,-1.54277,-0.0636614,0.2482,-1.00728,-1.59481,-1.01706,-0.127135,0.559175,1.40119,-1.61276,1.8305,-0.0898098,-1.26576,-1.76124,1.23195,-0.269686,1.22789,-1.59845,-1.56077,0.458786,1.996,-0.185011,-1.75004,1.38731,-0.797919,-1.56933,0.936032,-1.67351,1.35279,0.444837,1.42627,-1.3104,-0.0724454,0.89088,-0.393547,0.886616,0.0264761,-0.478673,-1.03596,0.226382,0.0675763,-1.26799,0.156639,-0.0321617,0.998724,0.212245,-0.63784,-0.775643,-0.788799,1.94885,1.21166,0.828242,-0.92643,-0.62419,-1.08532,0.0134659,-0.922084,-1.04397,-1.82062,-0.720654,-1.94471,-0.376988,1.76676,-0.594025,1.17955,0.313105,1.16384,0.0323358,0.112372,0.276904,0.173359,1.84303,0.871915,-1.30925,-0.819472,-0.271119,0.144731,1.18899,1.07535,1.68402,1.67163,-0.91779,-0.253471,-1.68299,-0.374937,1.42931,0.855572,-1.19532,-0.241602,0.482052,1.68475,-1.26025,0.123226,-0.572177,-0.924368,2.60368,-0.586131,0.460071,0.364882,1.67594,0.395713,2.04992,0.653644,0.0140961,0.506962,0.935544,-0.331067,0.343065,-0.0661198,0.277536,0.303625,-1.71779,0.637885,-1.77456,-1.30879,2.22572,-0.867569,0.696273,-0.625876,-0.619254,1.76714,-0.00898526,-0.369697,-0.757124,-1.23687,0.534441,-0.167418,0.988907,-1.24951,1.02915,0.0220755,-0.881083,-0.279556,-0.718725,0.779808,1.54316,2.11231,-0.890394,-1.85482,-0.0300367,0.840694,-0.191474,-2.05064,-1.2593,0.608271,-0.387676,0.679596,0.474303,-0.254099,-0.826694,-0.71887,-0.748506,-1.94601,0.973489,1.44978,1.23595,-0.138676,0.902156,-0.469524,-1.72539,0.341239,-1.27339,0.257284,0.655356,0.42165,1.48054,-1.60363,-0.588419,0.108588,-1.74686,-0.695926,-0.305686,-1.52767,0.0880591,1.20355,0.897741,-1.02927,0.814163,0.49706,1.16089,-0.17308,0.14153,0.540588,-2.23606,-2.5442,-0.174068,-0.51232,1.95906,-547.184,-508.299,2761.5,815.011,520.894,-1882.04,-2005.36,-819.359,713.376,4167.89,684.524,-60.5022,-3825.74,-379.508,89.5438,-786.665,-2764.26,-1893.05,-1138.15,1330.48,3721.9,-4549.31,2287.66,267.703,-2638.59,-2872.07,3581.78,-691.08,1559.76,-2665.15,-3407.54,531.827,2745.55,-223.138,-3512.96,4957.76,-1430.38,-3610.6,1490.59,-2808.39,2647.86,134.514,1058.66,-2025.01,485.435,3088.29,-408.039,1755.96,-843.537,223.64,-979.537,157.066,-382.401,-1592.82,146.539,630.355,1663.4,390.568,-1767.98,-422.267,-1066.21,3073.98,426.967,1910.6,-1257.09,-400.344,-1141.72,499.265,-2604.22,-1076.11,-4120.46,-2216.12,-5824.17,-626.233,4606.2,242.817,3643.23,1542.24,2193.71,656.864,865.569,271.498,-601.193,3442.11,1343.81,-669.027,-589.169,-124.323,-568.395,1995.34,2199.27,3168.19,1360.03,-1589.59,215.181,-2315.43,-552.459,2949.46,968.289,-1405.52
-250354,0,1,0,1,1,250416,-0.384764,0.00591807,1.98251,0.65987,0.194549,-1.62464,-1.32884,-0.638008,0.776036,1.76188,-0.149657,0.116447,-1.54277,-0.0636614,0.2482,-1.00728,-1.59481,-1.01706,-0.127135,0.559175,1.40119,-1.61276,1.8305,-0.0898098,-1.26576,-1.76124,1.23195,-0.269686,1.22789,-1.59845,-1.56077,0.458786,1.996,-0.185011,-1.75004,1.38731,-0.797919,-1.56933,0.936032,-1.67351,1.35279,0.444837,1.42627,-1.3104,-0.0724454,0.89088,-0.393547,0.886616,0.0264761,-0.478673,-1.03596,0.226382,0.0675763,-1.26799,0.156639,-0.0321617,0.998724,0.212245,-0.63784,-0.775643,-0.788799,1.94885,1.21166,0.828242,-0.92643,-0.62419,-1.08532,0.0134659,-0.922084,-1.04397,-1.82062,-0.720654,-1.94471,-0.376988,1.76676,-0.594025,1.17955,0.313105,1.16384,0.0323358,0.112372,0.276904,0.173359,1.84303,0.871915,-1.30925,-0.819472,-0.271119,0.144731,1.18899,1.07535,1.68402,1.67163,-0.91779,-0.253471,-1.68299,-0.374937,1.42931,0.855572,-1.19532,-0.6566,1.65008,0.616656,0.609284,0.255322,-0.580701,-1.64755,1.27742,-0.402633,-0.220213,-1.30858,-0.803051,1.48716,-1.64632,-1.22913,0.116873,-1.75372,-0.264483,-1.62874,0.603765,0.558895,0.899574,-1.03849,-0.393663,-0.866771,0.651288,-1.20446,-0.45931,-1.18007,0.818733,0.274056,-0.265635,1.48863,1.15975,0.732486,-2.24393,-1.44463,-0.118867,-0.691843,0.651283,-0.762458,2.4299,0.998067,-2.34512,1.15736,0.692673,-1.25966,-1.01246,-0.898068,0.00255294,-1.71476,0.573343,-1.24959,-0.548776,1.23503,-2.3061,0.558928,0.3783,0.6632,1.42423,-0.224768,0.137626,-0.319507,-0.560953,1.17218,1.68417,1.43865,1.40956,-1.02755,-0.264321,2.03916,-0.492975,0.165655,1.24547,-2.32043,0.33291,-0.186405,-1.09538,0.127674,1.46272,-0.0086651,1.73256,1.45025,0.913654,-0.436527,0.405499,1.32277,-1.43027,0.835344,0.0173914,1.61881,-1.46232,-0.323838,0.125665,-0.769567,0.546986,-1.18618,1.50449,-1.35662,-0.344859,-547.184,-508.299,2761.5,815.011,520.894,-1882.04,-2005.36,-819.359,713.376,4167.89,684.524,-60.5022,-3825.74,-379.508,89.5438,-786.665,-2764.26,-1893.05,-1138.15,1330.48,3721.9,-4549.31,2287.66,267.703,-2638.59,-2872.07,3581.78,-691.08,1559.76,-2665.15,-3407.54,531.827,2745.55,-223.138,-3512.96,4957.76,-1430.38,-3610.6,1490.59,-2808.39,2647.86,134.514,1058.66,-2025.01,485.435,3088.29,-408.039,1755.96,-843.537,223.64,-979.537,157.066,-382.401,-1592.82,146.539,630.355,1663.4,390.568,-1767.98,-422.267,-1066.21,3073.98,426.967,1910.6,-1257.09,-400.344,-1141.72,499.265,-2604.22,-1076.11,-4120.46,-2216.12,-5824.17,-626.233,4606.2,242.817,3643.23,1542.24,2193.71,656.864,865.569,271.498,-601.193,3442.11,1343.81,-669.027,-589.169,-124.323,-568.395,1995.34,2199.27,3168.19,1360.03,-1589.59,215.181,-2315.43,-552.459,2949.46,968.289,-1405.52
-250354,0,1,0,1,1,250400,-0.384764,0.00591807,1.98251,0.65987,0.194549,-1.62464,-1.32884,-0.638008,0.776036,1.76188,-0.149657,0.116447,-1.54277,-0.0636614,0.2482,-1.00728,-1.59481,-1.01706,-0.127135,0.559175,1.40119,-1.61276,1.8305,-0.0898098,-1.26576,-1.76124,1.23195,-0.269686,1.22789,-1.59845,-1.56077,0.458786,1.996,-0.185011,-1.75004,1.38731,-0.797919,-1.56933,0.936032,-1.67351,1.35279,0.444837,1.42627,-1.3104,-0.0724454,0.89088,-0.393547,0.886616,0.0264761,-0.478673,-1.03596,0.226382,0.0675763,-1.26799,0.156639,-0.0321617,0.998724,0.212245,-0.63784,-0.775643,-0.788799,1.94885,1.21166,0.828242,-0.92643,-0.62419,-1.08532,0.0134659,-0.922084,-1.04397,-1.82062,-0.720654,-1.94471,-0.376988,1.76676,-0.594025,1.17955,0.313105,1.16384,0.0323358,0.112372,0.276904,0.173359,1.84303,0.871915,-1.30925,-0.819472,-0.271119,0.144731,1.18899,1.07535,1.68402,1.67163,-0.91779,-0.253471,-1.68299,-0.374937,1.42931,0.855572,-1.19532,0.740201,0.380057,0.140526,0.358903,1.59558,-0.356015,0.221935,-1.55191,-0.560741,-0.282583,0.0206534,-0.528698,0.584755,-0.471756,-0.886189,0.102285,-0.324468,-0.0995467,1.27136,0.411153,0.117927,-0.802985,0.557985,-0.339058,1.77341,0.171263,-0.250445,-0.644886,-2.92717,-0.295809,0.354232,0.435735,-0.548599,-0.59199,-0.364015,-0.0148522,0.8633,-1.41065,0.526279,0.628373,-0.188111,0.0667719,-0.446049,2.04202,1.02987,-0.494514,-1.76447,0.177375,-0.0439433,-0.700817,-1.46357,0.322227,-0.876013,-0.575268,-0.600507,0.897295,-0.575085,0.396571,0.356715,-0.611036,1.02753,0.00844547,-1.76464,1.19811,0.579116,0.00896878,-0.188547,-0.145985,-0.554378,-0.23788,0.997451,0.956952,-0.18193,0.0163778,-0.701063,-0.105508,1.54217,-0.24312,-0.0036795,-0.935824,-3.15613,0.595551,-0.20752,-1.09579,-1.46628,-2.97595,1.91864,0.401114,-1.05982,0.338596,1.55803,-2.19716,0.0127448,-0.268475,-1.28683,-0.0574023,0.244462,-0.806213,0.121748,-0.388691,-547.184,-508.299,2761.5,815.011,520.894,-1882.04,-2005.36,-819.359,713.376,4167.89,684.524,-60.5022,-3825.74,-379.508,89.5438,-786.665,-2764.26,-1893.05,-1138.15,1330.48,3721.9,-4549.31,2287.66,267.703,-2638.59,-2872.07,3581.78,-691.08,1559.76,-2665.15,-3407.54,531.827,2745.55,-223.138,-3512.96,4957.76,-1430.38,-3610.6,1490.59,-2808.39,2647.86,134.514,1058.66,-2025.01,485.435,3088.29,-408.039,1755.96,-843.537,223.64,-979.537,157.066,-382.401,-1592.82,146.539,630.355,1663.4,390.568,-1767.98,-422.267,-1066.21,3073.98,426.967,1910.6,-1257.09,-400.344,-1141.72,499.265,-2604.22,-1076.11,-4120.46,-2216.12,-5824.17,-626.233,4606.2,242.817,3643.23,1542.24,2193.71,656.864,865.569,271.498,-601.193,3442.11,1343.81,-669.027,-589.169,-124.323,-568.395,1995.34,2199.27,3168.19,1360.03,-1589.59,215.181,-2315.43,-552.459,2949.46,968.289,-1405.52
-250354,0,1,0,1,1,250400,-0.384764,0.00591807,1.98251,0.65987,0.194549,-1.62464,-1.32884,-0.638008,0.776036,1.76188,-0.149657,0.116447,-1.54277,-0.0636614,0.2482,-1.00728,-1.59481,-1.01706,-0.127135,0.559175,1.40119,-1.61276,1.8305,-0.0898098,-1.26576,-1.76124,1.23195,-0.269686,1.22789,-1.59845,-1.56077,0.458786,1.996,-0.185011,-1.75004,1.38731,-0.797919,-1.56933,0.936032,-1.67351,1.35279,0.444837,1.42627,-1.3104,-0.0724454,0.89088,-0.393547,0.886616,0.0264761,-0.478673,-1.03596,0.226382,0.0675763,-1.26799,0.156639,-0.0321617,0.998724,0.212245,-0.63784,-0.775643,-0.788799,1.94885,1.21166,0.828242,-0.92643,-0.62419,-1.08532,0.0134659,-0.922084,-1.04397,-1.82062,-0.720654,-1.94471,-0.376988,1.76676,-0.594025,1.17955,0.313105,1.16384,0.0323358,0.112372,0.276904,0.173359,1.84303,0.871915,-1.30925,-0.819472,-0.271119,0.144731,1.18899,1.07535,1.68402,1.67163,-0.91779,-0.253471,-1.68299,-0.374937,1.42931,0.855572,-1.19532,-1.32668,1.95749,-0.688729,-0.837271,-0.219199,-0.582132,0.142458,-0.0613602,0.179301,0.458039,-1.38509,0.212315,-1.58959,-0.58788,-1.12728,0.748085,1.39735,0.262939,-0.111958,0.744746,1.0796,-1.03405,0.174137,0.944944,0.335789,-0.30483,0.950301,1.60331,-0.204692,-1.15502,-0.655851,-0.498641,-0.966431,-0.33031,-0.0609318,-0.512173,-0.447808,0.268198,-0.602492,0.272301,-0.829893,1.35519,-1.26913,-1.41913,1.19419,-0.559304,-0.218249,1.68905,-0.133961,-0.495157,-0.563515,2.56451,-0.228118,0.616359,0.436108,0.00456833,-0.353905,1.70582,-0.118586,-0.0589194,-1.6782,-0.0556622,1.79251,1.59348,-0.0380557,-0.144744,-1.27301,0.862379,0.62899,0.103065,-0.0973075,-0.122722,-0.248151,2.22744,-0.420191,0.811335,1.9856,0.866046,1.27224,0.118311,-0.550658,2.19217,-1.91658,0.727568,-0.72356,0.410989,0.438676,0.956269,0.659738,-1.25656,0.291824,0.349365,-0.593009,0.698231,0.625817,1.06076,0.952833,-1.21187,0.543796,-0.762968,-547.184,-508.299,2761.5,815.011,520.894,-1882.04,-2005.36,-819.359,713.376,4167.89,684.524,-60.5022,-3825.74,-379.508,89.5438,-786.665,-2764.26,-1893.05,-1138.15,1330.48,3721.9,-4549.31,2287.66,267.703,-2638.59,-2872.07,3581.78,-691.08,1559.76,-2665.15,-3407.54,531.827,2745.55,-223.138,-3512.96,4957.76,-1430.38,-3610.6,1490.59,-2808.39,2647.86,134.514,1058.66,-2025.01,485.435,3088.29,-408.039,1755.96,-843.537,223.64,-979.537,157.066,-382.401,-1592.82,146.539,630.355,1663.4,390.568,-1767.98,-422.267,-1066.21,3073.98,426.967,1910.6,-1257.09,-400.344,-1141.72,499.265,-2604.22,-1076.11,-4120.46,-2216.12,-5824.17,-626.233,4606.2,242.817,3643.23,1542.24,2193.71,656.864,865.569,271.498,-601.193,3442.11,1343.81,-669.027,-589.169,-124.323,-568.395,1995.34,2199.27,3168.19,1360.03,-1589.59,215.181,-2315.43,-552.459,2949.46,968.289,-1405.52
-250354,0,1,0,1,1,250399,-0.384764,0.00591807,1.98251,0.65987,0.194549,-1.62464,-1.32884,-0.638008,0.776036,1.76188,-0.149657,0.116447,-1.54277,-0.0636614,0.2482,-1.00728,-1.59481,-1.01706,-0.127135,0.559175,1.40119,-1.61276,1.8305,-0.0898098,-1.26576,-1.76124,1.23195,-0.269686,1.22789,-1.59845,-1.56077,0.458786,1.996,-0.185011,-1.75004,1.38731,-0.797919,-1.56933,0.936032,-1.67351,1.35279,0.444837,1.42627,-1.3104,-0.0724454,0.89088,-0.393547,0.886616,0.0264761,-0.478673,-1.03596,0.226382,0.0675763,-1.26799,0.156639,-0.0321617,0.998724,0.212245,-0.63784,-0.775643,-0.788799,1.94885,1.21166,0.828242,-0.92643,-0.62419,-1.08532,0.0134659,-0.922084,-1.04397,-1.82062,-0.720654,-1.94471,-0.376988,1.76676,-0.594025,1.17955,0.313105,1.16384,0.0323358,0.112372,0.276904,0.173359,1.84303,0.871915,-1.30925,-0.819472,-0.271119,0.144731,1.18899,1.07535,1.68402,1.67163,-0.91779,-0.253471,-1.68299,-0.374937,1.42931,0.855572,-1.19532,-1.1112,0.0918302,-0.258344,-0.281125,1.87038,0.0673154,-0.36661,-0.353233,1.05695,0.259359,0.267863,-1.05297,-1.06157,-1.14544,-0.560624,1.67423,0.186275,-0.395993,-0.544468,1.48423,1.23245,-0.474538,0.140464,-1.21762,-0.809389,-0.660594,-0.74582,1.02931,-0.0966137,0.966535,0.953392,-0.445802,-1.89824,0.082236,1.11807,1.64178,-2.11399,1.06693,-0.251129,-0.577045,1.65065,-1.43287,1.59958,1.9382,-0.61934,-1.22616,-0.316254,0.139343,-0.673949,-2.1772,0.0488291,-1.62675,-0.824994,-1.6189,0.380937,2.48725,-0.742583,-0.421827,1.25468,0.971836,-0.612046,-0.370533,0.786775,-0.253363,0.289507,-0.86406,1.35863,0.379352,-0.754939,-0.874585,-0.848483,0.0723334,-2.54723,0.182536,-1.34218,-0.226726,0.134174,-0.756723,0.542831,0.144006,-0.228829,-0.208281,-0.647063,0.00510996,-0.906374,-0.215098,-0.243974,-0.224103,-0.293516,0.544921,0.0198373,0.161899,-0.595921,-0.25405,-0.522426,0.694982,-0.616517,-0.13339,-0.0840883,-0.90674,-547.184,-508.299,2761.5,815.011,520.894,-1882.04,-2005.36,-819.359,713.376,4167.89,684.524,-60.5022,-3825.74,-379.508,89.5438,-786.665,-2764.26,-1893.05,-1138.15,1330.48,3721.9,-4549.31,2287.66,267.703,-2638.59,-2872.07,3581.78,-691.08,1559.76,-2665.15,-3407.54,531.827,2745.55,-223.138,-3512.96,4957.76,-1430.38,-3610.6,1490.59,-2808.39,2647.86,134.514,1058.66,-2025.01,485.435,3088.29,-408.039,1755.96,-843.537,223.64,-979.537,157.066,-382.401,-1592.82,146.539,630.355,1663.4,390.568,-1767.98,-422.267,-1066.21,3073.98,426.967,1910.6,-1257.09,-400.344,-1141.72,499.265,-2604.22,-1076.11,-4120.46,-2216.12,-5824.17,-626.233,4606.2,242.817,3643.23,1542.24,2193.71,656.864,865.569,271.498,-601.193,3442.11,1343.81,-669.027,-589.169,-124.323,-568.395,1995.34,2199.27,3168.19,1360.03,-1589.59,215.181,-2315.43,-552.459,2949.46,968.289,-1405.52
-250354,0,1,0,1,1,250393,-0.384764,0.00591807,1.98251,0.65987,0.194549,-1.62464,-1.32884,-0.638008,0.776036,1.76188,-0.149657,0.116447,-1.54277,-0.0636614,0.2482,-1.00728,-1.59481,-1.01706,-0.127135,0.559175,1.40119,-1.61276,1.8305,-0.0898098,-1.26576,-1.76124,1.23195,-0.269686,1.22789,-1.59845,-1.56077,0.458786,1.996,-0.185011,-1.75004,1.38731,-0.797919,-1.56933,0.936032,-1.67351,1.35279,0.444837,1.42627,-1.3104,-0.0724454,0.89088,-0.393547,0.886616,0.0264761,-0.478673,-1.03596,0.226382,0.0675763,-1.26799,0.156639,-0.0321617,0.998724,0.212245,-0.63784,-0.775643,-0.788799,1.94885,1.21166,0.828242,-0.92643,-0.62419,-1.08532,0.0134659,-0.922084,-1.04397,-1.82062,-0.720654,-1.94471,-0.376988,1.76676,-0.594025,1.17955,0.313105,1.16384,0.0323358,0.112372,0.276904,0.173359,1.84303,0.871915,-1.30925,-0.819472,-0.271119,0.144731,1.18899,1.07535,1.68402,1.67163,-0.91779,-0.253471,-1.68299,-0.374937,1.42931,0.855572,-1.19532,-0.0496399,0.560416,1.11593,-0.330554,-0.851697,0.40273,0.834357,-1.04943,-0.439316,-0.570747,0.197594,1.16177,-1.52841,1.00062,-1.17632,-0.810728,1.15626,-0.440553,0.630919,-0.0896684,-0.519827,0.652363,1.97026,-0.352231,-0.887746,-0.00376975,0.68936,0.930146,-0.958106,0.612648,0.58721,-1.21429,-1.21727,-0.936899,1.84274,1.66726,-0.124373,0.00639171,0.200238,-1.36804,-0.432717,-1.84607,-0.687117,1.11617,0.156182,-1.17675,0.915597,0.696889,1.645,-0.612435,-0.582606,0.107227,-0.264773,0.39237,0.717447,-1.01522,-0.121863,0.555776,0.692944,0.088009,-1.23611,-1.15352,-0.628824,0.934213,-0.273954,-0.656883,0.930133,0.323517,-0.1888,-1.44855,0.621408,1.44434,-0.886765,1.18642,-0.050462,1.04889,-1.50132,0.127483,0.933164,0.947002,-0.0389907,0.384724,0.942284,0.128056,0.131014,-0.487097,-1.28891,-1.38327,0.428064,0.509847,0.574189,1.32005,-1.34179,0.462087,0.399901,0.800899,1.01692,0.555575,0.0835431,-0.401967,-547.184,-508.299,2761.5,815.011,520.894,-1882.04,-2005.36,-819.359,713.376,4167.89,684.524,-60.5022,-3825.74,-379.508,89.5438,-786.665,-2764.26,-1893.05,-1138.15,1330.48,3721.9,-4549.31,2287.66,267.703,-2638.59,-2872.07,3581.78,-691.08,1559.76,-2665.15,-3407.54,531.827,2745.55,-223.138,-3512.96,4957.76,-1430.38,-3610.6,1490.59,-2808.39,2647.86,134.514,1058.66,-2025.01,485.435,3088.29,-408.039,1755.96,-843.537,223.64,-979.537,157.066,-382.401,-1592.82,146.539,630.355,1663.4,390.568,-1767.98,-422.267,-1066.21,3073.98,426.967,1910.6,-1257.09,-400.344,-1141.72,499.265,-2604.22,-1076.11,-4120.46,-2216.12,-5824.17,-626.233,4606.2,242.817,3643.23,1542.24,2193.71,656.864,865.569,271.498,-601.193,3442.11,1343.81,-669.027,-589.169,-124.323,-568.395,1995.34,2199.27,3168.19,1360.03,-1589.59,215.181,-2315.43,-552.459,2949.46,968.289,-1405.52
-250354,0,1,0,1,1,250405,-0.384764,0.00591807,1.98251,0.65987,0.194549,-1.62464,-1.32884,-0.638008,0.776036,1.76188,-0.149657,0.116447,-1.54277,-0.0636614,0.2482,-1.00728,-1.59481,-1.01706,-0.127135,0.559175,1.40119,-1.61276,1.8305,-0.0898098,-1.26576,-1.76124,1.23195,-0.269686,1.22789,-1.59845,-1.56077,0.458786,1.996,-0.185011,-1.75004,1.38731,-0.797919,-1.56933,0.936032,-1.67351,1.35279,0.444837,1.42627,-1.3104,-0.0724454,0.89088,-0.393547,0.886616,0.0264761,-0.478673,-1.03596,0.226382,0.0675763,-1.26799,0.156639,-0.0321617,0.998724,0.212245,-0.63784,-0.775643,-0.788799,1.94885,1.21166,0.828242,-0.92643,-0.62419,-1.08532,0.0134659,-0.922084,-1.04397,-1.82062,-0.720654,-1.94471,-0.376988,1.76676,-0.594025,1.17955,0.313105,1.16384,0.0323358,0.112372,0.276904,0.173359,1.84303,0.871915,-1.30925,-0.819472,-0.271119,0.144731,1.18899,1.07535,1.68402,1.67163,-0.91779,-0.253471,-1.68299,-0.374937,1.42931,0.855572,-1.19532,0.194352,1.37964,-0.58131,0.077221,0.145406,1.05309,-1.51892,0.227255,-0.577536,-1.5603,-0.00145588,-1.80764,-1.34792,-0.361364,-0.703533,-0.0132943,-0.458106,-0.167511,1.62213,0.859037,0.364416,0.843798,1.38753,0.307279,0.602525,0.993942,-0.417923,-1.47567,-0.837211,-1.90412,0.891897,1.65592,-2.29352,0.333586,0.0997252,-1.89921,1.20313,0.0895648,1.38161,-0.260067,1.11222,1.48781,-1.77959,-1.06616,1.03167,-0.398623,0.41658,-0.711231,-0.0106801,-0.685924,0.30592,1.26006,0.00220833,-0.325081,-0.0578673,-0.907662,0.133971,0.429742,1.13502,1.10122,0.290862,-0.626063,-0.439042,0.771107,-0.20501,-2.28323,-0.658678,0.638683,0.562875,0.0192601,0.702306,-1.53014,-1.28454,-0.617776,-0.123836,1.9419,0.426855,0.0753076,-0.251705,-0.121214,-0.292319,-0.392414,-1.48392,0.923086,-1.89535,-0.200679,-0.858576,2.18936,-0.566403,0.406541,-0.328091,-0.130865,1.14615,-1.01218,-0.885462,1.94085,1.36927,-0.271985,1.05957,-1.71525,-547.184,-508.299,2761.5,815.011,520.894,-1882.04,-2005.36,-819.359,713.376,4167.89,684.524,-60.5022,-3825.74,-379.508,89.5438,-786.665,-2764.26,-1893.05,-1138.15,1330.48,3721.9,-4549.31,2287.66,267.703,-2638.59,-2872.07,3581.78,-691.08,1559.76,-2665.15,-3407.54,531.827,2745.55,-223.138,-3512.96,4957.76,-1430.38,-3610.6,1490.59,-2808.39,2647.86,134.514,1058.66,-2025.01,485.435,3088.29,-408.039,1755.96,-843.537,223.64,-979.537,157.066,-382.401,-1592.82,146.539,630.355,1663.4,390.568,-1767.98,-422.267,-1066.21,3073.98,426.967,1910.6,-1257.09,-400.344,-1141.72,499.265,-2604.22,-1076.11,-4120.46,-2216.12,-5824.17,-626.233,4606.2,242.817,3643.23,1542.24,2193.71,656.864,865.569,271.498,-601.193,3442.11,1343.81,-669.027,-589.169,-124.323,-568.395,1995.34,2199.27,3168.19,1360.03,-1589.59,215.181,-2315.43,-552.459,2949.46,968.289,-1405.52
-250354,0,1,0,1,1,250399,-0.384764,0.00591807,1.98251,0.65987,0.194549,-1.62464,-1.32884,-0.638008,0.776036,1.76188,-0.149657,0.116447,-1.54277,-0.0636614,0.2482,-1.00728,-1.59481,-1.01706,-0.127135,0.559175,1.40119,-1.61276,1.8305,-0.0898098,-1.26576,-1.76124,1.23195,-0.269686,1.22789,-1.59845,-1.56077,0.458786,1.996,-0.185011,-1.75004,1.38731,-0.797919,-1.56933,0.936032,-1.67351,1.35279,0.444837,1.42627,-1.3104,-0.0724454,0.89088,-0.393547,0.886616,0.0264761,-0.478673,-1.03596,0.226382,0.0675763,-1.26799,0.156639,-0.0321617,0.998724,0.212245,-0.63784,-0.775643,-0.788799,1.94885,1.21166,0.828242,-0.92643,-0.62419,-1.08532,0.0134659,-0.922084,-1.04397,-1.82062,-0.720654,-1.94471,-0.376988,1.76676,-0.594025,1.17955,0.313105,1.16384,0.0323358,0.112372,0.276904,0.173359,1.84303,0.871915,-1.30925,-0.819472,-0.271119,0.144731,1.18899,1.07535,1.68402,1.67163,-0.91779,-0.253471,-1.68299,-0.374937,1.42931,0.855572,-1.19532,-0.547221,-0.506108,-0.275037,-0.0719824,-0.316867,2.7493,-0.871632,0.0703092,-1.25853,-1.48182,-0.722246,1.28602,0.598244,0.916785,-0.585881,-0.345698,-0.309687,-2.54561,0.00649143,-0.576414,0.129838,-1.01455,-0.492376,-1.12208,-0.174697,1.05478,-1.40939,0.0593474,0.202563,-0.277684,-1.1287,-0.121535,1.86792,-0.146741,0.453978,-0.436613,-0.149472,1.81866,-0.179118,0.872526,-0.655608,0.709189,-0.184301,-0.0805043,1.20307,1.36315,1.40695,0.276958,0.294761,1.80355,-0.146899,-0.145499,0.30721,-0.408569,0.121945,-0.391881,-0.126776,-0.212275,-0.73378,-0.96722,1.90296,-1.41706,-0.657425,0.364168,0.152587,0.0405766,-0.217893,-0.278667,-0.31616,0.76822,0.0862153,1.14554,-0.840705,-0.646971,0.28619,-1.8567,0.193086,0.0773477,1.41154,-0.740673,2.58922,1.06664,-0.198383,1.01864,-0.431432,-0.00284813,-1.72026,-0.568628,0.941717,-0.865414,1.36371,-1.74157,-0.784736,0.786444,-0.255396,-0.371729,-0.351344,-0.202443,0.14389,-1.66577,-547.184,-508.299,2761.5,815.011,520.894,-1882.04,-2005.36,-819.359,713.376,4167.89,684.524,-60.5022,-3825.74,-379.508,89.5438,-786.665,-2764.26,-1893.05,-1138.15,1330.48,3721.9,-4549.31,2287.66,267.703,-2638.59,-2872.07,3581.78,-691.08,1559.76,-2665.15,-3407.54,531.827,2745.55,-223.138,-3512.96,4957.76,-1430.38,-3610.6,1490.59,-2808.39,2647.86,134.514,1058.66,-2025.01,485.435,3088.29,-408.039,1755.96,-843.537,223.64,-979.537,157.066,-382.401,-1592.82,146.539,630.355,1663.4,390.568,-1767.98,-422.267,-1066.21,3073.98,426.967,1910.6,-1257.09,-400.344,-1141.72,499.265,-2604.22,-1076.11,-4120.46,-2216.12,-5824.17,-626.233,4606.2,242.817,3643.23,1542.24,2193.71,656.864,865.569,271.498,-601.193,3442.11,1343.81,-669.027,-589.169,-124.323,-568.395,1995.34,2199.27,3168.19,1360.03,-1589.59,215.181,-2315.43,-552.459,2949.46,968.289,-1405.52
-250354,0,1,0,1,1,250401,-0.384764,0.00591807,1.98251,0.65987,0.194549,-1.62464,-1.32884,-0.638008,0.776036,1.76188,-0.149657,0.116447,-1.54277,-0.0636614,0.2482,-1.00728,-1.59481,-1.01706,-0.127135,0.559175,1.40119,-1.61276,1.8305,-0.0898098,-1.26576,-1.76124,1.23195,-0.269686,1.22789,-1.59845,-1.56077,0.458786,1.996,-0.185011,-1.75004,1.38731,-0.797919,-1.56933,0.936032,-1.67351,1.35279,0.444837,1.42627,-1.3104,-0.0724454,0.89088,-0.393547,0.886616,0.0264761,-0.478673,-1.03596,0.226382,0.0675763,-1.26799,0.156639,-0.0321617,0.998724,0.212245,-0.63784,-0.775643,-0.788799,1.94885,1.21166,0.828242,-0.92643,-0.62419,-1.08532,0.0134659,-0.922084,-1.04397,-1.82062,-0.720654,-1.94471,-0.376988,1.76676,-0.594025,1.17955,0.313105,1.16384,0.0323358,0.112372,0.276904,0.173359,1.84303,0.871915,-1.30925,-0.819472,-0.271119,0.144731,1.18899,1.07535,1.68402,1.67163,-0.91779,-0.253471,-1.68299,-0.374937,1.42931,0.855572,-1.19532,0.169132,-0.125132,-0.655537,0.394437,-0.892694,0.417801,0.197139,0.28089,-0.380615,-0.0822323,0.977219,0.669238,0.359144,-1.15665,-0.431906,-0.20691,0.743923,-0.18284,1.14695,0.663776,1.57345,-0.525383,-0.325351,1.2885,-0.165933,0.776264,0.943899,1.10266,0.962496,0.309396,-0.293009,1.56791,1.8571,-0.891959,-0.186611,1.37983,-1.05738,-1.33844,-1.80027,0.751805,1.13606,0.265953,-0.609628,1.18997,0.530352,-1.22172,0.530396,-2.69652,-0.73794,-0.0825667,1.4786,-0.349274,0.560834,0.25337,0.81585,-0.698765,-1.52324,-1.30324,0.420933,-0.435054,0.405613,1.84839,2.38352,-1.21788,0.642661,-1.19383,-1.0911,-0.193973,-0.812129,1.77781,-1.34039,-1.47118,-0.628041,0.202411,0.426664,0.529167,-0.78161,-1.14165,-1.29777,-0.866755,-0.0158577,-0.79187,0.0860129,-0.952632,0.552121,-0.183717,1.03724,-1.42162,-0.344551,0.401654,-1.78083,-0.83575,-0.0442191,-1.95467,1.39939,-0.554257,-0.451184,-0.367545,-0.132056,-0.1533,-547.184,-508.299,2761.5,815.011,520.894,-1882.04,-2005.36,-819.359,713.376,4167.89,684.524,-60.5022,-3825.74,-379.508,89.5438,-786.665,-2764.26,-1893.05,-1138.15,1330.48,3721.9,-4549.31,2287.66,267.703,-2638.59,-2872.07,3581.78,-691.08,1559.76,-2665.15,-3407.54,531.827,2745.55,-223.138,-3512.96,4957.76,-1430.38,-3610.6,1490.59,-2808.39,2647.86,134.514,1058.66,-2025.01,485.435,3088.29,-408.039,1755.96,-843.537,223.64,-979.537,157.066,-382.401,-1592.82,146.539,630.355,1663.4,390.568,-1767.98,-422.267,-1066.21,3073.98,426.967,1910.6,-1257.09,-400.344,-1141.72,499.265,-2604.22,-1076.11,-4120.46,-2216.12,-5824.17,-626.233,4606.2,242.817,3643.23,1542.24,2193.71,656.864,865.569,271.498,-601.193,3442.11,1343.81,-669.027,-589.169,-124.323,-568.395,1995.34,2199.27,3168.19,1360.03,-1589.59,215.181,-2315.43,-552.459,2949.46,968.289,-1405.52
-250354,0,1,0,1,1,250405,-0.384764,0.00591807,1.98251,0.65987,0.194549,-1.62464,-1.32884,-0.638008,0.776036,1.76188,-0.149657,0.116447,-1.54277,-0.0636614,0.2482,-1.00728,-1.59481,-1.01706,-0.127135,0.559175,1.40119,-1.61276,1.8305,-0.0898098,-1.26576,-1.76124,1.23195,-0.269686,1.22789,-1.59845,-1.56077,0.458786,1.996,-0.185011,-1.75004,1.38731,-0.797919,-1.56933,0.936032,-1.67351,1.35279,0.444837,1.42627,-1.3104,-0.0724454,0.89088,-0.393547,0.886616,0.0264761,-0.478673,-1.03596,0.226382,0.0675763,-1.26799,0.156639,-0.0321617,0.998724,0.212245,-0.63784,-0.775643,-0.788799,1.94885,1.21166,0.828242,-0.92643,-0.62419,-1.08532,0.0134659,-0.922084,-1.04397,-1.82062,-0.720654,-1.94471,-0.376988,1.76676,-0.594025,1.17955,0.313105,1.16384,0.0323358,0.112372,0.276904,0.173359,1.84303,0.871915,-1.30925,-0.819472,-0.271119,0.144731,1.18899,1.07535,1.68402,1.67163,-0.91779,-0.253471,-1.68299,-0.374937,1.42931,0.855572,-1.19532,1.09988,1.45514,0.0719195,-1.04236,0.761598,-0.774693,-0.73352,-0.0278871,0.409911,-0.367483,-0.561536,-1.66919,-1.9762,-1.43225,0.053492,-1.09096,0.103345,-0.405342,-0.680235,0.481834,-1.24613,0.321104,1.06838,-1.4357,0.545776,-1.40739,1.31968,1.01272,0.767942,0.50053,1.72375,-1.12971,1.43735,-2.01052,-1.42927,0.354356,0.546513,0.265635,-0.224882,0.203061,0.418406,0.83814,-0.330481,-0.118853,-1.73423,-0.613942,1.84146,1.38123,-1.21697,-0.628113,0.933235,-0.631122,1.396,0.0677451,-0.948618,1.31308,-1.23023,1.68895,1.05605,-1.47991,0.197044,0.204021,0.0274477,1.60469,-0.563414,-0.138044,-0.664853,-2.23642,1.6589,1.51349,0.589496,1.50084,-0.831625,-0.248696,0.604833,0.251863,0.284362,-0.890423,-0.314314,-0.668917,0.123601,-0.642913,-0.0565971,-0.715754,-0.569861,0.219366,-0.692931,-1.03381,0.0654745,-2.85868,-0.685367,0.646577,0.282855,0.174239,-0.494707,0.290073,-0.426208,-1.21382,0.313051,-1.45511,-547.184,-508.299,2761.5,815.011,520.894,-1882.04,-2005.36,-819.359,713.376,4167.89,684.524,-60.5022,-3825.74,-379.508,89.5438,-786.665,-2764.26,-1893.05,-1138.15,1330.48,3721.9,-4549.31,2287.66,267.703,-2638.59,-2872.07,3581.78,-691.08,1559.76,-2665.15,-3407.54,531.827,2745.55,-223.138,-3512.96,4957.76,-1430.38,-3610.6,1490.59,-2808.39,2647.86,134.514,1058.66,-2025.01,485.435,3088.29,-408.039,1755.96,-843.537,223.64,-979.537,157.066,-382.401,-1592.82,146.539,630.355,1663.4,390.568,-1767.98,-422.267,-1066.21,3073.98,426.967,1910.6,-1257.09,-400.344,-1141.72,499.265,-2604.22,-1076.11,-4120.46,-2216.12,-5824.17,-626.233,4606.2,242.817,3643.23,1542.24,2193.71,656.864,865.569,271.498,-601.193,3442.11,1343.81,-669.027,-589.169,-124.323,-568.395,1995.34,2199.27,3168.19,1360.03,-1589.59,215.181,-2315.43,-552.459,2949.46,968.289,-1405.52
-250354,0,1,0,1,1,250395,-0.384764,0.00591807,1.98251,0.65987,0.194549,-1.62464,-1.32884,-0.638008,0.776036,1.76188,-0.149657,0.116447,-1.54277,-0.0636614,0.2482,-1.00728,-1.59481,-1.01706,-0.127135,0.559175,1.40119,-1.61276,1.8305,-0.0898098,-1.26576,-1.76124,1.23195,-0.269686,1.22789,-1.59845,-1.56077,0.458786,1.996,-0.185011,-1.75004,1.38731,-0.797919,-1.56933,0.936032,-1.67351,1.35279,0.444837,1.42627,-1.3104,-0.0724454,0.89088,-0.393547,0.886616,0.0264761,-0.478673,-1.03596,0.226382,0.0675763,-1.26799,0.156639,-0.0321617,0.998724,0.212245,-0.63784,-0.775643,-0.788799,1.94885,1.21166,0.828242,-0.92643,-0.62419,-1.08532,0.0134659,-0.922084,-1.04397,-1.82062,-0.720654,-1.94471,-0.376988,1.76676,-0.594025,1.17955,0.313105,1.16384,0.0323358,0.112372,0.276904,0.173359,1.84303,0.871915,-1.30925,-0.819472,-0.271119,0.144731,1.18899,1.07535,1.68402,1.67163,-0.91779,-0.253471,-1.68299,-0.374937,1.42931,0.855572,-1.19532,1.17271,-0.702769,0.732535,-0.549614,0.436762,1.41757,-0.615075,-1.18973,0.145284,0.701098,0.860663,1.29515,0.123681,0.487068,-0.930637,0.190514,-0.218046,0.228556,0.490499,1.71254,-0.294042,-1.79778,-1.39358,-0.459144,-0.675671,-0.775732,1.21175,0.876103,0.365771,-1.21579,1.196,1.35076,0.232999,1.67781,1.25689,0.0532873,-1.36209,1.00832,-0.827842,-0.0246923,0.618683,0.913306,0.102327,-0.883163,-0.415462,0.819674,-1.28334,-1.87891,-1.91399,0.644591,0.473882,-0.238501,1.28567,0.642559,-0.0715871,-0.228624,1.36173,1.39094,1.28492,0.548651,-0.653615,-1.56206,0.0387426,-0.812798,1.31404,0.768376,0.556172,0.788758,0.196324,-1.01662,0.233775,0.0864963,-0.147543,0.44192,0.780038,-0.656604,-0.915706,0.963623,-0.807725,-0.0844496,0.538225,-0.0283735,0.0697939,0.101521,-0.454375,1.06318,-0.682964,-0.0226589,-0.100855,-0.0598409,1.76383,0.983666,-0.904001,-2.09889,0.82557,0.553436,1.14856,0.138622,0.187149,0.649102,-547.184,-508.299,2761.5,815.011,520.894,-1882.04,-2005.36,-819.359,713.376,4167.89,684.524,-60.5022,-3825.74,-379.508,89.5438,-786.665,-2764.26,-1893.05,-1138.15,1330.48,3721.9,-4549.31,2287.66,267.703,-2638.59,-2872.07,3581.78,-691.08,1559.76,-2665.15,-3407.54,531.827,2745.55,-223.138,-3512.96,4957.76,-1430.38,-3610.6,1490.59,-2808.39,2647.86,134.514,1058.66,-2025.01,485.435,3088.29,-408.039,1755.96,-843.537,223.64,-979.537,157.066,-382.401,-1592.82,146.539,630.355,1663.4,390.568,-1767.98,-422.267,-1066.21,3073.98,426.967,1910.6,-1257.09,-400.344,-1141.72,499.265,-2604.22,-1076.11,-4120.46,-2216.12,-5824.17,-626.233,4606.2,242.817,3643.23,1542.24,2193.71,656.864,865.569,271.498,-601.193,3442.11,1343.81,-669.027,-589.169,-124.323,-568.395,1995.34,2199.27,3168.19,1360.03,-1589.59,215.181,-2315.43,-552.459,2949.46,968.289,-1405.52
-250354,0,1,0,1,1,250407,-0.384764,0.00591807,1.98251,0.65987,0.194549,-1.62464,-1.32884,-0.638008,0.776036,1.76188,-0.149657,0.116447,-1.54277,-0.0636614,0.2482,-1.00728,-1.59481,-1.01706,-0.127135,0.559175,1.40119,-1.61276,1.8305,-0.0898098,-1.26576,-1.76124,1.23195,-0.269686,1.22789,-1.59845,-1.56077,0.458786,1.996,-0.185011,-1.75004,1.38731,-0.797919,-1.56933,0.936032,-1.67351,1.35279,0.444837,1.42627,-1.3104,-0.0724454,0.89088,-0.393547,0.886616,0.0264761,-0.478673,-1.03596,0.226382,0.0675763,-1.26799,0.156639,-0.0321617,0.998724,0.212245,-0.63784,-0.775643,-0.788799,1.94885,1.21166,0.828242,-0.92643,-0.62419,-1.08532,0.0134659,-0.922084,-1.04397,-1.82062,-0.720654,-1.94471,-0.376988,1.76676,-0.594025,1.17955,0.313105,1.16384,0.0323358,0.112372,0.276904,0.173359,1.84303,0.871915,-1.30925,-0.819472,-0.271119,0.144731,1.18899,1.07535,1.68402,1.67163,-0.91779,-0.253471,-1.68299,-0.374937,1.42931,0.855572,-1.19532,0.685111,0.672406,1.84865,-1.62063,0.189703,0.0078239,-1.01161,-0.0206882,-0.296542,-0.679061,1.17419,1.71268,0.28751,0.782477,-1.1024,1.11044,0.662088,-0.0609441,0.200939,-0.305657,-0.143897,1.98398,0.926013,-2.88891,-0.300181,-0.67472,-0.0828549,0.20842,1.57788,-1.99138,1.61218,-0.836539,1.15012,2.36095,-0.636287,0.496475,-0.309667,-1.02677,-1.33361,0.481812,-0.593533,-0.654348,-0.451701,0.624194,0.718281,-0.484139,-1.51067,-1.33618,1.29729,-1.16504,-0.586515,2.33666,0.250064,-0.362398,-1.77222,-1.87616,-0.211804,-0.842419,-1.1668,-0.589705,-0.794053,1.13747,0.605405,-0.490227,-0.657432,-1.13392,-0.656066,-1.22909,-0.158039,0.535848,0.259194,0.033435,0.267294,0.53573,2.18432,-0.76171,1.25054,1.36035,0.604178,-0.0707351,1.46185,0.176491,-0.35355,0.0283921,0.22972,0.286682,0.48928,2.39508,0.256931,-0.445399,-1.09681,-0.831591,-0.881349,-1.30598,-0.124602,0.417163,0.246788,-0.181638,-0.304256,0.443969,-547.184,-508.299,2761.5,815.011,520.894,-1882.04,-2005.36,-819.359,713.376,4167.89,684.524,-60.5022,-3825.74,-379.508,89.5438,-786.665,-2764.26,-1893.05,-1138.15,1330.48,3721.9,-4549.31,2287.66,267.703,-2638.59,-2872.07,3581.78,-691.08,1559.76,-2665.15,-3407.54,531.827,2745.55,-223.138,-3512.96,4957.76,-1430.38,-3610.6,1490.59,-2808.39,2647.86,134.514,1058.66,-2025.01,485.435,3088.29,-408.039,1755.96,-843.537,223.64,-979.537,157.066,-382.401,-1592.82,146.539,630.355,1663.4,390.568,-1767.98,-422.267,-1066.21,3073.98,426.967,1910.6,-1257.09,-400.344,-1141.72,499.265,-2604.22,-1076.11,-4120.46,-2216.12,-5824.17,-626.233,4606.2,242.817,3643.23,1542.24,2193.71,656.864,865.569,271.498,-601.193,3442.11,1343.81,-669.027,-589.169,-124.323,-568.395,1995.34,2199.27,3168.19,1360.03,-1589.59,215.181,-2315.43,-552.459,2949.46,968.289,-1405.52
-250354,0,1,0,1,1,250391,-0.384764,0.00591807,1.98251,0.65987,0.194549,-1.62464,-1.32884,-0.638008,0.776036,1.76188,-0.149657,0.116447,-1.54277,-0.0636614,0.2482,-1.00728,-1.59481,-1.01706,-0.127135,0.559175,1.40119,-1.61276,1.8305,-0.0898098,-1.26576,-1.76124,1.23195,-0.269686,1.22789,-1.59845,-1.56077,0.458786,1.996,-0.185011,-1.75004,1.38731,-0.797919,-1.56933,0.936032,-1.67351,1.35279,0.444837,1.42627,-1.3104,-0.0724454,0.89088,-0.393547,0.886616,0.0264761,-0.478673,-1.03596,0.226382,0.0675763,-1.26799,0.156639,-0.0321617,0.998724,0.212245,-0.63784,-0.775643,-0.788799,1.94885,1.21166,0.828242,-0.92643,-0.62419,-1.08532,0.0134659,-0.922084,-1.04397,-1.82062,-0.720654,-1.94471,-0.376988,1.76676,-0.594025,1.17955,0.313105,1.16384,0.0323358,0.112372,0.276904,0.173359,1.84303,0.871915,-1.30925,-0.819472,-0.271119,0.144731,1.18899,1.07535,1.68402,1.67163,-0.91779,-0.253471,-1.68299,-0.374937,1.42931,0.855572,-1.19532,0.102944,-0.248201,-0.914985,0.198468,0.0850313,1.0444,0.544569,1.93538,0.2776,-2.38611,-1.28956,0.786861,0.503143,0.0334224,-0.726512,-1.81976,0.272716,-0.116743,1.30249,-0.8835,0.696175,0.28493,0.812352,1.78889,0.83385,0.23161,-1.61663,-0.745457,0.284084,-0.680009,0.183925,-1.297,-0.625218,-0.456276,-0.308563,0.809656,0.192011,0.859441,0.111795,-0.330371,0.292818,-0.0466197,0.886379,0.942028,-0.0989627,0.393327,-0.94338,0.0304805,-0.81668,1.01519,0.0346411,0.112652,0.213289,0.691222,-0.113408,0.846179,0.922434,-0.656486,-0.0856508,-0.385071,0.557825,0.196181,0.29997,0.115594,-0.457905,0.605413,-0.062739,0.666509,0.804264,-1.44713,0.528127,-0.16566,-0.498936,-0.200191,0.496519,1.03183,0.588146,-1.25877,2.97289,1.43869,-0.00732567,0.643368,0.194616,-1.37754,0.786714,-0.120463,-0.686742,1.31116,-0.258096,-1.69082,-0.408175,0.0688562,0.932408,-0.871793,-0.690651,0.108749,1.48934,0.825223,0.297176,-0.880029,-547.184,-508.299,2761.5,815.011,520.894,-1882.04,-2005.36,-819.359,713.376,4167.89,684.524,-60.5022,-3825.74,-379.508,89.5438,-786.665,-2764.26,-1893.05,-1138.15,1330.48,3721.9,-4549.31,2287.66,267.703,-2638.59,-2872.07,3581.78,-691.08,1559.76,-2665.15,-3407.54,531.827,2745.55,-223.138,-3512.96,4957.76,-1430.38,-3610.6,1490.59,-2808.39,2647.86,134.514,1058.66,-2025.01,485.435,3088.29,-408.039,1755.96,-843.537,223.64,-979.537,157.066,-382.401,-1592.82,146.539,630.355,1663.4,390.568,-1767.98,-422.267,-1066.21,3073.98,426.967,1910.6,-1257.09,-400.344,-1141.72,499.265,-2604.22,-1076.11,-4120.46,-2216.12,-5824.17,-626.233,4606.2,242.817,3643.23,1542.24,2193.71,656.864,865.569,271.498,-601.193,3442.11,1343.81,-669.027,-589.169,-124.323,-568.395,1995.34,2199.27,3168.19,1360.03,-1589.59,215.181,-2315.43,-552.459,2949.46,968.289,-1405.52
-250354,0,1,0,1,1,250395,-0.384764,0.00591807,1.98251,0.65987,0.194549,-1.62464,-1.32884,-0.638008,0.776036,1.76188,-0.149657,0.116447,-1.54277,-0.0636614,0.2482,-1.00728,-1.59481,-1.01706,-0.127135,0.559175,1.40119,-1.61276,1.8305,-0.0898098,-1.26576,-1.76124,1.23195,-0.269686,1.22789,-1.59845,-1.56077,0.458786,1.996,-0.185011,-1.75004,1.38731,-0.797919,-1.56933,0.936032,-1.67351,1.35279,0.444837,1.42627,-1.3104,-0.0724454,0.89088,-0.393547,0.886616,0.0264761,-0.478673,-1.03596,0.226382,0.0675763,-1.26799,0.156639,-0.0321617,0.998724,0.212245,-0.63784,-0.775643,-0.788799,1.94885,1.21166,0.828242,-0.92643,-0.62419,-1.08532,0.0134659,-0.922084,-1.04397,-1.82062,-0.720654,-1.94471,-0.376988,1.76676,-0.594025,1.17955,0.313105,1.16384,0.0323358,0.112372,0.276904,0.173359,1.84303,0.871915,-1.30925,-0.819472,-0.271119,0.144731,1.18899,1.07535,1.68402,1.67163,-0.91779,-0.253471,-1.68299,-0.374937,1.42931,0.855572,-1.19532,0.306487,1.47354,-0.534984,-0.863226,-1.20251,-0.038502,0.118253,0.450562,1.42705,-1.33013,-0.150236,0.674395,0.0895905,0.395387,-0.562416,0.256316,0.674327,-1.52544,-0.862969,0.155483,-0.459737,-0.101786,0.699673,0.676191,0.948807,0.624958,-0.717057,-0.718872,0.392648,1.98006,-0.91041,0.117241,0.201218,-0.208164,0.998847,0.659312,0.181214,1.30242,0.573078,-0.0127484,0.711697,1.23397,0.26498,-0.613471,0.0666974,0.00502186,0.919337,-1.26053,1.58059,-1.01405,-0.248379,-0.885607,1.00699,-0.410114,1.00322,-0.357873,1.28398,-0.232144,-0.202997,0.837159,0.056143,0.326213,0.225259,-0.667601,1.45129,-1.69269,-0.819915,0.506804,-0.711809,1.06964,0.764979,-0.759343,-1.4261,1.24747,1.58141,1.51479,0.617404,-0.183512,0.297171,-0.727426,-1.35235,-1.53716,1.82372,0.595151,-0.496077,-0.780254,0.388738,-0.508334,-1.96725,0.501907,0.288517,-0.30991,-2.45859,-0.333774,-0.505279,1.08201,1.75837,0.304718,0.438467,-0.408613,-547.184,-508.299,2761.5,815.011,520.894,-1882.04,-2005.36,-819.359,713.376,4167.89,684.524,-60.5022,-3825.74,-379.508,89.5438,-786.665,-2764.26,-1893.05,-1138.15,1330.48,3721.9,-4549.31,2287.66,267.703,-2638.59,-2872.07,3581.78,-691.08,1559.76,-2665.15,-3407.54,531.827,2745.55,-223.138,-3512.96,4957.76,-1430.38,-3610.6,1490.59,-2808.39,2647.86,134.514,1058.66,-2025.01,485.435,3088.29,-408.039,1755.96,-843.537,223.64,-979.537,157.066,-382.401,-1592.82,146.539,630.355,1663.4,390.568,-1767.98,-422.267,-1066.21,3073.98,426.967,1910.6,-1257.09,-400.344,-1141.72,499.265,-2604.22,-1076.11,-4120.46,-2216.12,-5824.17,-626.233,4606.2,242.817,3643.23,1542.24,2193.71,656.864,865.569,271.498,-601.193,3442.11,1343.81,-669.027,-589.169,-124.323,-568.395,1995.34,2199.27,3168.19,1360.03,-1589.59,215.181,-2315.43,-552.459,2949.46,968.289,-1405.52
-250354,0,1,0,1,1,250401,-0.384764,0.00591807,1.98251,0.65987,0.194549,-1.62464,-1.32884,-0.638008,0.776036,1.76188,-0.149657,0.116447,-1.54277,-0.0636614,0.2482,-1.00728,-1.59481,-1.01706,-0.127135,0.559175,1.40119,-1.61276,1.8305,-0.0898098,-1.26576,-1.76124,1.23195,-0.269686,1.22789,-1.59845,-1.56077,0.458786,1.996,-0.185011,-1.75004,1.38731,-0.797919,-1.56933,0.936032,-1.67351,1.35279,0.444837,1.42627,-1.3104,-0.0724454,0.89088,-0.393547,0.886616,0.0264761,-0.478673,-1.03596,0.226382,0.0675763,-1.26799,0.156639,-0.0321617,0.998724,0.212245,-0.63784,-0.775643,-0.788799,1.94885,1.21166,0.828242,-0.92643,-0.62419,-1.08532,0.0134659,-0.922084,-1.04397,-1.82062,-0.720654,-1.94471,-0.376988,1.76676,-0.594025,1.17955,0.313105,1.16384,0.0323358,0.112372,0.276904,0.173359,1.84303,0.871915,-1.30925,-0.819472,-0.271119,0.144731,1.18899,1.07535,1.68402,1.67163,-0.91779,-0.253471,-1.68299,-0.374937,1.42931,0.855572,-1.19532,-0.758058,0.434521,-0.485615,1.58507,0.915263,1.075,-0.210076,0.0424462,1.61618,-1.98222,0.0622754,-1.87416,-0.662486,0.227642,1.22471,0.607764,-0.00915444,-0.521724,-0.640429,-0.890024,-0.117228,1.32944,-1.05961,-1.65639,0.759794,-1.25105,1.42908,-0.832071,-1.71321,0.937403,1.42669,1.04032,1.18623,-0.398862,0.272082,0.708115,-2.58157,-1.30791,1.06788,-0.698208,0.607549,-0.0987075,0.718444,0.390227,-1.39872,-1.20744,0.36395,-1.84873,-0.038394,-0.563208,-0.826679,-0.720526,1.07271,0.808007,0.00352257,-0.129791,-0.406834,0.409126,0.0386589,0.828065,-0.470397,-1.18656,0.61805,0.29072,1.90358,0.921262,-0.734042,0.299431,0.347623,0.77734,-0.8095,-0.618686,1.10917,-1.05793,-1.15975,-0.00949156,0.245351,2.59224,0.0343034,0.382965,0.923358,-0.95691,-1.20908,1.01699,-0.637871,0.797999,0.421592,-1.25773,-0.218229,-0.560207,0.0674312,0.303836,-0.701158,-0.608446,0.255827,0.633158,-1.50374,1.24879,-0.997287,-0.0725631,-547.184,-508.299,2761.5,815.011,520.894,-1882.04,-2005.36,-819.359,713.376,4167.89,684.524,-60.5022,-3825.74,-379.508,89.5438,-786.665,-2764.26,-1893.05,-1138.15,1330.48,3721.9,-4549.31,2287.66,267.703,-2638.59,-2872.07,3581.78,-691.08,1559.76,-2665.15,-3407.54,531.827,2745.55,-223.138,-3512.96,4957.76,-1430.38,-3610.6,1490.59,-2808.39,2647.86,134.514,1058.66,-2025.01,485.435,3088.29,-408.039,1755.96,-843.537,223.64,-979.537,157.066,-382.401,-1592.82,146.539,630.355,1663.4,390.568,-1767.98,-422.267,-1066.21,3073.98,426.967,1910.6,-1257.09,-400.344,-1141.72,499.265,-2604.22,-1076.11,-4120.46,-2216.12,-5824.17,-626.233,4606.2,242.817,3643.23,1542.24,2193.71,656.864,865.569,271.498,-601.193,3442.11,1343.81,-669.027,-589.169,-124.323,-568.395,1995.34,2199.27,3168.19,1360.03,-1589.59,215.181,-2315.43,-552.459,2949.46,968.289,-1405.52
-250354,0,1,0,1,1,250407,-0.384764,0.00591807,1.98251,0.65987,0.194549,-1.62464,-1.32884,-0.638008,0.776036,1.76188,-0.149657,0.116447,-1.54277,-0.0636614,0.2482,-1.00728,-1.59481,-1.01706,-0.127135,0.559175,1.40119,-1.61276,1.8305,-0.0898098,-1.26576,-1.76124,1.23195,-0.269686,1.22789,-1.59845,-1.56077,0.458786,1.996,-0.185011,-1.75004,1.38731,-0.797919,-1.56933,0.936032,-1.67351,1.35279,0.444837,1.42627,-1.3104,-0.0724454,0.89088,-0.393547,0.886616,0.0264761,-0.478673,-1.03596,0.226382,0.0675763,-1.26799,0.156639,-0.0321617,0.998724,0.212245,-0.63784,-0.775643,-0.788799,1.94885,1.21166,0.828242,-0.92643,-0.62419,-1.08532,0.0134659,-0.922084,-1.04397,-1.82062,-0.720654,-1.94471,-0.376988,1.76676,-0.594025,1.17955,0.313105,1.16384,0.0323358,0.112372,0.276904,0.173359,1.84303,0.871915,-1.30925,-0.819472,-0.271119,0.144731,1.18899,1.07535,1.68402,1.67163,-0.91779,-0.253471,-1.68299,-0.374937,1.42931,0.855572,-1.19532,0.180846,1.43532,0.173933,1.63923,-1.59489,-1.2191,-0.498868,1.86261,0.282335,-0.474854,0.234256,-1.11189,-1.76981,-1.74161,-0.254054,-0.110815,-1.24392,0.279719,2.56079,-0.113347,-1.84169,-0.351863,-0.16196,0.458383,-0.17911,-1.19688,1.90763,1.95543,0.190587,-1.12411,0.491588,-0.0515191,0.232361,0.465646,-0.608272,-1.65433,0.811392,-0.158236,-0.102179,-0.917464,0.651125,2.17847,-0.792453,0.665118,-0.147267,0.11665,0.661,0.477091,-0.996999,-1.73016,0.145282,-0.454383,1.44515,-0.500321,0.802173,1.53792,0.136637,1.87273,0.895374,1.0537,0.37208,-0.518482,-0.673598,-0.707408,0.396774,-0.418275,0.68223,-0.332427,-0.334639,-2.11143,-0.485803,-1.96197,0.0470583,-0.406659,1.11942,1.45882,1.3865,0.515194,-0.597123,1.62881,0.539582,0.812531,-1.12639,0.301936,0.304464,1.01114,-0.0342305,-2.42263,0.553638,0.923363,1.13077,-0.0603273,-0.832083,0.868453,-0.900206,0.199645,0.956902,1.23185,0.444751,-0.278989,-547.184,-508.299,2761.5,815.011,520.894,-1882.04,-2005.36,-819.359,713.376,4167.89,684.524,-60.5022,-3825.74,-379.508,89.5438,-786.665,-2764.26,-1893.05,-1138.15,1330.48,3721.9,-4549.31,2287.66,267.703,-2638.59,-2872.07,3581.78,-691.08,1559.76,-2665.15,-3407.54,531.827,2745.55,-223.138,-3512.96,4957.76,-1430.38,-3610.6,1490.59,-2808.39,2647.86,134.514,1058.66,-2025.01,485.435,3088.29,-408.039,1755.96,-843.537,223.64,-979.537,157.066,-382.401,-1592.82,146.539,630.355,1663.4,390.568,-1767.98,-422.267,-1066.21,3073.98,426.967,1910.6,-1257.09,-400.344,-1141.72,499.265,-2604.22,-1076.11,-4120.46,-2216.12,-5824.17,-626.233,4606.2,242.817,3643.23,1542.24,2193.71,656.864,865.569,271.498,-601.193,3442.11,1343.81,-669.027,-589.169,-124.323,-568.395,1995.34,2199.27,3168.19,1360.03,-1589.59,215.181,-2315.43,-552.459,2949.46,968.289,-1405.52
-250354,0,1,0,1,1,250401,-0.384764,0.00591807,1.98251,0.65987,0.194549,-1.62464,-1.32884,-0.638008,0.776036,1.76188,-0.149657,0.116447,-1.54277,-0.0636614,0.2482,-1.00728,-1.59481,-1.01706,-0.127135,0.559175,1.40119,-1.61276,1.8305,-0.0898098,-1.26576,-1.76124,1.23195,-0.269686,1.22789,-1.59845,-1.56077,0.458786,1.996,-0.185011,-1.75004,1.38731,-0.797919,-1.56933,0.936032,-1.67351,1.35279,0.444837,1.42627,-1.3104,-0.0724454,0.89088,-0.393547,0.886616,0.0264761,-0.478673,-1.03596,0.226382,0.0675763,-1.26799,0.156639,-0.0321617,0.998724,0.212245,-0.63784,-0.775643,-0.788799,1.94885,1.21166,0.828242,-0.92643,-0.62419,-1.08532,0.0134659,-0.922084,-1.04397,-1.82062,-0.720654,-1.94471,-0.376988,1.76676,-0.594025,1.17955,0.313105,1.16384,0.0323358,0.112372,0.276904,0.173359,1.84303,0.871915,-1.30925,-0.819472,-0.271119,0.144731,1.18899,1.07535,1.68402,1.67163,-0.91779,-0.253471,-1.68299,-0.374937,1.42931,0.855572,-1.19532,-1.0416,-0.488244,-1.26358,0.0775948,0.170911,0.0466527,1.88184,-0.143595,-0.0287513,-0.697414,-0.188009,-0.012127,-0.0328631,-0.0913822,0.688856,0.367703,-1.29206,-0.579593,-0.536521,-0.456679,1.62934,0.889441,-0.0355041,-0.275241,0.350169,-1.91699,-0.0318735,0.80018,2.47958,-1.82208,0.166073,-0.494458,-1.16374,-0.625232,-0.221714,-0.240961,0.268692,-1.20756,-1.49596,2.01821,0.019367,-1.56288,0.426927,0.243913,1.2659,1.07835,0.683681,0.0694193,0.15905,1.09487,-0.328663,0.110243,0.106601,0.347497,-1.87373,1.1833,0.946029,-0.212707,0.576731,1.03614,0.312044,-1.18657,0.736905,-2.07271,-1.60835,0.224355,-1.00963,1.0441,0.397246,0.655785,0.303402,-0.00819252,-0.558249,-0.391274,0.394424,1.31603,1.03894,-1.72322,-1.56421,-0.559299,-1.44167,1.00251,-1.13771,-1.66756,0.665042,-0.967401,-0.374341,0.755051,-0.758163,-1.79377,0.0816926,1.03185,-0.41767,-0.793746,-1.12872,-1.49443,-1.12128,1.03036,0.0558135,-0.713038,-547.184,-508.299,2761.5,815.011,520.894,-1882.04,-2005.36,-819.359,713.376,4167.89,684.524,-60.5022,-3825.74,-379.508,89.5438,-786.665,-2764.26,-1893.05,-1138.15,1330.48,3721.9,-4549.31,2287.66,267.703,-2638.59,-2872.07,3581.78,-691.08,1559.76,-2665.15,-3407.54,531.827,2745.55,-223.138,-3512.96,4957.76,-1430.38,-3610.6,1490.59,-2808.39,2647.86,134.514,1058.66,-2025.01,485.435,3088.29,-408.039,1755.96,-843.537,223.64,-979.537,157.066,-382.401,-1592.82,146.539,630.355,1663.4,390.568,-1767.98,-422.267,-1066.21,3073.98,426.967,1910.6,-1257.09,-400.344,-1141.72,499.265,-2604.22,-1076.11,-4120.46,-2216.12,-5824.17,-626.233,4606.2,242.817,3643.23,1542.24,2193.71,656.864,865.569,271.498,-601.193,3442.11,1343.81,-669.027,-589.169,-124.323,-568.395,1995.34,2199.27,3168.19,1360.03,-1589.59,215.181,-2315.43,-552.459,2949.46,968.289,-1405.52
-250354,0,1,0,1,1,250405,-0.384764,0.00591807,1.98251,0.65987,0.194549,-1.62464,-1.32884,-0.638008,0.776036,1.76188,-0.149657,0.116447,-1.54277,-0.0636614,0.2482,-1.00728,-1.59481,-1.01706,-0.127135,0.559175,1.40119,-1.61276,1.8305,-0.0898098,-1.26576,-1.76124,1.23195,-0.269686,1.22789,-1.59845,-1.56077,0.458786,1.996,-0.185011,-1.75004,1.38731,-0.797919,-1.56933,0.936032,-1.67351,1.35279,0.444837,1.42627,-1.3104,-0.0724454,0.89088,-0.393547,0.886616,0.0264761,-0.478673,-1.03596,0.226382,0.0675763,-1.26799,0.156639,-0.0321617,0.998724,0.212245,-0.63784,-0.775643,-0.788799,1.94885,1.21166,0.828242,-0.92643,-0.62419,-1.08532,0.0134659,-0.922084,-1.04397,-1.82062,-0.720654,-1.94471,-0.376988,1.76676,-0.594025,1.17955,0.313105,1.16384,0.0323358,0.112372,0.276904,0.173359,1.84303,0.871915,-1.30925,-0.819472,-0.271119,0.144731,1.18899,1.07535,1.68402,1.67163,-0.91779,-0.253471,-1.68299,-0.374937,1.42931,0.855572,-1.19532,0.310834,-2.21084,2.10056,0.678532,0.0608637,-1.65844,1.01718,0.796185,-2.41652,1.91275,-1.10359,-1.35231,-1.1642,0.445251,-0.772863,1.09275,-0.945531,0.0402271,0.587661,-0.674708,0.411924,-0.0365385,-0.550599,0.137431,-0.175236,0.318896,1.17351,-0.218036,-1.05548,-1.29153,-0.86892,0.617756,0.611263,-0.786082,1.00763,-0.598986,-0.38793,-1.4607,0.0877301,-0.92157,-0.978661,0.378089,-0.211577,0.94493,0.606531,0.790032,0.834211,0.735963,0.70365,-0.69803,0.0754169,0.477413,-0.383687,-0.162057,-1.05962,-1.22501,-1.41542,-0.0851013,-0.928752,0.839923,-1.30685,-0.11153,-0.54323,-0.612014,-0.954573,-0.0371006,-0.213893,-0.483531,-0.0936929,2.25789,-0.158545,0.437221,-1.04377,-1.12971,1.37469,1.41312,0.544682,-0.22745,-0.810265,1.32913,1.18415,-1.99004,-1.13351,-1.63028,0.565352,-0.798939,-2.3482,-0.306349,1.07006,1.2597,-2.66883,0.917608,-0.58614,1.0524,0.259077,0.300058,0.23747,-0.387774,-0.410876,0.293365,-547.184,-508.299,2761.5,815.011,520.894,-1882.04,-2005.36,-819.359,713.376,4167.89,684.524,-60.5022,-3825.74,-379.508,89.5438,-786.665,-2764.26,-1893.05,-1138.15,1330.48,3721.9,-4549.31,2287.66,267.703,-2638.59,-2872.07,3581.78,-691.08,1559.76,-2665.15,-3407.54,531.827,2745.55,-223.138,-3512.96,4957.76,-1430.38,-3610.6,1490.59,-2808.39,2647.86,134.514,1058.66,-2025.01,485.435,3088.29,-408.039,1755.96,-843.537,223.64,-979.537,157.066,-382.401,-1592.82,146.539,630.355,1663.4,390.568,-1767.98,-422.267,-1066.21,3073.98,426.967,1910.6,-1257.09,-400.344,-1141.72,499.265,-2604.22,-1076.11,-4120.46,-2216.12,-5824.17,-626.233,4606.2,242.817,3643.23,1542.24,2193.71,656.864,865.569,271.498,-601.193,3442.11,1343.81,-669.027,-589.169,-124.323,-568.395,1995.34,2199.27,3168.19,1360.03,-1589.59,215.181,-2315.43,-552.459,2949.46,968.289,-1405.52
-250354,0,1,0,1,1,250409,-0.384764,0.00591807,1.98251,0.65987,0.194549,-1.62464,-1.32884,-0.638008,0.776036,1.76188,-0.149657,0.116447,-1.54277,-0.0636614,0.2482,-1.00728,-1.59481,-1.01706,-0.127135,0.559175,1.40119,-1.61276,1.8305,-0.0898098,-1.26576,-1.76124,1.23195,-0.269686,1.22789,-1.59845,-1.56077,0.458786,1.996,-0.185011,-1.75004,1.38731,-0.797919,-1.56933,0.936032,-1.67351,1.35279,0.444837,1.42627,-1.3104,-0.0724454,0.89088,-0.393547,0.886616,0.0264761,-0.478673,-1.03596,0.226382,0.0675763,-1.26799,0.156639,-0.0321617,0.998724,0.212245,-0.63784,-0.775643,-0.788799,1.94885,1.21166,0.828242,-0.92643,-0.62419,-1.08532,0.0134659,-0.922084,-1.04397,-1.82062,-0.720654,-1.94471,-0.376988,1.76676,-0.594025,1.17955,0.313105,1.16384,0.0323358,0.112372,0.276904,0.173359,1.84303,0.871915,-1.30925,-0.819472,-0.271119,0.144731,1.18899,1.07535,1.68402,1.67163,-0.91779,-0.253471,-1.68299,-0.374937,1.42931,0.855572,-1.19532,0.401046,0.853365,1.17833,0.852432,-0.534894,-1.74033,1.502,-0.115189,0.257189,-1.36037,1.2001,-0.11837,0.833557,0.492111,-0.632859,0.249593,0.651658,-1.45633,0.605823,1.15314,-0.902023,-1.24771,-0.187081,-0.800624,0.967295,0.0488222,0.120967,-0.407435,0.43483,0.192847,0.781852,-0.318878,-1.72748,0.260092,-0.286794,-1.45598,2.0391,-1.10005,0.956412,-0.583931,-0.417301,1.92859,-0.221712,-1.99896,0.085552,0.0351549,-1.38056,-0.238182,2.75657,0.756939,0.767646,0.267814,-1.42207,0.246839,0.201771,-0.0897985,-2.17859,0.431891,0.532879,-0.898981,-1.10713,-0.432268,0.259924,-0.971669,-0.715216,0.953435,-1.4133,0.0165828,0.493087,-0.452226,1.05437,1.05197,-1.59628,-1.47431,0.124908,-1.00757,0.0479936,1.44674,-1.55361,0.131313,-0.547549,0.388923,-0.407696,-0.873042,1.04686,0.0253439,-2.62768,-2.9324,-0.855646,0.377531,-1.46829,-0.316554,0.999891,-0.173815,1.5736,1.169,-1.71833,0.389003,-0.874054,-0.529295,-547.184,-508.299,2761.5,815.011,520.894,-1882.04,-2005.36,-819.359,713.376,4167.89,684.524,-60.5022,-3825.74,-379.508,89.5438,-786.665,-2764.26,-1893.05,-1138.15,1330.48,3721.9,-4549.31,2287.66,267.703,-2638.59,-2872.07,3581.78,-691.08,1559.76,-2665.15,-3407.54,531.827,2745.55,-223.138,-3512.96,4957.76,-1430.38,-3610.6,1490.59,-2808.39,2647.86,134.514,1058.66,-2025.01,485.435,3088.29,-408.039,1755.96,-843.537,223.64,-979.537,157.066,-382.401,-1592.82,146.539,630.355,1663.4,390.568,-1767.98,-422.267,-1066.21,3073.98,426.967,1910.6,-1257.09,-400.344,-1141.72,499.265,-2604.22,-1076.11,-4120.46,-2216.12,-5824.17,-626.233,4606.2,242.817,3643.23,1542.24,2193.71,656.864,865.569,271.498,-601.193,3442.11,1343.81,-669.027,-589.169,-124.323,-568.395,1995.34,2199.27,3168.19,1360.03,-1589.59,215.181,-2315.43,-552.459,2949.46,968.289,-1405.52
-250354,0,1,0,1,1,250399,-0.384764,0.00591807,1.98251,0.65987,0.194549,-1.62464,-1.32884,-0.638008,0.776036,1.76188,-0.149657,0.116447,-1.54277,-0.0636614,0.2482,-1.00728,-1.59481,-1.01706,-0.127135,0.559175,1.40119,-1.61276,1.8305,-0.0898098,-1.26576,-1.76124,1.23195,-0.269686,1.22789,-1.59845,-1.56077,0.458786,1.996,-0.185011,-1.75004,1.38731,-0.797919,-1.56933,0.936032,-1.67351,1.35279,0.444837,1.42627,-1.3104,-0.0724454,0.89088,-0.393547,0.886616,0.0264761,-0.478673,-1.03596,0.226382,0.0675763,-1.26799,0.156639,-0.0321617,0.998724,0.212245,-0.63784,-0.775643,-0.788799,1.94885,1.21166,0.828242,-0.92643,-0.62419,-1.08532,0.0134659,-0.922084,-1.04397,-1.82062,-0.720654,-1.94471,-0.376988,1.76676,-0.594025,1.17955,0.313105,1.16384,0.0323358,0.112372,0.276904,0.173359,1.84303,0.871915,-1.30925,-0.819472,-0.271119,0.144731,1.18899,1.07535,1.68402,1.67163,-0.91779,-0.253471,-1.68299,-0.374937,1.42931,0.855572,-1.19532,-0.416933,-0.385048,0.58381,-0.132364,-0.275707,-1.12717,1.20687,1.57839,-0.513339,0.409877,-0.471185,-0.26277,-0.527985,-0.0743985,-0.961539,0.607189,-0.133213,1.66539,-0.438843,-0.0476057,-0.718956,-0.295578,-0.460771,-0.390354,-1.23233,1.12421,0.346648,-0.124453,1.04668,-0.0591261,-0.0878878,-0.986112,0.372672,-0.408323,0.756446,-1.94086,-0.225175,-0.0672334,1.50274,-1.85493,-0.491991,0.00630551,0.148603,-1.33092,0.707535,-0.587823,-0.419042,-1.36666,-0.528608,-0.661746,-0.632183,1.6096,-0.417646,-1.28301,-0.452132,-0.527488,-1.59067,0.655965,-0.460271,-2.00095,1.043,-1.2926,0.288055,0.222553,-0.0596987,1.22376,0.196925,0.98531,0.14119,-1.22256,-2.42355,-2.97959,-0.0948622,-0.313207,0.376364,-0.292312,-0.0828227,0.924256,-0.81683,1.01718,1.07892,-1.34602,0.634455,-0.58724,0.195527,-1.00786,0.486132,-0.259994,1.76103,-1.78223,0.621405,-0.954511,0.241082,0.759081,1.6241,-0.340218,1.29586,0.525124,-0.864555,-0.551523,-547.184,-508.299,2761.5,815.011,520.894,-1882.04,-2005.36,-819.359,713.376,4167.89,684.524,-60.5022,-3825.74,-379.508,89.5438,-786.665,-2764.26,-1893.05,-1138.15,1330.48,3721.9,-4549.31,2287.66,267.703,-2638.59,-2872.07,3581.78,-691.08,1559.76,-2665.15,-3407.54,531.827,2745.55,-223.138,-3512.96,4957.76,-1430.38,-3610.6,1490.59,-2808.39,2647.86,134.514,1058.66,-2025.01,485.435,3088.29,-408.039,1755.96,-843.537,223.64,-979.537,157.066,-382.401,-1592.82,146.539,630.355,1663.4,390.568,-1767.98,-422.267,-1066.21,3073.98,426.967,1910.6,-1257.09,-400.344,-1141.72,499.265,-2604.22,-1076.11,-4120.46,-2216.12,-5824.17,-626.233,4606.2,242.817,3643.23,1542.24,2193.71,656.864,865.569,271.498,-601.193,3442.11,1343.81,-669.027,-589.169,-124.323,-568.395,1995.34,2199.27,3168.19,1360.03,-1589.59,215.181,-2315.43,-552.459,2949.46,968.289,-1405.52
-250354,0,1,0,1,1,250410,-0.384764,0.00591807,1.98251,0.65987,0.194549,-1.62464,-1.32884,-0.638008,0.776036,1.76188,-0.149657,0.116447,-1.54277,-0.0636614,0.2482,-1.00728,-1.59481,-1.01706,-0.127135,0.559175,1.40119,-1.61276,1.8305,-0.0898098,-1.26576,-1.76124,1.23195,-0.269686,1.22789,-1.59845,-1.56077,0.458786,1.996,-0.185011,-1.75004,1.38731,-0.797919,-1.56933,0.936032,-1.67351,1.35279,0.444837,1.42627,-1.3104,-0.0724454,0.89088,-0.393547,0.886616,0.0264761,-0.478673,-1.03596,0.226382,0.0675763,-1.26799,0.156639,-0.0321617,0.998724,0.212245,-0.63784,-0.775643,-0.788799,1.94885,1.21166,0.828242,-0.92643,-0.62419,-1.08532,0.0134659,-0.922084,-1.04397,-1.82062,-0.720654,-1.94471,-0.376988,1.76676,-0.594025,1.17955,0.313105,1.16384,0.0323358,0.112372,0.276904,0.173359,1.84303,0.871915,-1.30925,-0.819472,-0.271119,0.144731,1.18899,1.07535,1.68402,1.67163,-0.91779,-0.253471,-1.68299,-0.374937,1.42931,0.855572,-1.19532,0.411506,-1.22401,-1.16567,0.645147,0.894588,-1.04343,-0.491068,0.00175456,0.826146,1.33219,-1.15518,1.12824,0.779338,0.273303,0.829,0.630924,1.71589,-0.550936,0.45716,0.167902,-0.188226,-0.539774,1.30301,0.902771,-0.769239,0.892298,0.155282,3.24828,0.946909,0.793254,-0.53257,-0.122436,2.15123,0.917314,-2.55883,-0.0689848,-0.243985,0.800546,0.0355399,0.111725,2.39347,0.61818,0.596179,0.433947,-0.474295,-0.567238,0.115256,-0.246275,-0.637761,-0.343301,-1.06863,-0.0816826,-1.83595,0.646581,-1.09665,1.96425,-1.57883,-0.193677,-0.325014,0.516012,-2.38565,0.512608,-1.12511,-0.386354,-1.7133,-1.73549,0.787354,0.908653,-1.02427,0.490396,-1.60755,0.487224,1.34515,0.173585,0.558383,0.228603,0.464796,0.105591,-1.74859,0.868901,-0.428893,0.398645,-0.782055,0.655047,-0.278434,0.0590219,-0.104034,-0.252719,1.3061,-2.21375,-0.106339,-2.04428,-0.0236737,0.938719,-1.21746,0.237684,0.275661,0.977134,-2.12402,-0.479359,-547.184,-508.299,2761.5,815.011,520.894,-1882.04,-2005.36,-819.359,713.376,4167.89,684.524,-60.5022,-3825.74,-379.508,89.5438,-786.665,-2764.26,-1893.05,-1138.15,1330.48,3721.9,-4549.31,2287.66,267.703,-2638.59,-2872.07,3581.78,-691.08,1559.76,-2665.15,-3407.54,531.827,2745.55,-223.138,-3512.96,4957.76,-1430.38,-3610.6,1490.59,-2808.39,2647.86,134.514,1058.66,-2025.01,485.435,3088.29,-408.039,1755.96,-843.537,223.64,-979.537,157.066,-382.401,-1592.82,146.539,630.355,1663.4,390.568,-1767.98,-422.267,-1066.21,3073.98,426.967,1910.6,-1257.09,-400.344,-1141.72,499.265,-2604.22,-1076.11,-4120.46,-2216.12,-5824.17,-626.233,4606.2,242.817,3643.23,1542.24,2193.71,656.864,865.569,271.498,-601.193,3442.11,1343.81,-669.027,-589.169,-124.323,-568.395,1995.34,2199.27,3168.19,1360.03,-1589.59,215.181,-2315.43,-552.459,2949.46,968.289,-1405.52
-250354,0,1,0,1,1,250405,-0.384764,0.00591807,1.98251,0.65987,0.194549,-1.62464,-1.32884,-0.638008,0.776036,1.76188,-0.149657,0.116447,-1.54277,-0.0636614,0.2482,-1.00728,-1.59481,-1.01706,-0.127135,0.559175,1.40119,-1.61276,1.8305,-0.0898098,-1.26576,-1.76124,1.23195,-0.269686,1.22789,-1.59845,-1.56077,0.458786,1.996,-0.185011,-1.75004,1.38731,-0.797919,-1.56933,0.936032,-1.67351,1.35279,0.444837,1.42627,-1.3104,-0.0724454,0.89088,-0.393547,0.886616,0.0264761,-0.478673,-1.03596,0.226382,0.0675763,-1.26799,0.156639,-0.0321617,0.998724,0.212245,-0.63784,-0.775643,-0.788799,1.94885,1.21166,0.828242,-0.92643,-0.62419,-1.08532,0.0134659,-0.922084,-1.04397,-1.82062,-0.720654,-1.94471,-0.376988,1.76676,-0.594025,1.17955,0.313105,1.16384,0.0323358,0.112372,0.276904,0.173359,1.84303,0.871915,-1.30925,-0.819472,-0.271119,0.144731,1.18899,1.07535,1.68402,1.67163,-0.91779,-0.253471,-1.68299,-0.374937,1.42931,0.855572,-1.19532,-0.898195,0.321527,-0.64776,-1.31287,0.00542568,-1.6432,-0.995143,0.391974,-1.38115,-0.843323,0.850734,0.496569,0.325196,1.50046,-1.07304,0.376541,0.406957,0.191118,-0.023723,0.31144,1.06937,-0.56935,-2.65605,0.668229,0.485916,-0.44529,0.721435,-0.475123,0.35255,0.748437,-0.0641704,0.0612112,0.355152,1.30823,2.90415,0.0026371,-1.16171,-0.584186,-1.04822,1.86549,1.59936,0.936709,-0.78736,0.552804,0.671895,-0.860366,-0.643421,0.693671,-1.71609,0.159185,-1.31151,-0.0698592,-1.40861,-0.326882,0.111938,0.769623,0.259594,1.37459,0.676325,-1.14276,-0.884479,1.16951,-0.566579,-1.1192,0.429139,-0.037813,-1.07096,0.120286,-0.506119,-1.6267,0.530844,-0.552747,1.12923,-1.7977,0.94897,-0.243366,0.0356626,0.808296,1.87084,0.926599,2.27918,-0.135006,1.4552,0.290623,0.896769,0.751033,-0.229335,-1.76851,0.922668,-2.54517,-0.0369194,0.702013,-0.277169,0.230704,1.19783,0.0366887,0.312604,0.992692,-0.333419,1.09454,-547.184,-508.299,2761.5,815.011,520.894,-1882.04,-2005.36,-819.359,713.376,4167.89,684.524,-60.5022,-3825.74,-379.508,89.5438,-786.665,-2764.26,-1893.05,-1138.15,1330.48,3721.9,-4549.31,2287.66,267.703,-2638.59,-2872.07,3581.78,-691.08,1559.76,-2665.15,-3407.54,531.827,2745.55,-223.138,-3512.96,4957.76,-1430.38,-3610.6,1490.59,-2808.39,2647.86,134.514,1058.66,-2025.01,485.435,3088.29,-408.039,1755.96,-843.537,223.64,-979.537,157.066,-382.401,-1592.82,146.539,630.355,1663.4,390.568,-1767.98,-422.267,-1066.21,3073.98,426.967,1910.6,-1257.09,-400.344,-1141.72,499.265,-2604.22,-1076.11,-4120.46,-2216.12,-5824.17,-626.233,4606.2,242.817,3643.23,1542.24,2193.71,656.864,865.569,271.498,-601.193,3442.11,1343.81,-669.027,-589.169,-124.323,-568.395,1995.34,2199.27,3168.19,1360.03,-1589.59,215.181,-2315.43,-552.459,2949.46,968.289,-1405.52
-250354,0,1,0,1,1,250409,-0.384764,0.00591807,1.98251,0.65987,0.194549,-1.62464,-1.32884,-0.638008,0.776036,1.76188,-0.149657,0.116447,-1.54277,-0.0636614,0.2482,-1.00728,-1.59481,-1.01706,-0.127135,0.559175,1.40119,-1.61276,1.8305,-0.0898098,-1.26576,-1.76124,1.23195,-0.269686,1.22789,-1.59845,-1.56077,0.458786,1.996,-0.185011,-1.75004,1.38731,-0.797919,-1.56933,0.936032,-1.67351,1.35279,0.444837,1.42627,-1.3104,-0.0724454,0.89088,-0.393547,0.886616,0.0264761,-0.478673,-1.03596,0.226382,0.0675763,-1.26799,0.156639,-0.0321617,0.998724,0.212245,-0.63784,-0.775643,-0.788799,1.94885,1.21166,0.828242,-0.92643,-0.62419,-1.08532,0.0134659,-0.922084,-1.04397,-1.82062,-0.720654,-1.94471,-0.376988,1.76676,-0.594025,1.17955,0.313105,1.16384,0.0323358,0.112372,0.276904,0.173359,1.84303,0.871915,-1.30925,-0.819472,-0.271119,0.144731,1.18899,1.07535,1.68402,1.67163,-0.91779,-0.253471,-1.68299,-0.374937,1.42931,0.855572,-1.19532,0.323982,-2.08603,-1.07272,0.498584,-1.61767,2.8349,1.16554,1.71412,0.211356,-0.941509,0.795061,0.591548,1.04848,0.536522,0.0949486,2.28736,0.073224,1.81005,-0.965657,1.55999,1.29797,-1.78609,1.06157,0.580966,1.32293,-0.42912,1.38988,-0.341052,0.961649,1.05819,-0.358101,-0.466012,-0.0285741,1.0409,-0.740573,0.673468,0.0149215,1.93504,-0.222101,-0.242646,0.0403711,-0.413064,-0.8769,0.893088,-0.607401,-0.926505,-0.0491159,-0.260666,-0.298005,1.35813,1.52629,-0.286149,1.89992,0.508465,0.46775,1.20067,-1.26718,-0.73846,0.513737,0.181466,-0.795566,-0.471714,-0.577788,-1.13558,-2.16787,0.708018,-0.362542,-0.587869,0.638054,-1.05135,0.988596,0.193972,-0.947329,-1.24747,-1.01092,-0.25349,0.936871,2.14371,1.17915,-0.341345,-1.19349,0.91268,-0.170578,1.09626,-0.641659,0.959187,0.346158,1.26568,0.0471559,-0.288925,-1.14771,0.974357,1.94647,-0.496483,-0.325147,0.603646,-0.0744035,-1.85384,-0.097951,-1.12732,-547.184,-508.299,2761.5,815.011,520.894,-1882.04,-2005.36,-819.359,713.376,4167.89,684.524,-60.5022,-3825.74,-379.508,89.5438,-786.665,-2764.26,-1893.05,-1138.15,1330.48,3721.9,-4549.31,2287.66,267.703,-2638.59,-2872.07,3581.78,-691.08,1559.76,-2665.15,-3407.54,531.827,2745.55,-223.138,-3512.96,4957.76,-1430.38,-3610.6,1490.59,-2808.39,2647.86,134.514,1058.66,-2025.01,485.435,3088.29,-408.039,1755.96,-843.537,223.64,-979.537,157.066,-382.401,-1592.82,146.539,630.355,1663.4,390.568,-1767.98,-422.267,-1066.21,3073.98,426.967,1910.6,-1257.09,-400.344,-1141.72,499.265,-2604.22,-1076.11,-4120.46,-2216.12,-5824.17,-626.233,4606.2,242.817,3643.23,1542.24,2193.71,656.864,865.569,271.498,-601.193,3442.11,1343.81,-669.027,-589.169,-124.323,-568.395,1995.34,2199.27,3168.19,1360.03,-1589.59,215.181,-2315.43,-552.459,2949.46,968.289,-1405.52
-250354,0,1,0,1,1,250411,-0.384764,0.00591807,1.98251,0.65987,0.194549,-1.62464,-1.32884,-0.638008,0.776036,1.76188,-0.149657,0.116447,-1.54277,-0.0636614,0.2482,-1.00728,-1.59481,-1.01706,-0.127135,0.559175,1.40119,-1.61276,1.8305,-0.0898098,-1.26576,-1.76124,1.23195,-0.269686,1.22789,-1.59845,-1.56077,0.458786,1.996,-0.185011,-1.75004,1.38731,-0.797919,-1.56933,0.936032,-1.67351,1.35279,0.444837,1.42627,-1.3104,-0.0724454,0.89088,-0.393547,0.886616,0.0264761,-0.478673,-1.03596,0.226382,0.0675763,-1.26799,0.156639,-0.0321617,0.998724,0.212245,-0.63784,-0.775643,-0.788799,1.94885,1.21166,0.828242,-0.92643,-0.62419,-1.08532,0.0134659,-0.922084,-1.04397,-1.82062,-0.720654,-1.94471,-0.376988,1.76676,-0.594025,1.17955,0.313105,1.16384,0.0323358,0.112372,0.276904,0.173359,1.84303,0.871915,-1.30925,-0.819472,-0.271119,0.144731,1.18899,1.07535,1.68402,1.67163,-0.91779,-0.253471,-1.68299,-0.374937,1.42931,0.855572,-1.19532,0.719055,-1.46377,1.2866,-0.0959465,0.387415,-0.763723,0.542262,0.278431,-0.394468,-2.84893,-0.039815,-2.31479,-0.637368,0.492479,1.44016,0.0759033,-1.11005,0.398354,-1.51106,0.526361,-1.4947,1.06044,-1.2428,0.420945,1.14476,1.18834,-0.221169,-0.704122,-1.41816,-1.41124,-0.989396,1.07796,-1.08269,0.11756,-0.329331,-0.112427,-0.348982,0.877177,-0.580539,0.574588,-0.137306,-0.37367,-0.413515,-0.548154,0.577207,0.601755,-0.257828,-1.25331,1.05411,-1.46584,1.78558,-1.14177,0.452218,0.183287,0.445165,-0.352601,-1.64062,1.05303,3.62007,-0.592747,0.859038,-2.53614,-0.261602,-0.924542,-0.215897,-0.167692,0.453761,-1.63169,0.553212,0.0290245,-1.53094,0.0294832,-1.48487,-0.871402,-0.595872,0.103085,-0.0750211,0.180514,-1.61532,-0.860684,-1.56129,0.334463,-0.196813,-0.34082,0.45346,0.396087,0.628022,-0.773457,0.832052,-1.54195,2.51232,-0.092835,0.535894,-0.767472,-1.1846,-0.853594,-0.167072,-2.08682,-0.0665628,-1.37049,-547.184,-508.299,2761.5,815.011,520.894,-1882.04,-2005.36,-819.359,713.376,4167.89,684.524,-60.5022,-3825.74,-379.508,89.5438,-786.665,-2764.26,-1893.05,-1138.15,1330.48,3721.9,-4549.31,2287.66,267.703,-2638.59,-2872.07,3581.78,-691.08,1559.76,-2665.15,-3407.54,531.827,2745.55,-223.138,-3512.96,4957.76,-1430.38,-3610.6,1490.59,-2808.39,2647.86,134.514,1058.66,-2025.01,485.435,3088.29,-408.039,1755.96,-843.537,223.64,-979.537,157.066,-382.401,-1592.82,146.539,630.355,1663.4,390.568,-1767.98,-422.267,-1066.21,3073.98,426.967,1910.6,-1257.09,-400.344,-1141.72,499.265,-2604.22,-1076.11,-4120.46,-2216.12,-5824.17,-626.233,4606.2,242.817,3643.23,1542.24,2193.71,656.864,865.569,271.498,-601.193,3442.11,1343.81,-669.027,-589.169,-124.323,-568.395,1995.34,2199.27,3168.19,1360.03,-1589.59,215.181,-2315.43,-552.459,2949.46,968.289,-1405.52
-250354,0,1,0,1,1,250393,-0.384764,0.00591807,1.98251,0.65987,0.194549,-1.62464,-1.32884,-0.638008,0.776036,1.76188,-0.149657,0.116447,-1.54277,-0.0636614,0.2482,-1.00728,-1.59481,-1.01706,-0.127135,0.559175,1.40119,-1.61276,1.8305,-0.0898098,-1.26576,-1.76124,1.23195,-0.269686,1.22789,-1.59845,-1.56077,0.458786,1.996,-0.185011,-1.75004,1.38731,-0.797919,-1.56933,0.936032,-1.67351,1.35279,0.444837,1.42627,-1.3104,-0.0724454,0.89088,-0.393547,0.886616,0.0264761,-0.478673,-1.03596,0.226382,0.0675763,-1.26799,0.156639,-0.0321617,0.998724,0.212245,-0.63784,-0.775643,-0.788799,1.94885,1.21166,0.828242,-0.92643,-0.62419,-1.08532,0.0134659,-0.922084,-1.04397,-1.82062,-0.720654,-1.94471,-0.376988,1.76676,-0.594025,1.17955,0.313105,1.16384,0.0323358,0.112372,0.276904,0.173359,1.84303,0.871915,-1.30925,-0.819472,-0.271119,0.144731,1.18899,1.07535,1.68402,1.67163,-0.91779,-0.253471,-1.68299,-0.374937,1.42931,0.855572,-1.19532,2.00124,0.579714,1.02938,0.659415,0.228644,0.920234,0.781941,0.875778,0.119856,1.57608,-0.13152,-1.22735,-0.236664,-1.76783,-0.432237,-0.485445,-0.530508,-0.732764,0.261406,-0.581306,1.44923,-0.669776,1.72294,-0.266802,1.58123,0.928195,-0.0874666,-0.824171,-1.19942,-0.254999,-0.6966,-0.0418767,0.783613,-0.748222,-0.641408,-1.25119,0.679816,-1.13935,-0.719815,1.01579,-0.284869,-0.39283,-0.194742,0.343304,-0.334512,-0.338135,-0.545948,1.68131,1.64469,-1.37858,-1.66976,-0.312154,-0.377321,-0.460267,-0.158883,0.0938421,-0.250115,0.966245,0.227902,-0.204038,-0.640505,0.500918,-1.35565,1.01688,-1.35493,-0.594758,-0.62719,-0.524378,-0.000855225,1.00311,-1.02195,0.650046,0.313531,-0.547171,0.92438,0.689363,0.457323,0.654543,-1.85367,0.225873,1.59051,-0.082122,0.143244,-0.606283,-1.15692,-0.944256,-1.25236,0.388557,0.0558749,0.476249,-1.5797,0.391477,-0.312162,0.931087,0.27726,0.998076,1.54496,0.346026,0.431549,0.275094,-547.184,-508.299,2761.5,815.011,520.894,-1882.04,-2005.36,-819.359,713.376,4167.89,684.524,-60.5022,-3825.74,-379.508,89.5438,-786.665,-2764.26,-1893.05,-1138.15,1330.48,3721.9,-4549.31,2287.66,267.703,-2638.59,-2872.07,3581.78,-691.08,1559.76,-2665.15,-3407.54,531.827,2745.55,-223.138,-3512.96,4957.76,-1430.38,-3610.6,1490.59,-2808.39,2647.86,134.514,1058.66,-2025.01,485.435,3088.29,-408.039,1755.96,-843.537,223.64,-979.537,157.066,-382.401,-1592.82,146.539,630.355,1663.4,390.568,-1767.98,-422.267,-1066.21,3073.98,426.967,1910.6,-1257.09,-400.344,-1141.72,499.265,-2604.22,-1076.11,-4120.46,-2216.12,-5824.17,-626.233,4606.2,242.817,3643.23,1542.24,2193.71,656.864,865.569,271.498,-601.193,3442.11,1343.81,-669.027,-589.169,-124.323,-568.395,1995.34,2199.27,3168.19,1360.03,-1589.59,215.181,-2315.43,-552.459,2949.46,968.289,-1405.52
-250354,0,1,0,1,1,250404,-0.384764,0.00591807,1.98251,0.65987,0.194549,-1.62464,-1.32884,-0.638008,0.776036,1.76188,-0.149657,0.116447,-1.54277,-0.0636614,0.2482,-1.00728,-1.59481,-1.01706,-0.127135,0.559175,1.40119,-1.61276,1.8305,-0.0898098,-1.26576,-1.76124,1.23195,-0.269686,1.22789,-1.59845,-1.56077,0.458786,1.996,-0.185011,-1.75004,1.38731,-0.797919,-1.56933,0.936032,-1.67351,1.35279,0.444837,1.42627,-1.3104,-0.0724454,0.89088,-0.393547,0.886616,0.0264761,-0.478673,-1.03596,0.226382,0.0675763,-1.26799,0.156639,-0.0321617,0.998724,0.212245,-0.63784,-0.775643,-0.788799,1.94885,1.21166,0.828242,-0.92643,-0.62419,-1.08532,0.0134659,-0.922084,-1.04397,-1.82062,-0.720654,-1.94471,-0.376988,1.76676,-0.594025,1.17955,0.313105,1.16384,0.0323358,0.112372,0.276904,0.173359,1.84303,0.871915,-1.30925,-0.819472,-0.271119,0.144731,1.18899,1.07535,1.68402,1.67163,-0.91779,-0.253471,-1.68299,-0.374937,1.42931,0.855572,-1.19532,-0.255564,0.144044,0.259152,-1.1886,2.47277,0.237838,1.91673,0.532609,0.0309165,0.869312,-0.542755,-1.89482,1.02345,0.364189,-1.37123,-1.3601,1.47472,-1.13549,0.412252,-0.333988,-1.03979,0.692864,0.793718,0.754281,1.87324,-0.78862,-2.31629,-0.15576,0.332727,-1.56927,1.88277,0.963663,1.58689,0.116252,0.641416,0.733508,0.128647,-0.673769,-0.46042,-1.10358,-0.543501,-0.275035,-1.78673,0.259811,-0.636919,-0.274297,0.268399,-0.647699,-0.529434,-0.792999,-0.243075,-1.40463,-0.310224,-0.431482,0.403539,-0.131639,1.62329,-0.0257184,-1.57904,-0.40428,-0.339657,-1.27159,-0.172358,-0.77958,-0.885439,-1.07695,-1.63502,-2.00317,-1.19658,-0.632136,1.23846,-0.344931,-1.70914,-0.601598,-0.11382,-0.442303,0.865543,-0.993627,0.130274,-0.665458,0.161211,1.20982,0.971699,0.726481,-1.17815,0.96307,-0.851026,-0.372754,0.219298,-0.747104,0.779422,1.01075,0.399501,0.0519683,0.525324,1.91613,0.543872,0.191953,1.51921,1.14497,-547.184,-508.299,2761.5,815.011,520.894,-1882.04,-2005.36,-819.359,713.376,4167.89,684.524,-60.5022,-3825.74,-379.508,89.5438,-786.665,-2764.26,-1893.05,-1138.15,1330.48,3721.9,-4549.31,2287.66,267.703,-2638.59,-2872.07,3581.78,-691.08,1559.76,-2665.15,-3407.54,531.827,2745.55,-223.138,-3512.96,4957.76,-1430.38,-3610.6,1490.59,-2808.39,2647.86,134.514,1058.66,-2025.01,485.435,3088.29,-408.039,1755.96,-843.537,223.64,-979.537,157.066,-382.401,-1592.82,146.539,630.355,1663.4,390.568,-1767.98,-422.267,-1066.21,3073.98,426.967,1910.6,-1257.09,-400.344,-1141.72,499.265,-2604.22,-1076.11,-4120.46,-2216.12,-5824.17,-626.233,4606.2,242.817,3643.23,1542.24,2193.71,656.864,865.569,271.498,-601.193,3442.11,1343.81,-669.027,-589.169,-124.323,-568.395,1995.34,2199.27,3168.19,1360.03,-1589.59,215.181,-2315.43,-552.459,2949.46,968.289,-1405.52
-250354,0,1,0,1,1,250419,-0.384764,0.00591807,1.98251,0.65987,0.194549,-1.62464,-1.32884,-0.638008,0.776036,1.76188,-0.149657,0.116447,-1.54277,-0.0636614,0.2482,-1.00728,-1.59481,-1.01706,-0.127135,0.559175,1.40119,-1.61276,1.8305,-0.0898098,-1.26576,-1.76124,1.23195,-0.269686,1.22789,-1.59845,-1.56077,0.458786,1.996,-0.185011,-1.75004,1.38731,-0.797919,-1.56933,0.936032,-1.67351,1.35279,0.444837,1.42627,-1.3104,-0.0724454,0.89088,-0.393547,0.886616,0.0264761,-0.478673,-1.03596,0.226382,0.0675763,-1.26799,0.156639,-0.0321617,0.998724,0.212245,-0.63784,-0.775643,-0.788799,1.94885,1.21166,0.828242,-0.92643,-0.62419,-1.08532,0.0134659,-0.922084,-1.04397,-1.82062,-0.720654,-1.94471,-0.376988,1.76676,-0.594025,1.17955,0.313105,1.16384,0.0323358,0.112372,0.276904,0.173359,1.84303,0.871915,-1.30925,-0.819472,-0.271119,0.144731,1.18899,1.07535,1.68402,1.67163,-0.91779,-0.253471,-1.68299,-0.374937,1.42931,0.855572,-1.19532,0.00216758,1.61557,0.790028,0.528709,1.87062,-0.450738,-2.65498,0.0399331,-0.316641,0.199,-0.471119,0.551502,1.53644,-0.96705,-0.103521,-0.964648,0.436696,0.936299,-2.18333,-0.0390498,0.220723,1.63428,1.86047,-3.23502,-1.65608,0.530333,-1.55076,-0.876736,0.626196,-2.54782,0.366374,0.105018,0.656481,1.40291,0.335861,-0.928343,0.698661,0.208601,-1.03781,-1.82914,-0.0266039,-0.693644,-1.42817,-2.12183,2.10611,1.10076,0.109285,-1.61098,-0.624835,0.697354,-2.1948,-0.41959,1.90918,0.109101,-0.406051,0.142189,0.327984,-0.273602,0.702388,0.844347,-0.974999,0.0754399,-0.29986,-2.52002,0.598558,0.246365,1.17402,0.127223,-1.01158,0.716376,-0.789995,-0.136531,0.371729,0.864801,1.91932,0.365937,-1.15633,-0.617359,-0.0754707,1.4757,-0.928926,1.28885,-0.190105,-0.627803,-1.70836,1.23405,-0.166752,-0.105904,0.257645,0.594877,1.53019,1.51876,-0.030738,-1.55891,0.852959,-0.528101,-0.127624,-0.561607,-0.47004,-1.9983,-547.184,-508.299,2761.5,815.011,520.894,-1882.04,-2005.36,-819.359,713.376,4167.89,684.524,-60.5022,-3825.74,-379.508,89.5438,-786.665,-2764.26,-1893.05,-1138.15,1330.48,3721.9,-4549.31,2287.66,267.703,-2638.59,-2872.07,3581.78,-691.08,1559.76,-2665.15,-3407.54,531.827,2745.55,-223.138,-3512.96,4957.76,-1430.38,-3610.6,1490.59,-2808.39,2647.86,134.514,1058.66,-2025.01,485.435,3088.29,-408.039,1755.96,-843.537,223.64,-979.537,157.066,-382.401,-1592.82,146.539,630.355,1663.4,390.568,-1767.98,-422.267,-1066.21,3073.98,426.967,1910.6,-1257.09,-400.344,-1141.72,499.265,-2604.22,-1076.11,-4120.46,-2216.12,-5824.17,-626.233,4606.2,242.817,3643.23,1542.24,2193.71,656.864,865.569,271.498,-601.193,3442.11,1343.81,-669.027,-589.169,-124.323,-568.395,1995.34,2199.27,3168.19,1360.03,-1589.59,215.181,-2315.43,-552.459,2949.46,968.289,-1405.52
-250354,0,1,0,1,1,250408,-0.384764,0.00591807,1.98251,0.65987,0.194549,-1.62464,-1.32884,-0.638008,0.776036,1.76188,-0.149657,0.116447,-1.54277,-0.0636614,0.2482,-1.00728,-1.59481,-1.01706,-0.127135,0.559175,1.40119,-1.61276,1.8305,-0.0898098,-1.26576,-1.76124,1.23195,-0.269686,1.22789,-1.59845,-1.56077,0.458786,1.996,-0.185011,-1.75004,1.38731,-0.797919,-1.56933,0.936032,-1.67351,1.35279,0.444837,1.42627,-1.3104,-0.0724454,0.89088,-0.393547,0.886616,0.0264761,-0.478673,-1.03596,0.226382,0.0675763,-1.26799,0.156639,-0.0321617,0.998724,0.212245,-0.63784,-0.775643,-0.788799,1.94885,1.21166,0.828242,-0.92643,-0.62419,-1.08532,0.0134659,-0.922084,-1.04397,-1.82062,-0.720654,-1.94471,-0.376988,1.76676,-0.594025,1.17955,0.313105,1.16384,0.0323358,0.112372,0.276904,0.173359,1.84303,0.871915,-1.30925,-0.819472,-0.271119,0.144731,1.18899,1.07535,1.68402,1.67163,-0.91779,-0.253471,-1.68299,-0.374937,1.42931,0.855572,-1.19532,0.434804,0.669972,-1.38043,0.0581319,1.6453,0.208662,-0.329765,0.137549,-1.65752,-0.77771,-0.117738,-0.0567575,-0.0825578,1.5629,-1.62547,-1.11607,-0.622572,-0.0302293,1.41737,0.298088,-1.39291,0.153446,1.14632,-1.23226,-1.14376,0.434216,0.19065,-0.0947089,0.592454,-1.38336,-0.194203,1.24741,2.11398,1.50779,1.69001,-0.911147,0.525597,0.386974,-0.270444,-0.0377546,-0.884611,1.4722,-0.198378,-0.227044,0.677,-0.583866,-1.1808,1.05496,-0.525361,0.378986,-1.0292,1.57911,-0.209979,-0.57633,-1.12095,-0.671467,-0.483088,-0.703362,0.0943516,0.0974805,0.862707,-1.68897,-0.2578,-0.642487,1.83846,-0.0015739,0.190049,0.488102,0.475924,1.10752,0.110648,-0.455762,0.526346,0.141007,-0.722871,0.0412736,-0.983762,-0.0492524,1.07051,-2.76664,0.807689,0.536869,-1.48055,0.463375,0.849752,-0.999425,-0.402903,-1.01204,-1.16488,0.062032,-1.0579,-0.0977708,-1.15965,-1.29716,1.88516,0.274789,0.999705,-2.60876,-0.583204,-3.54288,-547.184,-508.299,2761.5,815.011,520.894,-1882.04,-2005.36,-819.359,713.376,4167.89,684.524,-60.5022,-3825.74,-379.508,89.5438,-786.665,-2764.26,-1893.05,-1138.15,1330.48,3721.9,-4549.31,2287.66,267.703,-2638.59,-2872.07,3581.78,-691.08,1559.76,-2665.15,-3407.54,531.827,2745.55,-223.138,-3512.96,4957.76,-1430.38,-3610.6,1490.59,-2808.39,2647.86,134.514,1058.66,-2025.01,485.435,3088.29,-408.039,1755.96,-843.537,223.64,-979.537,157.066,-382.401,-1592.82,146.539,630.355,1663.4,390.568,-1767.98,-422.267,-1066.21,3073.98,426.967,1910.6,-1257.09,-400.344,-1141.72,499.265,-2604.22,-1076.11,-4120.46,-2216.12,-5824.17,-626.233,4606.2,242.817,3643.23,1542.24,2193.71,656.864,865.569,271.498,-601.193,3442.11,1343.81,-669.027,-589.169,-124.323,-568.395,1995.34,2199.27,3168.19,1360.03,-1589.59,215.181,-2315.43,-552.459,2949.46,968.289,-1405.52
-250354,0,1,0,1,1,250396,-0.384764,0.00591807,1.98251,0.65987,0.194549,-1.62464,-1.32884,-0.638008,0.776036,1.76188,-0.149657,0.116447,-1.54277,-0.0636614,0.2482,-1.00728,-1.59481,-1.01706,-0.127135,0.559175,1.40119,-1.61276,1.8305,-0.0898098,-1.26576,-1.76124,1.23195,-0.269686,1.22789,-1.59845,-1.56077,0.458786,1.996,-0.185011,-1.75004,1.38731,-0.797919,-1.56933,0.936032,-1.67351,1.35279,0.444837,1.42627,-1.3104,-0.0724454,0.89088,-0.393547,0.886616,0.0264761,-0.478673,-1.03596,0.226382,0.0675763,-1.26799,0.156639,-0.0321617,0.998724,0.212245,-0.63784,-0.775643,-0.788799,1.94885,1.21166,0.828242,-0.92643,-0.62419,-1.08532,0.0134659,-0.922084,-1.04397,-1.82062,-0.720654,-1.94471,-0.376988,1.76676,-0.594025,1.17955,0.313105,1.16384,0.0323358,0.112372,0.276904,0.173359,1.84303,0.871915,-1.30925,-0.819472,-0.271119,0.144731,1.18899,1.07535,1.68402,1.67163,-0.91779,-0.253471,-1.68299,-0.374937,1.42931,0.855572,-1.19532,0.453511,-0.477896,-0.015982,-0.146669,0.556179,-1.0136,-0.583899,0.252423,0.00432788,0.230832,-1.4782,-0.318421,-0.653453,-0.145514,-0.859094,0.765786,1.09107,0.191535,0.399109,0.649884,-0.234861,0.244383,-2.11159,2.17932,-0.900463,0.122587,-1.27963,-0.533045,-1.08086,-0.69442,1.61623,0.174799,-0.663685,0.0130892,0.415828,-1.90082,-0.545364,-0.0962329,0.803612,-0.276434,-0.549662,0.568219,-0.632856,0.547115,-0.140194,0.784716,-1.43008,1.11277,0.644377,0.663567,1.52006,-0.116939,0.241784,2.40999,-0.709889,-1.43266,1.50601,-0.973559,-0.2808,-1.91871,-0.617324,-1.09279,1.61006,1.39347,-0.381372,0.964094,0.585531,-0.0575986,0.17549,0.149888,0.804678,0.696177,0.0426904,1.35533,-1.72464,-0.10907,0.740912,-0.495273,1.03965,1.15045,0.018469,-0.430296,-0.639333,-1.40331,1.24682,0.405061,-1.00897,0.216591,1.12115,-0.0615326,-0.181071,0.694479,0.24589,-0.774591,0.596116,-0.234004,1.20822,1.67275,0.647889,-0.914037,-547.184,-508.299,2761.5,815.011,520.894,-1882.04,-2005.36,-819.359,713.376,4167.89,684.524,-60.5022,-3825.74,-379.508,89.5438,-786.665,-2764.26,-1893.05,-1138.15,1330.48,3721.9,-4549.31,2287.66,267.703,-2638.59,-2872.07,3581.78,-691.08,1559.76,-2665.15,-3407.54,531.827,2745.55,-223.138,-3512.96,4957.76,-1430.38,-3610.6,1490.59,-2808.39,2647.86,134.514,1058.66,-2025.01,485.435,3088.29,-408.039,1755.96,-843.537,223.64,-979.537,157.066,-382.401,-1592.82,146.539,630.355,1663.4,390.568,-1767.98,-422.267,-1066.21,3073.98,426.967,1910.6,-1257.09,-400.344,-1141.72,499.265,-2604.22,-1076.11,-4120.46,-2216.12,-5824.17,-626.233,4606.2,242.817,3643.23,1542.24,2193.71,656.864,865.569,271.498,-601.193,3442.11,1343.81,-669.027,-589.169,-124.323,-568.395,1995.34,2199.27,3168.19,1360.03,-1589.59,215.181,-2315.43,-552.459,2949.46,968.289,-1405.52
-250354,0,1,0,1,1,250412,-0.384764,0.00591807,1.98251,0.65987,0.194549,-1.62464,-1.32884,-0.638008,0.776036,1.76188,-0.149657,0.116447,-1.54277,-0.0636614,0.2482,-1.00728,-1.59481,-1.01706,-0.127135,0.559175,1.40119,-1.61276,1.8305,-0.0898098,-1.26576,-1.76124,1.23195,-0.269686,1.22789,-1.59845,-1.56077,0.458786,1.996,-0.185011,-1.75004,1.38731,-0.797919,-1.56933,0.936032,-1.67351,1.35279,0.444837,1.42627,-1.3104,-0.0724454,0.89088,-0.393547,0.886616,0.0264761,-0.478673,-1.03596,0.226382,0.0675763,-1.26799,0.156639,-0.0321617,0.998724,0.212245,-0.63784,-0.775643,-0.788799,1.94885,1.21166,0.828242,-0.92643,-0.62419,-1.08532,0.0134659,-0.922084,-1.04397,-1.82062,-0.720654,-1.94471,-0.376988,1.76676,-0.594025,1.17955,0.313105,1.16384,0.0323358,0.112372,0.276904,0.173359,1.84303,0.871915,-1.30925,-0.819472,-0.271119,0.144731,1.18899,1.07535,1.68402,1.67163,-0.91779,-0.253471,-1.68299,-0.374937,1.42931,0.855572,-1.19532,0.878398,-1.47029,0.0776731,-0.860628,0.749543,-0.177148,-0.529543,1.92134,0.822361,-0.737609,-0.790383,0.431172,-1.07499,-1.33734,-0.318536,0.745312,0.782943,-0.201149,-1.12882,-0.0372076,0.665183,0.0735567,-1.08316,0.292297,0.784074,0.621335,0.467003,0.307975,0.682889,-1.72335,-0.589343,1.54597,-0.927908,1.84388,0.424249,2.39513,0.664656,-0.475488,0.298767,1.50763,-1.51173,0.644642,-1.3537,1.27093,0.861966,0.192567,0.342028,2.38272,-1.55181,-0.617674,1.52797,-0.736567,0.1694,-0.656286,-1.05824,0.443348,-0.247818,-1.32709,-0.454932,1.17681,-2.55917,0.586051,-0.120317,-0.602726,0.187858,2.62325,0.619638,0.674524,-0.0489372,-1.26796,-0.29229,1.6552,1.26328,0.440499,0.804715,-1.60154,-1.18726,-0.223466,1.1261,-0.34723,0.0788789,-0.311413,-0.518171,-0.140167,-0.582827,0.163368,-2.07932,-1.18574,0.442233,-0.109726,-1.02525,-0.23132,0.46252,1.18293,0.664037,-0.974567,-0.229609,-1.84011,-3.22053,-1.10849,-547.184,-508.299,2761.5,815.011,520.894,-1882.04,-2005.36,-819.359,713.376,4167.89,684.524,-60.5022,-3825.74,-379.508,89.5438,-786.665,-2764.26,-1893.05,-1138.15,1330.48,3721.9,-4549.31,2287.66,267.703,-2638.59,-2872.07,3581.78,-691.08,1559.76,-2665.15,-3407.54,531.827,2745.55,-223.138,-3512.96,4957.76,-1430.38,-3610.6,1490.59,-2808.39,2647.86,134.514,1058.66,-2025.01,485.435,3088.29,-408.039,1755.96,-843.537,223.64,-979.537,157.066,-382.401,-1592.82,146.539,630.355,1663.4,390.568,-1767.98,-422.267,-1066.21,3073.98,426.967,1910.6,-1257.09,-400.344,-1141.72,499.265,-2604.22,-1076.11,-4120.46,-2216.12,-5824.17,-626.233,4606.2,242.817,3643.23,1542.24,2193.71,656.864,865.569,271.498,-601.193,3442.11,1343.81,-669.027,-589.169,-124.323,-568.395,1995.34,2199.27,3168.19,1360.03,-1589.59,215.181,-2315.43,-552.459,2949.46,968.289,-1405.52
-250354,0,1,0,1,1,250407,-0.384764,0.00591807,1.98251,0.65987,0.194549,-1.62464,-1.32884,-0.638008,0.776036,1.76188,-0.149657,0.116447,-1.54277,-0.0636614,0.2482,-1.00728,-1.59481,-1.01706,-0.127135,0.559175,1.40119,-1.61276,1.8305,-0.0898098,-1.26576,-1.76124,1.23195,-0.269686,1.22789,-1.59845,-1.56077,0.458786,1.996,-0.185011,-1.75004,1.38731,-0.797919,-1.56933,0.936032,-1.67351,1.35279,0.444837,1.42627,-1.3104,-0.0724454,0.89088,-0.393547,0.886616,0.0264761,-0.478673,-1.03596,0.226382,0.0675763,-1.26799,0.156639,-0.0321617,0.998724,0.212245,-0.63784,-0.775643,-0.788799,1.94885,1.21166,0.828242,-0.92643,-0.62419,-1.08532,0.0134659,-0.922084,-1.04397,-1.82062,-0.720654,-1.94471,-0.376988,1.76676,-0.594025,1.17955,0.313105,1.16384,0.0323358,0.112372,0.276904,0.173359,1.84303,0.871915,-1.30925,-0.819472,-0.271119,0.144731,1.18899,1.07535,1.68402,1.67163,-0.91779,-0.253471,-1.68299,-0.374937,1.42931,0.855572,-1.19532,0.911291,-0.48284,-0.365274,-1.00273,1.60568,1.5271,1.04835,-0.908622,0.534593,-0.405959,-0.158052,0.860506,0.20527,-0.377073,-1.68312,0.725537,0.0419386,0.8627,0.814264,-1.42117,-1.25933,-0.517683,-1.30873,2.48443,0.33271,-2.05759,1.76296,-0.173674,0.286484,0.613107,-1.70727,0.606032,-1.06564,0.228353,0.443658,1.21436,0.171687,-1.30041,-1.36859,0.5016,-0.802494,-0.408105,-0.525082,2.47884,0.598977,0.299076,0.827816,0.516005,-2.01348,-0.280385,0.369056,0.325776,0.312166,-0.361693,-1.6254,-1.60201,1.27676,1.8585,-0.716077,1.12114,-0.702187,0.482369,1.36444,0.479089,0.845348,1.28037,0.175978,0.429189,1.02797,-0.873106,-0.733708,-0.365169,-1.22279,-0.504036,-0.352347,-0.955057,-0.565813,0.1961,0.19706,1.45752,0.764271,0.597699,-1.45293,0.219956,-0.113908,1.16358,0.30275,-0.797683,0.358545,0.373024,-1.70716,1.20916,-2.38309,-0.249102,0.511049,-1.19691,-1.67931,0.870666,-0.97974,-0.939722,-547.184,-508.299,2761.5,815.011,520.894,-1882.04,-2005.36,-819.359,713.376,4167.89,684.524,-60.5022,-3825.74,-379.508,89.5438,-786.665,-2764.26,-1893.05,-1138.15,1330.48,3721.9,-4549.31,2287.66,267.703,-2638.59,-2872.07,3581.78,-691.08,1559.76,-2665.15,-3407.54,531.827,2745.55,-223.138,-3512.96,4957.76,-1430.38,-3610.6,1490.59,-2808.39,2647.86,134.514,1058.66,-2025.01,485.435,3088.29,-408.039,1755.96,-843.537,223.64,-979.537,157.066,-382.401,-1592.82,146.539,630.355,1663.4,390.568,-1767.98,-422.267,-1066.21,3073.98,426.967,1910.6,-1257.09,-400.344,-1141.72,499.265,-2604.22,-1076.11,-4120.46,-2216.12,-5824.17,-626.233,4606.2,242.817,3643.23,1542.24,2193.71,656.864,865.569,271.498,-601.193,3442.11,1343.81,-669.027,-589.169,-124.323,-568.395,1995.34,2199.27,3168.19,1360.03,-1589.59,215.181,-2315.43,-552.459,2949.46,968.289,-1405.52
-250354,0,1,0,1,1,250403,-0.384764,0.00591807,1.98251,0.65987,0.194549,-1.62464,-1.32884,-0.638008,0.776036,1.76188,-0.149657,0.116447,-1.54277,-0.0636614,0.2482,-1.00728,-1.59481,-1.01706,-0.127135,0.559175,1.40119,-1.61276,1.8305,-0.0898098,-1.26576,-1.76124,1.23195,-0.269686,1.22789,-1.59845,-1.56077,0.458786,1.996,-0.185011,-1.75004,1.38731,-0.797919,-1.56933,0.936032,-1.67351,1.35279,0.444837,1.42627,-1.3104,-0.0724454,0.89088,-0.393547,0.886616,0.0264761,-0.478673,-1.03596,0.226382,0.0675763,-1.26799,0.156639,-0.0321617,0.998724,0.212245,-0.63784,-0.775643,-0.788799,1.94885,1.21166,0.828242,-0.92643,-0.62419,-1.08532,0.0134659,-0.922084,-1.04397,-1.82062,-0.720654,-1.94471,-0.376988,1.76676,-0.594025,1.17955,0.313105,1.16384,0.0323358,0.112372,0.276904,0.173359,1.84303,0.871915,-1.30925,-0.819472,-0.271119,0.144731,1.18899,1.07535,1.68402,1.67163,-0.91779,-0.253471,-1.68299,-0.374937,1.42931,0.855572,-1.19532,-2.91364,0.283198,0.60386,1.35035,2.228,1.38201,-1.36074,-0.711105,0.159272,2.01151,-0.0433719,0.240166,1.06896,-0.543407,0.249203,0.434643,0.587626,1.26585,0.583325,1.1456,-0.170351,0.361999,-0.07581,1.0557,1.58018,-0.209069,0.339321,1.69095,2.16566,1.03572,0.71931,1.01378,-1.00004,0.321895,0.193579,-0.683775,0.249841,3.07675,1.05894,-0.583469,0.672308,0.399028,-0.0230834,0.0600123,-0.571487,-0.614313,-1.1906,0.429715,-1.19974,-0.829337,0.356065,-1.02656,0.100658,0.110554,-1.71442,1.74714,0.902495,-0.264688,1.28863,0.484218,-0.568218,-0.89726,-0.993389,0.172809,0.626616,0.0607662,-0.0836606,-0.876132,-2.40664,1.10863,-0.209381,-1.42051,0.413129,-0.612805,-1.18594,-0.178227,0.654935,0.649619,-0.126598,-0.770789,0.470487,-1.33488,-0.656641,-0.190544,-0.0609118,1.2437,-0.187437,0.264882,0.822521,-0.21201,0.247088,0.0849312,-0.795056,1.54808,0.123937,1.03494,1.08523,1.09779,-0.360315,-0.312006,-547.184,-508.299,2761.5,815.011,520.894,-1882.04,-2005.36,-819.359,713.376,4167.89,684.524,-60.5022,-3825.74,-379.508,89.5438,-786.665,-2764.26,-1893.05,-1138.15,1330.48,3721.9,-4549.31,2287.66,267.703,-2638.59,-2872.07,3581.78,-691.08,1559.76,-2665.15,-3407.54,531.827,2745.55,-223.138,-3512.96,4957.76,-1430.38,-3610.6,1490.59,-2808.39,2647.86,134.514,1058.66,-2025.01,485.435,3088.29,-408.039,1755.96,-843.537,223.64,-979.537,157.066,-382.401,-1592.82,146.539,630.355,1663.4,390.568,-1767.98,-422.267,-1066.21,3073.98,426.967,1910.6,-1257.09,-400.344,-1141.72,499.265,-2604.22,-1076.11,-4120.46,-2216.12,-5824.17,-626.233,4606.2,242.817,3643.23,1542.24,2193.71,656.864,865.569,271.498,-601.193,3442.11,1343.81,-669.027,-589.169,-124.323,-568.395,1995.34,2199.27,3168.19,1360.03,-1589.59,215.181,-2315.43,-552.459,2949.46,968.289,-1405.52
-250354,0,1,0,1,1,250401,-0.384764,0.00591807,1.98251,0.65987,0.194549,-1.62464,-1.32884,-0.638008,0.776036,1.76188,-0.149657,0.116447,-1.54277,-0.0636614,0.2482,-1.00728,-1.59481,-1.01706,-0.127135,0.559175,1.40119,-1.61276,1.8305,-0.0898098,-1.26576,-1.76124,1.23195,-0.269686,1.22789,-1.59845,-1.56077,0.458786,1.996,-0.185011,-1.75004,1.38731,-0.797919,-1.56933,0.936032,-1.67351,1.35279,0.444837,1.42627,-1.3104,-0.0724454,0.89088,-0.393547,0.886616,0.0264761,-0.478673,-1.03596,0.226382,0.0675763,-1.26799,0.156639,-0.0321617,0.998724,0.212245,-0.63784,-0.775643,-0.788799,1.94885,1.21166,0.828242,-0.92643,-0.62419,-1.08532,0.0134659,-0.922084,-1.04397,-1.82062,-0.720654,-1.94471,-0.376988,1.76676,-0.594025,1.17955,0.313105,1.16384,0.0323358,0.112372,0.276904,0.173359,1.84303,0.871915,-1.30925,-0.819472,-0.271119,0.144731,1.18899,1.07535,1.68402,1.67163,-0.91779,-0.253471,-1.68299,-0.374937,1.42931,0.855572,-1.19532,-0.536432,0.620522,0.0117848,0.754687,-0.513064,-0.0554336,-1.00054,-0.830291,0.916803,1.28061,-1.20029,1.77507,-0.258305,-0.59908,-1.81853,-2.07441,1.18753,-0.131681,0.186769,-0.351323,-0.461546,0.755156,0.498989,0.625934,-2.29149,-0.45435,-1.21106,0.766632,1.1954,0.870349,-0.93566,-0.0838743,2.20659,-0.239885,-0.839921,1.74736,0.583229,-0.708401,0.742554,0.670284,0.00237858,-0.0816948,0.14602,-1.24059,-0.0110782,1.65332,0.962937,-1.10252,0.917873,0.448998,0.561574,1.15861,1.14115,-1.32457,-1.7569,-1.82143,0.738609,1.93045,1.56482,-0.739533,-0.743283,0.622445,1.1104,-0.288469,0.152122,1.4482,-0.305493,-0.0347945,-0.0679356,1.24734,0.508951,-0.828735,-0.904921,-0.757667,0.799739,1.08968,0.774686,-0.81005,0.14153,-1.15381,0.392762,-0.784803,-0.938867,0.110469,0.788029,-0.047891,-1.56152,0.378223,-1.96071,-0.0385222,-0.625797,0.35579,-0.406784,1.03705,-0.24354,-0.0215236,-0.641836,-1.2567,-0.858842,-0.238851,-547.184,-508.299,2761.5,815.011,520.894,-1882.04,-2005.36,-819.359,713.376,4167.89,684.524,-60.5022,-3825.74,-379.508,89.5438,-786.665,-2764.26,-1893.05,-1138.15,1330.48,3721.9,-4549.31,2287.66,267.703,-2638.59,-2872.07,3581.78,-691.08,1559.76,-2665.15,-3407.54,531.827,2745.55,-223.138,-3512.96,4957.76,-1430.38,-3610.6,1490.59,-2808.39,2647.86,134.514,1058.66,-2025.01,485.435,3088.29,-408.039,1755.96,-843.537,223.64,-979.537,157.066,-382.401,-1592.82,146.539,630.355,1663.4,390.568,-1767.98,-422.267,-1066.21,3073.98,426.967,1910.6,-1257.09,-400.344,-1141.72,499.265,-2604.22,-1076.11,-4120.46,-2216.12,-5824.17,-626.233,4606.2,242.817,3643.23,1542.24,2193.71,656.864,865.569,271.498,-601.193,3442.11,1343.81,-669.027,-589.169,-124.323,-568.395,1995.34,2199.27,3168.19,1360.03,-1589.59,215.181,-2315.43,-552.459,2949.46,968.289,-1405.52
-250354,0,1,0,1,1,250404,-0.384764,0.00591807,1.98251,0.65987,0.194549,-1.62464,-1.32884,-0.638008,0.776036,1.76188,-0.149657,0.116447,-1.54277,-0.0636614,0.2482,-1.00728,-1.59481,-1.01706,-0.127135,0.559175,1.40119,-1.61276,1.8305,-0.0898098,-1.26576,-1.76124,1.23195,-0.269686,1.22789,-1.59845,-1.56077,0.458786,1.996,-0.185011,-1.75004,1.38731,-0.797919,-1.56933,0.936032,-1.67351,1.35279,0.444837,1.42627,-1.3104,-0.0724454,0.89088,-0.393547,0.886616,0.0264761,-0.478673,-1.03596,0.226382,0.0675763,-1.26799,0.156639,-0.0321617,0.998724,0.212245,-0.63784,-0.775643,-0.788799,1.94885,1.21166,0.828242,-0.92643,-0.62419,-1.08532,0.0134659,-0.922084,-1.04397,-1.82062,-0.720654,-1.94471,-0.376988,1.76676,-0.594025,1.17955,0.313105,1.16384,0.0323358,0.112372,0.276904,0.173359,1.84303,0.871915,-1.30925,-0.819472,-0.271119,0.144731,1.18899,1.07535,1.68402,1.67163,-0.91779,-0.253471,-1.68299,-0.374937,1.42931,0.855572,-1.19532,-0.625853,0.475784,0.94477,0.83309,0.141766,-1.91866,1.44492,0.582414,2.9672,0.532517,0.49329,-0.873392,-0.28193,0.395138,0.755683,1.45627,1.35989,-0.818934,1.09189,-0.831239,-0.0543111,1.31267,1.04083,-0.424136,-0.188802,0.625035,-1.17458,-1.90503,0.560489,0.98222,-0.804977,1.15808,-0.331377,-0.46488,1.50683,1.49794,1.19177,-0.126739,-0.665963,1.9217,0.841078,-0.0835137,-1.16222,0.258681,0.930388,0.0658335,-0.423865,-0.47365,0.229401,-1.35037,-0.0921817,0.266672,1.36075,0.690822,1.47037,-0.162678,1.38413,1.9759,-0.41663,-0.0901656,-0.897665,0.762282,0.561723,1.74735,0.570034,1.18317,0.11574,-0.507294,0.825157,0.923439,-0.712829,-1.54054,-0.721802,-0.106498,-0.72524,0.56043,0.0447577,1.22932,-0.0724657,-1.20158,-0.332053,1.10011,-0.635066,-2.48827,0.323787,0.332951,-0.459352,0.501821,0.0794956,0.384024,1.26494,-1.17203,1.27346,0.605451,-0.657721,0.476438,-0.845802,1.6349,0.346347,-1.76073,-547.184,-508.299,2761.5,815.011,520.894,-1882.04,-2005.36,-819.359,713.376,4167.89,684.524,-60.5022,-3825.74,-379.508,89.5438,-786.665,-2764.26,-1893.05,-1138.15,1330.48,3721.9,-4549.31,2287.66,267.703,-2638.59,-2872.07,3581.78,-691.08,1559.76,-2665.15,-3407.54,531.827,2745.55,-223.138,-3512.96,4957.76,-1430.38,-3610.6,1490.59,-2808.39,2647.86,134.514,1058.66,-2025.01,485.435,3088.29,-408.039,1755.96,-843.537,223.64,-979.537,157.066,-382.401,-1592.82,146.539,630.355,1663.4,390.568,-1767.98,-422.267,-1066.21,3073.98,426.967,1910.6,-1257.09,-400.344,-1141.72,499.265,-2604.22,-1076.11,-4120.46,-2216.12,-5824.17,-626.233,4606.2,242.817,3643.23,1542.24,2193.71,656.864,865.569,271.498,-601.193,3442.11,1343.81,-669.027,-589.169,-124.323,-568.395,1995.34,2199.27,3168.19,1360.03,-1589.59,215.181,-2315.43,-552.459,2949.46,968.289,-1405.52
-250354,0,1,0,1,1,250405,-0.384764,0.00591807,1.98251,0.65987,0.194549,-1.62464,-1.32884,-0.638008,0.776036,1.76188,-0.149657,0.116447,-1.54277,-0.0636614,0.2482,-1.00728,-1.59481,-1.01706,-0.127135,0.559175,1.40119,-1.61276,1.8305,-0.0898098,-1.26576,-1.76124,1.23195,-0.269686,1.22789,-1.59845,-1.56077,0.458786,1.996,-0.185011,-1.75004,1.38731,-0.797919,-1.56933,0.936032,-1.67351,1.35279,0.444837,1.42627,-1.3104,-0.0724454,0.89088,-0.393547,0.886616,0.0264761,-0.478673,-1.03596,0.226382,0.0675763,-1.26799,0.156639,-0.0321617,0.998724,0.212245,-0.63784,-0.775643,-0.788799,1.94885,1.21166,0.828242,-0.92643,-0.62419,-1.08532,0.0134659,-0.922084,-1.04397,-1.82062,-0.720654,-1.94471,-0.376988,1.76676,-0.594025,1.17955,0.313105,1.16384,0.0323358,0.112372,0.276904,0.173359,1.84303,0.871915,-1.30925,-0.819472,-0.271119,0.144731,1.18899,1.07535,1.68402,1.67163,-0.91779,-0.253471,-1.68299,-0.374937,1.42931,0.855572,-1.19532,-1.08746,0.316184,-0.697959,1.13879,-1.45308,0.0335552,-0.450865,-0.402395,-0.044833,-0.316698,0.625258,2.53932,0.250541,0.346922,1.10031,0.801038,0.168801,0.345063,0.216656,1.16314,-0.226541,1.27474,-1.03712,0.182487,0.492507,-0.582971,1.7365,-0.540344,-0.160498,-1.42061,0.179138,-0.241159,-0.713374,-0.806584,-0.578034,-1.02368,0.791937,0.498479,-0.413459,-0.283774,0.65075,0.615103,1.47014,-0.221895,0.810411,-0.605361,1.1743,2.11943,-2.16981,1.7645,0.26547,0.358247,-0.573756,-1.26571,-0.611768,-0.702156,1.19677,0.215689,2.01319,-0.70176,-1.08655,-0.849976,-0.398468,-1.51329,-1.87894,0.721927,-0.907169,-0.637806,-0.863532,-1.63793,-0.9511,0.0796974,-0.888769,-0.999011,-0.00227537,0.329143,-0.0492725,0.0231704,3.06056,0.218344,0.784956,-0.311445,-0.262933,-1.13608,1.17589,-0.264615,-0.582128,-0.0270819,0.984188,0.869367,-1.63288,-2.2178,0.52176,-0.0993075,-0.501473,2.32933,-0.954642,-0.404208,0.978187,0.611334,-547.184,-508.299,2761.5,815.011,520.894,-1882.04,-2005.36,-819.359,713.376,4167.89,684.524,-60.5022,-3825.74,-379.508,89.5438,-786.665,-2764.26,-1893.05,-1138.15,1330.48,3721.9,-4549.31,2287.66,267.703,-2638.59,-2872.07,3581.78,-691.08,1559.76,-2665.15,-3407.54,531.827,2745.55,-223.138,-3512.96,4957.76,-1430.38,-3610.6,1490.59,-2808.39,2647.86,134.514,1058.66,-2025.01,485.435,3088.29,-408.039,1755.96,-843.537,223.64,-979.537,157.066,-382.401,-1592.82,146.539,630.355,1663.4,390.568,-1767.98,-422.267,-1066.21,3073.98,426.967,1910.6,-1257.09,-400.344,-1141.72,499.265,-2604.22,-1076.11,-4120.46,-2216.12,-5824.17,-626.233,4606.2,242.817,3643.23,1542.24,2193.71,656.864,865.569,271.498,-601.193,3442.11,1343.81,-669.027,-589.169,-124.323,-568.395,1995.34,2199.27,3168.19,1360.03,-1589.59,215.181,-2315.43,-552.459,2949.46,968.289,-1405.52
-250354,0,1,0,1,1,250406,-0.384764,0.00591807,1.98251,0.65987,0.194549,-1.62464,-1.32884,-0.638008,0.776036,1.76188,-0.149657,0.116447,-1.54277,-0.0636614,0.2482,-1.00728,-1.59481,-1.01706,-0.127135,0.559175,1.40119,-1.61276,1.8305,-0.0898098,-1.26576,-1.76124,1.23195,-0.269686,1.22789,-1.59845,-1.56077,0.458786,1.996,-0.185011,-1.75004,1.38731,-0.797919,-1.56933,0.936032,-1.67351,1.35279,0.444837,1.42627,-1.3104,-0.0724454,0.89088,-0.393547,0.886616,0.0264761,-0.478673,-1.03596,0.226382,0.0675763,-1.26799,0.156639,-0.0321617,0.998724,0.212245,-0.63784,-0.775643,-0.788799,1.94885,1.21166,0.828242,-0.92643,-0.62419,-1.08532,0.0134659,-0.922084,-1.04397,-1.82062,-0.720654,-1.94471,-0.376988,1.76676,-0.594025,1.17955,0.313105,1.16384,0.0323358,0.112372,0.276904,0.173359,1.84303,0.871915,-1.30925,-0.819472,-0.271119,0.144731,1.18899,1.07535,1.68402,1.67163,-0.91779,-0.253471,-1.68299,-0.374937,1.42931,0.855572,-1.19532,-0.26305,0.430473,-0.254466,-1.2996,-2.561,-0.0627261,1.69097,0.987105,-0.338902,-1.23527,1.14584,-1.19681,-0.255944,1.14625,0.924285,1.31443,-1.55179,-1.48341,0.251713,0.519119,0.282995,0.839946,0.451923,0.822402,1.13631,0.95554,0.233109,0.0478552,0.159318,-0.153543,-0.123335,-0.388169,-0.245407,-0.207783,2.27448,0.788062,2.32564,0.463846,-1.02564,-0.0991102,-2.97817,-0.36132,0.271475,0.367373,-0.851941,0.646743,0.170907,-0.893866,-0.025194,-1.36156,1.31141,-0.782212,0.931539,1.83945,0.0642469,0.215297,1.05856,-0.709665,-0.301775,-0.324111,-0.051352,0.949983,0.180198,0.737884,-1.1969,-0.219264,2.82659,-0.709831,-1.05081,0.371132,-0.55056,-0.15068,1.64874,1.26358,0.693297,2.04679,-0.714947,0.502062,-0.13657,-0.702959,-0.406131,-0.950686,0.207007,-1.46782,-1.47812,-0.771562,-0.423293,-1.54587,-1.60173,-0.0500142,-1.04859,0.159942,0.0333065,-0.436136,0.735599,-0.733304,0.287712,-0.558823,-0.177662,1.4534,-547.184,-508.299,2761.5,815.011,520.894,-1882.04,-2005.36,-819.359,713.376,4167.89,684.524,-60.5022,-3825.74,-379.508,89.5438,-786.665,-2764.26,-1893.05,-1138.15,1330.48,3721.9,-4549.31,2287.66,267.703,-2638.59,-2872.07,3581.78,-691.08,1559.76,-2665.15,-3407.54,531.827,2745.55,-223.138,-3512.96,4957.76,-1430.38,-3610.6,1490.59,-2808.39,2647.86,134.514,1058.66,-2025.01,485.435,3088.29,-408.039,1755.96,-843.537,223.64,-979.537,157.066,-382.401,-1592.82,146.539,630.355,1663.4,390.568,-1767.98,-422.267,-1066.21,3073.98,426.967,1910.6,-1257.09,-400.344,-1141.72,499.265,-2604.22,-1076.11,-4120.46,-2216.12,-5824.17,-626.233,4606.2,242.817,3643.23,1542.24,2193.71,656.864,865.569,271.498,-601.193,3442.11,1343.81,-669.027,-589.169,-124.323,-568.395,1995.34,2199.27,3168.19,1360.03,-1589.59,215.181,-2315.43,-552.459,2949.46,968.289,-1405.52
-250354,0,1,0,1,1,250405,-0.384764,0.00591807,1.98251,0.65987,0.194549,-1.62464,-1.32884,-0.638008,0.776036,1.76188,-0.149657,0.116447,-1.54277,-0.0636614,0.2482,-1.00728,-1.59481,-1.01706,-0.127135,0.559175,1.40119,-1.61276,1.8305,-0.0898098,-1.26576,-1.76124,1.23195,-0.269686,1.22789,-1.59845,-1.56077,0.458786,1.996,-0.185011,-1.75004,1.38731,-0.797919,-1.56933,0.936032,-1.67351,1.35279,0.444837,1.42627,-1.3104,-0.0724454,0.89088,-0.393547,0.886616,0.0264761,-0.478673,-1.03596,0.226382,0.0675763,-1.26799,0.156639,-0.0321617,0.998724,0.212245,-0.63784,-0.775643,-0.788799,1.94885,1.21166,0.828242,-0.92643,-0.62419,-1.08532,0.0134659,-0.922084,-1.04397,-1.82062,-0.720654,-1.94471,-0.376988,1.76676,-0.594025,1.17955,0.313105,1.16384,0.0323358,0.112372,0.276904,0.173359,1.84303,0.871915,-1.30925,-0.819472,-0.271119,0.144731,1.18899,1.07535,1.68402,1.67163,-0.91779,-0.253471,-1.68299,-0.374937,1.42931,0.855572,-1.19532,0.479869,-0.65225,1.24802,-0.0583287,0.711009,0.675151,-1.41864,-0.401266,2.12354,-0.545042,0.07506,-0.172945,0.281677,-0.254474,-0.701798,1.0202,-1.3534,1.31646,-1.19365,-0.838713,1.07249,-0.498927,0.729303,-1.06937,-0.105384,-0.313683,0.00111251,-0.364634,-0.971244,0.30298,-2.27719,-0.043237,0.417378,-1.11974,1.28511,-1.19558,-1.16629,0.269568,0.196021,0.456944,0.196878,0.7284,1.11829,-1.01969,-1.53767,-1.26529,1.26274,-1.84412,-1.75557,1.47484,-0.74389,-0.36289,-0.11803,-0.521448,-0.537259,-1.52607,-1.38749,2.48752,2.3534,-0.8052,-0.905782,-0.244854,0.220472,-0.917525,-0.396296,-2.07906,-1.13993,0.112408,0.631107,-1.1851,1.78111,-0.586793,0.0246103,-0.93755,-0.332492,-0.745037,0.231671,-0.0551649,0.265302,-0.467998,0.329441,-0.217972,1.13561,1.52448,-0.898001,-0.283075,0.0080598,-0.0634562,1.41478,0.144251,0.43923,2.34428,-0.456796,-1.55996,-0.845103,1.01803,-0.758939,-0.633706,0.478567,0.599924,-547.184,-508.299,2761.5,815.011,520.894,-1882.04,-2005.36,-819.359,713.376,4167.89,684.524,-60.5022,-3825.74,-379.508,89.5438,-786.665,-2764.26,-1893.05,-1138.15,1330.48,3721.9,-4549.31,2287.66,267.703,-2638.59,-2872.07,3581.78,-691.08,1559.76,-2665.15,-3407.54,531.827,2745.55,-223.138,-3512.96,4957.76,-1430.38,-3610.6,1490.59,-2808.39,2647.86,134.514,1058.66,-2025.01,485.435,3088.29,-408.039,1755.96,-843.537,223.64,-979.537,157.066,-382.401,-1592.82,146.539,630.355,1663.4,390.568,-1767.98,-422.267,-1066.21,3073.98,426.967,1910.6,-1257.09,-400.344,-1141.72,499.265,-2604.22,-1076.11,-4120.46,-2216.12,-5824.17,-626.233,4606.2,242.817,3643.23,1542.24,2193.71,656.864,865.569,271.498,-601.193,3442.11,1343.81,-669.027,-589.169,-124.323,-568.395,1995.34,2199.27,3168.19,1360.03,-1589.59,215.181,-2315.43,-552.459,2949.46,968.289,-1405.52
-250354,0,1,0,1,1,250406,-0.384764,0.00591807,1.98251,0.65987,0.194549,-1.62464,-1.32884,-0.638008,0.776036,1.76188,-0.149657,0.116447,-1.54277,-0.0636614,0.2482,-1.00728,-1.59481,-1.01706,-0.127135,0.559175,1.40119,-1.61276,1.8305,-0.0898098,-1.26576,-1.76124,1.23195,-0.269686,1.22789,-1.59845,-1.56077,0.458786,1.996,-0.185011,-1.75004,1.38731,-0.797919,-1.56933,0.936032,-1.67351,1.35279,0.444837,1.42627,-1.3104,-0.0724454,0.89088,-0.393547,0.886616,0.0264761,-0.478673,-1.03596,0.226382,0.0675763,-1.26799,0.156639,-0.0321617,0.998724,0.212245,-0.63784,-0.775643,-0.788799,1.94885,1.21166,0.828242,-0.92643,-0.62419,-1.08532,0.0134659,-0.922084,-1.04397,-1.82062,-0.720654,-1.94471,-0.376988,1.76676,-0.594025,1.17955,0.313105,1.16384,0.0323358,0.112372,0.276904,0.173359,1.84303,0.871915,-1.30925,-0.819472,-0.271119,0.144731,1.18899,1.07535,1.68402,1.67163,-0.91779,-0.253471,-1.68299,-0.374937,1.42931,0.855572,-1.19532,0.00853703,0.0413165,0.106606,1.61299,-1.53566,-0.67395,0.444749,-2.36523,-0.039226,-1.85921,0.631466,1.35378,-0.749616,1.62573,-0.411566,-0.396101,1.117,-0.342316,-0.933216,1.48381,-1.08896,-0.766761,-0.32667,-0.167679,-1.37126,-0.049313,-1.77143,-0.831944,-1.08842,0.427224,-0.61833,-0.0421964,-1.15406,0.0316687,0.638067,0.829461,-0.0276187,0.772923,0.696204,0.546051,-0.212367,0.0215744,-0.942245,1.39192,-0.754239,-0.722672,-0.888809,-1.7274,0.698374,0.338264,-0.145074,0.590051,0.33943,0.715385,1.40295,2.27818,2.49201,0.224649,0.504611,1.00493,-1.35424,0.0166474,0.0932637,1.92274,-0.0747915,0.249803,-1.38769,0.787257,0.472845,-1.33362,1.38523,-1.35647,-1.79259,-0.612441,0.497226,-0.603558,0.391016,-0.972793,-0.325686,1.00383,-0.837106,1.34611,1.52275,-0.712027,-1.0102,0.912445,-1.28147,-1.54736,-0.648464,-1.38108,-0.36732,-1.53054,-0.929429,0.683012,0.0279525,0.218301,-1.51247,-0.717038,-0.892829,-0.190158,-547.184,-508.299,2761.5,815.011,520.894,-1882.04,-2005.36,-819.359,713.376,4167.89,684.524,-60.5022,-3825.74,-379.508,89.5438,-786.665,-2764.26,-1893.05,-1138.15,1330.48,3721.9,-4549.31,2287.66,267.703,-2638.59,-2872.07,3581.78,-691.08,1559.76,-2665.15,-3407.54,531.827,2745.55,-223.138,-3512.96,4957.76,-1430.38,-3610.6,1490.59,-2808.39,2647.86,134.514,1058.66,-2025.01,485.435,3088.29,-408.039,1755.96,-843.537,223.64,-979.537,157.066,-382.401,-1592.82,146.539,630.355,1663.4,390.568,-1767.98,-422.267,-1066.21,3073.98,426.967,1910.6,-1257.09,-400.344,-1141.72,499.265,-2604.22,-1076.11,-4120.46,-2216.12,-5824.17,-626.233,4606.2,242.817,3643.23,1542.24,2193.71,656.864,865.569,271.498,-601.193,3442.11,1343.81,-669.027,-589.169,-124.323,-568.395,1995.34,2199.27,3168.19,1360.03,-1589.59,215.181,-2315.43,-552.459,2949.46,968.289,-1405.52
-250354,0,1,0,1,1,250399,-0.384764,0.00591807,1.98251,0.65987,0.194549,-1.62464,-1.32884,-0.638008,0.776036,1.76188,-0.149657,0.116447,-1.54277,-0.0636614,0.2482,-1.00728,-1.59481,-1.01706,-0.127135,0.559175,1.40119,-1.61276,1.8305,-0.0898098,-1.26576,-1.76124,1.23195,-0.269686,1.22789,-1.59845,-1.56077,0.458786,1.996,-0.185011,-1.75004,1.38731,-0.797919,-1.56933,0.936032,-1.67351,1.35279,0.444837,1.42627,-1.3104,-0.0724454,0.89088,-0.393547,0.886616,0.0264761,-0.478673,-1.03596,0.226382,0.0675763,-1.26799,0.156639,-0.0321617,0.998724,0.212245,-0.63784,-0.775643,-0.788799,1.94885,1.21166,0.828242,-0.92643,-0.62419,-1.08532,0.0134659,-0.922084,-1.04397,-1.82062,-0.720654,-1.94471,-0.376988,1.76676,-0.594025,1.17955,0.313105,1.16384,0.0323358,0.112372,0.276904,0.173359,1.84303,0.871915,-1.30925,-0.819472,-0.271119,0.144731,1.18899,1.07535,1.68402,1.67163,-0.91779,-0.253471,-1.68299,-0.374937,1.42931,0.855572,-1.19532,0.563955,0.304448,1.00268,0.366798,1.15286,-0.418644,-0.566679,-0.411179,0.927927,0.159842,-2.4404,-1.09818,1.72431,-0.0596723,1.71556,1.15944,0.612021,1.57616,1.34021,0.159727,-0.888083,-1.36826,0.668209,0.512544,-0.428252,-0.644087,-0.76997,1.48628,-0.343617,-0.965025,-0.839824,0.226557,-1.76285,-0.590865,-1.07418,0.787671,0.669372,0.978731,-1.66623,-0.0815563,-1.09144,0.315656,-1.04384,0.0408774,1.28618,0.742868,1.12931,-0.579826,1.82719,1.54171,0.774981,0.852319,-0.980959,0.630762,1.25862,0.249973,-1.36021,-0.655266,1.2098,0.590219,0.649622,0.845251,0.662831,0.105319,-1.33765,-0.590051,-1.17932,-0.131513,-0.256177,0.870832,1.40448,0.808727,-0.274114,1.11521,-0.311816,1.08179,-0.15721,0.654216,-0.100245,-0.414924,-0.516445,1.05225,1.17665,-0.2406,-0.417428,1.1016,-0.799263,1.31512,-1.19279,1.6249,-0.162948,0.522475,0.571612,1.00866,1.3477,0.982875,-0.173642,0.616169,0.747799,-0.11536,-547.184,-508.299,2761.5,815.011,520.894,-1882.04,-2005.36,-819.359,713.376,4167.89,684.524,-60.5022,-3825.74,-379.508,89.5438,-786.665,-2764.26,-1893.05,-1138.15,1330.48,3721.9,-4549.31,2287.66,267.703,-2638.59,-2872.07,3581.78,-691.08,1559.76,-2665.15,-3407.54,531.827,2745.55,-223.138,-3512.96,4957.76,-1430.38,-3610.6,1490.59,-2808.39,2647.86,134.514,1058.66,-2025.01,485.435,3088.29,-408.039,1755.96,-843.537,223.64,-979.537,157.066,-382.401,-1592.82,146.539,630.355,1663.4,390.568,-1767.98,-422.267,-1066.21,3073.98,426.967,1910.6,-1257.09,-400.344,-1141.72,499.265,-2604.22,-1076.11,-4120.46,-2216.12,-5824.17,-626.233,4606.2,242.817,3643.23,1542.24,2193.71,656.864,865.569,271.498,-601.193,3442.11,1343.81,-669.027,-589.169,-124.323,-568.395,1995.34,2199.27,3168.19,1360.03,-1589.59,215.181,-2315.43,-552.459,2949.46,968.289,-1405.52
-250354,0,1,0,1,1,250410,-0.384764,0.00591807,1.98251,0.65987,0.194549,-1.62464,-1.32884,-0.638008,0.776036,1.76188,-0.149657,0.116447,-1.54277,-0.0636614,0.2482,-1.00728,-1.59481,-1.01706,-0.127135,0.559175,1.40119,-1.61276,1.8305,-0.0898098,-1.26576,-1.76124,1.23195,-0.269686,1.22789,-1.59845,-1.56077,0.458786,1.996,-0.185011,-1.75004,1.38731,-0.797919,-1.56933,0.936032,-1.67351,1.35279,0.444837,1.42627,-1.3104,-0.0724454,0.89088,-0.393547,0.886616,0.0264761,-0.478673,-1.03596,0.226382,0.0675763,-1.26799,0.156639,-0.0321617,0.998724,0.212245,-0.63784,-0.775643,-0.788799,1.94885,1.21166,0.828242,-0.92643,-0.62419,-1.08532,0.0134659,-0.922084,-1.04397,-1.82062,-0.720654,-1.94471,-0.376988,1.76676,-0.594025,1.17955,0.313105,1.16384,0.0323358,0.112372,0.276904,0.173359,1.84303,0.871915,-1.30925,-0.819472,-0.271119,0.144731,1.18899,1.07535,1.68402,1.67163,-0.91779,-0.253471,-1.68299,-0.374937,1.42931,0.855572,-1.19532,-0.0404431,0.163052,-0.138368,0.340436,-0.549759,-0.116208,0.370542,0.688373,-0.641612,-0.477449,-0.124185,1.6728,-0.602558,0.251565,0.652611,-0.694341,1.46297,0.518429,1.00178,0.183221,-0.127035,1.47313,0.620989,-1.23381,-0.822808,0.20441,0.0212678,1.95177,-0.712267,-0.0227074,-0.0391794,0.144871,-1.04592,-1.15955,-0.890906,0.531966,-1.03419,1.42574,-0.46877,-0.1688,-1.74192,-0.476829,-2.03965,0.212532,-0.974471,-1.72914,-0.490934,-1.20826,0.456364,-0.434963,0.857802,1.69595,-1.49569,-0.570866,0.931639,0.376785,0.302754,1.00008,-3.44934,0.83899,1.83924,-0.681468,-1.60943,-1.50821,0.743252,-1.26588,0.308079,0.712263,-0.672812,1.31978,-1.3972,-1.30339,0.114571,2.63337,0.315957,-0.709586,0.779626,-0.101628,0.905393,0.592181,0.115447,2.9093,1.11302,-0.686501,0.220867,0.105572,0.5252,-0.47821,-0.846497,-0.837121,-0.549948,-1.63215,2.39645,0.713008,-0.470401,-0.0530285,0.514237,1.56324,0.912984,0.0724035,-547.184,-508.299,2761.5,815.011,520.894,-1882.04,-2005.36,-819.359,713.376,4167.89,684.524,-60.5022,-3825.74,-379.508,89.5438,-786.665,-2764.26,-1893.05,-1138.15,1330.48,3721.9,-4549.31,2287.66,267.703,-2638.59,-2872.07,3581.78,-691.08,1559.76,-2665.15,-3407.54,531.827,2745.55,-223.138,-3512.96,4957.76,-1430.38,-3610.6,1490.59,-2808.39,2647.86,134.514,1058.66,-2025.01,485.435,3088.29,-408.039,1755.96,-843.537,223.64,-979.537,157.066,-382.401,-1592.82,146.539,630.355,1663.4,390.568,-1767.98,-422.267,-1066.21,3073.98,426.967,1910.6,-1257.09,-400.344,-1141.72,499.265,-2604.22,-1076.11,-4120.46,-2216.12,-5824.17,-626.233,4606.2,242.817,3643.23,1542.24,2193.71,656.864,865.569,271.498,-601.193,3442.11,1343.81,-669.027,-589.169,-124.323,-568.395,1995.34,2199.27,3168.19,1360.03,-1589.59,215.181,-2315.43,-552.459,2949.46,968.289,-1405.52
-250354,0,1,0,1,1,250395,-0.384764,0.00591807,1.98251,0.65987,0.194549,-1.62464,-1.32884,-0.638008,0.776036,1.76188,-0.149657,0.116447,-1.54277,-0.0636614,0.2482,-1.00728,-1.59481,-1.01706,-0.127135,0.559175,1.40119,-1.61276,1.8305,-0.0898098,-1.26576,-1.76124,1.23195,-0.269686,1.22789,-1.59845,-1.56077,0.458786,1.996,-0.185011,-1.75004,1.38731,-0.797919,-1.56933,0.936032,-1.67351,1.35279,0.444837,1.42627,-1.3104,-0.0724454,0.89088,-0.393547,0.886616,0.0264761,-0.478673,-1.03596,0.226382,0.0675763,-1.26799,0.156639,-0.0321617,0.998724,0.212245,-0.63784,-0.775643,-0.788799,1.94885,1.21166,0.828242,-0.92643,-0.62419,-1.08532,0.0134659,-0.922084,-1.04397,-1.82062,-0.720654,-1.94471,-0.376988,1.76676,-0.594025,1.17955,0.313105,1.16384,0.0323358,0.112372,0.276904,0.173359,1.84303,0.871915,-1.30925,-0.819472,-0.271119,0.144731,1.18899,1.07535,1.68402,1.67163,-0.91779,-0.253471,-1.68299,-0.374937,1.42931,0.855572,-1.19532,-1.58616,-1.05423,-0.239994,-1.10695,0.618692,-0.861242,0.771978,-0.405165,-0.400803,0.170042,0.29249,0.20695,-1.69684,0.316675,0.711933,0.0478893,-0.27797,1.34491,0.66252,1.43318,0.0445574,-0.741743,-1.08241,-1.07612,-0.452515,0.0172602,0.181649,0.0691515,-0.262937,-0.765791,-1.43049,-0.53336,-0.126997,0.134282,-1.06785,0.153362,0.239136,2.09996,-0.738091,0.514306,0.171404,-0.986497,-0.0612721,-0.321215,1.67106,0.242755,-1.00804,-0.00944772,1.28686,1.02115,1.65645,-0.410815,1.67954,-0.264299,0.406758,-0.90568,0.82438,0.605011,0.50609,-1.46597,0.998672,-0.00867929,-0.0650821,-0.391004,0.868539,1.05121,-0.523794,-0.588207,1.10066,-1.45027,1.48608,-0.10245,0.556765,0.296683,0.0592478,0.133583,-0.437634,1.05084,0.167335,-0.112514,0.18025,0.763167,0.310169,2.81577,0.16167,0.858342,-0.694772,-0.0634985,1.25407,1.35079,-0.815047,-2.06344,-0.779799,0.74311,-0.843619,-0.227859,0.0540881,-2.11491,-0.0198248,0.506294,-547.184,-508.299,2761.5,815.011,520.894,-1882.04,-2005.36,-819.359,713.376,4167.89,684.524,-60.5022,-3825.74,-379.508,89.5438,-786.665,-2764.26,-1893.05,-1138.15,1330.48,3721.9,-4549.31,2287.66,267.703,-2638.59,-2872.07,3581.78,-691.08,1559.76,-2665.15,-3407.54,531.827,2745.55,-223.138,-3512.96,4957.76,-1430.38,-3610.6,1490.59,-2808.39,2647.86,134.514,1058.66,-2025.01,485.435,3088.29,-408.039,1755.96,-843.537,223.64,-979.537,157.066,-382.401,-1592.82,146.539,630.355,1663.4,390.568,-1767.98,-422.267,-1066.21,3073.98,426.967,1910.6,-1257.09,-400.344,-1141.72,499.265,-2604.22,-1076.11,-4120.46,-2216.12,-5824.17,-626.233,4606.2,242.817,3643.23,1542.24,2193.71,656.864,865.569,271.498,-601.193,3442.11,1343.81,-669.027,-589.169,-124.323,-568.395,1995.34,2199.27,3168.19,1360.03,-1589.59,215.181,-2315.43,-552.459,2949.46,968.289,-1405.52
-250354,0,1,0,1,1,250387,-0.384764,0.00591807,1.98251,0.65987,0.194549,-1.62464,-1.32884,-0.638008,0.776036,1.76188,-0.149657,0.116447,-1.54277,-0.0636614,0.2482,-1.00728,-1.59481,-1.01706,-0.127135,0.559175,1.40119,-1.61276,1.8305,-0.0898098,-1.26576,-1.76124,1.23195,-0.269686,1.22789,-1.59845,-1.56077,0.458786,1.996,-0.185011,-1.75004,1.38731,-0.797919,-1.56933,0.936032,-1.67351,1.35279,0.444837,1.42627,-1.3104,-0.0724454,0.89088,-0.393547,0.886616,0.0264761,-0.478673,-1.03596,0.226382,0.0675763,-1.26799,0.156639,-0.0321617,0.998724,0.212245,-0.63784,-0.775643,-0.788799,1.94885,1.21166,0.828242,-0.92643,-0.62419,-1.08532,0.0134659,-0.922084,-1.04397,-1.82062,-0.720654,-1.94471,-0.376988,1.76676,-0.594025,1.17955,0.313105,1.16384,0.0323358,0.112372,0.276904,0.173359,1.84303,0.871915,-1.30925,-0.819472,-0.271119,0.144731,1.18899,1.07535,1.68402,1.67163,-0.91779,-0.253471,-1.68299,-0.374937,1.42931,0.855572,-1.19532,0.419713,1.01139,0.0555181,-0.842325,-0.00381894,-0.685665,-0.846054,1.24604,0.363202,-0.373156,0.744657,0.132579,-0.847795,-1.22724,0.603546,0.80346,-0.0365857,1.77919,-1.38442,-1.24783,0.334582,0.865388,-0.0856712,-0.561031,-1.59893,0.262051,-0.141236,0.832468,-0.244339,0.333336,0.009917,0.0406867,-0.392625,-1.01145,-0.889287,-0.15598,0.252631,-1.47954,-1.65739,0.328131,-0.23797,0.336886,0.623104,-0.41945,0.0673633,1.76403,-0.392189,-0.258499,0.63472,0.058563,-0.31715,-0.550952,-0.140186,0.0528066,-1.34939,1.34437,-0.88703,0.133995,0.147787,-0.673703,2.01541,1.4081,0.266927,-0.293544,-1.10321,1.58365,-0.717821,0.0258676,0.538351,-0.399887,1.8465,0.198278,-0.235858,0.962877,-0.780641,0.904461,-0.26918,-0.713129,1.25995,0.113511,0.211545,0.311257,0.414487,1.22563,0.178036,0.45124,-0.966621,1.16805,-1.02974,0.202866,-0.67498,-0.765683,-0.826839,-0.07414,-0.2776,0.321401,0.00726476,0.307497,0.516839,1.10003,-547.184,-508.299,2761.5,815.011,520.894,-1882.04,-2005.36,-819.359,713.376,4167.89,684.524,-60.5022,-3825.74,-379.508,89.5438,-786.665,-2764.26,-1893.05,-1138.15,1330.48,3721.9,-4549.31,2287.66,267.703,-2638.59,-2872.07,3581.78,-691.08,1559.76,-2665.15,-3407.54,531.827,2745.55,-223.138,-3512.96,4957.76,-1430.38,-3610.6,1490.59,-2808.39,2647.86,134.514,1058.66,-2025.01,485.435,3088.29,-408.039,1755.96,-843.537,223.64,-979.537,157.066,-382.401,-1592.82,146.539,630.355,1663.4,390.568,-1767.98,-422.267,-1066.21,3073.98,426.967,1910.6,-1257.09,-400.344,-1141.72,499.265,-2604.22,-1076.11,-4120.46,-2216.12,-5824.17,-626.233,4606.2,242.817,3643.23,1542.24,2193.71,656.864,865.569,271.498,-601.193,3442.11,1343.81,-669.027,-589.169,-124.323,-568.395,1995.34,2199.27,3168.19,1360.03,-1589.59,215.181,-2315.43,-552.459,2949.46,968.289,-1405.52
-250354,0,1,0,1,1,250408,-0.384764,0.00591807,1.98251,0.65987,0.194549,-1.62464,-1.32884,-0.638008,0.776036,1.76188,-0.149657,0.116447,-1.54277,-0.0636614,0.2482,-1.00728,-1.59481,-1.01706,-0.127135,0.559175,1.40119,-1.61276,1.8305,-0.0898098,-1.26576,-1.76124,1.23195,-0.269686,1.22789,-1.59845,-1.56077,0.458786,1.996,-0.185011,-1.75004,1.38731,-0.797919,-1.56933,0.936032,-1.67351,1.35279,0.444837,1.42627,-1.3104,-0.0724454,0.89088,-0.393547,0.886616,0.0264761,-0.478673,-1.03596,0.226382,0.0675763,-1.26799,0.156639,-0.0321617,0.998724,0.212245,-0.63784,-0.775643,-0.788799,1.94885,1.21166,0.828242,-0.92643,-0.62419,-1.08532,0.0134659,-0.922084,-1.04397,-1.82062,-0.720654,-1.94471,-0.376988,1.76676,-0.594025,1.17955,0.313105,1.16384,0.0323358,0.112372,0.276904,0.173359,1.84303,0.871915,-1.30925,-0.819472,-0.271119,0.144731,1.18899,1.07535,1.68402,1.67163,-0.91779,-0.253471,-1.68299,-0.374937,1.42931,0.855572,-1.19532,1.90519,0.210885,1.0444,0.947976,-0.952241,0.592787,0.545788,-1.57065,0.64328,1.61636,1.41136,-0.48764,0.282711,2.23378,-0.319252,1.45513,-0.809076,0.868138,-0.218079,-1.0975,0.522815,0.506791,-1.3899,-0.107416,-2.24348,0.127557,2.72671,-0.302798,0.272766,-0.931783,-0.743092,0.596225,1.93021,-1.27274,0.239732,-1.62709,0.306686,-0.422216,0.514718,1.05175,-0.924879,-0.638949,0.230906,1.10969,0.384724,-0.78413,0.0586333,-0.358716,0.18451,0.0681516,0.0254229,0.548315,1.81301,-1.93431,-1.04491,-0.533673,0.350004,-0.378057,0.70596,0.109732,-0.474807,-0.307049,1.65568,1.18986,0.210477,0.978434,-0.631725,-0.759989,0.844129,0.0876009,-0.315266,-1.17134,-0.900051,-0.528556,-0.103908,1.46622,0.787984,-0.280234,-0.0635558,-0.567949,-0.22403,-1.18508,1.45736,-0.394803,-0.797503,1.11293,-1.29433,-1.637,-0.481723,-2.17918,-1.61413,1.35863,0.161805,0.106313,0.765556,1.113,-1.66801,0.996919,-1.3012,1.72362,-547.184,-508.299,2761.5,815.011,520.894,-1882.04,-2005.36,-819.359,713.376,4167.89,684.524,-60.5022,-3825.74,-379.508,89.5438,-786.665,-2764.26,-1893.05,-1138.15,1330.48,3721.9,-4549.31,2287.66,267.703,-2638.59,-2872.07,3581.78,-691.08,1559.76,-2665.15,-3407.54,531.827,2745.55,-223.138,-3512.96,4957.76,-1430.38,-3610.6,1490.59,-2808.39,2647.86,134.514,1058.66,-2025.01,485.435,3088.29,-408.039,1755.96,-843.537,223.64,-979.537,157.066,-382.401,-1592.82,146.539,630.355,1663.4,390.568,-1767.98,-422.267,-1066.21,3073.98,426.967,1910.6,-1257.09,-400.344,-1141.72,499.265,-2604.22,-1076.11,-4120.46,-2216.12,-5824.17,-626.233,4606.2,242.817,3643.23,1542.24,2193.71,656.864,865.569,271.498,-601.193,3442.11,1343.81,-669.027,-589.169,-124.323,-568.395,1995.34,2199.27,3168.19,1360.03,-1589.59,215.181,-2315.43,-552.459,2949.46,968.289,-1405.52
-250354,0,1,0,1,1,250394,-0.384764,0.00591807,1.98251,0.65987,0.194549,-1.62464,-1.32884,-0.638008,0.776036,1.76188,-0.149657,0.116447,-1.54277,-0.0636614,0.2482,-1.00728,-1.59481,-1.01706,-0.127135,0.559175,1.40119,-1.61276,1.8305,-0.0898098,-1.26576,-1.76124,1.23195,-0.269686,1.22789,-1.59845,-1.56077,0.458786,1.996,-0.185011,-1.75004,1.38731,-0.797919,-1.56933,0.936032,-1.67351,1.35279,0.444837,1.42627,-1.3104,-0.0724454,0.89088,-0.393547,0.886616,0.0264761,-0.478673,-1.03596,0.226382,0.0675763,-1.26799,0.156639,-0.0321617,0.998724,0.212245,-0.63784,-0.775643,-0.788799,1.94885,1.21166,0.828242,-0.92643,-0.62419,-1.08532,0.0134659,-0.922084,-1.04397,-1.82062,-0.720654,-1.94471,-0.376988,1.76676,-0.594025,1.17955,0.313105,1.16384,0.0323358,0.112372,0.276904,0.173359,1.84303,0.871915,-1.30925,-0.819472,-0.271119,0.144731,1.18899,1.07535,1.68402,1.67163,-0.91779,-0.253471,-1.68299,-0.374937,1.42931,0.855572,-1.19532,0.665247,0.989524,0.247247,-1.59738,0.904185,-0.717773,0.941531,0.358417,1.33812,-0.12458,0.0161991,0.960291,0.893302,0.491958,0.0751126,0.758121,-2.11862,-0.636358,1.00405,1.31062,1.39102,-0.554384,0.219713,-0.153987,-0.439801,0.321971,-0.70246,-0.652162,-0.0988786,1.26583,0.358901,1.29124,-1.5133,0.52219,-1.17462,-0.153085,0.729179,0.999798,1.852,1.77622,-0.734817,0.672104,-0.63332,1.81992,0.772629,-1.38303,0.190285,-1.59778,-1.0943,0.485313,-1.17701,0.786824,-0.368719,0.0626509,0.0344283,0.349175,1.91315,0.642698,-0.0268967,-0.618157,0.357172,-0.257554,0.609993,-0.0440619,0.234929,0.0368911,0.824417,0.551065,0.397843,-0.847506,-0.97784,0.697711,-0.873453,-1.27279,-0.472463,0.261817,0.445055,1.72163,0.197773,0.319618,0.0393887,0.345452,-1.23973,0.149452,-0.0831858,0.638069,-1.78357,0.0678271,-0.178977,0.60063,-0.107617,-1.42413,-1.20235,-1.11031,-0.833451,1.68847,-0.279691,0.0633065,-0.0729584,0.499443,-547.184,-508.299,2761.5,815.011,520.894,-1882.04,-2005.36,-819.359,713.376,4167.89,684.524,-60.5022,-3825.74,-379.508,89.5438,-786.665,-2764.26,-1893.05,-1138.15,1330.48,3721.9,-4549.31,2287.66,267.703,-2638.59,-2872.07,3581.78,-691.08,1559.76,-2665.15,-3407.54,531.827,2745.55,-223.138,-3512.96,4957.76,-1430.38,-3610.6,1490.59,-2808.39,2647.86,134.514,1058.66,-2025.01,485.435,3088.29,-408.039,1755.96,-843.537,223.64,-979.537,157.066,-382.401,-1592.82,146.539,630.355,1663.4,390.568,-1767.98,-422.267,-1066.21,3073.98,426.967,1910.6,-1257.09,-400.344,-1141.72,499.265,-2604.22,-1076.11,-4120.46,-2216.12,-5824.17,-626.233,4606.2,242.817,3643.23,1542.24,2193.71,656.864,865.569,271.498,-601.193,3442.11,1343.81,-669.027,-589.169,-124.323,-568.395,1995.34,2199.27,3168.19,1360.03,-1589.59,215.181,-2315.43,-552.459,2949.46,968.289,-1405.52
-250354,0,1,0,1,1,250399,-0.384764,0.00591807,1.98251,0.65987,0.194549,-1.62464,-1.32884,-0.638008,0.776036,1.76188,-0.149657,0.116447,-1.54277,-0.0636614,0.2482,-1.00728,-1.59481,-1.01706,-0.127135,0.559175,1.40119,-1.61276,1.8305,-0.0898098,-1.26576,-1.76124,1.23195,-0.269686,1.22789,-1.59845,-1.56077,0.458786,1.996,-0.185011,-1.75004,1.38731,-0.797919,-1.56933,0.936032,-1.67351,1.35279,0.444837,1.42627,-1.3104,-0.0724454,0.89088,-0.393547,0.886616,0.0264761,-0.478673,-1.03596,0.226382,0.0675763,-1.26799,0.156639,-0.0321617,0.998724,0.212245,-0.63784,-0.775643,-0.788799,1.94885,1.21166,0.828242,-0.92643,-0.62419,-1.08532,0.0134659,-0.922084,-1.04397,-1.82062,-0.720654,-1.94471,-0.376988,1.76676,-0.594025,1.17955,0.313105,1.16384,0.0323358,0.112372,0.276904,0.173359,1.84303,0.871915,-1.30925,-0.819472,-0.271119,0.144731,1.18899,1.07535,1.68402,1.67163,-0.91779,-0.253471,-1.68299,-0.374937,1.42931,0.855572,-1.19532,0.967196,1.24858,0.0733904,0.5796,0.280281,-1.01334,1.56159,-1.36816,1.62349,0.68191,0.000526564,1.44171,0.0574632,0.427054,-0.72438,0.0994921,0.159954,0.226636,-0.461687,-1.24205,-0.714913,1.26927,-1.61204,0.0646197,0.269145,1.17666,-0.543576,0.0170615,-0.728461,0.37838,0.821838,-0.892153,-0.137127,-0.197015,0.423644,1.64048,0.231951,0.909977,-0.00219866,-1.22161,-2.03274,1.03995,-0.744036,0.506758,0.508599,-3.11969,1.71051,-0.98697,0.905295,1.92669,1.18687,-0.197322,-0.115342,-0.2973,-0.978592,-0.429249,-0.170857,-0.405406,0.721142,-0.757915,0.510823,0.94263,-0.731587,-0.151939,1.56458,0.612583,-0.253304,0.814585,-0.600922,1.51433,-1.57104,-0.984757,-0.506895,-1.31518,-1.06615,0.411419,0.574,0.898683,-0.517539,-0.195075,0.582561,1.02568,-1.06503,-0.310602,-0.119157,0.29397,0.857923,-1.09921,0.752777,-1.24959,-1.1304,0.341388,-1.14547,-1.86514,-1.10136,-0.0929627,-0.299248,1.31431,0.427943,0.0400862,-547.184,-508.299,2761.5,815.011,520.894,-1882.04,-2005.36,-819.359,713.376,4167.89,684.524,-60.5022,-3825.74,-379.508,89.5438,-786.665,-2764.26,-1893.05,-1138.15,1330.48,3721.9,-4549.31,2287.66,267.703,-2638.59,-2872.07,3581.78,-691.08,1559.76,-2665.15,-3407.54,531.827,2745.55,-223.138,-3512.96,4957.76,-1430.38,-3610.6,1490.59,-2808.39,2647.86,134.514,1058.66,-2025.01,485.435,3088.29,-408.039,1755.96,-843.537,223.64,-979.537,157.066,-382.401,-1592.82,146.539,630.355,1663.4,390.568,-1767.98,-422.267,-1066.21,3073.98,426.967,1910.6,-1257.09,-400.344,-1141.72,499.265,-2604.22,-1076.11,-4120.46,-2216.12,-5824.17,-626.233,4606.2,242.817,3643.23,1542.24,2193.71,656.864,865.569,271.498,-601.193,3442.11,1343.81,-669.027,-589.169,-124.323,-568.395,1995.34,2199.27,3168.19,1360.03,-1589.59,215.181,-2315.43,-552.459,2949.46,968.289,-1405.52
-250354,0,1,0,1,1,250403,-0.384764,0.00591807,1.98251,0.65987,0.194549,-1.62464,-1.32884,-0.638008,0.776036,1.76188,-0.149657,0.116447,-1.54277,-0.0636614,0.2482,-1.00728,-1.59481,-1.01706,-0.127135,0.559175,1.40119,-1.61276,1.8305,-0.0898098,-1.26576,-1.76124,1.23195,-0.269686,1.22789,-1.59845,-1.56077,0.458786,1.996,-0.185011,-1.75004,1.38731,-0.797919,-1.56933,0.936032,-1.67351,1.35279,0.444837,1.42627,-1.3104,-0.0724454,0.89088,-0.393547,0.886616,0.0264761,-0.478673,-1.03596,0.226382,0.0675763,-1.26799,0.156639,-0.0321617,0.998724,0.212245,-0.63784,-0.775643,-0.788799,1.94885,1.21166,0.828242,-0.92643,-0.62419,-1.08532,0.0134659,-0.922084,-1.04397,-1.82062,-0.720654,-1.94471,-0.376988,1.76676,-0.594025,1.17955,0.313105,1.16384,0.0323358,0.112372,0.276904,0.173359,1.84303,0.871915,-1.30925,-0.819472,-0.271119,0.144731,1.18899,1.07535,1.68402,1.67163,-0.91779,-0.253471,-1.68299,-0.374937,1.42931,0.855572,-1.19532,0.371307,0.0497303,1.25817,-0.572553,-0.426172,-1.36235,0.335509,1.16412,1.56714,0.68976,-0.538132,-0.373676,-0.839228,0.581657,1.95465,-0.908083,-0.778755,-0.672183,0.97748,0.342386,0.0953643,1.18392,0.699835,-0.122055,-0.867137,0.107132,0.958511,-0.734584,-1.57614,0.743857,-0.0417475,-1.72912,0.383585,-0.675775,-0.492325,0.274692,0.690756,-0.0317573,0.579909,-0.184961,-2.4873,-0.104944,-0.702038,-0.524239,-1.55696,0.561314,0.995368,-1.19906,0.543143,-0.642649,1.12871,-0.432142,-1.94076,0.835207,-0.10517,0.91546,-1.17748,0.366465,-0.61789,-1.18727,0.612273,0.0361504,-0.229451,0.242947,0.139822,-1.75312,-0.899988,1.64861,-1.79409,0.727384,1.09638,0.245382,-1.00223,1.21127,-0.838649,-1.60791,2.33899,0.858736,-0.207114,0.320768,-0.997406,1.26006,0.0683517,-1.7538,-1.25353,-1.0112,-0.655934,-0.878566,1.19526,-0.219736,-0.41312,-1.15111,-1.54663,-0.587079,0.397723,0.917695,-1.19896,-0.0549794,-1.25129,1.42209,-547.184,-508.299,2761.5,815.011,520.894,-1882.04,-2005.36,-819.359,713.376,4167.89,684.524,-60.5022,-3825.74,-379.508,89.5438,-786.665,-2764.26,-1893.05,-1138.15,1330.48,3721.9,-4549.31,2287.66,267.703,-2638.59,-2872.07,3581.78,-691.08,1559.76,-2665.15,-3407.54,531.827,2745.55,-223.138,-3512.96,4957.76,-1430.38,-3610.6,1490.59,-2808.39,2647.86,134.514,1058.66,-2025.01,485.435,3088.29,-408.039,1755.96,-843.537,223.64,-979.537,157.066,-382.401,-1592.82,146.539,630.355,1663.4,390.568,-1767.98,-422.267,-1066.21,3073.98,426.967,1910.6,-1257.09,-400.344,-1141.72,499.265,-2604.22,-1076.11,-4120.46,-2216.12,-5824.17,-626.233,4606.2,242.817,3643.23,1542.24,2193.71,656.864,865.569,271.498,-601.193,3442.11,1343.81,-669.027,-589.169,-124.323,-568.395,1995.34,2199.27,3168.19,1360.03,-1589.59,215.181,-2315.43,-552.459,2949.46,968.289,-1405.52
-250354,0,1,0,1,1,250399,-0.384764,0.00591807,1.98251,0.65987,0.194549,-1.62464,-1.32884,-0.638008,0.776036,1.76188,-0.149657,0.116447,-1.54277,-0.0636614,0.2482,-1.00728,-1.59481,-1.01706,-0.127135,0.559175,1.40119,-1.61276,1.8305,-0.0898098,-1.26576,-1.76124,1.23195,-0.269686,1.22789,-1.59845,-1.56077,0.458786,1.996,-0.185011,-1.75004,1.38731,-0.797919,-1.56933,0.936032,-1.67351,1.35279,0.444837,1.42627,-1.3104,-0.0724454,0.89088,-0.393547,0.886616,0.0264761,-0.478673,-1.03596,0.226382,0.0675763,-1.26799,0.156639,-0.0321617,0.998724,0.212245,-0.63784,-0.775643,-0.788799,1.94885,1.21166,0.828242,-0.92643,-0.62419,-1.08532,0.0134659,-0.922084,-1.04397,-1.82062,-0.720654,-1.94471,-0.376988,1.76676,-0.594025,1.17955,0.313105,1.16384,0.0323358,0.112372,0.276904,0.173359,1.84303,0.871915,-1.30925,-0.819472,-0.271119,0.144731,1.18899,1.07535,1.68402,1.67163,-0.91779,-0.253471,-1.68299,-0.374937,1.42931,0.855572,-1.19532,-0.136749,-0.295221,1.59984,-2.27016,-0.486071,0.191073,-0.396675,0.841295,1.22708,-0.788056,0.552941,3.03912,0.793675,0.810001,-1.79138,0.976726,0.224901,0.753579,-0.937835,-0.796209,-1.54254,-0.560263,0.540341,-0.0356432,0.350571,0.990033,1.06872,0.291637,-0.0831171,-0.453453,-0.393407,-0.284608,0.530982,-0.386588,0.566763,1.06229,0.0604655,-1.12444,0.367247,1.1194,-0.602588,-1.77621,-1.60697,-2.75397,-0.229325,-1.80095,0.361506,1.07441,-0.525261,0.226994,1.40329,0.0201681,0.979604,-0.0867367,0.34685,0.0961558,0.0172596,0.211658,0.814179,0.949634,0.0301863,-0.793041,0.345565,-0.570662,-1.16799,-0.403916,-0.44491,0.772021,-0.581096,1.06283,0.811966,-0.851699,-0.920078,-0.125587,0.281437,0.236786,-0.782549,-0.0182418,-0.844539,0.678243,0.484275,-1.11883,2.0573,-0.373592,0.346859,1.90906,-0.976396,0.318522,0.822504,0.380904,-0.147738,-0.260795,1.15589,1.14222,-0.282311,-1.31285,-0.0511929,-1.37814,0.0347782,1.10061,-547.184,-508.299,2761.5,815.011,520.894,-1882.04,-2005.36,-819.359,713.376,4167.89,684.524,-60.5022,-3825.74,-379.508,89.5438,-786.665,-2764.26,-1893.05,-1138.15,1330.48,3721.9,-4549.31,2287.66,267.703,-2638.59,-2872.07,3581.78,-691.08,1559.76,-2665.15,-3407.54,531.827,2745.55,-223.138,-3512.96,4957.76,-1430.38,-3610.6,1490.59,-2808.39,2647.86,134.514,1058.66,-2025.01,485.435,3088.29,-408.039,1755.96,-843.537,223.64,-979.537,157.066,-382.401,-1592.82,146.539,630.355,1663.4,390.568,-1767.98,-422.267,-1066.21,3073.98,426.967,1910.6,-1257.09,-400.344,-1141.72,499.265,-2604.22,-1076.11,-4120.46,-2216.12,-5824.17,-626.233,4606.2,242.817,3643.23,1542.24,2193.71,656.864,865.569,271.498,-601.193,3442.11,1343.81,-669.027,-589.169,-124.323,-568.395,1995.34,2199.27,3168.19,1360.03,-1589.59,215.181,-2315.43,-552.459,2949.46,968.289,-1405.52
-250354,0,1,0,1,1,250409,-0.384764,0.00591807,1.98251,0.65987,0.194549,-1.62464,-1.32884,-0.638008,0.776036,1.76188,-0.149657,0.116447,-1.54277,-0.0636614,0.2482,-1.00728,-1.59481,-1.01706,-0.127135,0.559175,1.40119,-1.61276,1.8305,-0.0898098,-1.26576,-1.76124,1.23195,-0.269686,1.22789,-1.59845,-1.56077,0.458786,1.996,-0.185011,-1.75004,1.38731,-0.797919,-1.56933,0.936032,-1.67351,1.35279,0.444837,1.42627,-1.3104,-0.0724454,0.89088,-0.393547,0.886616,0.0264761,-0.478673,-1.03596,0.226382,0.0675763,-1.26799,0.156639,-0.0321617,0.998724,0.212245,-0.63784,-0.775643,-0.788799,1.94885,1.21166,0.828242,-0.92643,-0.62419,-1.08532,0.0134659,-0.922084,-1.04397,-1.82062,-0.720654,-1.94471,-0.376988,1.76676,-0.594025,1.17955,0.313105,1.16384,0.0323358,0.112372,0.276904,0.173359,1.84303,0.871915,-1.30925,-0.819472,-0.271119,0.144731,1.18899,1.07535,1.68402,1.67163,-0.91779,-0.253471,-1.68299,-0.374937,1.42931,0.855572,-1.19532,-0.933697,0.407169,-0.358723,-0.557296,-1.2696,-2.13135,-0.765011,-0.0245714,-0.300787,-1.10404,-0.339613,-0.866417,-1.6252,0.0515783,-1.28577,0.0275537,1.86493,0.211816,-1.17845,1.35171,0.801693,0.984842,1.55476,0.175669,1.34863,-1.4517,2.22188,0.6051,-0.27987,-0.613951,1.04954,-0.463944,-0.430375,0.283126,-0.428842,-0.897325,0.63162,-0.169354,0.067899,1.07552,0.560658,-0.642458,-0.100703,0.389363,1.46025,-0.83763,-0.206271,0.0655035,1.04361,-0.210569,0.0887697,-0.415527,-1.36674,0.896763,0.807866,-0.0582831,-1.38968,0.106794,-0.359944,0.454796,0.442711,-1.20619,1.21817,-2.36365,-2.03291,-0.282976,-1.56514,0.314785,1.66984,1.14706,-2.47662,-1.948,-1.69746,0.271287,0.744264,0.144029,0.662202,-0.00430006,-1.02252,1.20429,-0.807566,1.08669,0.966027,0.677522,0.335225,0.95484,-2.27934,-1.08913,0.0370759,-0.0375473,1.499,-0.0742783,-0.367502,-0.0256454,1.18318,3.12861,0.101683,-0.486702,0.239267,0.0811625,-547.184,-508.299,2761.5,815.011,520.894,-1882.04,-2005.36,-819.359,713.376,4167.89,684.524,-60.5022,-3825.74,-379.508,89.5438,-786.665,-2764.26,-1893.05,-1138.15,1330.48,3721.9,-4549.31,2287.66,267.703,-2638.59,-2872.07,3581.78,-691.08,1559.76,-2665.15,-3407.54,531.827,2745.55,-223.138,-3512.96,4957.76,-1430.38,-3610.6,1490.59,-2808.39,2647.86,134.514,1058.66,-2025.01,485.435,3088.29,-408.039,1755.96,-843.537,223.64,-979.537,157.066,-382.401,-1592.82,146.539,630.355,1663.4,390.568,-1767.98,-422.267,-1066.21,3073.98,426.967,1910.6,-1257.09,-400.344,-1141.72,499.265,-2604.22,-1076.11,-4120.46,-2216.12,-5824.17,-626.233,4606.2,242.817,3643.23,1542.24,2193.71,656.864,865.569,271.498,-601.193,3442.11,1343.81,-669.027,-589.169,-124.323,-568.395,1995.34,2199.27,3168.19,1360.03,-1589.59,215.181,-2315.43,-552.459,2949.46,968.289,-1405.52
-250354,0,1,0,1,1,250401,-0.384764,0.00591807,1.98251,0.65987,0.194549,-1.62464,-1.32884,-0.638008,0.776036,1.76188,-0.149657,0.116447,-1.54277,-0.0636614,0.2482,-1.00728,-1.59481,-1.01706,-0.127135,0.559175,1.40119,-1.61276,1.8305,-0.0898098,-1.26576,-1.76124,1.23195,-0.269686,1.22789,-1.59845,-1.56077,0.458786,1.996,-0.185011,-1.75004,1.38731,-0.797919,-1.56933,0.936032,-1.67351,1.35279,0.444837,1.42627,-1.3104,-0.0724454,0.89088,-0.393547,0.886616,0.0264761,-0.478673,-1.03596,0.226382,0.0675763,-1.26799,0.156639,-0.0321617,0.998724,0.212245,-0.63784,-0.775643,-0.788799,1.94885,1.21166,0.828242,-0.92643,-0.62419,-1.08532,0.0134659,-0.922084,-1.04397,-1.82062,-0.720654,-1.94471,-0.376988,1.76676,-0.594025,1.17955,0.313105,1.16384,0.0323358,0.112372,0.276904,0.173359,1.84303,0.871915,-1.30925,-0.819472,-0.271119,0.144731,1.18899,1.07535,1.68402,1.67163,-0.91779,-0.253471,-1.68299,-0.374937,1.42931,0.855572,-1.19532,-0.238899,0.421182,-2.63232,0.36985,-0.345858,-0.761389,-1.66551,-1.26097,0.679706,0.942652,-0.813761,0.0407173,0.732944,0.814225,0.493202,0.575836,1.08051,2.3521,1.2335,1.24912,1.48651,-0.0935456,-0.526079,0.835851,1.57515,0.891776,0.436937,-0.121427,0.536342,0.421308,0.0930808,0.0150828,1.66453,2.02743,1.18245,0.5396,0.60454,-0.111439,-1.40622,1.54348,-0.502552,0.443332,-0.248021,0.145669,0.0300716,-1.05063,-1.23698,1.22302,-0.00613346,0.547787,0.800212,-0.924671,-0.119111,-0.216589,-0.139777,0.577856,0.374076,0.887988,1.16837,-0.49491,-0.0949681,-0.703136,1.28001,1.66869,-0.66113,-0.810456,-0.664387,0.444949,0.357396,-0.956504,1.01978,-0.780476,0.464537,0.250939,-2.00475,0.773337,2.54207,-0.688208,-0.954251,1.4647,-0.905947,1.1874,0.950289,0.930271,1.42857,-0.259226,0.390351,-0.529729,-1.01789,0.324549,-0.916279,-0.561564,0.730571,0.0245196,0.844616,-0.132401,-1.42045,-0.714276,-0.748881,-0.584346,-547.184,-508.299,2761.5,815.011,520.894,-1882.04,-2005.36,-819.359,713.376,4167.89,684.524,-60.5022,-3825.74,-379.508,89.5438,-786.665,-2764.26,-1893.05,-1138.15,1330.48,3721.9,-4549.31,2287.66,267.703,-2638.59,-2872.07,3581.78,-691.08,1559.76,-2665.15,-3407.54,531.827,2745.55,-223.138,-3512.96,4957.76,-1430.38,-3610.6,1490.59,-2808.39,2647.86,134.514,1058.66,-2025.01,485.435,3088.29,-408.039,1755.96,-843.537,223.64,-979.537,157.066,-382.401,-1592.82,146.539,630.355,1663.4,390.568,-1767.98,-422.267,-1066.21,3073.98,426.967,1910.6,-1257.09,-400.344,-1141.72,499.265,-2604.22,-1076.11,-4120.46,-2216.12,-5824.17,-626.233,4606.2,242.817,3643.23,1542.24,2193.71,656.864,865.569,271.498,-601.193,3442.11,1343.81,-669.027,-589.169,-124.323,-568.395,1995.34,2199.27,3168.19,1360.03,-1589.59,215.181,-2315.43,-552.459,2949.46,968.289,-1405.52
-250354,0,1,0,1,1,250402,-0.384764,0.00591807,1.98251,0.65987,0.194549,-1.62464,-1.32884,-0.638008,0.776036,1.76188,-0.149657,0.116447,-1.54277,-0.0636614,0.2482,-1.00728,-1.59481,-1.01706,-0.127135,0.559175,1.40119,-1.61276,1.8305,-0.0898098,-1.26576,-1.76124,1.23195,-0.269686,1.22789,-1.59845,-1.56077,0.458786,1.996,-0.185011,-1.75004,1.38731,-0.797919,-1.56933,0.936032,-1.67351,1.35279,0.444837,1.42627,-1.3104,-0.0724454,0.89088,-0.393547,0.886616,0.0264761,-0.478673,-1.03596,0.226382,0.0675763,-1.26799,0.156639,-0.0321617,0.998724,0.212245,-0.63784,-0.775643,-0.788799,1.94885,1.21166,0.828242,-0.92643,-0.62419,-1.08532,0.0134659,-0.922084,-1.04397,-1.82062,-0.720654,-1.94471,-0.376988,1.76676,-0.594025,1.17955,0.313105,1.16384,0.0323358,0.112372,0.276904,0.173359,1.84303,0.871915,-1.30925,-0.819472,-0.271119,0.144731,1.18899,1.07535,1.68402,1.67163,-0.91779,-0.253471,-1.68299,-0.374937,1.42931,0.855572,-1.19532,1.61282,-0.698941,1.12776,0.144829,-1.01107,-0.0511273,-0.347731,1.2731,-0.731526,1.53789,1.38692,-0.548369,2.63091,-0.898271,-0.523167,0.489235,-0.321117,-0.426891,-1.09876,-1.08934,0.536759,1.46098,-1.67919,-0.680325,-0.68178,-0.187484,-0.27532,-0.167799,0.305045,1.34735,0.0721223,0.393739,-0.215448,-0.690523,1.6082,1.10894,1.01249,-1.12113,-0.104394,-0.794014,0.748849,-1.65544,-0.354149,-1.13971,-0.491219,1.27233,0.122778,-0.0183107,-1.1216,-0.765908,0.00313754,0.165763,-0.210204,1.67168,1.56515,-0.271467,0.518681,0.597908,-1.31759,2.83207,-1.4549,0.682132,0.835418,-0.246596,0.191358,-0.0674784,0.66817,-0.089833,1.66814,0.442882,1.05064,-0.118388,0.923832,-0.0109214,0.357864,-0.263958,0.328248,-0.768644,1.20949,-1.00026,1.0329,-0.534601,1.03949,0.760364,1.01275,0.636921,-0.488637,0.864969,-0.0733678,-1.56963,0.450089,-1.20953,0.530792,0.401498,1.92815,0.306497,1.19374,1.92066,-1.13452,0.751402,-547.184,-508.299,2761.5,815.011,520.894,-1882.04,-2005.36,-819.359,713.376,4167.89,684.524,-60.5022,-3825.74,-379.508,89.5438,-786.665,-2764.26,-1893.05,-1138.15,1330.48,3721.9,-4549.31,2287.66,267.703,-2638.59,-2872.07,3581.78,-691.08,1559.76,-2665.15,-3407.54,531.827,2745.55,-223.138,-3512.96,4957.76,-1430.38,-3610.6,1490.59,-2808.39,2647.86,134.514,1058.66,-2025.01,485.435,3088.29,-408.039,1755.96,-843.537,223.64,-979.537,157.066,-382.401,-1592.82,146.539,630.355,1663.4,390.568,-1767.98,-422.267,-1066.21,3073.98,426.967,1910.6,-1257.09,-400.344,-1141.72,499.265,-2604.22,-1076.11,-4120.46,-2216.12,-5824.17,-626.233,4606.2,242.817,3643.23,1542.24,2193.71,656.864,865.569,271.498,-601.193,3442.11,1343.81,-669.027,-589.169,-124.323,-568.395,1995.34,2199.27,3168.19,1360.03,-1589.59,215.181,-2315.43,-552.459,2949.46,968.289,-1405.52
-250354,0,1,0,1,1,250409,-0.384764,0.00591807,1.98251,0.65987,0.194549,-1.62464,-1.32884,-0.638008,0.776036,1.76188,-0.149657,0.116447,-1.54277,-0.0636614,0.2482,-1.00728,-1.59481,-1.01706,-0.127135,0.559175,1.40119,-1.61276,1.8305,-0.0898098,-1.26576,-1.76124,1.23195,-0.269686,1.22789,-1.59845,-1.56077,0.458786,1.996,-0.185011,-1.75004,1.38731,-0.797919,-1.56933,0.936032,-1.67351,1.35279,0.444837,1.42627,-1.3104,-0.0724454,0.89088,-0.393547,0.886616,0.0264761,-0.478673,-1.03596,0.226382,0.0675763,-1.26799,0.156639,-0.0321617,0.998724,0.212245,-0.63784,-0.775643,-0.788799,1.94885,1.21166,0.828242,-0.92643,-0.62419,-1.08532,0.0134659,-0.922084,-1.04397,-1.82062,-0.720654,-1.94471,-0.376988,1.76676,-0.594025,1.17955,0.313105,1.16384,0.0323358,0.112372,0.276904,0.173359,1.84303,0.871915,-1.30925,-0.819472,-0.271119,0.144731,1.18899,1.07535,1.68402,1.67163,-0.91779,-0.253471,-1.68299,-0.374937,1.42931,0.855572,-1.19532,1.38051,-0.392305,1.46062,1.21771,-1.11843,1.2254,0.492014,0.785741,-0.594159,0.20377,0.387677,-0.264381,1.90246,0.177742,-1.78016,-0.775259,-0.998621,-0.347463,-1.65821,1.25073,-0.638881,1.77836,0.0116517,-0.682543,-1.72818,0.313545,-0.586202,0.87382,1.52117,-0.417937,1.98602,-2.00051,-1.28725,-0.429482,-0.0173713,1.0015,-0.717925,0.424729,1.36724,1.05105,-1.34022,-2.72527,0.120956,0.0830693,1.18415,-0.55546,-1.86269,-0.78975,1.4162,1.81825,0.062899,-0.320939,0.461673,0.445277,-1.52904,-1.73757,0.43165,-0.279539,-0.785884,0.439858,-0.497877,-1.24276,-0.667304,-0.666909,0.433242,-1.51002,0.495014,0.923569,-0.517513,-0.195229,-0.0643543,-0.363858,0.216784,0.317526,1.37454,-0.768823,-0.601126,-0.325279,0.841356,-0.521795,-1.0338,0.768374,-1.28453,0.491395,0.0911484,2.41803,0.0873656,-1.70154,-0.127362,0.873772,-1.12224,-0.295001,1.69242,-1.31529,0.00364994,-1.18702,-0.463042,-0.288061,-0.29089,-1.59566,-547.184,-508.299,2761.5,815.011,520.894,-1882.04,-2005.36,-819.359,713.376,4167.89,684.524,-60.5022,-3825.74,-379.508,89.5438,-786.665,-2764.26,-1893.05,-1138.15,1330.48,3721.9,-4549.31,2287.66,267.703,-2638.59,-2872.07,3581.78,-691.08,1559.76,-2665.15,-3407.54,531.827,2745.55,-223.138,-3512.96,4957.76,-1430.38,-3610.6,1490.59,-2808.39,2647.86,134.514,1058.66,-2025.01,485.435,3088.29,-408.039,1755.96,-843.537,223.64,-979.537,157.066,-382.401,-1592.82,146.539,630.355,1663.4,390.568,-1767.98,-422.267,-1066.21,3073.98,426.967,1910.6,-1257.09,-400.344,-1141.72,499.265,-2604.22,-1076.11,-4120.46,-2216.12,-5824.17,-626.233,4606.2,242.817,3643.23,1542.24,2193.71,656.864,865.569,271.498,-601.193,3442.11,1343.81,-669.027,-589.169,-124.323,-568.395,1995.34,2199.27,3168.19,1360.03,-1589.59,215.181,-2315.43,-552.459,2949.46,968.289,-1405.52
-250354,0,1,0,1,1,250410,-0.384764,0.00591807,1.98251,0.65987,0.194549,-1.62464,-1.32884,-0.638008,0.776036,1.76188,-0.149657,0.116447,-1.54277,-0.0636614,0.2482,-1.00728,-1.59481,-1.01706,-0.127135,0.559175,1.40119,-1.61276,1.8305,-0.0898098,-1.26576,-1.76124,1.23195,-0.269686,1.22789,-1.59845,-1.56077,0.458786,1.996,-0.185011,-1.75004,1.38731,-0.797919,-1.56933,0.936032,-1.67351,1.35279,0.444837,1.42627,-1.3104,-0.0724454,0.89088,-0.393547,0.886616,0.0264761,-0.478673,-1.03596,0.226382,0.0675763,-1.26799,0.156639,-0.0321617,0.998724,0.212245,-0.63784,-0.775643,-0.788799,1.94885,1.21166,0.828242,-0.92643,-0.62419,-1.08532,0.0134659,-0.922084,-1.04397,-1.82062,-0.720654,-1.94471,-0.376988,1.76676,-0.594025,1.17955,0.313105,1.16384,0.0323358,0.112372,0.276904,0.173359,1.84303,0.871915,-1.30925,-0.819472,-0.271119,0.144731,1.18899,1.07535,1.68402,1.67163,-0.91779,-0.253471,-1.68299,-0.374937,1.42931,0.855572,-1.19532,-0.324759,-0.270823,0.237726,0.87549,0.332049,0.516969,0.163075,-0.273125,-0.318205,-0.964364,0.975137,-0.667692,1.10025,0.422074,-1.29965,1.57226,0.269238,-0.331876,0.357908,1.41861,0.674177,-1.8576,-1.05168,-1.24461,0.555962,1.20846,-1.85215,-0.199326,0.594932,-1.15937,-0.489813,1.14652,2.63308,0.00356981,-0.281493,0.0345432,-2.35591,-0.679929,0.0596734,0.668566,-0.594063,-1.00325,0.969986,1.4103,1.2005,1.20614,-0.112349,-0.43908,-0.125696,-0.134428,1.60409,0.186839,1.03026,-1.05976,-0.6677,-0.273752,0.677332,-1.12081,1.65435,0.214741,-1.58753,-0.741408,-0.109082,1.57872,0.514238,0.204159,0.552316,1.23234,0.351835,0.395845,1.55834,0.206768,-1.20686,-0.491017,-1.76216,-0.239759,2.91945,-1.33885,1.44725,-0.732519,-1.7774,-1.77846,0.610183,1.60811,0.642681,-1.08379,0.679666,-0.394993,-0.728765,-1.47302,0.99651,2.04043,1.41983,-0.213409,-1.04265,-0.288272,-0.351194,1.70835,0.28575,-0.279321,-547.184,-508.299,2761.5,815.011,520.894,-1882.04,-2005.36,-819.359,713.376,4167.89,684.524,-60.5022,-3825.74,-379.508,89.5438,-786.665,-2764.26,-1893.05,-1138.15,1330.48,3721.9,-4549.31,2287.66,267.703,-2638.59,-2872.07,3581.78,-691.08,1559.76,-2665.15,-3407.54,531.827,2745.55,-223.138,-3512.96,4957.76,-1430.38,-3610.6,1490.59,-2808.39,2647.86,134.514,1058.66,-2025.01,485.435,3088.29,-408.039,1755.96,-843.537,223.64,-979.537,157.066,-382.401,-1592.82,146.539,630.355,1663.4,390.568,-1767.98,-422.267,-1066.21,3073.98,426.967,1910.6,-1257.09,-400.344,-1141.72,499.265,-2604.22,-1076.11,-4120.46,-2216.12,-5824.17,-626.233,4606.2,242.817,3643.23,1542.24,2193.71,656.864,865.569,271.498,-601.193,3442.11,1343.81,-669.027,-589.169,-124.323,-568.395,1995.34,2199.27,3168.19,1360.03,-1589.59,215.181,-2315.43,-552.459,2949.46,968.289,-1405.52
-250354,0,1,0,1,1,250403,-0.384764,0.00591807,1.98251,0.65987,0.194549,-1.62464,-1.32884,-0.638008,0.776036,1.76188,-0.149657,0.116447,-1.54277,-0.0636614,0.2482,-1.00728,-1.59481,-1.01706,-0.127135,0.559175,1.40119,-1.61276,1.8305,-0.0898098,-1.26576,-1.76124,1.23195,-0.269686,1.22789,-1.59845,-1.56077,0.458786,1.996,-0.185011,-1.75004,1.38731,-0.797919,-1.56933,0.936032,-1.67351,1.35279,0.444837,1.42627,-1.3104,-0.0724454,0.89088,-0.393547,0.886616,0.0264761,-0.478673,-1.03596,0.226382,0.0675763,-1.26799,0.156639,-0.0321617,0.998724,0.212245,-0.63784,-0.775643,-0.788799,1.94885,1.21166,0.828242,-0.92643,-0.62419,-1.08532,0.0134659,-0.922084,-1.04397,-1.82062,-0.720654,-1.94471,-0.376988,1.76676,-0.594025,1.17955,0.313105,1.16384,0.0323358,0.112372,0.276904,0.173359,1.84303,0.871915,-1.30925,-0.819472,-0.271119,0.144731,1.18899,1.07535,1.68402,1.67163,-0.91779,-0.253471,-1.68299,-0.374937,1.42931,0.855572,-1.19532,-1.39892,0.310549,-0.500313,-1.0584,0.287998,1.8203,0.454676,0.253643,1.03407,0.396685,-0.771154,0.0161756,-0.674816,-0.310396,0.777747,-0.499831,0.13733,-1.28678,0.0648858,-2.41018,2.64498,-2.26561,0.106933,0.703457,0.120566,1.33862,-0.68979,-1.15006,-1.58462,-0.458137,0.486082,-0.324593,0.730199,-0.122455,-1.37083,0.567999,-0.296854,2.56648,-0.396859,-0.72261,-1.05025,-1.38804,0.358872,-0.026046,-0.50111,-0.123398,-0.8959,0.598836,-0.252407,0.992782,0.298846,0.839927,-0.695315,-1.59129,1.58649,2.09242,-0.0316494,1.22115,-0.700733,0.255608,-0.0927219,-0.995808,-1.39668,-0.700649,-0.458934,-0.166436,1.23567,0.142992,0.321204,-1.2028,-0.873191,-0.0469173,2.14895,-0.463268,0.813811,-1.04125,0.568441,-0.272553,-0.155596,0.60813,-0.193551,-0.176268,0.833129,-0.042694,-0.880847,-1.02526,-0.427698,-0.85248,1.43773,-1.21959,1.68768,-0.302165,1.86062,0.0516738,-1.38465,0.825651,-0.818163,0.337792,0.926754,-0.0778666,-547.184,-508.299,2761.5,815.011,520.894,-1882.04,-2005.36,-819.359,713.376,4167.89,684.524,-60.5022,-3825.74,-379.508,89.5438,-786.665,-2764.26,-1893.05,-1138.15,1330.48,3721.9,-4549.31,2287.66,267.703,-2638.59,-2872.07,3581.78,-691.08,1559.76,-2665.15,-3407.54,531.827,2745.55,-223.138,-3512.96,4957.76,-1430.38,-3610.6,1490.59,-2808.39,2647.86,134.514,1058.66,-2025.01,485.435,3088.29,-408.039,1755.96,-843.537,223.64,-979.537,157.066,-382.401,-1592.82,146.539,630.355,1663.4,390.568,-1767.98,-422.267,-1066.21,3073.98,426.967,1910.6,-1257.09,-400.344,-1141.72,499.265,-2604.22,-1076.11,-4120.46,-2216.12,-5824.17,-626.233,4606.2,242.817,3643.23,1542.24,2193.71,656.864,865.569,271.498,-601.193,3442.11,1343.81,-669.027,-589.169,-124.323,-568.395,1995.34,2199.27,3168.19,1360.03,-1589.59,215.181,-2315.43,-552.459,2949.46,968.289,-1405.52
-250354,0,1,0,1,1,250410,-0.384764,0.00591807,1.98251,0.65987,0.194549,-1.62464,-1.32884,-0.638008,0.776036,1.76188,-0.149657,0.116447,-1.54277,-0.0636614,0.2482,-1.00728,-1.59481,-1.01706,-0.127135,0.559175,1.40119,-1.61276,1.8305,-0.0898098,-1.26576,-1.76124,1.23195,-0.269686,1.22789,-1.59845,-1.56077,0.458786,1.996,-0.185011,-1.75004,1.38731,-0.797919,-1.56933,0.936032,-1.67351,1.35279,0.444837,1.42627,-1.3104,-0.0724454,0.89088,-0.393547,0.886616,0.0264761,-0.478673,-1.03596,0.226382,0.0675763,-1.26799,0.156639,-0.0321617,0.998724,0.212245,-0.63784,-0.775643,-0.788799,1.94885,1.21166,0.828242,-0.92643,-0.62419,-1.08532,0.0134659,-0.922084,-1.04397,-1.82062,-0.720654,-1.94471,-0.376988,1.76676,-0.594025,1.17955,0.313105,1.16384,0.0323358,0.112372,0.276904,0.173359,1.84303,0.871915,-1.30925,-0.819472,-0.271119,0.144731,1.18899,1.07535,1.68402,1.67163,-0.91779,-0.253471,-1.68299,-0.374937,1.42931,0.855572,-1.19532,1.09164,-0.165479,0.653668,1.35809,-0.120199,-1.93376,0.756069,-0.527376,0.314788,-2.05817,-2.69928,-2.55083,-0.247017,0.392815,-0.568548,0.280135,-1.44965,-0.150947,0.75993,0.222164,0.586218,-0.871878,-0.296702,-0.477339,0.942617,0.11,0.288975,1.19665,-0.721736,0.563394,-0.502518,-0.789828,0.102722,1.92862,0.295466,-0.0863283,-0.27301,1.36683,0.266489,-0.665986,-0.184631,-2.15698,1.83922,-1.56655,1.09446,0.417883,0.121134,-0.0690676,-1.13114,1.22862,1.10569,0.654804,0.441565,-0.640629,0.1334,-0.474095,-0.694328,0.811569,-1.04184,-0.605953,-0.742361,0.769484,-1.29882,0.303936,1.44991,-0.444512,-0.055531,0.222803,-0.598603,1.29699,1.17906,-0.651219,-0.439662,1.96758,0.862137,-1.56596,-1.87502,-0.867282,1.41722,1.75093,1.49221,-0.184691,0.0493651,1.11887,-0.574158,-1.23751,0.504726,-0.567855,1.21123,-0.474162,2.57632,1.2099,-0.873845,-0.582328,0.642024,-0.368135,1.35624,-1.11334,1.86107,-1.01922,-547.184,-508.299,2761.5,815.011,520.894,-1882.04,-2005.36,-819.359,713.376,4167.89,684.524,-60.5022,-3825.74,-379.508,89.5438,-786.665,-2764.26,-1893.05,-1138.15,1330.48,3721.9,-4549.31,2287.66,267.703,-2638.59,-2872.07,3581.78,-691.08,1559.76,-2665.15,-3407.54,531.827,2745.55,-223.138,-3512.96,4957.76,-1430.38,-3610.6,1490.59,-2808.39,2647.86,134.514,1058.66,-2025.01,485.435,3088.29,-408.039,1755.96,-843.537,223.64,-979.537,157.066,-382.401,-1592.82,146.539,630.355,1663.4,390.568,-1767.98,-422.267,-1066.21,3073.98,426.967,1910.6,-1257.09,-400.344,-1141.72,499.265,-2604.22,-1076.11,-4120.46,-2216.12,-5824.17,-626.233,4606.2,242.817,3643.23,1542.24,2193.71,656.864,865.569,271.498,-601.193,3442.11,1343.81,-669.027,-589.169,-124.323,-568.395,1995.34,2199.27,3168.19,1360.03,-1589.59,215.181,-2315.43,-552.459,2949.46,968.289,-1405.52
-250354,0,1,0,1,1,250397,-0.384764,0.00591807,1.98251,0.65987,0.194549,-1.62464,-1.32884,-0.638008,0.776036,1.76188,-0.149657,0.116447,-1.54277,-0.0636614,0.2482,-1.00728,-1.59481,-1.01706,-0.127135,0.559175,1.40119,-1.61276,1.8305,-0.0898098,-1.26576,-1.76124,1.23195,-0.269686,1.22789,-1.59845,-1.56077,0.458786,1.996,-0.185011,-1.75004,1.38731,-0.797919,-1.56933,0.936032,-1.67351,1.35279,0.444837,1.42627,-1.3104,-0.0724454,0.89088,-0.393547,0.886616,0.0264761,-0.478673,-1.03596,0.226382,0.0675763,-1.26799,0.156639,-0.0321617,0.998724,0.212245,-0.63784,-0.775643,-0.788799,1.94885,1.21166,0.828242,-0.92643,-0.62419,-1.08532,0.0134659,-0.922084,-1.04397,-1.82062,-0.720654,-1.94471,-0.376988,1.76676,-0.594025,1.17955,0.313105,1.16384,0.0323358,0.112372,0.276904,0.173359,1.84303,0.871915,-1.30925,-0.819472,-0.271119,0.144731,1.18899,1.07535,1.68402,1.67163,-0.91779,-0.253471,-1.68299,-0.374937,1.42931,0.855572,-1.19532,-0.85681,-0.00465387,0.196206,0.462839,0.89495,1.01673,0.922628,-0.0356338,-0.180216,-0.721428,0.0157752,0.201682,0.0920857,-1.14301,1.43773,-1.81962,0.0570089,-0.197404,-0.638322,-1.17492,-0.298403,0.74042,-0.701472,-0.173075,1.36735,0.0161326,0.684571,0.298393,0.0923053,-0.28734,0.491337,-1.22022,-2.46994,-0.987915,-0.797983,-0.779083,1.93083,0.193433,-0.728855,1.99602,0.400716,0.669503,-1.38965,-0.119596,0.0156661,-1.83173,-1.21044,-2.71335,0.369881,-1.49338,-0.73588,-0.118847,-0.685769,0.793575,0.218283,-0.356257,-0.130433,-0.99635,-0.400911,1.09302,0.761827,0.335927,0.225744,-0.830177,0.372232,-0.143476,-2.63779,-1.01682,-0.499835,-0.808911,0.5658,0.256523,1.55308,-0.943595,-0.371555,-1.22775,0.40998,0.0661206,0.286635,0.841724,-0.979373,-0.343089,1.78848,-0.300211,0.140248,-1.0655,0.370706,-0.508627,-0.600076,-0.539629,1.164,-1.59675,0.510534,-0.00349536,0.61715,0.404247,-0.253534,0.528678,-1.11511,-1.03209,-547.184,-508.299,2761.5,815.011,520.894,-1882.04,-2005.36,-819.359,713.376,4167.89,684.524,-60.5022,-3825.74,-379.508,89.5438,-786.665,-2764.26,-1893.05,-1138.15,1330.48,3721.9,-4549.31,2287.66,267.703,-2638.59,-2872.07,3581.78,-691.08,1559.76,-2665.15,-3407.54,531.827,2745.55,-223.138,-3512.96,4957.76,-1430.38,-3610.6,1490.59,-2808.39,2647.86,134.514,1058.66,-2025.01,485.435,3088.29,-408.039,1755.96,-843.537,223.64,-979.537,157.066,-382.401,-1592.82,146.539,630.355,1663.4,390.568,-1767.98,-422.267,-1066.21,3073.98,426.967,1910.6,-1257.09,-400.344,-1141.72,499.265,-2604.22,-1076.11,-4120.46,-2216.12,-5824.17,-626.233,4606.2,242.817,3643.23,1542.24,2193.71,656.864,865.569,271.498,-601.193,3442.11,1343.81,-669.027,-589.169,-124.323,-568.395,1995.34,2199.27,3168.19,1360.03,-1589.59,215.181,-2315.43,-552.459,2949.46,968.289,-1405.52
-250354,0,1,0,1,1,250396,-0.384764,0.00591807,1.98251,0.65987,0.194549,-1.62464,-1.32884,-0.638008,0.776036,1.76188,-0.149657,0.116447,-1.54277,-0.0636614,0.2482,-1.00728,-1.59481,-1.01706,-0.127135,0.559175,1.40119,-1.61276,1.8305,-0.0898098,-1.26576,-1.76124,1.23195,-0.269686,1.22789,-1.59845,-1.56077,0.458786,1.996,-0.185011,-1.75004,1.38731,-0.797919,-1.56933,0.936032,-1.67351,1.35279,0.444837,1.42627,-1.3104,-0.0724454,0.89088,-0.393547,0.886616,0.0264761,-0.478673,-1.03596,0.226382,0.0675763,-1.26799,0.156639,-0.0321617,0.998724,0.212245,-0.63784,-0.775643,-0.788799,1.94885,1.21166,0.828242,-0.92643,-0.62419,-1.08532,0.0134659,-0.922084,-1.04397,-1.82062,-0.720654,-1.94471,-0.376988,1.76676,-0.594025,1.17955,0.313105,1.16384,0.0323358,0.112372,0.276904,0.173359,1.84303,0.871915,-1.30925,-0.819472,-0.271119,0.144731,1.18899,1.07535,1.68402,1.67163,-0.91779,-0.253471,-1.68299,-0.374937,1.42931,0.855572,-1.19532,1.15343,0.667066,-0.290727,-0.588104,-0.682989,0.71531,-0.196309,0.0431786,-0.592646,-0.272784,-0.458623,1.79856,1.11712,0.608942,0.627083,1.59314,-1.4445,0.57128,0.421147,0.424494,0.653422,-0.895555,-0.422286,0.313646,0.207252,-0.957411,1.65748,-1.03242,1.72875,0.14716,0.0581249,1.07857,0.737758,0.0499521,-0.251319,-0.795118,0.489008,-0.0213323,-0.553819,0.450177,-0.564169,-1.01947,-1.31366,-1.4904,-0.364233,-0.811811,1.35781,-0.126134,-0.769201,-0.139542,-0.300322,-0.113455,-0.887819,-0.348407,1.89334,-0.0878406,0.0825703,-1.07488,-0.330467,0.455227,-0.544223,-1.19659,-0.736711,-0.253676,0.911097,1.06308,1.35152,-0.842183,1.56373,-0.776437,-0.709054,0.0118859,-0.603878,-0.0337107,0.576664,0.292998,-0.129023,2.2612,-1.20895,1.00179,0.194817,-0.546146,-0.464503,-3.63812,0.643759,0.151943,-1.00005,-1.41435,-0.356339,0.805261,-0.138318,0.521489,-0.939874,0.582215,-0.464808,-1.4282,-0.833815,-0.378366,1.05505,0.769629,-547.184,-508.299,2761.5,815.011,520.894,-1882.04,-2005.36,-819.359,713.376,4167.89,684.524,-60.5022,-3825.74,-379.508,89.5438,-786.665,-2764.26,-1893.05,-1138.15,1330.48,3721.9,-4549.31,2287.66,267.703,-2638.59,-2872.07,3581.78,-691.08,1559.76,-2665.15,-3407.54,531.827,2745.55,-223.138,-3512.96,4957.76,-1430.38,-3610.6,1490.59,-2808.39,2647.86,134.514,1058.66,-2025.01,485.435,3088.29,-408.039,1755.96,-843.537,223.64,-979.537,157.066,-382.401,-1592.82,146.539,630.355,1663.4,390.568,-1767.98,-422.267,-1066.21,3073.98,426.967,1910.6,-1257.09,-400.344,-1141.72,499.265,-2604.22,-1076.11,-4120.46,-2216.12,-5824.17,-626.233,4606.2,242.817,3643.23,1542.24,2193.71,656.864,865.569,271.498,-601.193,3442.11,1343.81,-669.027,-589.169,-124.323,-568.395,1995.34,2199.27,3168.19,1360.03,-1589.59,215.181,-2315.43,-552.459,2949.46,968.289,-1405.52
-250354,0,1,0,1,1,250407,-0.384764,0.00591807,1.98251,0.65987,0.194549,-1.62464,-1.32884,-0.638008,0.776036,1.76188,-0.149657,0.116447,-1.54277,-0.0636614,0.2482,-1.00728,-1.59481,-1.01706,-0.127135,0.559175,1.40119,-1.61276,1.8305,-0.0898098,-1.26576,-1.76124,1.23195,-0.269686,1.22789,-1.59845,-1.56077,0.458786,1.996,-0.185011,-1.75004,1.38731,-0.797919,-1.56933,0.936032,-1.67351,1.35279,0.444837,1.42627,-1.3104,-0.0724454,0.89088,-0.393547,0.886616,0.0264761,-0.478673,-1.03596,0.226382,0.0675763,-1.26799,0.156639,-0.0321617,0.998724,0.212245,-0.63784,-0.775643,-0.788799,1.94885,1.21166,0.828242,-0.92643,-0.62419,-1.08532,0.0134659,-0.922084,-1.04397,-1.82062,-0.720654,-1.94471,-0.376988,1.76676,-0.594025,1.17955,0.313105,1.16384,0.0323358,0.112372,0.276904,0.173359,1.84303,0.871915,-1.30925,-0.819472,-0.271119,0.144731,1.18899,1.07535,1.68402,1.67163,-0.91779,-0.253471,-1.68299,-0.374937,1.42931,0.855572,-1.19532,1.33126,0.915618,-0.360626,0.501989,-0.46001,0.916615,1.30173,-2.08798,-0.197284,-1.10574,0.8168,0.394009,0.184263,2.61426,-2.7011,-0.256497,0.729993,-0.135846,-0.163039,-1.27994,-1.07559,0.696114,-1.44307,-0.572409,0.490587,-1.16593,1.30017,-1.43251,-1.30207,1.16503,0.797253,0.46435,-1.45913,1.05288,-1.54304,0.700239,1.22694,1.10502,-0.41448,0.0821347,-0.57785,-0.887706,-0.293107,1.34884,1.81299,0.549381,-0.00620516,-0.841936,0.256109,1.0866,-1.02151,-0.799087,0.707405,-0.6378,-0.682187,-1.19737,-0.750407,1.61513,1.45778,-0.0491949,0.667223,0.845612,-0.348548,0.759405,-0.60559,-0.208143,0.681792,-1.46076,-0.556708,0.366293,-0.501686,2.25097,0.240625,-0.375611,0.723042,-0.584258,-0.159759,0.8798,1.67254,-0.430996,-1.42027,-0.267237,1.8257,0.146473,-0.418979,-0.668332,-0.383417,1.06598,0.0980426,2.43593,-0.290474,0.147409,-0.0391994,0.684988,-0.91024,-0.575718,1.65236,0.749741,-0.0338177,1.89761,-547.184,-508.299,2761.5,815.011,520.894,-1882.04,-2005.36,-819.359,713.376,4167.89,684.524,-60.5022,-3825.74,-379.508,89.5438,-786.665,-2764.26,-1893.05,-1138.15,1330.48,3721.9,-4549.31,2287.66,267.703,-2638.59,-2872.07,3581.78,-691.08,1559.76,-2665.15,-3407.54,531.827,2745.55,-223.138,-3512.96,4957.76,-1430.38,-3610.6,1490.59,-2808.39,2647.86,134.514,1058.66,-2025.01,485.435,3088.29,-408.039,1755.96,-843.537,223.64,-979.537,157.066,-382.401,-1592.82,146.539,630.355,1663.4,390.568,-1767.98,-422.267,-1066.21,3073.98,426.967,1910.6,-1257.09,-400.344,-1141.72,499.265,-2604.22,-1076.11,-4120.46,-2216.12,-5824.17,-626.233,4606.2,242.817,3643.23,1542.24,2193.71,656.864,865.569,271.498,-601.193,3442.11,1343.81,-669.027,-589.169,-124.323,-568.395,1995.34,2199.27,3168.19,1360.03,-1589.59,215.181,-2315.43,-552.459,2949.46,968.289,-1405.52
-250354,0,1,0,1,1,250401,-0.384764,0.00591807,1.98251,0.65987,0.194549,-1.62464,-1.32884,-0.638008,0.776036,1.76188,-0.149657,0.116447,-1.54277,-0.0636614,0.2482,-1.00728,-1.59481,-1.01706,-0.127135,0.559175,1.40119,-1.61276,1.8305,-0.0898098,-1.26576,-1.76124,1.23195,-0.269686,1.22789,-1.59845,-1.56077,0.458786,1.996,-0.185011,-1.75004,1.38731,-0.797919,-1.56933,0.936032,-1.67351,1.35279,0.444837,1.42627,-1.3104,-0.0724454,0.89088,-0.393547,0.886616,0.0264761,-0.478673,-1.03596,0.226382,0.0675763,-1.26799,0.156639,-0.0321617,0.998724,0.212245,-0.63784,-0.775643,-0.788799,1.94885,1.21166,0.828242,-0.92643,-0.62419,-1.08532,0.0134659,-0.922084,-1.04397,-1.82062,-0.720654,-1.94471,-0.376988,1.76676,-0.594025,1.17955,0.313105,1.16384,0.0323358,0.112372,0.276904,0.173359,1.84303,0.871915,-1.30925,-0.819472,-0.271119,0.144731,1.18899,1.07535,1.68402,1.67163,-0.91779,-0.253471,-1.68299,-0.374937,1.42931,0.855572,-1.19532,-1.31693,0.0550318,1.90376,0.096808,0.0379808,-0.494882,-0.665853,-0.0688756,-0.548113,0.224516,-1.10617,0.591617,0.0520455,-0.883864,0.0122763,1.29489,1.11835,-0.594923,0.392741,1.09813,-0.0637766,-0.0810999,0.631683,-0.791852,2.49019,-0.0366906,-0.624171,0.628739,-1.00018,-0.447424,1.31265,0.808716,-0.826355,0.164277,-0.793543,-0.897379,1.88371,-0.758936,0.202014,-1.00518,1.07985,-0.231674,0.971322,-0.0648042,1.01482,-0.92631,0.813165,0.401392,-0.317905,0.0216712,-0.77671,0.185646,1.0881,0.136121,0.909314,-1.22042,-1.47622,-0.407491,0.637328,0.444223,0.465398,0.356706,0.0495929,-0.431662,1.39871,-1.48955,0.914738,0.683236,1.21909,-0.123539,0.522616,-0.75811,1.74132,-0.807861,0.0715802,-2.50408,1.27581,0.111582,-1.58094,0.294233,0.201643,-0.854365,-0.616667,-0.627409,0.548056,1.69219,1.96175,2.80476,0.711838,0.647856,0.607952,-0.013816,-1.84874,0.346851,0.58991,1.21403,-0.0837656,1.02232,0.600104,-1.263,-547.184,-508.299,2761.5,815.011,520.894,-1882.04,-2005.36,-819.359,713.376,4167.89,684.524,-60.5022,-3825.74,-379.508,89.5438,-786.665,-2764.26,-1893.05,-1138.15,1330.48,3721.9,-4549.31,2287.66,267.703,-2638.59,-2872.07,3581.78,-691.08,1559.76,-2665.15,-3407.54,531.827,2745.55,-223.138,-3512.96,4957.76,-1430.38,-3610.6,1490.59,-2808.39,2647.86,134.514,1058.66,-2025.01,485.435,3088.29,-408.039,1755.96,-843.537,223.64,-979.537,157.066,-382.401,-1592.82,146.539,630.355,1663.4,390.568,-1767.98,-422.267,-1066.21,3073.98,426.967,1910.6,-1257.09,-400.344,-1141.72,499.265,-2604.22,-1076.11,-4120.46,-2216.12,-5824.17,-626.233,4606.2,242.817,3643.23,1542.24,2193.71,656.864,865.569,271.498,-601.193,3442.11,1343.81,-669.027,-589.169,-124.323,-568.395,1995.34,2199.27,3168.19,1360.03,-1589.59,215.181,-2315.43,-552.459,2949.46,968.289,-1405.52
-250354,0,1,0,1,1,250409,-0.384764,0.00591807,1.98251,0.65987,0.194549,-1.62464,-1.32884,-0.638008,0.776036,1.76188,-0.149657,0.116447,-1.54277,-0.0636614,0.2482,-1.00728,-1.59481,-1.01706,-0.127135,0.559175,1.40119,-1.61276,1.8305,-0.0898098,-1.26576,-1.76124,1.23195,-0.269686,1.22789,-1.59845,-1.56077,0.458786,1.996,-0.185011,-1.75004,1.38731,-0.797919,-1.56933,0.936032,-1.67351,1.35279,0.444837,1.42627,-1.3104,-0.0724454,0.89088,-0.393547,0.886616,0.0264761,-0.478673,-1.03596,0.226382,0.0675763,-1.26799,0.156639,-0.0321617,0.998724,0.212245,-0.63784,-0.775643,-0.788799,1.94885,1.21166,0.828242,-0.92643,-0.62419,-1.08532,0.0134659,-0.922084,-1.04397,-1.82062,-0.720654,-1.94471,-0.376988,1.76676,-0.594025,1.17955,0.313105,1.16384,0.0323358,0.112372,0.276904,0.173359,1.84303,0.871915,-1.30925,-0.819472,-0.271119,0.144731,1.18899,1.07535,1.68402,1.67163,-0.91779,-0.253471,-1.68299,-0.374937,1.42931,0.855572,-1.19532,-0.217645,-1.16815,0.700431,0.454952,0.290054,1.21045,-0.0781525,0.400389,-0.371074,-0.391745,1.04761,-0.907812,-1.4042,0.664017,-0.901963,1.15406,-1.0774,1.43909,-0.745513,0.896505,0.364835,0.976121,-0.57177,-0.436309,-0.675751,-1.74789,-0.268687,-0.216171,-0.0512274,-1.13038,0.0182011,1.38787,-1.04048,0.335498,-0.0926935,1.87117,-0.928637,-0.717081,-2.58587,0.544449,-0.136424,0.145102,-0.546304,0.886659,-0.0854375,0.331226,1.10448,-0.261222,-0.616014,0.0774345,1.61663,-0.167923,-0.686225,1.78045,1.18712,0.877124,0.961761,0.660222,1.45418,1.1226,-0.58284,-2.0349,-0.134566,-0.898529,-1.35057,-1.23859,1.54806,0.981525,0.641638,-0.550435,1.28674,-0.0392956,0.172028,0.650845,1.07765,-0.122419,-2.43856,-1.48245,0.89302,-1.3895,1.4968,-0.802413,0.456379,-0.811598,3.08014,0.915806,0.907005,-0.59967,1.45606,0.621038,0.882825,-0.729064,-1.10821,1.49422,0.312041,2.60625,-1.08682,-0.324799,-0.141281,0.166939,-547.184,-508.299,2761.5,815.011,520.894,-1882.04,-2005.36,-819.359,713.376,4167.89,684.524,-60.5022,-3825.74,-379.508,89.5438,-786.665,-2764.26,-1893.05,-1138.15,1330.48,3721.9,-4549.31,2287.66,267.703,-2638.59,-2872.07,3581.78,-691.08,1559.76,-2665.15,-3407.54,531.827,2745.55,-223.138,-3512.96,4957.76,-1430.38,-3610.6,1490.59,-2808.39,2647.86,134.514,1058.66,-2025.01,485.435,3088.29,-408.039,1755.96,-843.537,223.64,-979.537,157.066,-382.401,-1592.82,146.539,630.355,1663.4,390.568,-1767.98,-422.267,-1066.21,3073.98,426.967,1910.6,-1257.09,-400.344,-1141.72,499.265,-2604.22,-1076.11,-4120.46,-2216.12,-5824.17,-626.233,4606.2,242.817,3643.23,1542.24,2193.71,656.864,865.569,271.498,-601.193,3442.11,1343.81,-669.027,-589.169,-124.323,-568.395,1995.34,2199.27,3168.19,1360.03,-1589.59,215.181,-2315.43,-552.459,2949.46,968.289,-1405.52
-250354,0,1,0,1,1,250401,-0.384764,0.00591807,1.98251,0.65987,0.194549,-1.62464,-1.32884,-0.638008,0.776036,1.76188,-0.149657,0.116447,-1.54277,-0.0636614,0.2482,-1.00728,-1.59481,-1.01706,-0.127135,0.559175,1.40119,-1.61276,1.8305,-0.0898098,-1.26576,-1.76124,1.23195,-0.269686,1.22789,-1.59845,-1.56077,0.458786,1.996,-0.185011,-1.75004,1.38731,-0.797919,-1.56933,0.936032,-1.67351,1.35279,0.444837,1.42627,-1.3104,-0.0724454,0.89088,-0.393547,0.886616,0.0264761,-0.478673,-1.03596,0.226382,0.0675763,-1.26799,0.156639,-0.0321617,0.998724,0.212245,-0.63784,-0.775643,-0.788799,1.94885,1.21166,0.828242,-0.92643,-0.62419,-1.08532,0.0134659,-0.922084,-1.04397,-1.82062,-0.720654,-1.94471,-0.376988,1.76676,-0.594025,1.17955,0.313105,1.16384,0.0323358,0.112372,0.276904,0.173359,1.84303,0.871915,-1.30925,-0.819472,-0.271119,0.144731,1.18899,1.07535,1.68402,1.67163,-0.91779,-0.253471,-1.68299,-0.374937,1.42931,0.855572,-1.19532,-0.976639,0.702295,1.13764,2.02695,-2.24348,0.0919169,0.335235,-1.48933,0.39849,-0.0948264,0.50967,-1.37082,-0.461032,-1.65369,-0.846202,-0.727763,0.671304,-0.576104,-0.470865,-0.6056,0.43161,0.42794,0.0205317,0.369616,0.506292,0.0377779,-0.34569,-0.439232,0.87014,1.18478,-1.29494,-0.856614,0.305397,0.277738,0.796565,1.79089,1.43744,0.600882,1.90087,-0.774279,-0.267125,0.39415,2.08354,1.69726,-0.746383,0.823391,-0.807108,-1.17602,-1.699,-0.440144,-1.02365,0.36535,1.12871,-1.01532,0.213185,0.438196,0.128015,-0.569346,-0.418981,-0.87929,-1.60708,1.65039,-0.56559,0.488879,-0.738919,-0.968355,-1.10575,0.777489,1.03299,-0.367173,-0.276495,1.28129,0.917787,1.37984,1.01195,0.0590742,0.704736,0.435012,0.915272,1.09342,-0.358692,-0.0565498,1.49634,0.305245,1.05206,0.77221,-0.574967,-0.0549369,0.00110892,-0.694588,2.82846,-0.0438611,0.223891,-0.568359,-0.0096076,0.158899,-0.368152,0.19879,1.18706,1.50209,-547.184,-508.299,2761.5,815.011,520.894,-1882.04,-2005.36,-819.359,713.376,4167.89,684.524,-60.5022,-3825.74,-379.508,89.5438,-786.665,-2764.26,-1893.05,-1138.15,1330.48,3721.9,-4549.31,2287.66,267.703,-2638.59,-2872.07,3581.78,-691.08,1559.76,-2665.15,-3407.54,531.827,2745.55,-223.138,-3512.96,4957.76,-1430.38,-3610.6,1490.59,-2808.39,2647.86,134.514,1058.66,-2025.01,485.435,3088.29,-408.039,1755.96,-843.537,223.64,-979.537,157.066,-382.401,-1592.82,146.539,630.355,1663.4,390.568,-1767.98,-422.267,-1066.21,3073.98,426.967,1910.6,-1257.09,-400.344,-1141.72,499.265,-2604.22,-1076.11,-4120.46,-2216.12,-5824.17,-626.233,4606.2,242.817,3643.23,1542.24,2193.71,656.864,865.569,271.498,-601.193,3442.11,1343.81,-669.027,-589.169,-124.323,-568.395,1995.34,2199.27,3168.19,1360.03,-1589.59,215.181,-2315.43,-552.459,2949.46,968.289,-1405.52
-250354,0,1,0,1,1,250399,-0.384764,0.00591807,1.98251,0.65987,0.194549,-1.62464,-1.32884,-0.638008,0.776036,1.76188,-0.149657,0.116447,-1.54277,-0.0636614,0.2482,-1.00728,-1.59481,-1.01706,-0.127135,0.559175,1.40119,-1.61276,1.8305,-0.0898098,-1.26576,-1.76124,1.23195,-0.269686,1.22789,-1.59845,-1.56077,0.458786,1.996,-0.185011,-1.75004,1.38731,-0.797919,-1.56933,0.936032,-1.67351,1.35279,0.444837,1.42627,-1.3104,-0.0724454,0.89088,-0.393547,0.886616,0.0264761,-0.478673,-1.03596,0.226382,0.0675763,-1.26799,0.156639,-0.0321617,0.998724,0.212245,-0.63784,-0.775643,-0.788799,1.94885,1.21166,0.828242,-0.92643,-0.62419,-1.08532,0.0134659,-0.922084,-1.04397,-1.82062,-0.720654,-1.94471,-0.376988,1.76676,-0.594025,1.17955,0.313105,1.16384,0.0323358,0.112372,0.276904,0.173359,1.84303,0.871915,-1.30925,-0.819472,-0.271119,0.144731,1.18899,1.07535,1.68402,1.67163,-0.91779,-0.253471,-1.68299,-0.374937,1.42931,0.855572,-1.19532,-0.225271,-0.359801,-0.429957,0.179277,1.33335,-0.182263,1.08661,-0.253597,1.03136,1.04533,-0.903287,1.60318,-1.54398,0.691259,-1.3835,0.00462597,0.477448,0.600203,-0.660389,-1.50888,0.123336,1.57786,0.673786,-0.242395,-1.5223,-1.49193,-0.225768,-1.7309,-0.921114,0.656178,-1.08818,-0.892975,-0.126477,-0.0148193,0.174896,-1.39744,0.266826,1.19705,-0.750806,-2.17178,0.631256,-1.34115,0.346013,-3.0662,-0.173421,0.624998,0.810728,-1.3212,-0.76562,0.301749,0.834771,0.698853,1.12042,-1.11784,0.249263,1.06835,0.276867,-0.0768847,0.524884,-1.03929,-0.250239,0.422382,1.67873,0.881721,0.85938,0.746743,-0.567156,0.381733,-0.708254,-0.943538,-0.250613,0.549794,0.441613,-1.79607,0.348086,-0.314102,-0.079267,0.862717,-0.702659,0.229073,-1.61677,1.57692,-0.422377,0.45148,0.375135,0.224145,1.38829,-1.48002,0.190989,0.593841,1.59134,-0.670943,-0.126614,-0.133218,0.575993,-1.04179,0.242011,1.03464,0.762793,-0.671446,-547.184,-508.299,2761.5,815.011,520.894,-1882.04,-2005.36,-819.359,713.376,4167.89,684.524,-60.5022,-3825.74,-379.508,89.5438,-786.665,-2764.26,-1893.05,-1138.15,1330.48,3721.9,-4549.31,2287.66,267.703,-2638.59,-2872.07,3581.78,-691.08,1559.76,-2665.15,-3407.54,531.827,2745.55,-223.138,-3512.96,4957.76,-1430.38,-3610.6,1490.59,-2808.39,2647.86,134.514,1058.66,-2025.01,485.435,3088.29,-408.039,1755.96,-843.537,223.64,-979.537,157.066,-382.401,-1592.82,146.539,630.355,1663.4,390.568,-1767.98,-422.267,-1066.21,3073.98,426.967,1910.6,-1257.09,-400.344,-1141.72,499.265,-2604.22,-1076.11,-4120.46,-2216.12,-5824.17,-626.233,4606.2,242.817,3643.23,1542.24,2193.71,656.864,865.569,271.498,-601.193,3442.11,1343.81,-669.027,-589.169,-124.323,-568.395,1995.34,2199.27,3168.19,1360.03,-1589.59,215.181,-2315.43,-552.459,2949.46,968.289,-1405.52
-250354,0,1,0,1,1,250405,-0.384764,0.00591807,1.98251,0.65987,0.194549,-1.62464,-1.32884,-0.638008,0.776036,1.76188,-0.149657,0.116447,-1.54277,-0.0636614,0.2482,-1.00728,-1.59481,-1.01706,-0.127135,0.559175,1.40119,-1.61276,1.8305,-0.0898098,-1.26576,-1.76124,1.23195,-0.269686,1.22789,-1.59845,-1.56077,0.458786,1.996,-0.185011,-1.75004,1.38731,-0.797919,-1.56933,0.936032,-1.67351,1.35279,0.444837,1.42627,-1.3104,-0.0724454,0.89088,-0.393547,0.886616,0.0264761,-0.478673,-1.03596,0.226382,0.0675763,-1.26799,0.156639,-0.0321617,0.998724,0.212245,-0.63784,-0.775643,-0.788799,1.94885,1.21166,0.828242,-0.92643,-0.62419,-1.08532,0.0134659,-0.922084,-1.04397,-1.82062,-0.720654,-1.94471,-0.376988,1.76676,-0.594025,1.17955,0.313105,1.16384,0.0323358,0.112372,0.276904,0.173359,1.84303,0.871915,-1.30925,-0.819472,-0.271119,0.144731,1.18899,1.07535,1.68402,1.67163,-0.91779,-0.253471,-1.68299,-0.374937,1.42931,0.855572,-1.19532,-1.26062,0.0149962,0.716312,-0.271113,-0.507678,0.905327,-2.10858,-0.8964,-1.34244,-0.690265,-0.196601,0.505245,2.3021,-0.968794,0.91814,1.70474,0.310747,0.546841,-0.0230388,1.72698,0.244977,0.203183,0.103053,0.249399,-0.983139,-0.543307,-0.181971,-1.43984,0.0977515,-0.675104,1.25241,-1.02834,1.20144,-0.400925,-0.959251,-1.50245,-0.00277135,0.813492,-1.58281,0.403208,0.480378,-0.327275,-0.375613,-0.757886,0.268632,-0.478577,0.281206,1.29945,0.633997,0.0391803,-1.79434,0.802091,0.139374,-0.848314,0.564902,-2.53079,-0.309733,-1.17889,1.44808,-2.02213,-0.22618,-0.000431538,-0.882829,1.8229,0.768483,-0.623603,-1.62848,-0.387979,-0.294075,-0.533666,0.198987,-0.74096,-0.585556,-0.814394,-1.74873,0.624635,-0.371575,0.440759,0.0925532,-2.13025,0.289572,-0.548022,1.77712,-0.128546,-0.236021,-2.70406,0.0159528,-0.287167,-1.30694,0.406928,-1.53015,-0.932418,0.438704,1.05595,-1.36056,0.250792,0.143894,1.53989,-0.830601,0.320794,-547.184,-508.299,2761.5,815.011,520.894,-1882.04,-2005.36,-819.359,713.376,4167.89,684.524,-60.5022,-3825.74,-379.508,89.5438,-786.665,-2764.26,-1893.05,-1138.15,1330.48,3721.9,-4549.31,2287.66,267.703,-2638.59,-2872.07,3581.78,-691.08,1559.76,-2665.15,-3407.54,531.827,2745.55,-223.138,-3512.96,4957.76,-1430.38,-3610.6,1490.59,-2808.39,2647.86,134.514,1058.66,-2025.01,485.435,3088.29,-408.039,1755.96,-843.537,223.64,-979.537,157.066,-382.401,-1592.82,146.539,630.355,1663.4,390.568,-1767.98,-422.267,-1066.21,3073.98,426.967,1910.6,-1257.09,-400.344,-1141.72,499.265,-2604.22,-1076.11,-4120.46,-2216.12,-5824.17,-626.233,4606.2,242.817,3643.23,1542.24,2193.71,656.864,865.569,271.498,-601.193,3442.11,1343.81,-669.027,-589.169,-124.323,-568.395,1995.34,2199.27,3168.19,1360.03,-1589.59,215.181,-2315.43,-552.459,2949.46,968.289,-1405.52
-250354,0,1,0,1,1,250426,-0.384764,0.00591807,1.98251,0.65987,0.194549,-1.62464,-1.32884,-0.638008,0.776036,1.76188,-0.149657,0.116447,-1.54277,-0.0636614,0.2482,-1.00728,-1.59481,-1.01706,-0.127135,0.559175,1.40119,-1.61276,1.8305,-0.0898098,-1.26576,-1.76124,1.23195,-0.269686,1.22789,-1.59845,-1.56077,0.458786,1.996,-0.185011,-1.75004,1.38731,-0.797919,-1.56933,0.936032,-1.67351,1.35279,0.444837,1.42627,-1.3104,-0.0724454,0.89088,-0.393547,0.886616,0.0264761,-0.478673,-1.03596,0.226382,0.0675763,-1.26799,0.156639,-0.0321617,0.998724,0.212245,-0.63784,-0.775643,-0.788799,1.94885,1.21166,0.828242,-0.92643,-0.62419,-1.08532,0.0134659,-0.922084,-1.04397,-1.82062,-0.720654,-1.94471,-0.376988,1.76676,-0.594025,1.17955,0.313105,1.16384,0.0323358,0.112372,0.276904,0.173359,1.84303,0.871915,-1.30925,-0.819472,-0.271119,0.144731,1.18899,1.07535,1.68402,1.67163,-0.91779,-0.253471,-1.68299,-0.374937,1.42931,0.855572,-1.19532,-0.374494,1.29168,1.48085,1.11678,1.52495,-2.57462,0.983365,-1.11559,1.13951,0.267029,1.2462,-0.316941,-0.858737,2.39856,0.892698,-0.992647,0.463518,-0.0294203,-1.52751,0.19538,1.2546,-0.585638,-1.39112,-1.37745,-1.80723,0.0458851,-0.2327,0.313302,0.0332047,-1.51319,0.873449,-2.32552,-0.063397,-1.03647,-1.86359,0.737227,1.47643,-1.22414,1.2315,-0.203685,0.477789,0.436088,-0.250613,0.390899,-2.23153,-0.759507,-0.0403244,-0.652028,0.774448,1.78466,1.90747,-0.844719,0.330796,0.926021,-2.15737,-1.36502,-1.66357,-0.43987,0.800656,2.35751,-0.440758,0.57158,-0.247287,-0.264039,1.60266,0.289147,0.640307,-1.18531,1.78979,1.42587,-1.02388,3.11372,1.46458,0.538211,0.809479,0.430821,1.5055,-1.0658,0.221859,1.00874,-0.0647945,2.22942,-1.32148,-1.81958,-1.63787,-0.385022,-0.0330059,0.57165,0.0627228,-0.70791,1.15058,-0.927785,1.54828,0.588209,1.33186,-0.860564,0.123866,-0.737457,1.52196,-1.34651,-547.184,-508.299,2761.5,815.011,520.894,-1882.04,-2005.36,-819.359,713.376,4167.89,684.524,-60.5022,-3825.74,-379.508,89.5438,-786.665,-2764.26,-1893.05,-1138.15,1330.48,3721.9,-4549.31,2287.66,267.703,-2638.59,-2872.07,3581.78,-691.08,1559.76,-2665.15,-3407.54,531.827,2745.55,-223.138,-3512.96,4957.76,-1430.38,-3610.6,1490.59,-2808.39,2647.86,134.514,1058.66,-2025.01,485.435,3088.29,-408.039,1755.96,-843.537,223.64,-979.537,157.066,-382.401,-1592.82,146.539,630.355,1663.4,390.568,-1767.98,-422.267,-1066.21,3073.98,426.967,1910.6,-1257.09,-400.344,-1141.72,499.265,-2604.22,-1076.11,-4120.46,-2216.12,-5824.17,-626.233,4606.2,242.817,3643.23,1542.24,2193.71,656.864,865.569,271.498,-601.193,3442.11,1343.81,-669.027,-589.169,-124.323,-568.395,1995.34,2199.27,3168.19,1360.03,-1589.59,215.181,-2315.43,-552.459,2949.46,968.289,-1405.52
-250354,0,1,0,1,1,250411,-0.384764,0.00591807,1.98251,0.65987,0.194549,-1.62464,-1.32884,-0.638008,0.776036,1.76188,-0.149657,0.116447,-1.54277,-0.0636614,0.2482,-1.00728,-1.59481,-1.01706,-0.127135,0.559175,1.40119,-1.61276,1.8305,-0.0898098,-1.26576,-1.76124,1.23195,-0.269686,1.22789,-1.59845,-1.56077,0.458786,1.996,-0.185011,-1.75004,1.38731,-0.797919,-1.56933,0.936032,-1.67351,1.35279,0.444837,1.42627,-1.3104,-0.0724454,0.89088,-0.393547,0.886616,0.0264761,-0.478673,-1.03596,0.226382,0.0675763,-1.26799,0.156639,-0.0321617,0.998724,0.212245,-0.63784,-0.775643,-0.788799,1.94885,1.21166,0.828242,-0.92643,-0.62419,-1.08532,0.0134659,-0.922084,-1.04397,-1.82062,-0.720654,-1.94471,-0.376988,1.76676,-0.594025,1.17955,0.313105,1.16384,0.0323358,0.112372,0.276904,0.173359,1.84303,0.871915,-1.30925,-0.819472,-0.271119,0.144731,1.18899,1.07535,1.68402,1.67163,-0.91779,-0.253471,-1.68299,-0.374937,1.42931,0.855572,-1.19532,-1.41568,-2.24132,1.31846,-0.96309,0.0574026,2.2317,-0.823263,-1.78763,-0.743166,-1.16352,0.925488,-0.302372,-0.0425298,-1.10006,0.201106,0.919676,0.920225,1.2202,-0.957086,1.90076,0.152212,0.929977,-0.43626,0.77539,1.0001,0.898607,0.212137,1.50521,1.00486,0.729311,-1.61086,0.58645,-0.230653,0.402451,-0.429032,0.293176,-1.78664,-0.199563,2.56752,1.25682,2.04804,0.176539,0.155463,-0.46299,-1.39487,-0.565011,-1.19135,0.40135,-1.88509,2.29323,-1.36529,-0.621392,-0.231508,0.693097,1.2706,-0.952211,-0.747188,-1.57299,-0.553043,0.568749,0.463218,0.200236,0.164168,1.31643,1.297,-0.352847,1.57286,0.00913619,-0.902099,1.47641,1.33317,0.239632,-0.667112,-1.10378,-1.69246,2.35555,0.510505,0.296627,1.40465,0.104197,0.0507044,-0.168777,0.604505,-0.0936615,0.288254,-0.105868,0.748506,-0.4654,0.224913,0.164333,-1.61385,0.371547,0.27566,-0.2946,-0.180357,1.04969,1.62098,1.20012,-0.401251,1.32285,-547.184,-508.299,2761.5,815.011,520.894,-1882.04,-2005.36,-819.359,713.376,4167.89,684.524,-60.5022,-3825.74,-379.508,89.5438,-786.665,-2764.26,-1893.05,-1138.15,1330.48,3721.9,-4549.31,2287.66,267.703,-2638.59,-2872.07,3581.78,-691.08,1559.76,-2665.15,-3407.54,531.827,2745.55,-223.138,-3512.96,4957.76,-1430.38,-3610.6,1490.59,-2808.39,2647.86,134.514,1058.66,-2025.01,485.435,3088.29,-408.039,1755.96,-843.537,223.64,-979.537,157.066,-382.401,-1592.82,146.539,630.355,1663.4,390.568,-1767.98,-422.267,-1066.21,3073.98,426.967,1910.6,-1257.09,-400.344,-1141.72,499.265,-2604.22,-1076.11,-4120.46,-2216.12,-5824.17,-626.233,4606.2,242.817,3643.23,1542.24,2193.71,656.864,865.569,271.498,-601.193,3442.11,1343.81,-669.027,-589.169,-124.323,-568.395,1995.34,2199.27,3168.19,1360.03,-1589.59,215.181,-2315.43,-552.459,2949.46,968.289,-1405.52
-250354,0,1,0,1,1,250408,-0.384764,0.00591807,1.98251,0.65987,0.194549,-1.62464,-1.32884,-0.638008,0.776036,1.76188,-0.149657,0.116447,-1.54277,-0.0636614,0.2482,-1.00728,-1.59481,-1.01706,-0.127135,0.559175,1.40119,-1.61276,1.8305,-0.0898098,-1.26576,-1.76124,1.23195,-0.269686,1.22789,-1.59845,-1.56077,0.458786,1.996,-0.185011,-1.75004,1.38731,-0.797919,-1.56933,0.936032,-1.67351,1.35279,0.444837,1.42627,-1.3104,-0.0724454,0.89088,-0.393547,0.886616,0.0264761,-0.478673,-1.03596,0.226382,0.0675763,-1.26799,0.156639,-0.0321617,0.998724,0.212245,-0.63784,-0.775643,-0.788799,1.94885,1.21166,0.828242,-0.92643,-0.62419,-1.08532,0.0134659,-0.922084,-1.04397,-1.82062,-0.720654,-1.94471,-0.376988,1.76676,-0.594025,1.17955,0.313105,1.16384,0.0323358,0.112372,0.276904,0.173359,1.84303,0.871915,-1.30925,-0.819472,-0.271119,0.144731,1.18899,1.07535,1.68402,1.67163,-0.91779,-0.253471,-1.68299,-0.374937,1.42931,0.855572,-1.19532,0.195124,0.555205,1.7811,-1.49937,-0.876538,0.339943,-1.60336,-0.616542,-0.470823,0.338836,-0.16408,0.151918,1.37376,1.22845,0.216883,0.510546,0.132331,-1.17145,1.83788,0.543109,-0.0532466,1.77264,-1.39526,0.121455,-0.679186,1.41553,0.233856,1.32979,-1.31189,-1.72729,-0.153125,-0.550371,0.348739,-0.0133612,0.767767,-1.0999,-0.311375,-0.29989,-0.306549,1.49428,-0.317426,-0.581157,1.05058,0.357391,2.78551,0.872081,-1.08677,-0.660351,-0.618397,-0.479803,1.17055,-1.09568,2.08613,-0.959669,1.14832,-1.06889,-1.88411,1.11756,0.324695,-1.2727,1.35063,-0.139615,-0.842557,-1.14567,1.50289,-1.9082,-1.05338,-0.708407,-1.20424,0.691375,-1.08186,0.176537,0.841376,0.477848,1.60932,0.226446,-0.210577,0.371393,-1.02342,0.714872,-1.95207,-0.442665,-0.684435,-1.22004,0.559868,0.911205,-0.24751,-0.824093,0.612952,1.0629,-0.786037,0.957736,1.42232,-0.26881,-1.72528,-0.435554,-0.757478,1.72807,0.654918,0.595131,-547.184,-508.299,2761.5,815.011,520.894,-1882.04,-2005.36,-819.359,713.376,4167.89,684.524,-60.5022,-3825.74,-379.508,89.5438,-786.665,-2764.26,-1893.05,-1138.15,1330.48,3721.9,-4549.31,2287.66,267.703,-2638.59,-2872.07,3581.78,-691.08,1559.76,-2665.15,-3407.54,531.827,2745.55,-223.138,-3512.96,4957.76,-1430.38,-3610.6,1490.59,-2808.39,2647.86,134.514,1058.66,-2025.01,485.435,3088.29,-408.039,1755.96,-843.537,223.64,-979.537,157.066,-382.401,-1592.82,146.539,630.355,1663.4,390.568,-1767.98,-422.267,-1066.21,3073.98,426.967,1910.6,-1257.09,-400.344,-1141.72,499.265,-2604.22,-1076.11,-4120.46,-2216.12,-5824.17,-626.233,4606.2,242.817,3643.23,1542.24,2193.71,656.864,865.569,271.498,-601.193,3442.11,1343.81,-669.027,-589.169,-124.323,-568.395,1995.34,2199.27,3168.19,1360.03,-1589.59,215.181,-2315.43,-552.459,2949.46,968.289,-1405.52
-250354,0,1,0,1,1,250400,-0.384764,0.00591807,1.98251,0.65987,0.194549,-1.62464,-1.32884,-0.638008,0.776036,1.76188,-0.149657,0.116447,-1.54277,-0.0636614,0.2482,-1.00728,-1.59481,-1.01706,-0.127135,0.559175,1.40119,-1.61276,1.8305,-0.0898098,-1.26576,-1.76124,1.23195,-0.269686,1.22789,-1.59845,-1.56077,0.458786,1.996,-0.185011,-1.75004,1.38731,-0.797919,-1.56933,0.936032,-1.67351,1.35279,0.444837,1.42627,-1.3104,-0.0724454,0.89088,-0.393547,0.886616,0.0264761,-0.478673,-1.03596,0.226382,0.0675763,-1.26799,0.156639,-0.0321617,0.998724,0.212245,-0.63784,-0.775643,-0.788799,1.94885,1.21166,0.828242,-0.92643,-0.62419,-1.08532,0.0134659,-0.922084,-1.04397,-1.82062,-0.720654,-1.94471,-0.376988,1.76676,-0.594025,1.17955,0.313105,1.16384,0.0323358,0.112372,0.276904,0.173359,1.84303,0.871915,-1.30925,-0.819472,-0.271119,0.144731,1.18899,1.07535,1.68402,1.67163,-0.91779,-0.253471,-1.68299,-0.374937,1.42931,0.855572,-1.19532,-0.910352,0.666884,-0.226141,0.706626,-1.12122,-1.34931,-0.35493,-0.126635,-1.06321,1.21046,-0.509174,1.21999,0.366798,1.51077,0.215075,1.03888,-0.947654,0.902871,-0.0511058,-0.285772,0.600313,0.510914,1.39271,-1.78097,0.677088,1.05864,0.574264,-1.5216,-0.448087,1.14357,0.594598,-0.0424472,-0.989543,1.02166,-1.26351,0.661895,-0.299771,-0.0843127,-1.16549,0.163923,-0.449023,-0.389354,-0.100975,0.846012,-1.11901,-1.04041,0.562708,1.04856,-0.142614,-1.25455,-0.0735428,3.37384,1.16395,-0.569991,-0.967516,-2.33954,1.17096,-0.6052,0.926386,-2.22237,1.21768,1.38554,-0.210502,-1.60041,0.792906,-0.715866,-0.0169137,-0.385219,-0.371688,-0.551004,1.09447,0.827014,0.696764,-1.10629,0.778644,0.932321,0.269056,1.08159,-1.2968,1.16868,-0.266128,-0.854772,-0.868776,0.0709041,0.121251,-0.731747,-0.715015,-0.751342,0.884783,-0.279777,0.241834,-0.51496,1.60604,0.500175,-0.058065,0.195128,-1.34806,-0.407944,-0.0463642,-0.34333,-547.184,-508.299,2761.5,815.011,520.894,-1882.04,-2005.36,-819.359,713.376,4167.89,684.524,-60.5022,-3825.74,-379.508,89.5438,-786.665,-2764.26,-1893.05,-1138.15,1330.48,3721.9,-4549.31,2287.66,267.703,-2638.59,-2872.07,3581.78,-691.08,1559.76,-2665.15,-3407.54,531.827,2745.55,-223.138,-3512.96,4957.76,-1430.38,-3610.6,1490.59,-2808.39,2647.86,134.514,1058.66,-2025.01,485.435,3088.29,-408.039,1755.96,-843.537,223.64,-979.537,157.066,-382.401,-1592.82,146.539,630.355,1663.4,390.568,-1767.98,-422.267,-1066.21,3073.98,426.967,1910.6,-1257.09,-400.344,-1141.72,499.265,-2604.22,-1076.11,-4120.46,-2216.12,-5824.17,-626.233,4606.2,242.817,3643.23,1542.24,2193.71,656.864,865.569,271.498,-601.193,3442.11,1343.81,-669.027,-589.169,-124.323,-568.395,1995.34,2199.27,3168.19,1360.03,-1589.59,215.181,-2315.43,-552.459,2949.46,968.289,-1405.52
-250354,0,1,0,1,1,250411,-0.384764,0.00591807,1.98251,0.65987,0.194549,-1.62464,-1.32884,-0.638008,0.776036,1.76188,-0.149657,0.116447,-1.54277,-0.0636614,0.2482,-1.00728,-1.59481,-1.01706,-0.127135,0.559175,1.40119,-1.61276,1.8305,-0.0898098,-1.26576,-1.76124,1.23195,-0.269686,1.22789,-1.59845,-1.56077,0.458786,1.996,-0.185011,-1.75004,1.38731,-0.797919,-1.56933,0.936032,-1.67351,1.35279,0.444837,1.42627,-1.3104,-0.0724454,0.89088,-0.393547,0.886616,0.0264761,-0.478673,-1.03596,0.226382,0.0675763,-1.26799,0.156639,-0.0321617,0.998724,0.212245,-0.63784,-0.775643,-0.788799,1.94885,1.21166,0.828242,-0.92643,-0.62419,-1.08532,0.0134659,-0.922084,-1.04397,-1.82062,-0.720654,-1.94471,-0.376988,1.76676,-0.594025,1.17955,0.313105,1.16384,0.0323358,0.112372,0.276904,0.173359,1.84303,0.871915,-1.30925,-0.819472,-0.271119,0.144731,1.18899,1.07535,1.68402,1.67163,-0.91779,-0.253471,-1.68299,-0.374937,1.42931,0.855572,-1.19532,1.79674,-1.02943,0.827911,-0.923531,-0.218792,0.448292,0.299319,-1.62468,0.859401,1.12631,-0.460807,0.117503,-0.668067,-1.32753,-0.581467,-1.47565,0.822836,-0.715721,-0.13988,0.455601,-0.252525,-1.44518,0.233932,-0.731246,0.883105,-0.157466,1.03741,-0.858567,-1.89456,0.261659,0.863573,-0.367767,-1.04691,-0.28886,-0.0790483,-0.546446,-0.809971,0.441796,-0.00618787,-1.07403,-0.375453,-0.80177,1.46287,0.85674,0.443506,1.7737,-1.65026,-1.20121,1.87862,-0.678546,-0.500481,-0.931298,0.152098,-2.42928,-0.700415,0.364636,0.16587,-1.08764,2.55083,-2.73381,-0.709742,-2.11286,-0.0134576,-1.44607,-1.30595,0.0266982,0.69688,-0.0296853,2.1787,-0.629592,1.45639,1.3577,-0.651641,0.808719,-0.185891,-1.26042,0.828248,0.255153,0.716503,0.452948,0.44366,0.0694875,-0.329882,-1.55404,-0.793625,-0.747645,-1.53023,0.210049,-0.379417,0.408977,-0.871538,-1.92881,-2.08531,0.994689,0.468271,0.715934,0.278637,0.307309,-2.04701,-0.683606,-547.184,-508.299,2761.5,815.011,520.894,-1882.04,-2005.36,-819.359,713.376,4167.89,684.524,-60.5022,-3825.74,-379.508,89.5438,-786.665,-2764.26,-1893.05,-1138.15,1330.48,3721.9,-4549.31,2287.66,267.703,-2638.59,-2872.07,3581.78,-691.08,1559.76,-2665.15,-3407.54,531.827,2745.55,-223.138,-3512.96,4957.76,-1430.38,-3610.6,1490.59,-2808.39,2647.86,134.514,1058.66,-2025.01,485.435,3088.29,-408.039,1755.96,-843.537,223.64,-979.537,157.066,-382.401,-1592.82,146.539,630.355,1663.4,390.568,-1767.98,-422.267,-1066.21,3073.98,426.967,1910.6,-1257.09,-400.344,-1141.72,499.265,-2604.22,-1076.11,-4120.46,-2216.12,-5824.17,-626.233,4606.2,242.817,3643.23,1542.24,2193.71,656.864,865.569,271.498,-601.193,3442.11,1343.81,-669.027,-589.169,-124.323,-568.395,1995.34,2199.27,3168.19,1360.03,-1589.59,215.181,-2315.43,-552.459,2949.46,968.289,-1405.52
-250354,0,1,0,1,1,250405,-0.384764,0.00591807,1.98251,0.65987,0.194549,-1.62464,-1.32884,-0.638008,0.776036,1.76188,-0.149657,0.116447,-1.54277,-0.0636614,0.2482,-1.00728,-1.59481,-1.01706,-0.127135,0.559175,1.40119,-1.61276,1.8305,-0.0898098,-1.26576,-1.76124,1.23195,-0.269686,1.22789,-1.59845,-1.56077,0.458786,1.996,-0.185011,-1.75004,1.38731,-0.797919,-1.56933,0.936032,-1.67351,1.35279,0.444837,1.42627,-1.3104,-0.0724454,0.89088,-0.393547,0.886616,0.0264761,-0.478673,-1.03596,0.226382,0.0675763,-1.26799,0.156639,-0.0321617,0.998724,0.212245,-0.63784,-0.775643,-0.788799,1.94885,1.21166,0.828242,-0.92643,-0.62419,-1.08532,0.0134659,-0.922084,-1.04397,-1.82062,-0.720654,-1.94471,-0.376988,1.76676,-0.594025,1.17955,0.313105,1.16384,0.0323358,0.112372,0.276904,0.173359,1.84303,0.871915,-1.30925,-0.819472,-0.271119,0.144731,1.18899,1.07535,1.68402,1.67163,-0.91779,-0.253471,-1.68299,-0.374937,1.42931,0.855572,-1.19532,1.14432,-0.117616,0.266843,-0.244675,0.190994,1.12227,-1.16223,0.71476,-0.473698,-1.03983,-1.21673,0.225026,0.124756,-1.21291,-1.01541,0.0625049,-0.956749,-1.60571,0.762844,2.69159,0.519035,0.825523,-0.496584,0.968372,0.0139806,1.87083,0.376958,-0.704356,-0.684904,-0.0934027,0.400967,-1.09526,-0.155858,0.444178,-1.48323,-0.857364,2.50397,-1.13952,0.685924,0.574094,-0.494762,-1.88764,0.10316,-0.205145,1.04397,2.94265,2.16237,0.563342,-0.199836,1.87232,0.613457,-0.58593,-0.713565,0.467788,-0.380194,-1.1253,-0.280677,-1.02936,-0.273756,0.892639,0.437856,1.40515,0.708071,1.31991,0.390964,0.1909,-0.19543,-0.430928,-1.85614,1.29851,0.370177,-1.19361,-1.30125,1.29772,-0.299841,-0.520681,-0.0151594,0.072884,-1.97731,0.277188,1.28073,-0.42548,-1.07582,0.313434,-1.16243,0.638607,-1.30568,1.42535,-0.739747,-0.541318,0.0850818,-0.0608578,-1.00065,1.21688,0.154268,0.350043,0.161358,1.50844,0.508936,0.107947,-547.184,-508.299,2761.5,815.011,520.894,-1882.04,-2005.36,-819.359,713.376,4167.89,684.524,-60.5022,-3825.74,-379.508,89.5438,-786.665,-2764.26,-1893.05,-1138.15,1330.48,3721.9,-4549.31,2287.66,267.703,-2638.59,-2872.07,3581.78,-691.08,1559.76,-2665.15,-3407.54,531.827,2745.55,-223.138,-3512.96,4957.76,-1430.38,-3610.6,1490.59,-2808.39,2647.86,134.514,1058.66,-2025.01,485.435,3088.29,-408.039,1755.96,-843.537,223.64,-979.537,157.066,-382.401,-1592.82,146.539,630.355,1663.4,390.568,-1767.98,-422.267,-1066.21,3073.98,426.967,1910.6,-1257.09,-400.344,-1141.72,499.265,-2604.22,-1076.11,-4120.46,-2216.12,-5824.17,-626.233,4606.2,242.817,3643.23,1542.24,2193.71,656.864,865.569,271.498,-601.193,3442.11,1343.81,-669.027,-589.169,-124.323,-568.395,1995.34,2199.27,3168.19,1360.03,-1589.59,215.181,-2315.43,-552.459,2949.46,968.289,-1405.52
-250354,0,1,0,1,1,250416,-0.384764,0.00591807,1.98251,0.65987,0.194549,-1.62464,-1.32884,-0.638008,0.776036,1.76188,-0.149657,0.116447,-1.54277,-0.0636614,0.2482,-1.00728,-1.59481,-1.01706,-0.127135,0.559175,1.40119,-1.61276,1.8305,-0.0898098,-1.26576,-1.76124,1.23195,-0.269686,1.22789,-1.59845,-1.56077,0.458786,1.996,-0.185011,-1.75004,1.38731,-0.797919,-1.56933,0.936032,-1.67351,1.35279,0.444837,1.42627,-1.3104,-0.0724454,0.89088,-0.393547,0.886616,0.0264761,-0.478673,-1.03596,0.226382,0.0675763,-1.26799,0.156639,-0.0321617,0.998724,0.212245,-0.63784,-0.775643,-0.788799,1.94885,1.21166,0.828242,-0.92643,-0.62419,-1.08532,0.0134659,-0.922084,-1.04397,-1.82062,-0.720654,-1.94471,-0.376988,1.76676,-0.594025,1.17955,0.313105,1.16384,0.0323358,0.112372,0.276904,0.173359,1.84303,0.871915,-1.30925,-0.819472,-0.271119,0.144731,1.18899,1.07535,1.68402,1.67163,-0.91779,-0.253471,-1.68299,-0.374937,1.42931,0.855572,-1.19532,-1.27298,-0.417344,-0.788334,0.0475644,-1.31761,1.11117,1.76544,2.10594,0.663794,0.255813,-1.18821,-0.679004,1.86117,0.334935,0.0754703,0.123351,0.44244,-0.807966,0.738275,-1.00969,2.24001,1.46297,0.667407,0.215912,-1.34654,1.17087,1.20428,-0.566715,-1.63359,-1.00392,1.76023,-1.64346,-1.02608,0.319747,0.693489,1.79081,0.989601,1.66646,-1.61687,-0.823822,-0.836349,0.931086,1.26994,-0.917909,-0.634213,-1.36504,-0.647008,1.71977,0.380028,1.0383,-0.0110879,1.40744,-0.773107,-0.0172838,0.180277,-1.11499,-1.55918,0.518221,-0.440332,-0.759333,0.0656487,0.0315322,0.798142,-1.81502,-0.769789,-0.426818,-1.50511,-2.28462,0.510859,0.642932,-0.993277,0.311315,-1.01517,-0.498633,1.90403,-0.53722,-0.0226279,-1.02963,1.2291,-0.0758797,0.847907,0.686678,-1.58799,0.900061,0.890144,-1.54193,0.315124,1.55166,0.719473,2.72243,1.58544,-2.15803,-0.825535,-0.375086,-1.29268,-0.578391,0.0190214,0.310786,0.634061,-0.151598,-547.184,-508.299,2761.5,815.011,520.894,-1882.04,-2005.36,-819.359,713.376,4167.89,684.524,-60.5022,-3825.74,-379.508,89.5438,-786.665,-2764.26,-1893.05,-1138.15,1330.48,3721.9,-4549.31,2287.66,267.703,-2638.59,-2872.07,3581.78,-691.08,1559.76,-2665.15,-3407.54,531.827,2745.55,-223.138,-3512.96,4957.76,-1430.38,-3610.6,1490.59,-2808.39,2647.86,134.514,1058.66,-2025.01,485.435,3088.29,-408.039,1755.96,-843.537,223.64,-979.537,157.066,-382.401,-1592.82,146.539,630.355,1663.4,390.568,-1767.98,-422.267,-1066.21,3073.98,426.967,1910.6,-1257.09,-400.344,-1141.72,499.265,-2604.22,-1076.11,-4120.46,-2216.12,-5824.17,-626.233,4606.2,242.817,3643.23,1542.24,2193.71,656.864,865.569,271.498,-601.193,3442.11,1343.81,-669.027,-589.169,-124.323,-568.395,1995.34,2199.27,3168.19,1360.03,-1589.59,215.181,-2315.43,-552.459,2949.46,968.289,-1405.52
-250354,0,1,0,1,1,250400,-0.384764,0.00591807,1.98251,0.65987,0.194549,-1.62464,-1.32884,-0.638008,0.776036,1.76188,-0.149657,0.116447,-1.54277,-0.0636614,0.2482,-1.00728,-1.59481,-1.01706,-0.127135,0.559175,1.40119,-1.61276,1.8305,-0.0898098,-1.26576,-1.76124,1.23195,-0.269686,1.22789,-1.59845,-1.56077,0.458786,1.996,-0.185011,-1.75004,1.38731,-0.797919,-1.56933,0.936032,-1.67351,1.35279,0.444837,1.42627,-1.3104,-0.0724454,0.89088,-0.393547,0.886616,0.0264761,-0.478673,-1.03596,0.226382,0.0675763,-1.26799,0.156639,-0.0321617,0.998724,0.212245,-0.63784,-0.775643,-0.788799,1.94885,1.21166,0.828242,-0.92643,-0.62419,-1.08532,0.0134659,-0.922084,-1.04397,-1.82062,-0.720654,-1.94471,-0.376988,1.76676,-0.594025,1.17955,0.313105,1.16384,0.0323358,0.112372,0.276904,0.173359,1.84303,0.871915,-1.30925,-0.819472,-0.271119,0.144731,1.18899,1.07535,1.68402,1.67163,-0.91779,-0.253471,-1.68299,-0.374937,1.42931,0.855572,-1.19532,-0.295272,0.474397,0.668444,1.35474,-1.48058,1.33141,0.926551,0.928293,-0.452871,-1.31644,-0.010848,0.220327,-1.11655,-0.00896831,0.957136,-0.0172821,1.23723,-0.0399957,-0.980966,1.31856,1.84366,1.74946,0.0358609,-0.610484,-0.407116,2.29651,-1.06147,-1.62454,-0.352786,-0.181716,-0.744563,0.882482,0.136568,-0.976426,-0.254172,-1.35901,1.81195,0.417394,0.570325,0.343916,-0.0514187,-1.70396,0.0308634,0.570153,0.40416,-0.766092,0.680119,0.0137108,0.72391,-0.208632,0.94907,-1.2658,-1.08905,-1.54698,-1.18578,0.300889,-0.817552,-0.680163,-2.06875,0.364014,0.816387,-1.52305,1.52927,-1.41061,-0.303211,0.722862,-0.459003,0.138223,0.0297383,0.820747,-1.34032,0.245265,2.09018,0.172286,-0.314264,-0.632005,-0.154972,-1.43274,-0.189523,-0.560621,-0.508807,0.024374,-0.363029,1.04306,1.42548,-0.0836042,-0.440901,-1.04223,-0.596273,-0.601803,1.21324,-0.185116,0.574852,1.30441,0.145088,0.911517,1.20027,0.526383,1.13715,1.47892,-547.184,-508.299,2761.5,815.011,520.894,-1882.04,-2005.36,-819.359,713.376,4167.89,684.524,-60.5022,-3825.74,-379.508,89.5438,-786.665,-2764.26,-1893.05,-1138.15,1330.48,3721.9,-4549.31,2287.66,267.703,-2638.59,-2872.07,3581.78,-691.08,1559.76,-2665.15,-3407.54,531.827,2745.55,-223.138,-3512.96,4957.76,-1430.38,-3610.6,1490.59,-2808.39,2647.86,134.514,1058.66,-2025.01,485.435,3088.29,-408.039,1755.96,-843.537,223.64,-979.537,157.066,-382.401,-1592.82,146.539,630.355,1663.4,390.568,-1767.98,-422.267,-1066.21,3073.98,426.967,1910.6,-1257.09,-400.344,-1141.72,499.265,-2604.22,-1076.11,-4120.46,-2216.12,-5824.17,-626.233,4606.2,242.817,3643.23,1542.24,2193.71,656.864,865.569,271.498,-601.193,3442.11,1343.81,-669.027,-589.169,-124.323,-568.395,1995.34,2199.27,3168.19,1360.03,-1589.59,215.181,-2315.43,-552.459,2949.46,968.289,-1405.52
-250354,0,1,0,1,1,250402,-0.384764,0.00591807,1.98251,0.65987,0.194549,-1.62464,-1.32884,-0.638008,0.776036,1.76188,-0.149657,0.116447,-1.54277,-0.0636614,0.2482,-1.00728,-1.59481,-1.01706,-0.127135,0.559175,1.40119,-1.61276,1.8305,-0.0898098,-1.26576,-1.76124,1.23195,-0.269686,1.22789,-1.59845,-1.56077,0.458786,1.996,-0.185011,-1.75004,1.38731,-0.797919,-1.56933,0.936032,-1.67351,1.35279,0.444837,1.42627,-1.3104,-0.0724454,0.89088,-0.393547,0.886616,0.0264761,-0.478673,-1.03596,0.226382,0.0675763,-1.26799,0.156639,-0.0321617,0.998724,0.212245,-0.63784,-0.775643,-0.788799,1.94885,1.21166,0.828242,-0.92643,-0.62419,-1.08532,0.0134659,-0.922084,-1.04397,-1.82062,-0.720654,-1.94471,-0.376988,1.76676,-0.594025,1.17955,0.313105,1.16384,0.0323358,0.112372,0.276904,0.173359,1.84303,0.871915,-1.30925,-0.819472,-0.271119,0.144731,1.18899,1.07535,1.68402,1.67163,-0.91779,-0.253471,-1.68299,-0.374937,1.42931,0.855572,-1.19532,1.73437,-0.628399,-0.632967,0.506066,-0.145617,0.507596,-1.95332,-1.72217,-0.96261,2.56387,-0.685714,-0.695257,0.420474,0.429583,-0.689674,-1.41953,-0.489117,-0.158326,1.29485,0.670136,0.836117,0.121269,-0.306868,-0.0652762,-0.990443,-0.171742,-1.90326,1.28277,-0.660314,-0.989911,-0.819357,0.168078,0.267576,-0.580106,-1.68329,0.0620702,-1.32055,-2.13448,-0.408455,-0.564353,0.333525,0.852715,-0.162971,0.0816246,0.557918,-0.0816565,0.622026,0.751741,-0.501503,1.37685,0.0871667,0.452671,-0.672902,1.21899,1.08389,0.0653976,-1.65325,-0.875466,0.571757,2.6705,0.621017,0.52646,0.808763,2.13926,-0.461568,-0.500359,-0.362678,-0.318173,0.183236,-0.518201,0.515199,1.12776,0.0772754,-1.58144,-0.16672,0.512665,-0.508006,1.2053,0.632159,-0.631343,0.640494,-0.20764,0.941314,1.24872,-0.134453,-0.480975,-0.233069,0.473744,-0.721127,0.910708,1.53579,0.240585,-1.46119,2.02638,2.0507,0.511195,-0.264536,1.24848,-0.267737,-0.568554,-547.184,-508.299,2761.5,815.011,520.894,-1882.04,-2005.36,-819.359,713.376,4167.89,684.524,-60.5022,-3825.74,-379.508,89.5438,-786.665,-2764.26,-1893.05,-1138.15,1330.48,3721.9,-4549.31,2287.66,267.703,-2638.59,-2872.07,3581.78,-691.08,1559.76,-2665.15,-3407.54,531.827,2745.55,-223.138,-3512.96,4957.76,-1430.38,-3610.6,1490.59,-2808.39,2647.86,134.514,1058.66,-2025.01,485.435,3088.29,-408.039,1755.96,-843.537,223.64,-979.537,157.066,-382.401,-1592.82,146.539,630.355,1663.4,390.568,-1767.98,-422.267,-1066.21,3073.98,426.967,1910.6,-1257.09,-400.344,-1141.72,499.265,-2604.22,-1076.11,-4120.46,-2216.12,-5824.17,-626.233,4606.2,242.817,3643.23,1542.24,2193.71,656.864,865.569,271.498,-601.193,3442.11,1343.81,-669.027,-589.169,-124.323,-568.395,1995.34,2199.27,3168.19,1360.03,-1589.59,215.181,-2315.43,-552.459,2949.46,968.289,-1405.52
-250354,0,1,0,1,1,250414,-0.384764,0.00591807,1.98251,0.65987,0.194549,-1.62464,-1.32884,-0.638008,0.776036,1.76188,-0.149657,0.116447,-1.54277,-0.0636614,0.2482,-1.00728,-1.59481,-1.01706,-0.127135,0.559175,1.40119,-1.61276,1.8305,-0.0898098,-1.26576,-1.76124,1.23195,-0.269686,1.22789,-1.59845,-1.56077,0.458786,1.996,-0.185011,-1.75004,1.38731,-0.797919,-1.56933,0.936032,-1.67351,1.35279,0.444837,1.42627,-1.3104,-0.0724454,0.89088,-0.393547,0.886616,0.0264761,-0.478673,-1.03596,0.226382,0.0675763,-1.26799,0.156639,-0.0321617,0.998724,0.212245,-0.63784,-0.775643,-0.788799,1.94885,1.21166,0.828242,-0.92643,-0.62419,-1.08532,0.0134659,-0.922084,-1.04397,-1.82062,-0.720654,-1.94471,-0.376988,1.76676,-0.594025,1.17955,0.313105,1.16384,0.0323358,0.112372,0.276904,0.173359,1.84303,0.871915,-1.30925,-0.819472,-0.271119,0.144731,1.18899,1.07535,1.68402,1.67163,-0.91779,-0.253471,-1.68299,-0.374937,1.42931,0.855572,-1.19532,-1.0597,-0.359493,-0.477819,-1.15834,0.385307,-2.01968,2.3195,0.375165,0.48383,0.471891,0.249449,3.51855,-1.06713,0.0888641,-0.81674,-0.238938,0.518681,-0.0643296,1.13574,-1.20698,0.24067,-0.252265,-0.437341,-0.820261,0.346643,0.116854,-0.790297,2.10409,1.4449,0.225132,-2.1693,1.3307,-0.453479,0.965319,1.01384,0.180547,-0.521724,1.51709,0.638315,0.584839,-0.688087,2.14325,0.48234,-1.05261,-0.914776,-0.487496,-1.71019,1.43389,-0.0783035,1.37629,-0.183106,0.893211,-0.549611,-1.36963,-0.358307,-0.624044,-0.50017,1.28618,0.907933,-0.176821,0.397456,-1.55771,-1.42322,0.726979,1.36704,1.4717,0.208548,-0.267231,-2.05406,0.0807675,0.477126,0.685683,-0.241797,-0.168313,-0.165806,-0.287014,0.260521,1.37005,0.586829,0.0657871,0.266219,0.297367,1.19322,1.34142,1.09457,-0.320243,-1.80769,-1.77129,-0.546682,-2.07788,-2.58624,-0.172293,-1.29549,0.0727088,-1.59633,1.90999,0.612538,-1.00919,0.683967,-0.744352,-547.184,-508.299,2761.5,815.011,520.894,-1882.04,-2005.36,-819.359,713.376,4167.89,684.524,-60.5022,-3825.74,-379.508,89.5438,-786.665,-2764.26,-1893.05,-1138.15,1330.48,3721.9,-4549.31,2287.66,267.703,-2638.59,-2872.07,3581.78,-691.08,1559.76,-2665.15,-3407.54,531.827,2745.55,-223.138,-3512.96,4957.76,-1430.38,-3610.6,1490.59,-2808.39,2647.86,134.514,1058.66,-2025.01,485.435,3088.29,-408.039,1755.96,-843.537,223.64,-979.537,157.066,-382.401,-1592.82,146.539,630.355,1663.4,390.568,-1767.98,-422.267,-1066.21,3073.98,426.967,1910.6,-1257.09,-400.344,-1141.72,499.265,-2604.22,-1076.11,-4120.46,-2216.12,-5824.17,-626.233,4606.2,242.817,3643.23,1542.24,2193.71,656.864,865.569,271.498,-601.193,3442.11,1343.81,-669.027,-589.169,-124.323,-568.395,1995.34,2199.27,3168.19,1360.03,-1589.59,215.181,-2315.43,-552.459,2949.46,968.289,-1405.52
-250354,0,1,0,1,1,250410,-0.384764,0.00591807,1.98251,0.65987,0.194549,-1.62464,-1.32884,-0.638008,0.776036,1.76188,-0.149657,0.116447,-1.54277,-0.0636614,0.2482,-1.00728,-1.59481,-1.01706,-0.127135,0.559175,1.40119,-1.61276,1.8305,-0.0898098,-1.26576,-1.76124,1.23195,-0.269686,1.22789,-1.59845,-1.56077,0.458786,1.996,-0.185011,-1.75004,1.38731,-0.797919,-1.56933,0.936032,-1.67351,1.35279,0.444837,1.42627,-1.3104,-0.0724454,0.89088,-0.393547,0.886616,0.0264761,-0.478673,-1.03596,0.226382,0.0675763,-1.26799,0.156639,-0.0321617,0.998724,0.212245,-0.63784,-0.775643,-0.788799,1.94885,1.21166,0.828242,-0.92643,-0.62419,-1.08532,0.0134659,-0.922084,-1.04397,-1.82062,-0.720654,-1.94471,-0.376988,1.76676,-0.594025,1.17955,0.313105,1.16384,0.0323358,0.112372,0.276904,0.173359,1.84303,0.871915,-1.30925,-0.819472,-0.271119,0.144731,1.18899,1.07535,1.68402,1.67163,-0.91779,-0.253471,-1.68299,-0.374937,1.42931,0.855572,-1.19532,0.597964,-0.498798,0.567557,1.55187,1.29085,-2.26738,-1.46714,-1.55214,-1.65579,0.830942,0.290108,1.16581,0.873215,0.58817,-0.776404,0.984827,-1.03958,0.827771,2.13914,0.340266,1.75023,0.272086,-0.539951,-0.240081,-0.546048,1.59199,0.28251,1.50847,0.076232,0.634167,-0.710892,0.355782,1.38208,0.869172,0.00543518,0.213305,1.40365,0.263816,-0.592291,-0.583981,-0.364159,0.819215,-1.674,-0.292108,-1.66187,1.23388,-0.124961,-0.644967,-1.32697,-1.32881,-0.396756,-1.38559,-0.307012,0.49179,0.105734,-0.545283,-0.940076,0.560758,1.19255,-1.33838,0.375967,-0.729247,-0.821124,2.01711,0.0189061,0.331452,-2.91969,-1.35851,1.4436,0.626318,0.172226,-1.03263,-0.82131,0.143289,-2.65498,0.532874,1.18677,-0.207977,1.09785,-1.77879,-0.603563,0.360772,0.232566,-0.709828,0.118182,1.0327,-0.0496503,2.00924,0.268028,1.1215,-1.7743,0.827128,0.102156,-1.06851,-0.0589676,-1.37182,0.658715,1.12207,0.42392,0.19777,-547.184,-508.299,2761.5,815.011,520.894,-1882.04,-2005.36,-819.359,713.376,4167.89,684.524,-60.5022,-3825.74,-379.508,89.5438,-786.665,-2764.26,-1893.05,-1138.15,1330.48,3721.9,-4549.31,2287.66,267.703,-2638.59,-2872.07,3581.78,-691.08,1559.76,-2665.15,-3407.54,531.827,2745.55,-223.138,-3512.96,4957.76,-1430.38,-3610.6,1490.59,-2808.39,2647.86,134.514,1058.66,-2025.01,485.435,3088.29,-408.039,1755.96,-843.537,223.64,-979.537,157.066,-382.401,-1592.82,146.539,630.355,1663.4,390.568,-1767.98,-422.267,-1066.21,3073.98,426.967,1910.6,-1257.09,-400.344,-1141.72,499.265,-2604.22,-1076.11,-4120.46,-2216.12,-5824.17,-626.233,4606.2,242.817,3643.23,1542.24,2193.71,656.864,865.569,271.498,-601.193,3442.11,1343.81,-669.027,-589.169,-124.323,-568.395,1995.34,2199.27,3168.19,1360.03,-1589.59,215.181,-2315.43,-552.459,2949.46,968.289,-1405.52
-250354,0,1,0,1,1,250393,-0.384764,0.00591807,1.98251,0.65987,0.194549,-1.62464,-1.32884,-0.638008,0.776036,1.76188,-0.149657,0.116447,-1.54277,-0.0636614,0.2482,-1.00728,-1.59481,-1.01706,-0.127135,0.559175,1.40119,-1.61276,1.8305,-0.0898098,-1.26576,-1.76124,1.23195,-0.269686,1.22789,-1.59845,-1.56077,0.458786,1.996,-0.185011,-1.75004,1.38731,-0.797919,-1.56933,0.936032,-1.67351,1.35279,0.444837,1.42627,-1.3104,-0.0724454,0.89088,-0.393547,0.886616,0.0264761,-0.478673,-1.03596,0.226382,0.0675763,-1.26799,0.156639,-0.0321617,0.998724,0.212245,-0.63784,-0.775643,-0.788799,1.94885,1.21166,0.828242,-0.92643,-0.62419,-1.08532,0.0134659,-0.922084,-1.04397,-1.82062,-0.720654,-1.94471,-0.376988,1.76676,-0.594025,1.17955,0.313105,1.16384,0.0323358,0.112372,0.276904,0.173359,1.84303,0.871915,-1.30925,-0.819472,-0.271119,0.144731,1.18899,1.07535,1.68402,1.67163,-0.91779,-0.253471,-1.68299,-0.374937,1.42931,0.855572,-1.19532,0.791458,1.24313,-1.33408,-0.289112,1.0017,0.160185,-1.18802,0.0821213,0.66618,-0.318963,1.22514,0.0960002,-1.50078,-0.877797,-0.880975,0.301228,0.122788,-1.49853,0.0275809,-0.609121,0.409607,-0.98513,-0.937969,-0.795624,-0.408213,0.925259,0.0779682,-0.118669,-0.161949,-0.652202,-0.975452,-0.396937,-0.249889,-1.56334,-1.36299,0.334986,-0.718888,1.44705,-1.08004,-0.30156,0.982317,0.0617085,1.32923,-0.0264794,0.859046,0.454747,0.838493,1.38616,-0.386919,-1.89438,0.438808,1.18985,-1.39086,-1.00322,-0.582404,-0.23564,-0.158797,-1.45371,1.11551,0.208591,-1.02498,0.235448,0.373877,-0.504907,0.249263,-0.288442,0.0307042,0.819136,0.732624,-0.441253,-0.984533,0.637017,0.656717,-0.172032,0.473907,-0.364313,-0.185124,0.551685,1.13776,1.4308,-0.958509,1.29847,-0.704207,-0.861853,0.706688,1.16314,0.0910418,-1.60512,-0.362382,-0.583424,-0.884889,1.53227,-0.975329,-0.251434,-0.456316,0.766843,-0.818938,2.52876,-0.265228,-0.812458,-547.184,-508.299,2761.5,815.011,520.894,-1882.04,-2005.36,-819.359,713.376,4167.89,684.524,-60.5022,-3825.74,-379.508,89.5438,-786.665,-2764.26,-1893.05,-1138.15,1330.48,3721.9,-4549.31,2287.66,267.703,-2638.59,-2872.07,3581.78,-691.08,1559.76,-2665.15,-3407.54,531.827,2745.55,-223.138,-3512.96,4957.76,-1430.38,-3610.6,1490.59,-2808.39,2647.86,134.514,1058.66,-2025.01,485.435,3088.29,-408.039,1755.96,-843.537,223.64,-979.537,157.066,-382.401,-1592.82,146.539,630.355,1663.4,390.568,-1767.98,-422.267,-1066.21,3073.98,426.967,1910.6,-1257.09,-400.344,-1141.72,499.265,-2604.22,-1076.11,-4120.46,-2216.12,-5824.17,-626.233,4606.2,242.817,3643.23,1542.24,2193.71,656.864,865.569,271.498,-601.193,3442.11,1343.81,-669.027,-589.169,-124.323,-568.395,1995.34,2199.27,3168.19,1360.03,-1589.59,215.181,-2315.43,-552.459,2949.46,968.289,-1405.52
-250354,0,1,0,1,1,250401,-0.384764,0.00591807,1.98251,0.65987,0.194549,-1.62464,-1.32884,-0.638008,0.776036,1.76188,-0.149657,0.116447,-1.54277,-0.0636614,0.2482,-1.00728,-1.59481,-1.01706,-0.127135,0.559175,1.40119,-1.61276,1.8305,-0.0898098,-1.26576,-1.76124,1.23195,-0.269686,1.22789,-1.59845,-1.56077,0.458786,1.996,-0.185011,-1.75004,1.38731,-0.797919,-1.56933,0.936032,-1.67351,1.35279,0.444837,1.42627,-1.3104,-0.0724454,0.89088,-0.393547,0.886616,0.0264761,-0.478673,-1.03596,0.226382,0.0675763,-1.26799,0.156639,-0.0321617,0.998724,0.212245,-0.63784,-0.775643,-0.788799,1.94885,1.21166,0.828242,-0.92643,-0.62419,-1.08532,0.0134659,-0.922084,-1.04397,-1.82062,-0.720654,-1.94471,-0.376988,1.76676,-0.594025,1.17955,0.313105,1.16384,0.0323358,0.112372,0.276904,0.173359,1.84303,0.871915,-1.30925,-0.819472,-0.271119,0.144731,1.18899,1.07535,1.68402,1.67163,-0.91779,-0.253471,-1.68299,-0.374937,1.42931,0.855572,-1.19532,0.712156,0.830265,1.21908,-0.896266,0.59174,-0.939332,-0.977245,1.38013,1.29826,-1.92979,-0.458927,-1.13271,0.45325,-0.286155,-0.163851,0.479377,1.20717,0.653201,-0.761798,0.426031,-2.08486,0.776623,1.53605,0.253146,-0.741786,0.102711,0.264029,0.737144,1.2378,-0.804019,1.15423,-1.85682,0.185104,-0.78247,-0.288349,-0.741559,-0.953283,-0.763529,-1.14389,0.464108,0.691617,2.1131,-0.935801,0.127543,-0.0704183,0.637126,1.07387,-1.55263,-0.529738,0.137157,0.431717,0.45535,0.108839,-2.58448,-0.961899,0.495692,-0.417575,-1.33268,-0.779914,1.31637,-1.07142,1.53631,-0.365214,-0.0415957,-0.586752,-0.952702,0.464549,-0.171403,-0.395247,0.575162,0.527025,-0.0462442,0.795858,0.775023,-1.21043,-0.640962,0.856724,-1.44981,1.0991,0.250053,1.30692,-0.193082,-0.523239,0.416964,-1.5045,2.02076,-0.155649,1.8837,-0.571716,-1.03339,-1.53085,1.00142,0.881234,-0.545958,0.672428,0.241342,0.724369,0.63189,-0.293697,0.891713,-547.184,-508.299,2761.5,815.011,520.894,-1882.04,-2005.36,-819.359,713.376,4167.89,684.524,-60.5022,-3825.74,-379.508,89.5438,-786.665,-2764.26,-1893.05,-1138.15,1330.48,3721.9,-4549.31,2287.66,267.703,-2638.59,-2872.07,3581.78,-691.08,1559.76,-2665.15,-3407.54,531.827,2745.55,-223.138,-3512.96,4957.76,-1430.38,-3610.6,1490.59,-2808.39,2647.86,134.514,1058.66,-2025.01,485.435,3088.29,-408.039,1755.96,-843.537,223.64,-979.537,157.066,-382.401,-1592.82,146.539,630.355,1663.4,390.568,-1767.98,-422.267,-1066.21,3073.98,426.967,1910.6,-1257.09,-400.344,-1141.72,499.265,-2604.22,-1076.11,-4120.46,-2216.12,-5824.17,-626.233,4606.2,242.817,3643.23,1542.24,2193.71,656.864,865.569,271.498,-601.193,3442.11,1343.81,-669.027,-589.169,-124.323,-568.395,1995.34,2199.27,3168.19,1360.03,-1589.59,215.181,-2315.43,-552.459,2949.46,968.289,-1405.52
-250354,0,1,0,1,1,250401,-0.384764,0.00591807,1.98251,0.65987,0.194549,-1.62464,-1.32884,-0.638008,0.776036,1.76188,-0.149657,0.116447,-1.54277,-0.0636614,0.2482,-1.00728,-1.59481,-1.01706,-0.127135,0.559175,1.40119,-1.61276,1.8305,-0.0898098,-1.26576,-1.76124,1.23195,-0.269686,1.22789,-1.59845,-1.56077,0.458786,1.996,-0.185011,-1.75004,1.38731,-0.797919,-1.56933,0.936032,-1.67351,1.35279,0.444837,1.42627,-1.3104,-0.0724454,0.89088,-0.393547,0.886616,0.0264761,-0.478673,-1.03596,0.226382,0.0675763,-1.26799,0.156639,-0.0321617,0.998724,0.212245,-0.63784,-0.775643,-0.788799,1.94885,1.21166,0.828242,-0.92643,-0.62419,-1.08532,0.0134659,-0.922084,-1.04397,-1.82062,-0.720654,-1.94471,-0.376988,1.76676,-0.594025,1.17955,0.313105,1.16384,0.0323358,0.112372,0.276904,0.173359,1.84303,0.871915,-1.30925,-0.819472,-0.271119,0.144731,1.18899,1.07535,1.68402,1.67163,-0.91779,-0.253471,-1.68299,-0.374937,1.42931,0.855572,-1.19532,-1.55898,-0.130959,1.30708,-0.796736,-0.186873,1.1523,-0.20334,1.4975,1.59636,-1.13577,-0.754301,2.05612,-0.4887,-0.115945,0.160995,1.09069,1.46917,-0.134907,-0.0979972,0.430997,-1.41093,-1.25652,-0.559783,-1.08942,0.158499,-1.47856,-0.822125,-0.683227,0.246371,0.834194,-0.628809,-0.0859589,0.189036,-0.864168,-0.293979,0.566641,-0.939502,0.327437,0.726532,-0.160719,-0.226792,-2.05956,0.532474,-0.473889,-0.369848,2.35227,-0.433249,-0.420832,-1.20603,0.709711,-0.2097,-0.548961,-0.226529,-0.84093,-0.609776,0.164759,-0.348023,0.59756,-0.854056,1.29453,-0.341941,0.545077,-1.58388,0.194616,-1.17342,-0.463878,0.162258,-0.26031,-0.29833,-2.04366,0.600213,0.350166,0.950037,-0.976352,2.62973,0.854996,0.274479,0.979489,-2.05544,-1.01296,-1.32642,0.300704,1.05477,0.911137,-0.0157282,-0.916782,-0.904058,-0.100601,-0.950065,0.789446,0.977327,-0.877382,-0.101862,-0.295545,-1.19172,0.418952,2.55098,0.587891,-0.293454,0.516522,-547.184,-508.299,2761.5,815.011,520.894,-1882.04,-2005.36,-819.359,713.376,4167.89,684.524,-60.5022,-3825.74,-379.508,89.5438,-786.665,-2764.26,-1893.05,-1138.15,1330.48,3721.9,-4549.31,2287.66,267.703,-2638.59,-2872.07,3581.78,-691.08,1559.76,-2665.15,-3407.54,531.827,2745.55,-223.138,-3512.96,4957.76,-1430.38,-3610.6,1490.59,-2808.39,2647.86,134.514,1058.66,-2025.01,485.435,3088.29,-408.039,1755.96,-843.537,223.64,-979.537,157.066,-382.401,-1592.82,146.539,630.355,1663.4,390.568,-1767.98,-422.267,-1066.21,3073.98,426.967,1910.6,-1257.09,-400.344,-1141.72,499.265,-2604.22,-1076.11,-4120.46,-2216.12,-5824.17,-626.233,4606.2,242.817,3643.23,1542.24,2193.71,656.864,865.569,271.498,-601.193,3442.11,1343.81,-669.027,-589.169,-124.323,-568.395,1995.34,2199.27,3168.19,1360.03,-1589.59,215.181,-2315.43,-552.459,2949.46,968.289,-1405.52
-250354,0,1,0,1,1,250406,-0.384764,0.00591807,1.98251,0.65987,0.194549,-1.62464,-1.32884,-0.638008,0.776036,1.76188,-0.149657,0.116447,-1.54277,-0.0636614,0.2482,-1.00728,-1.59481,-1.01706,-0.127135,0.559175,1.40119,-1.61276,1.8305,-0.0898098,-1.26576,-1.76124,1.23195,-0.269686,1.22789,-1.59845,-1.56077,0.458786,1.996,-0.185011,-1.75004,1.38731,-0.797919,-1.56933,0.936032,-1.67351,1.35279,0.444837,1.42627,-1.3104,-0.0724454,0.89088,-0.393547,0.886616,0.0264761,-0.478673,-1.03596,0.226382,0.0675763,-1.26799,0.156639,-0.0321617,0.998724,0.212245,-0.63784,-0.775643,-0.788799,1.94885,1.21166,0.828242,-0.92643,-0.62419,-1.08532,0.0134659,-0.922084,-1.04397,-1.82062,-0.720654,-1.94471,-0.376988,1.76676,-0.594025,1.17955,0.313105,1.16384,0.0323358,0.112372,0.276904,0.173359,1.84303,0.871915,-1.30925,-0.819472,-0.271119,0.144731,1.18899,1.07535,1.68402,1.67163,-0.91779,-0.253471,-1.68299,-0.374937,1.42931,0.855572,-1.19532,1.097,-0.657292,-0.983525,-0.241814,-0.554487,1.57438,0.402939,0.683806,1.45957,-1.29158,-0.948827,-0.7029,0.957894,2.51403,0.0933453,1.59206,0.3677,-0.074655,0.518774,-0.64105,-0.182065,0.337911,0.312079,-0.430608,1.82593,-0.508068,-0.689623,1.44955,-1.9489,-0.631377,1.00332,-0.306371,1.85194,-2.72657,-0.919864,-1.29753,-1.19121,2.60187,0.699256,-0.381176,-1.50179,0.128003,0.0957545,0.0486556,0.15516,-0.608438,-0.180517,-1.01456,0.366246,-0.542656,-0.0575893,0.00883909,-0.761859,0.944166,-1.08749,0.551948,-0.559989,-1.25403,0.588915,-0.372112,0.0488454,1.48572,-1.39839,0.055726,1.12606,-1.43221,0.201241,-0.0341251,0.364776,0.648551,-1.11283,-1.38404,-0.23975,-0.0959114,1.30043,-0.557428,0.105276,0.552179,-1.04821,1.02827,-2.49977,-1.0138,-1.77883,-0.602313,0.366983,-0.314066,-2.05991,0.0786166,-0.473358,-0.0179044,-0.192765,-0.51612,-1.24472,0.905324,1.25489,0.38754,-1.16381,0.684975,-0.681848,0.994499,-547.184,-508.299,2761.5,815.011,520.894,-1882.04,-2005.36,-819.359,713.376,4167.89,684.524,-60.5022,-3825.74,-379.508,89.5438,-786.665,-2764.26,-1893.05,-1138.15,1330.48,3721.9,-4549.31,2287.66,267.703,-2638.59,-2872.07,3581.78,-691.08,1559.76,-2665.15,-3407.54,531.827,2745.55,-223.138,-3512.96,4957.76,-1430.38,-3610.6,1490.59,-2808.39,2647.86,134.514,1058.66,-2025.01,485.435,3088.29,-408.039,1755.96,-843.537,223.64,-979.537,157.066,-382.401,-1592.82,146.539,630.355,1663.4,390.568,-1767.98,-422.267,-1066.21,3073.98,426.967,1910.6,-1257.09,-400.344,-1141.72,499.265,-2604.22,-1076.11,-4120.46,-2216.12,-5824.17,-626.233,4606.2,242.817,3643.23,1542.24,2193.71,656.864,865.569,271.498,-601.193,3442.11,1343.81,-669.027,-589.169,-124.323,-568.395,1995.34,2199.27,3168.19,1360.03,-1589.59,215.181,-2315.43,-552.459,2949.46,968.289,-1405.52
-250354,0,1,0,1,1,250403,-0.384764,0.00591807,1.98251,0.65987,0.194549,-1.62464,-1.32884,-0.638008,0.776036,1.76188,-0.149657,0.116447,-1.54277,-0.0636614,0.2482,-1.00728,-1.59481,-1.01706,-0.127135,0.559175,1.40119,-1.61276,1.8305,-0.0898098,-1.26576,-1.76124,1.23195,-0.269686,1.22789,-1.59845,-1.56077,0.458786,1.996,-0.185011,-1.75004,1.38731,-0.797919,-1.56933,0.936032,-1.67351,1.35279,0.444837,1.42627,-1.3104,-0.0724454,0.89088,-0.393547,0.886616,0.0264761,-0.478673,-1.03596,0.226382,0.0675763,-1.26799,0.156639,-0.0321617,0.998724,0.212245,-0.63784,-0.775643,-0.788799,1.94885,1.21166,0.828242,-0.92643,-0.62419,-1.08532,0.0134659,-0.922084,-1.04397,-1.82062,-0.720654,-1.94471,-0.376988,1.76676,-0.594025,1.17955,0.313105,1.16384,0.0323358,0.112372,0.276904,0.173359,1.84303,0.871915,-1.30925,-0.819472,-0.271119,0.144731,1.18899,1.07535,1.68402,1.67163,-0.91779,-0.253471,-1.68299,-0.374937,1.42931,0.855572,-1.19532,-0.582543,-0.380287,-0.376422,-1.61738,1.44637,-1.08481,0.573009,0.461482,-0.603609,1.18774,1.74732,-0.0938094,0.267615,1.61819,1.68744,0.825284,-0.257642,-0.709116,-2.34787,-1.31236,2.3232,-0.492642,0.939875,-0.00667417,1.00219,-1.99069,-0.525521,-0.140035,1.56607,-0.326374,-1.13111,1.7235,-2.11566,0.233617,-0.679399,1.15198,-0.384725,0.481483,0.252866,-1.43116,-0.543859,1.16648,-1.01877,0.756873,-0.211559,-1.22629,1.06466,-0.36188,-1.20405,0.12231,-0.222327,-0.454775,0.93226,0.200477,1.33531,1.01152,-1.15978,-0.227014,0.953796,-0.68295,1.08336,0.942842,0.93406,-0.533095,0.404944,1.30793,-0.174209,0.139046,-0.731201,-1.47748,-0.811689,0.603244,-1.36913,1.52643,0.527714,0.746559,2.43784,-0.27828,-0.530132,0.218617,0.571626,0.11347,0.36982,0.796579,-0.285264,-0.0964321,-0.610532,-0.755463,0.840806,0.296072,0.58963,0.824622,-0.26469,0.111147,-0.104858,-0.365003,0.813118,-0.696556,-1.07984,1.94645,-547.184,-508.299,2761.5,815.011,520.894,-1882.04,-2005.36,-819.359,713.376,4167.89,684.524,-60.5022,-3825.74,-379.508,89.5438,-786.665,-2764.26,-1893.05,-1138.15,1330.48,3721.9,-4549.31,2287.66,267.703,-2638.59,-2872.07,3581.78,-691.08,1559.76,-2665.15,-3407.54,531.827,2745.55,-223.138,-3512.96,4957.76,-1430.38,-3610.6,1490.59,-2808.39,2647.86,134.514,1058.66,-2025.01,485.435,3088.29,-408.039,1755.96,-843.537,223.64,-979.537,157.066,-382.401,-1592.82,146.539,630.355,1663.4,390.568,-1767.98,-422.267,-1066.21,3073.98,426.967,1910.6,-1257.09,-400.344,-1141.72,499.265,-2604.22,-1076.11,-4120.46,-2216.12,-5824.17,-626.233,4606.2,242.817,3643.23,1542.24,2193.71,656.864,865.569,271.498,-601.193,3442.11,1343.81,-669.027,-589.169,-124.323,-568.395,1995.34,2199.27,3168.19,1360.03,-1589.59,215.181,-2315.43,-552.459,2949.46,968.289,-1405.52
-250354,0,1,0,1,1,250403,-0.384764,0.00591807,1.98251,0.65987,0.194549,-1.62464,-1.32884,-0.638008,0.776036,1.76188,-0.149657,0.116447,-1.54277,-0.0636614,0.2482,-1.00728,-1.59481,-1.01706,-0.127135,0.559175,1.40119,-1.61276,1.8305,-0.0898098,-1.26576,-1.76124,1.23195,-0.269686,1.22789,-1.59845,-1.56077,0.458786,1.996,-0.185011,-1.75004,1.38731,-0.797919,-1.56933,0.936032,-1.67351,1.35279,0.444837,1.42627,-1.3104,-0.0724454,0.89088,-0.393547,0.886616,0.0264761,-0.478673,-1.03596,0.226382,0.0675763,-1.26799,0.156639,-0.0321617,0.998724,0.212245,-0.63784,-0.775643,-0.788799,1.94885,1.21166,0.828242,-0.92643,-0.62419,-1.08532,0.0134659,-0.922084,-1.04397,-1.82062,-0.720654,-1.94471,-0.376988,1.76676,-0.594025,1.17955,0.313105,1.16384,0.0323358,0.112372,0.276904,0.173359,1.84303,0.871915,-1.30925,-0.819472,-0.271119,0.144731,1.18899,1.07535,1.68402,1.67163,-0.91779,-0.253471,-1.68299,-0.374937,1.42931,0.855572,-1.19532,-2.26302,0.397599,-0.158766,-0.877904,-1.84524,0.437213,-0.477828,-0.445301,0.634837,0.23386,-0.591316,-0.775543,-1.74786,0.749012,0.562474,-0.639019,2.07546,1.13463,0.494642,-0.360452,-0.145836,-0.16895,1.05246,-0.641846,-0.634114,0.518116,0.254439,-0.00675648,1.60534,-0.511656,0.948216,-1.20389,-2.26585,0.0657101,-1.18516,-0.614258,-0.284025,0.686496,0.554713,0.939862,-1.55852,1.09669,-0.365577,-1.25669,-0.223379,0.638072,-0.119269,2.50595,1.18172,-1.2874,0.359658,-1.07347,-0.850516,0.214616,-0.161632,-0.214691,1.29307,-0.683769,-0.7311,-1.3166,-1.05146,-0.352857,-0.68426,-0.409411,-0.176631,-0.888291,-0.127659,0.875992,-1.0015,1.15624,-0.075333,0.782243,2.4482,-0.65289,-0.662256,1.48052,2.05951,-1.01364,-1.20588,0.891002,-0.616418,-1.33089,-0.789484,1.00656,1.02791,0.563007,0.857275,-1.09119,-0.465588,1.33424,-1.19589,0.982202,0.331612,-0.260304,0.262264,0.196582,-0.760141,0.808086,1.59189,-0.59593,-547.184,-508.299,2761.5,815.011,520.894,-1882.04,-2005.36,-819.359,713.376,4167.89,684.524,-60.5022,-3825.74,-379.508,89.5438,-786.665,-2764.26,-1893.05,-1138.15,1330.48,3721.9,-4549.31,2287.66,267.703,-2638.59,-2872.07,3581.78,-691.08,1559.76,-2665.15,-3407.54,531.827,2745.55,-223.138,-3512.96,4957.76,-1430.38,-3610.6,1490.59,-2808.39,2647.86,134.514,1058.66,-2025.01,485.435,3088.29,-408.039,1755.96,-843.537,223.64,-979.537,157.066,-382.401,-1592.82,146.539,630.355,1663.4,390.568,-1767.98,-422.267,-1066.21,3073.98,426.967,1910.6,-1257.09,-400.344,-1141.72,499.265,-2604.22,-1076.11,-4120.46,-2216.12,-5824.17,-626.233,4606.2,242.817,3643.23,1542.24,2193.71,656.864,865.569,271.498,-601.193,3442.11,1343.81,-669.027,-589.169,-124.323,-568.395,1995.34,2199.27,3168.19,1360.03,-1589.59,215.181,-2315.43,-552.459,2949.46,968.289,-1405.52
-250354,0,1,0,1,1,250400,-0.384764,0.00591807,1.98251,0.65987,0.194549,-1.62464,-1.32884,-0.638008,0.776036,1.76188,-0.149657,0.116447,-1.54277,-0.0636614,0.2482,-1.00728,-1.59481,-1.01706,-0.127135,0.559175,1.40119,-1.61276,1.8305,-0.0898098,-1.26576,-1.76124,1.23195,-0.269686,1.22789,-1.59845,-1.56077,0.458786,1.996,-0.185011,-1.75004,1.38731,-0.797919,-1.56933,0.936032,-1.67351,1.35279,0.444837,1.42627,-1.3104,-0.0724454,0.89088,-0.393547,0.886616,0.0264761,-0.478673,-1.03596,0.226382,0.0675763,-1.26799,0.156639,-0.0321617,0.998724,0.212245,-0.63784,-0.775643,-0.788799,1.94885,1.21166,0.828242,-0.92643,-0.62419,-1.08532,0.0134659,-0.922084,-1.04397,-1.82062,-0.720654,-1.94471,-0.376988,1.76676,-0.594025,1.17955,0.313105,1.16384,0.0323358,0.112372,0.276904,0.173359,1.84303,0.871915,-1.30925,-0.819472,-0.271119,0.144731,1.18899,1.07535,1.68402,1.67163,-0.91779,-0.253471,-1.68299,-0.374937,1.42931,0.855572,-1.19532,1.43364,0.944906,-0.693338,-0.198407,-0.711611,0.266753,1.35726,-0.991147,-1.97937,0.960117,0.463972,-2.50014,1.41067,0.761523,1.80578,0.309625,1.29818,0.173904,-1.53097,-0.853057,-0.235642,-0.120574,0.283716,-0.265322,0.318727,1.02958,1.55756,-1.09845,0.200104,-0.481012,0.456229,-0.162314,1.63893,-0.0294876,-1.7667,-0.161635,0.994462,0.075402,-0.114694,-0.391445,-0.235461,0.535171,2.49277,1.02454,0.750524,0.552501,-0.217815,1.0637,-0.88232,1.16978,-0.577342,-0.0180134,-0.151317,-0.405768,0.124621,-0.123076,0.228317,-0.447386,0.510886,-1.10331,0.174615,0.798457,1.29482,-0.731026,-0.391507,1.95727,-0.514634,-0.518699,0.346292,0.546126,-0.816816,-1.53181,-0.409651,1.17152,0.1258,-0.0530275,0.37579,0.297343,0.554937,0.134146,0.0529744,1.54303,-0.34876,-0.0116858,1.71463,1.30119,0.898626,-0.439675,-0.281039,2.13751,-1.43273,1.40651,0.102148,-1.36339,-1.506,-0.835188,-0.632365,0.191784,-0.574795,-0.587294,-547.184,-508.299,2761.5,815.011,520.894,-1882.04,-2005.36,-819.359,713.376,4167.89,684.524,-60.5022,-3825.74,-379.508,89.5438,-786.665,-2764.26,-1893.05,-1138.15,1330.48,3721.9,-4549.31,2287.66,267.703,-2638.59,-2872.07,3581.78,-691.08,1559.76,-2665.15,-3407.54,531.827,2745.55,-223.138,-3512.96,4957.76,-1430.38,-3610.6,1490.59,-2808.39,2647.86,134.514,1058.66,-2025.01,485.435,3088.29,-408.039,1755.96,-843.537,223.64,-979.537,157.066,-382.401,-1592.82,146.539,630.355,1663.4,390.568,-1767.98,-422.267,-1066.21,3073.98,426.967,1910.6,-1257.09,-400.344,-1141.72,499.265,-2604.22,-1076.11,-4120.46,-2216.12,-5824.17,-626.233,4606.2,242.817,3643.23,1542.24,2193.71,656.864,865.569,271.498,-601.193,3442.11,1343.81,-669.027,-589.169,-124.323,-568.395,1995.34,2199.27,3168.19,1360.03,-1589.59,215.181,-2315.43,-552.459,2949.46,968.289,-1405.52
-250354,0,1,0,1,1,250398,-0.384764,0.00591807,1.98251,0.65987,0.194549,-1.62464,-1.32884,-0.638008,0.776036,1.76188,-0.149657,0.116447,-1.54277,-0.0636614,0.2482,-1.00728,-1.59481,-1.01706,-0.127135,0.559175,1.40119,-1.61276,1.8305,-0.0898098,-1.26576,-1.76124,1.23195,-0.269686,1.22789,-1.59845,-1.56077,0.458786,1.996,-0.185011,-1.75004,1.38731,-0.797919,-1.56933,0.936032,-1.67351,1.35279,0.444837,1.42627,-1.3104,-0.0724454,0.89088,-0.393547,0.886616,0.0264761,-0.478673,-1.03596,0.226382,0.0675763,-1.26799,0.156639,-0.0321617,0.998724,0.212245,-0.63784,-0.775643,-0.788799,1.94885,1.21166,0.828242,-0.92643,-0.62419,-1.08532,0.0134659,-0.922084,-1.04397,-1.82062,-0.720654,-1.94471,-0.376988,1.76676,-0.594025,1.17955,0.313105,1.16384,0.0323358,0.112372,0.276904,0.173359,1.84303,0.871915,-1.30925,-0.819472,-0.271119,0.144731,1.18899,1.07535,1.68402,1.67163,-0.91779,-0.253471,-1.68299,-0.374937,1.42931,0.855572,-1.19532,-0.865166,-0.133249,-0.247547,-0.125598,0.0218747,1.40272,0.0416985,0.0762374,-1.74505,0.261596,-0.331147,-0.10362,-0.728648,-0.398025,-1.03832,-0.163162,0.125576,0.975995,0.757973,-0.344024,-1.50779,0.170464,-0.265702,0.590774,0.520428,-1.68412,-0.18848,0.191107,-1.58814,0.0821783,-1.7302,0.353655,0.933563,-0.0335608,0.117565,1.2416,-1.13785,-0.673019,0.104539,-0.91458,-0.387869,-1.84743,0.0386034,-1.09653,-0.743927,-0.247432,-1.08704,0.85202,-0.708766,2.80367,0.769185,1.69894,0.295387,0.654228,-0.311165,0.63759,1.0644,0.491675,-0.530251,0.287046,1.83145,1.80235,1.61696,0.716937,-1.56755,0.104559,1.36416,-0.760222,1.15264,-0.904586,-0.630951,-0.446479,0.44459,0.596082,-0.702742,-0.497115,0.332319,-0.67068,-1.42414,1.27466,-0.495399,0.347509,0.294158,-1.72726,-1.21034,-0.716323,0.209955,-0.25628,-0.958574,0.410083,-1.01755,-1.27984,1.47108,-0.571434,-1.13119,-0.527523,0.730675,-0.694682,0.374036,-1.27706,-547.184,-508.299,2761.5,815.011,520.894,-1882.04,-2005.36,-819.359,713.376,4167.89,684.524,-60.5022,-3825.74,-379.508,89.5438,-786.665,-2764.26,-1893.05,-1138.15,1330.48,3721.9,-4549.31,2287.66,267.703,-2638.59,-2872.07,3581.78,-691.08,1559.76,-2665.15,-3407.54,531.827,2745.55,-223.138,-3512.96,4957.76,-1430.38,-3610.6,1490.59,-2808.39,2647.86,134.514,1058.66,-2025.01,485.435,3088.29,-408.039,1755.96,-843.537,223.64,-979.537,157.066,-382.401,-1592.82,146.539,630.355,1663.4,390.568,-1767.98,-422.267,-1066.21,3073.98,426.967,1910.6,-1257.09,-400.344,-1141.72,499.265,-2604.22,-1076.11,-4120.46,-2216.12,-5824.17,-626.233,4606.2,242.817,3643.23,1542.24,2193.71,656.864,865.569,271.498,-601.193,3442.11,1343.81,-669.027,-589.169,-124.323,-568.395,1995.34,2199.27,3168.19,1360.03,-1589.59,215.181,-2315.43,-552.459,2949.46,968.289,-1405.52
-250354,0,1,0,1,1,250406,-0.384764,0.00591807,1.98251,0.65987,0.194549,-1.62464,-1.32884,-0.638008,0.776036,1.76188,-0.149657,0.116447,-1.54277,-0.0636614,0.2482,-1.00728,-1.59481,-1.01706,-0.127135,0.559175,1.40119,-1.61276,1.8305,-0.0898098,-1.26576,-1.76124,1.23195,-0.269686,1.22789,-1.59845,-1.56077,0.458786,1.996,-0.185011,-1.75004,1.38731,-0.797919,-1.56933,0.936032,-1.67351,1.35279,0.444837,1.42627,-1.3104,-0.0724454,0.89088,-0.393547,0.886616,0.0264761,-0.478673,-1.03596,0.226382,0.0675763,-1.26799,0.156639,-0.0321617,0.998724,0.212245,-0.63784,-0.775643,-0.788799,1.94885,1.21166,0.828242,-0.92643,-0.62419,-1.08532,0.0134659,-0.922084,-1.04397,-1.82062,-0.720654,-1.94471,-0.376988,1.76676,-0.594025,1.17955,0.313105,1.16384,0.0323358,0.112372,0.276904,0.173359,1.84303,0.871915,-1.30925,-0.819472,-0.271119,0.144731,1.18899,1.07535,1.68402,1.67163,-0.91779,-0.253471,-1.68299,-0.374937,1.42931,0.855572,-1.19532,1.39848,-0.856697,-0.32281,1.74742,-0.869708,-1.79055,0.168686,2.473,-0.281551,0.570973,0.259941,0.137257,0.0420252,0.0536402,-1.43137,0.218179,2.04855,0.0354834,-1.32992,2.27148,2.15373,-1.39764,0.917181,-1.04212,0.829395,-0.751396,-0.116965,0.108529,-0.212576,0.174657,0.440954,1.77724,-0.0415969,1.25754,2.2177,0.031149,0.0138615,-1.18359,1.73892,-0.659341,1.26362,-0.29568,0.937579,-0.456581,1.14598,1.76966,-0.309473,-0.348057,0.205217,1.34122,0.528423,-1.36794,1.21434,0.540221,0.423648,-0.596263,0.042959,0.561564,-0.416058,-1.47604,-0.359222,-0.0421883,0.188222,0.3356,0.943474,0.924777,-0.073459,1.02834,1.56665,-0.710027,-0.836644,0.674714,1.03295,1.48452,1.49318,1.38436,-0.741144,-0.545953,1.51284,0.927138,1.85239,-0.81192,0.100917,-1.18008,-0.0238135,-0.0672649,-0.160757,0.249527,-0.0354027,-1.01227,2.12188,-0.712411,-0.0798939,-0.758332,-0.999124,0.855394,0.379943,0.0733436,0.511246,0.778757,-547.184,-508.299,2761.5,815.011,520.894,-1882.04,-2005.36,-819.359,713.376,4167.89,684.524,-60.5022,-3825.74,-379.508,89.5438,-786.665,-2764.26,-1893.05,-1138.15,1330.48,3721.9,-4549.31,2287.66,267.703,-2638.59,-2872.07,3581.78,-691.08,1559.76,-2665.15,-3407.54,531.827,2745.55,-223.138,-3512.96,4957.76,-1430.38,-3610.6,1490.59,-2808.39,2647.86,134.514,1058.66,-2025.01,485.435,3088.29,-408.039,1755.96,-843.537,223.64,-979.537,157.066,-382.401,-1592.82,146.539,630.355,1663.4,390.568,-1767.98,-422.267,-1066.21,3073.98,426.967,1910.6,-1257.09,-400.344,-1141.72,499.265,-2604.22,-1076.11,-4120.46,-2216.12,-5824.17,-626.233,4606.2,242.817,3643.23,1542.24,2193.71,656.864,865.569,271.498,-601.193,3442.11,1343.81,-669.027,-589.169,-124.323,-568.395,1995.34,2199.27,3168.19,1360.03,-1589.59,215.181,-2315.43,-552.459,2949.46,968.289,-1405.52
-250354,0,1,0,1,1,250405,-0.384764,0.00591807,1.98251,0.65987,0.194549,-1.62464,-1.32884,-0.638008,0.776036,1.76188,-0.149657,0.116447,-1.54277,-0.0636614,0.2482,-1.00728,-1.59481,-1.01706,-0.127135,0.559175,1.40119,-1.61276,1.8305,-0.0898098,-1.26576,-1.76124,1.23195,-0.269686,1.22789,-1.59845,-1.56077,0.458786,1.996,-0.185011,-1.75004,1.38731,-0.797919,-1.56933,0.936032,-1.67351,1.35279,0.444837,1.42627,-1.3104,-0.0724454,0.89088,-0.393547,0.886616,0.0264761,-0.478673,-1.03596,0.226382,0.0675763,-1.26799,0.156639,-0.0321617,0.998724,0.212245,-0.63784,-0.775643,-0.788799,1.94885,1.21166,0.828242,-0.92643,-0.62419,-1.08532,0.0134659,-0.922084,-1.04397,-1.82062,-0.720654,-1.94471,-0.376988,1.76676,-0.594025,1.17955,0.313105,1.16384,0.0323358,0.112372,0.276904,0.173359,1.84303,0.871915,-1.30925,-0.819472,-0.271119,0.144731,1.18899,1.07535,1.68402,1.67163,-0.91779,-0.253471,-1.68299,-0.374937,1.42931,0.855572,-1.19532,0.826878,0.907273,0.323829,1.38136,0.67697,-1.05525,-1.40785,0.627153,-1.21583,0.204697,-1.22738,-0.00236287,0.0647096,0.182318,-0.461792,0.351384,0.539246,0.42515,1.0196,0.346823,0.233225,0.508095,0.0916434,-1.54291,-0.884708,-0.283895,-0.301381,-1.25824,-0.513166,-1.22312,0.260558,-0.689343,1.16981,0.192103,0.0393571,0.307352,-0.629086,0.0227074,-0.957973,0.211892,-0.315909,0.673644,0.615472,1.19771,1.59229,1.1635,-1.686,-0.496666,-1.08162,0.31132,0.785413,0.551239,-0.553372,-0.374435,-0.310423,-0.445398,0.843425,-0.263335,-1.94107,1.66692,1.27623,0.0205477,0.442318,-1.49605,0.466418,-1.22519,-1.51649,-1.30696,-0.542467,1.22074,-0.279967,0.0745284,-1.83865,0.0152951,0.98256,-1.97151,1.5069,-0.016611,0.859895,0.714397,2.34033,-1.30326,-2.07139,-1.72457,-1.4973,-1.76698,1.65433,-0.284958,-0.950436,0.556721,-1.25918,-0.879358,-1.34402,1.13452,-0.633883,-0.759354,0.555807,1.45895,0.174945,-1.84836,-547.184,-508.299,2761.5,815.011,520.894,-1882.04,-2005.36,-819.359,713.376,4167.89,684.524,-60.5022,-3825.74,-379.508,89.5438,-786.665,-2764.26,-1893.05,-1138.15,1330.48,3721.9,-4549.31,2287.66,267.703,-2638.59,-2872.07,3581.78,-691.08,1559.76,-2665.15,-3407.54,531.827,2745.55,-223.138,-3512.96,4957.76,-1430.38,-3610.6,1490.59,-2808.39,2647.86,134.514,1058.66,-2025.01,485.435,3088.29,-408.039,1755.96,-843.537,223.64,-979.537,157.066,-382.401,-1592.82,146.539,630.355,1663.4,390.568,-1767.98,-422.267,-1066.21,3073.98,426.967,1910.6,-1257.09,-400.344,-1141.72,499.265,-2604.22,-1076.11,-4120.46,-2216.12,-5824.17,-626.233,4606.2,242.817,3643.23,1542.24,2193.71,656.864,865.569,271.498,-601.193,3442.11,1343.81,-669.027,-589.169,-124.323,-568.395,1995.34,2199.27,3168.19,1360.03,-1589.59,215.181,-2315.43,-552.459,2949.46,968.289,-1405.52
-250354,0,1,0,1,1,250411,-0.384764,0.00591807,1.98251,0.65987,0.194549,-1.62464,-1.32884,-0.638008,0.776036,1.76188,-0.149657,0.116447,-1.54277,-0.0636614,0.2482,-1.00728,-1.59481,-1.01706,-0.127135,0.559175,1.40119,-1.61276,1.8305,-0.0898098,-1.26576,-1.76124,1.23195,-0.269686,1.22789,-1.59845,-1.56077,0.458786,1.996,-0.185011,-1.75004,1.38731,-0.797919,-1.56933,0.936032,-1.67351,1.35279,0.444837,1.42627,-1.3104,-0.0724454,0.89088,-0.393547,0.886616,0.0264761,-0.478673,-1.03596,0.226382,0.0675763,-1.26799,0.156639,-0.0321617,0.998724,0.212245,-0.63784,-0.775643,-0.788799,1.94885,1.21166,0.828242,-0.92643,-0.62419,-1.08532,0.0134659,-0.922084,-1.04397,-1.82062,-0.720654,-1.94471,-0.376988,1.76676,-0.594025,1.17955,0.313105,1.16384,0.0323358,0.112372,0.276904,0.173359,1.84303,0.871915,-1.30925,-0.819472,-0.271119,0.144731,1.18899,1.07535,1.68402,1.67163,-0.91779,-0.253471,-1.68299,-0.374937,1.42931,0.855572,-1.19532,2.08445,-0.543357,-0.0105876,0.392726,0.976273,-0.407677,0.568764,0.989724,-0.866321,0.221803,2.0752,-2.0797,-1.33299,0.345385,1.06566,-1.5412,0.0887191,-1.52894,-1.36988,-0.0742889,-0.262608,-0.895537,-0.217425,-0.442167,1.3212,-0.374006,1.25859,-1.42603,-1.25064,-0.539236,-0.0220184,0.738986,1.91384,-0.157713,-2.27378,0.00812332,1.59186,0.325389,1.29935,0.654058,-0.782624,-0.339419,1.76237,0.412695,-0.993881,0.913962,0.379427,0.0741284,-0.382295,-0.280915,0.712475,1.07976,2.21233,0.7001,-0.51736,-0.241396,0.387579,0.0472486,-0.922609,-0.595793,1.21908,2.365,-1.93413,0.216526,0.611272,1.1389,0.975087,-0.981679,-0.152016,-0.0171005,0.999774,0.278406,-1.10878,0.851225,0.840302,0.19006,1.79022,0.484191,0.0202925,-0.908724,1.48738,-1.07298,-0.11665,2.50982,0.0463395,0.551301,-0.0699122,0.0314939,-0.0834246,-1.2361,1.80187,-1.43859,1.06131,2.1514,1.01502,-0.925195,0.663245,1.64152,0.488522,0.513694,-547.184,-508.299,2761.5,815.011,520.894,-1882.04,-2005.36,-819.359,713.376,4167.89,684.524,-60.5022,-3825.74,-379.508,89.5438,-786.665,-2764.26,-1893.05,-1138.15,1330.48,3721.9,-4549.31,2287.66,267.703,-2638.59,-2872.07,3581.78,-691.08,1559.76,-2665.15,-3407.54,531.827,2745.55,-223.138,-3512.96,4957.76,-1430.38,-3610.6,1490.59,-2808.39,2647.86,134.514,1058.66,-2025.01,485.435,3088.29,-408.039,1755.96,-843.537,223.64,-979.537,157.066,-382.401,-1592.82,146.539,630.355,1663.4,390.568,-1767.98,-422.267,-1066.21,3073.98,426.967,1910.6,-1257.09,-400.344,-1141.72,499.265,-2604.22,-1076.11,-4120.46,-2216.12,-5824.17,-626.233,4606.2,242.817,3643.23,1542.24,2193.71,656.864,865.569,271.498,-601.193,3442.11,1343.81,-669.027,-589.169,-124.323,-568.395,1995.34,2199.27,3168.19,1360.03,-1589.59,215.181,-2315.43,-552.459,2949.46,968.289,-1405.52
-250354,0,1,0,1,1,250405,-0.384764,0.00591807,1.98251,0.65987,0.194549,-1.62464,-1.32884,-0.638008,0.776036,1.76188,-0.149657,0.116447,-1.54277,-0.0636614,0.2482,-1.00728,-1.59481,-1.01706,-0.127135,0.559175,1.40119,-1.61276,1.8305,-0.0898098,-1.26576,-1.76124,1.23195,-0.269686,1.22789,-1.59845,-1.56077,0.458786,1.996,-0.185011,-1.75004,1.38731,-0.797919,-1.56933,0.936032,-1.67351,1.35279,0.444837,1.42627,-1.3104,-0.0724454,0.89088,-0.393547,0.886616,0.0264761,-0.478673,-1.03596,0.226382,0.0675763,-1.26799,0.156639,-0.0321617,0.998724,0.212245,-0.63784,-0.775643,-0.788799,1.94885,1.21166,0.828242,-0.92643,-0.62419,-1.08532,0.0134659,-0.922084,-1.04397,-1.82062,-0.720654,-1.94471,-0.376988,1.76676,-0.594025,1.17955,0.313105,1.16384,0.0323358,0.112372,0.276904,0.173359,1.84303,0.871915,-1.30925,-0.819472,-0.271119,0.144731,1.18899,1.07535,1.68402,1.67163,-0.91779,-0.253471,-1.68299,-0.374937,1.42931,0.855572,-1.19532,-0.978704,-0.484586,-1.32453,0.632775,-0.230252,0.737985,-0.867485,0.687913,1.71018,-0.0352684,1.58104,-0.622198,1.40443,-1.09424,-1.23125,-0.513313,0.0928967,0.221655,-0.728556,1.19384,-0.0335419,1.14893,-1.41652,-1.60103,-1.23573,0.720844,0.373438,1.0762,0.0678615,-1.91448,-0.805616,0.713609,-1.40185,1.12429,0.493187,-0.873743,-0.00819032,-0.658064,-0.849005,1.16916,0.622778,-0.572141,-1.21757,-0.740848,1.43024,-2.10531,-0.295578,0.416501,-1.28396,0.404689,-0.683096,-0.64084,-1.44029,-0.870504,-0.477377,-0.0356624,0.657009,0.138449,1.57003,1.7682,0.600342,-0.0755431,-0.121933,1.96245,-0.449399,0.449552,-0.424691,0.74626,1.38561,0.186271,-0.724849,0.495151,-0.0591798,-0.267955,1.45282,-2.11582,-0.113483,-0.531259,0.153637,-0.0954718,-2.54016,-0.955779,0.182953,0.81729,-0.409857,-0.471719,2.64341,2.02543,0.381986,-1.15404,-0.276412,-0.142377,-0.0424199,0.251783,-0.837237,0.381703,0.879929,-1.28147,1.34759,0.26461,-547.184,-508.299,2761.5,815.011,520.894,-1882.04,-2005.36,-819.359,713.376,4167.89,684.524,-60.5022,-3825.74,-379.508,89.5438,-786.665,-2764.26,-1893.05,-1138.15,1330.48,3721.9,-4549.31,2287.66,267.703,-2638.59,-2872.07,3581.78,-691.08,1559.76,-2665.15,-3407.54,531.827,2745.55,-223.138,-3512.96,4957.76,-1430.38,-3610.6,1490.59,-2808.39,2647.86,134.514,1058.66,-2025.01,485.435,3088.29,-408.039,1755.96,-843.537,223.64,-979.537,157.066,-382.401,-1592.82,146.539,630.355,1663.4,390.568,-1767.98,-422.267,-1066.21,3073.98,426.967,1910.6,-1257.09,-400.344,-1141.72,499.265,-2604.22,-1076.11,-4120.46,-2216.12,-5824.17,-626.233,4606.2,242.817,3643.23,1542.24,2193.71,656.864,865.569,271.498,-601.193,3442.11,1343.81,-669.027,-589.169,-124.323,-568.395,1995.34,2199.27,3168.19,1360.03,-1589.59,215.181,-2315.43,-552.459,2949.46,968.289,-1405.52
-250354,0,1,0,1,1,250384,-0.384764,0.00591807,1.98251,0.65987,0.194549,-1.62464,-1.32884,-0.638008,0.776036,1.76188,-0.149657,0.116447,-1.54277,-0.0636614,0.2482,-1.00728,-1.59481,-1.01706,-0.127135,0.559175,1.40119,-1.61276,1.8305,-0.0898098,-1.26576,-1.76124,1.23195,-0.269686,1.22789,-1.59845,-1.56077,0.458786,1.996,-0.185011,-1.75004,1.38731,-0.797919,-1.56933,0.936032,-1.67351,1.35279,0.444837,1.42627,-1.3104,-0.0724454,0.89088,-0.393547,0.886616,0.0264761,-0.478673,-1.03596,0.226382,0.0675763,-1.26799,0.156639,-0.0321617,0.998724,0.212245,-0.63784,-0.775643,-0.788799,1.94885,1.21166,0.828242,-0.92643,-0.62419,-1.08532,0.0134659,-0.922084,-1.04397,-1.82062,-0.720654,-1.94471,-0.376988,1.76676,-0.594025,1.17955,0.313105,1.16384,0.0323358,0.112372,0.276904,0.173359,1.84303,0.871915,-1.30925,-0.819472,-0.271119,0.144731,1.18899,1.07535,1.68402,1.67163,-0.91779,-0.253471,-1.68299,-0.374937,1.42931,0.855572,-1.19532,-0.154182,-0.218829,0.467125,-0.47395,-0.699545,-0.543647,0.309199,0.252798,-1.72545,0.131966,0.187612,0.738238,-0.400476,-0.938307,-0.506256,-0.896433,-0.499132,0.242548,0.0160591,0.220503,0.431186,-0.483162,0.658384,0.0715972,-0.135518,-0.0139094,0.18344,-0.914494,-0.152827,0.214008,0.242009,-0.767661,0.408564,-0.558827,0.563308,-0.269943,1.80743,0.00438592,-0.182251,-0.851483,-1.54282,0.0711795,-0.756382,0.0636246,1.5191,0.964851,-1.0541,-0.706222,-0.413412,-0.879618,1.22609,-1.40736,0.916109,-0.992479,0.650645,-0.0388251,0.40714,-1.18712,0.0184521,0.0345937,1.66381,0.498692,0.579226,-1.27381,0.368266,1.24541,1.21934,-2.1793,-0.0401923,-0.161843,-0.33262,0.455471,0.420958,1.08171,-0.198176,0.153638,1.02622,0.501855,-1.34961,-0.947136,-0.454991,0.836111,0.000394368,-0.312233,-0.337251,-0.321898,0.773262,-1.80025,0.99637,-0.553287,-0.786469,-0.136772,0.181376,0.0795314,0.0509514,-1.01103,-0.127462,1.1058,-0.638343,-0.178124,-547.184,-508.299,2761.5,815.011,520.894,-1882.04,-2005.36,-819.359,713.376,4167.89,684.524,-60.5022,-3825.74,-379.508,89.5438,-786.665,-2764.26,-1893.05,-1138.15,1330.48,3721.9,-4549.31,2287.66,267.703,-2638.59,-2872.07,3581.78,-691.08,1559.76,-2665.15,-3407.54,531.827,2745.55,-223.138,-3512.96,4957.76,-1430.38,-3610.6,1490.59,-2808.39,2647.86,134.514,1058.66,-2025.01,485.435,3088.29,-408.039,1755.96,-843.537,223.64,-979.537,157.066,-382.401,-1592.82,146.539,630.355,1663.4,390.568,-1767.98,-422.267,-1066.21,3073.98,426.967,1910.6,-1257.09,-400.344,-1141.72,499.265,-2604.22,-1076.11,-4120.46,-2216.12,-5824.17,-626.233,4606.2,242.817,3643.23,1542.24,2193.71,656.864,865.569,271.498,-601.193,3442.11,1343.81,-669.027,-589.169,-124.323,-568.395,1995.34,2199.27,3168.19,1360.03,-1589.59,215.181,-2315.43,-552.459,2949.46,968.289,-1405.52
-250354,0,1,0,1,1,250396,-0.384764,0.00591807,1.98251,0.65987,0.194549,-1.62464,-1.32884,-0.638008,0.776036,1.76188,-0.149657,0.116447,-1.54277,-0.0636614,0.2482,-1.00728,-1.59481,-1.01706,-0.127135,0.559175,1.40119,-1.61276,1.8305,-0.0898098,-1.26576,-1.76124,1.23195,-0.269686,1.22789,-1.59845,-1.56077,0.458786,1.996,-0.185011,-1.75004,1.38731,-0.797919,-1.56933,0.936032,-1.67351,1.35279,0.444837,1.42627,-1.3104,-0.0724454,0.89088,-0.393547,0.886616,0.0264761,-0.478673,-1.03596,0.226382,0.0675763,-1.26799,0.156639,-0.0321617,0.998724,0.212245,-0.63784,-0.775643,-0.788799,1.94885,1.21166,0.828242,-0.92643,-0.62419,-1.08532,0.0134659,-0.922084,-1.04397,-1.82062,-0.720654,-1.94471,-0.376988,1.76676,-0.594025,1.17955,0.313105,1.16384,0.0323358,0.112372,0.276904,0.173359,1.84303,0.871915,-1.30925,-0.819472,-0.271119,0.144731,1.18899,1.07535,1.68402,1.67163,-0.91779,-0.253471,-1.68299,-0.374937,1.42931,0.855572,-1.19532,0.267631,1.35195,-0.0325535,0.985058,-0.195634,-1.25854,1.89596,1.42364,1.41099,-0.34475,1.62639,0.624243,0.246511,0.0870699,1.50133,-0.599805,0.588276,0.269158,-0.918895,0.222414,0.0747077,1.2643,0.677143,-2.40395,-0.867648,-0.0287535,0.0236634,-0.868706,-0.0998476,-0.486045,1.35227,-0.652664,-0.877008,-0.417705,0.406462,-0.407168,-1.38706,-0.234521,0.180148,0.846438,0.564962,-0.622263,-1.39398,-0.271025,-0.296262,-0.532937,0.778152,1.72491,-0.576594,-0.616895,-0.251242,1.181,-0.872178,-1.4521,0.117182,0.290148,0.383399,-0.0378759,-0.407943,1.3216,-1.52994,-0.709387,-0.598921,1.08992,1.45349,0.49163,0.52399,0.031409,0.216625,1.14907,-0.258165,0.260169,-1.20474,-0.989984,0.356753,-0.3376,0.88011,0.587621,-1.75907,-0.671839,0.135439,0.367067,-0.0295473,0.104729,-0.0721416,0.408449,-0.825874,-0.847372,-0.599226,0.371701,1.45928,-2.2275,-0.242747,0.438558,0.29176,-1.37291,-1.26552,-0.725867,-1.94228,1.08805,-547.184,-508.299,2761.5,815.011,520.894,-1882.04,-2005.36,-819.359,713.376,4167.89,684.524,-60.5022,-3825.74,-379.508,89.5438,-786.665,-2764.26,-1893.05,-1138.15,1330.48,3721.9,-4549.31,2287.66,267.703,-2638.59,-2872.07,3581.78,-691.08,1559.76,-2665.15,-3407.54,531.827,2745.55,-223.138,-3512.96,4957.76,-1430.38,-3610.6,1490.59,-2808.39,2647.86,134.514,1058.66,-2025.01,485.435,3088.29,-408.039,1755.96,-843.537,223.64,-979.537,157.066,-382.401,-1592.82,146.539,630.355,1663.4,390.568,-1767.98,-422.267,-1066.21,3073.98,426.967,1910.6,-1257.09,-400.344,-1141.72,499.265,-2604.22,-1076.11,-4120.46,-2216.12,-5824.17,-626.233,4606.2,242.817,3643.23,1542.24,2193.71,656.864,865.569,271.498,-601.193,3442.11,1343.81,-669.027,-589.169,-124.323,-568.395,1995.34,2199.27,3168.19,1360.03,-1589.59,215.181,-2315.43,-552.459,2949.46,968.289,-1405.52
-250354,0,1,0,1,1,250405,-0.384764,0.00591807,1.98251,0.65987,0.194549,-1.62464,-1.32884,-0.638008,0.776036,1.76188,-0.149657,0.116447,-1.54277,-0.0636614,0.2482,-1.00728,-1.59481,-1.01706,-0.127135,0.559175,1.40119,-1.61276,1.8305,-0.0898098,-1.26576,-1.76124,1.23195,-0.269686,1.22789,-1.59845,-1.56077,0.458786,1.996,-0.185011,-1.75004,1.38731,-0.797919,-1.56933,0.936032,-1.67351,1.35279,0.444837,1.42627,-1.3104,-0.0724454,0.89088,-0.393547,0.886616,0.0264761,-0.478673,-1.03596,0.226382,0.0675763,-1.26799,0.156639,-0.0321617,0.998724,0.212245,-0.63784,-0.775643,-0.788799,1.94885,1.21166,0.828242,-0.92643,-0.62419,-1.08532,0.0134659,-0.922084,-1.04397,-1.82062,-0.720654,-1.94471,-0.376988,1.76676,-0.594025,1.17955,0.313105,1.16384,0.0323358,0.112372,0.276904,0.173359,1.84303,0.871915,-1.30925,-0.819472,-0.271119,0.144731,1.18899,1.07535,1.68402,1.67163,-0.91779,-0.253471,-1.68299,-0.374937,1.42931,0.855572,-1.19532,-0.551868,-0.959285,1.29931,0.0569424,-0.194962,-0.41413,-1.80826,-0.385167,1.26985,-2.74837,-1.43822,-1.22395,0.852052,0.229703,-0.34436,1.14272,0.134792,1.3203,-0.0767379,-0.254574,0.324195,-0.32642,0.216775,0.501745,-0.175464,-1.04214,0.36916,2.09387,-0.570807,0.411052,0.888214,0.52943,0.0981299,-0.0039511,0.6966,1.01765,-0.336897,1.67283,-1.13927,0.360686,-1.17247,-1.23431,1.64181,-0.40926,-0.344141,1.31836,0.12092,0.284744,0.416452,-0.863445,-0.0635056,-1.17221,-1.43565,2.05711,1.37713,0.776111,-1.08648,1.49198,-1.06603,1.09456,1.40226,-0.670583,0.727018,-0.56842,0.762951,-0.601073,0.488521,0.410141,1.10021,0.670517,0.849215,0.204849,-0.229731,-0.976237,0.203759,0.220365,-0.757882,-0.0466681,2.19541,0.674948,0.805468,1.36232,-0.422394,0.271706,2.05327,-1.48667,-0.0859466,-0.523143,-0.39405,-0.00817221,0.979017,0.551399,2.01314,-0.0232118,-0.84837,2.16058,-2.23488,-0.287074,0.585595,0.0626529,-547.184,-508.299,2761.5,815.011,520.894,-1882.04,-2005.36,-819.359,713.376,4167.89,684.524,-60.5022,-3825.74,-379.508,89.5438,-786.665,-2764.26,-1893.05,-1138.15,1330.48,3721.9,-4549.31,2287.66,267.703,-2638.59,-2872.07,3581.78,-691.08,1559.76,-2665.15,-3407.54,531.827,2745.55,-223.138,-3512.96,4957.76,-1430.38,-3610.6,1490.59,-2808.39,2647.86,134.514,1058.66,-2025.01,485.435,3088.29,-408.039,1755.96,-843.537,223.64,-979.537,157.066,-382.401,-1592.82,146.539,630.355,1663.4,390.568,-1767.98,-422.267,-1066.21,3073.98,426.967,1910.6,-1257.09,-400.344,-1141.72,499.265,-2604.22,-1076.11,-4120.46,-2216.12,-5824.17,-626.233,4606.2,242.817,3643.23,1542.24,2193.71,656.864,865.569,271.498,-601.193,3442.11,1343.81,-669.027,-589.169,-124.323,-568.395,1995.34,2199.27,3168.19,1360.03,-1589.59,215.181,-2315.43,-552.459,2949.46,968.289,-1405.52
-250354,0,1,0,1,1,250399,-0.384764,0.00591807,1.98251,0.65987,0.194549,-1.62464,-1.32884,-0.638008,0.776036,1.76188,-0.149657,0.116447,-1.54277,-0.0636614,0.2482,-1.00728,-1.59481,-1.01706,-0.127135,0.559175,1.40119,-1.61276,1.8305,-0.0898098,-1.26576,-1.76124,1.23195,-0.269686,1.22789,-1.59845,-1.56077,0.458786,1.996,-0.185011,-1.75004,1.38731,-0.797919,-1.56933,0.936032,-1.67351,1.35279,0.444837,1.42627,-1.3104,-0.0724454,0.89088,-0.393547,0.886616,0.0264761,-0.478673,-1.03596,0.226382,0.0675763,-1.26799,0.156639,-0.0321617,0.998724,0.212245,-0.63784,-0.775643,-0.788799,1.94885,1.21166,0.828242,-0.92643,-0.62419,-1.08532,0.0134659,-0.922084,-1.04397,-1.82062,-0.720654,-1.94471,-0.376988,1.76676,-0.594025,1.17955,0.313105,1.16384,0.0323358,0.112372,0.276904,0.173359,1.84303,0.871915,-1.30925,-0.819472,-0.271119,0.144731,1.18899,1.07535,1.68402,1.67163,-0.91779,-0.253471,-1.68299,-0.374937,1.42931,0.855572,-1.19532,0.791106,0.620522,-0.743563,2.18141,2.82922,0.00515799,-1.43492,-1.41118,0.0391681,-1.98451,0.927342,0.224886,0.416512,-0.261362,1.42729,-0.249213,-1.19891,0.640224,0.861696,-0.394578,-1.2666,-2.14601,-0.728659,-0.27442,-0.840718,0.0137777,-0.112537,-2.04362,0.900043,1.15733,-0.829657,-0.944569,-0.266248,-0.95555,0.536283,0.579077,-0.107193,-1.08128,-0.16192,-0.253751,-1.06401,0.875313,-1.57518,0.493943,-0.158619,-0.867798,-0.221902,0.221219,0.191838,-1.16971,0.237317,0.765687,1.53624,0.197709,-0.899905,-0.390188,0.397588,-0.104587,1.07692,1.51608,0.404119,1.31422,-0.441855,0.134087,0.236057,-0.193707,1.70748,0.469178,-0.476489,0.457111,-0.181321,-0.265537,-0.786337,0.958383,0.154846,0.726021,-1.41925,0.00995258,-0.174197,-1.59001,0.56898,-0.716631,-0.0312041,-0.753778,-1.55186,0.647749,-1.09259,0.440543,1.07743,-1.12953,0.222653,-1.16178,-1.00908,0.321668,-0.383353,-1.09534,1.53557,0.62053,1.183,-0.620693,-547.184,-508.299,2761.5,815.011,520.894,-1882.04,-2005.36,-819.359,713.376,4167.89,684.524,-60.5022,-3825.74,-379.508,89.5438,-786.665,-2764.26,-1893.05,-1138.15,1330.48,3721.9,-4549.31,2287.66,267.703,-2638.59,-2872.07,3581.78,-691.08,1559.76,-2665.15,-3407.54,531.827,2745.55,-223.138,-3512.96,4957.76,-1430.38,-3610.6,1490.59,-2808.39,2647.86,134.514,1058.66,-2025.01,485.435,3088.29,-408.039,1755.96,-843.537,223.64,-979.537,157.066,-382.401,-1592.82,146.539,630.355,1663.4,390.568,-1767.98,-422.267,-1066.21,3073.98,426.967,1910.6,-1257.09,-400.344,-1141.72,499.265,-2604.22,-1076.11,-4120.46,-2216.12,-5824.17,-626.233,4606.2,242.817,3643.23,1542.24,2193.71,656.864,865.569,271.498,-601.193,3442.11,1343.81,-669.027,-589.169,-124.323,-568.395,1995.34,2199.27,3168.19,1360.03,-1589.59,215.181,-2315.43,-552.459,2949.46,968.289,-1405.52
-250354,0,1,0,1,1,250394,-0.384764,0.00591807,1.98251,0.65987,0.194549,-1.62464,-1.32884,-0.638008,0.776036,1.76188,-0.149657,0.116447,-1.54277,-0.0636614,0.2482,-1.00728,-1.59481,-1.01706,-0.127135,0.559175,1.40119,-1.61276,1.8305,-0.0898098,-1.26576,-1.76124,1.23195,-0.269686,1.22789,-1.59845,-1.56077,0.458786,1.996,-0.185011,-1.75004,1.38731,-0.797919,-1.56933,0.936032,-1.67351,1.35279,0.444837,1.42627,-1.3104,-0.0724454,0.89088,-0.393547,0.886616,0.0264761,-0.478673,-1.03596,0.226382,0.0675763,-1.26799,0.156639,-0.0321617,0.998724,0.212245,-0.63784,-0.775643,-0.788799,1.94885,1.21166,0.828242,-0.92643,-0.62419,-1.08532,0.0134659,-0.922084,-1.04397,-1.82062,-0.720654,-1.94471,-0.376988,1.76676,-0.594025,1.17955,0.313105,1.16384,0.0323358,0.112372,0.276904,0.173359,1.84303,0.871915,-1.30925,-0.819472,-0.271119,0.144731,1.18899,1.07535,1.68402,1.67163,-0.91779,-0.253471,-1.68299,-0.374937,1.42931,0.855572,-1.19532,-0.00865323,0.0389384,0.732175,-0.893107,-1.98233,1.21599,1.37968,0.250834,-0.763101,0.638941,1.03643,0.490965,0.560623,1.42253,-1.89663,0.372474,0.889609,-0.0991041,-0.640664,0.686904,-0.629352,1.04702,-0.632955,-0.678963,0.0689214,0.543794,-0.612975,-1.37104,1.39242,-0.225468,-1.60284,0.99494,-0.286095,-0.145595,-0.754614,1.95782,0.0657879,-0.981617,-0.159158,0.286299,-0.136854,-0.237974,-0.674404,-1.30573,-1.20414,-0.552943,-0.445617,0.225905,0.15756,0.342888,0.572745,-0.115686,0.446355,-0.609238,0.952432,1.06292,1.0153,-0.499627,-2.05483,0.96123,-1.20028,-0.85715,-0.352702,-0.359254,0.357227,-0.670109,2.81552,1.02975,-0.529,-0.50137,1.80892,-0.308171,-0.631311,-1.1161,-0.331373,-1.36361,0.703282,0.198909,0.697386,1.4118,0.158747,0.222771,-1.22771,0.255277,-0.0348456,1.04228,-0.78432,1.14995,0.724557,-0.906157,-0.357706,0.163169,0.669344,-0.175279,0.142586,0.202741,-1.07011,-0.776063,-0.649573,-0.0556261,-547.184,-508.299,2761.5,815.011,520.894,-1882.04,-2005.36,-819.359,713.376,4167.89,684.524,-60.5022,-3825.74,-379.508,89.5438,-786.665,-2764.26,-1893.05,-1138.15,1330.48,3721.9,-4549.31,2287.66,267.703,-2638.59,-2872.07,3581.78,-691.08,1559.76,-2665.15,-3407.54,531.827,2745.55,-223.138,-3512.96,4957.76,-1430.38,-3610.6,1490.59,-2808.39,2647.86,134.514,1058.66,-2025.01,485.435,3088.29,-408.039,1755.96,-843.537,223.64,-979.537,157.066,-382.401,-1592.82,146.539,630.355,1663.4,390.568,-1767.98,-422.267,-1066.21,3073.98,426.967,1910.6,-1257.09,-400.344,-1141.72,499.265,-2604.22,-1076.11,-4120.46,-2216.12,-5824.17,-626.233,4606.2,242.817,3643.23,1542.24,2193.71,656.864,865.569,271.498,-601.193,3442.11,1343.81,-669.027,-589.169,-124.323,-568.395,1995.34,2199.27,3168.19,1360.03,-1589.59,215.181,-2315.43,-552.459,2949.46,968.289,-1405.52
-250354,0,1,0,1,1,250407,-0.384764,0.00591807,1.98251,0.65987,0.194549,-1.62464,-1.32884,-0.638008,0.776036,1.76188,-0.149657,0.116447,-1.54277,-0.0636614,0.2482,-1.00728,-1.59481,-1.01706,-0.127135,0.559175,1.40119,-1.61276,1.8305,-0.0898098,-1.26576,-1.76124,1.23195,-0.269686,1.22789,-1.59845,-1.56077,0.458786,1.996,-0.185011,-1.75004,1.38731,-0.797919,-1.56933,0.936032,-1.67351,1.35279,0.444837,1.42627,-1.3104,-0.0724454,0.89088,-0.393547,0.886616,0.0264761,-0.478673,-1.03596,0.226382,0.0675763,-1.26799,0.156639,-0.0321617,0.998724,0.212245,-0.63784,-0.775643,-0.788799,1.94885,1.21166,0.828242,-0.92643,-0.62419,-1.08532,0.0134659,-0.922084,-1.04397,-1.82062,-0.720654,-1.94471,-0.376988,1.76676,-0.594025,1.17955,0.313105,1.16384,0.0323358,0.112372,0.276904,0.173359,1.84303,0.871915,-1.30925,-0.819472,-0.271119,0.144731,1.18899,1.07535,1.68402,1.67163,-0.91779,-0.253471,-1.68299,-0.374937,1.42931,0.855572,-1.19532,1.65192,-0.92452,-1.10107,-0.00518161,0.146146,0.411474,-2.04451,-2.10424,-1.47164,-0.037273,-0.718843,-2.52535,0.978134,0.509137,-0.343543,0.40448,-1.9218,0.65791,0.573325,-1.20737,0.136543,0.352169,0.111404,-0.437427,-0.580941,-2.18525,1.89286,-0.551909,0.48141,-0.139521,-1.01787,-0.43696,-0.583065,0.904603,0.423625,-1.19959,-1.51017,-0.222141,0.123455,-0.030671,-0.324837,-0.63355,1.59787,-1.67259,-0.885778,0.794746,0.892077,-0.597997,0.512334,-0.757567,-1.01497,0.0528712,-0.942803,1.17771,0.775218,-0.342091,0.698972,-0.652085,1.10623,-0.396362,0.524055,0.484978,-1.44571,2.40464,0.392797,0.523783,-1.67554,-1.51508,0.498551,0.0710898,-1.54809,-0.800026,-0.0263506,0.675063,0.132614,-1.02401,-0.829589,0.48918,0.594966,1.627,-2.58221,-0.160771,1.10304,-0.423943,0.503801,0.877336,0.050319,-1.19379,-0.113425,0.429063,-0.613975,1.33328,-0.825644,-0.870829,0.357449,1.11762,0.581796,-1.32584,0.226786,-1.68091,-547.184,-508.299,2761.5,815.011,520.894,-1882.04,-2005.36,-819.359,713.376,4167.89,684.524,-60.5022,-3825.74,-379.508,89.5438,-786.665,-2764.26,-1893.05,-1138.15,1330.48,3721.9,-4549.31,2287.66,267.703,-2638.59,-2872.07,3581.78,-691.08,1559.76,-2665.15,-3407.54,531.827,2745.55,-223.138,-3512.96,4957.76,-1430.38,-3610.6,1490.59,-2808.39,2647.86,134.514,1058.66,-2025.01,485.435,3088.29,-408.039,1755.96,-843.537,223.64,-979.537,157.066,-382.401,-1592.82,146.539,630.355,1663.4,390.568,-1767.98,-422.267,-1066.21,3073.98,426.967,1910.6,-1257.09,-400.344,-1141.72,499.265,-2604.22,-1076.11,-4120.46,-2216.12,-5824.17,-626.233,4606.2,242.817,3643.23,1542.24,2193.71,656.864,865.569,271.498,-601.193,3442.11,1343.81,-669.027,-589.169,-124.323,-568.395,1995.34,2199.27,3168.19,1360.03,-1589.59,215.181,-2315.43,-552.459,2949.46,968.289,-1405.52
-250354,0,1,0,1,1,250403,-0.384764,0.00591807,1.98251,0.65987,0.194549,-1.62464,-1.32884,-0.638008,0.776036,1.76188,-0.149657,0.116447,-1.54277,-0.0636614,0.2482,-1.00728,-1.59481,-1.01706,-0.127135,0.559175,1.40119,-1.61276,1.8305,-0.0898098,-1.26576,-1.76124,1.23195,-0.269686,1.22789,-1.59845,-1.56077,0.458786,1.996,-0.185011,-1.75004,1.38731,-0.797919,-1.56933,0.936032,-1.67351,1.35279,0.444837,1.42627,-1.3104,-0.0724454,0.89088,-0.393547,0.886616,0.0264761,-0.478673,-1.03596,0.226382,0.0675763,-1.26799,0.156639,-0.0321617,0.998724,0.212245,-0.63784,-0.775643,-0.788799,1.94885,1.21166,0.828242,-0.92643,-0.62419,-1.08532,0.0134659,-0.922084,-1.04397,-1.82062,-0.720654,-1.94471,-0.376988,1.76676,-0.594025,1.17955,0.313105,1.16384,0.0323358,0.112372,0.276904,0.173359,1.84303,0.871915,-1.30925,-0.819472,-0.271119,0.144731,1.18899,1.07535,1.68402,1.67163,-0.91779,-0.253471,-1.68299,-0.374937,1.42931,0.855572,-1.19532,0.174163,1.26363,0.170396,1.47873,0.25496,0.919694,1.61663,0.217027,-0.414154,0.993648,0.279972,0.669459,0.037281,1.30427,0.91653,-0.593237,-1.20686,0.119885,-1.51098,-0.131916,0.931631,-0.0953051,-0.10096,1.35302,-1.1312,-1.28655,-0.0883065,0.713154,-0.540892,0.984281,-1.69329,-1.74001,-0.136102,-0.0990581,-0.904637,-0.459516,0.703453,-0.69359,-1.0529,1.28417,0.256992,-0.320611,-0.645801,0.626308,-0.0831956,-0.396334,0.233624,0.157301,2.24072,-0.285561,1.75855,-0.957338,0.415223,1.87195,1.57838,-1.01243,1.2645,0.448154,-0.333484,0.557026,0.480688,1.78883,0.0216146,-0.166325,1.50343,-0.600542,1.84116,-0.654878,-1.26338,-1.02713,-0.522305,0.0343607,-0.742249,0.82856,1.13763,0.278458,-1.92838,0.131758,-0.503681,-1.43464,-1.03564,-0.308405,-1.69579,0.869698,-2.34184,0.375029,-1.59972,-0.512953,0.0201432,0.221924,0.0414309,0.23658,1.17597,1.05029,1.10142,1.61104,0.0843371,-0.720999,-0.242095,1.23437,-547.184,-508.299,2761.5,815.011,520.894,-1882.04,-2005.36,-819.359,713.376,4167.89,684.524,-60.5022,-3825.74,-379.508,89.5438,-786.665,-2764.26,-1893.05,-1138.15,1330.48,3721.9,-4549.31,2287.66,267.703,-2638.59,-2872.07,3581.78,-691.08,1559.76,-2665.15,-3407.54,531.827,2745.55,-223.138,-3512.96,4957.76,-1430.38,-3610.6,1490.59,-2808.39,2647.86,134.514,1058.66,-2025.01,485.435,3088.29,-408.039,1755.96,-843.537,223.64,-979.537,157.066,-382.401,-1592.82,146.539,630.355,1663.4,390.568,-1767.98,-422.267,-1066.21,3073.98,426.967,1910.6,-1257.09,-400.344,-1141.72,499.265,-2604.22,-1076.11,-4120.46,-2216.12,-5824.17,-626.233,4606.2,242.817,3643.23,1542.24,2193.71,656.864,865.569,271.498,-601.193,3442.11,1343.81,-669.027,-589.169,-124.323,-568.395,1995.34,2199.27,3168.19,1360.03,-1589.59,215.181,-2315.43,-552.459,2949.46,968.289,-1405.52
-250354,0,1,0,1,1,250399,-0.384764,0.00591807,1.98251,0.65987,0.194549,-1.62464,-1.32884,-0.638008,0.776036,1.76188,-0.149657,0.116447,-1.54277,-0.0636614,0.2482,-1.00728,-1.59481,-1.01706,-0.127135,0.559175,1.40119,-1.61276,1.8305,-0.0898098,-1.26576,-1.76124,1.23195,-0.269686,1.22789,-1.59845,-1.56077,0.458786,1.996,-0.185011,-1.75004,1.38731,-0.797919,-1.56933,0.936032,-1.67351,1.35279,0.444837,1.42627,-1.3104,-0.0724454,0.89088,-0.393547,0.886616,0.0264761,-0.478673,-1.03596,0.226382,0.0675763,-1.26799,0.156639,-0.0321617,0.998724,0.212245,-0.63784,-0.775643,-0.788799,1.94885,1.21166,0.828242,-0.92643,-0.62419,-1.08532,0.0134659,-0.922084,-1.04397,-1.82062,-0.720654,-1.94471,-0.376988,1.76676,-0.594025,1.17955,0.313105,1.16384,0.0323358,0.112372,0.276904,0.173359,1.84303,0.871915,-1.30925,-0.819472,-0.271119,0.144731,1.18899,1.07535,1.68402,1.67163,-0.91779,-0.253471,-1.68299,-0.374937,1.42931,0.855572,-1.19532,-0.0139,1.31725,-0.825633,-0.0857722,-0.623764,0.607248,0.393377,2.22456,-1.5565,0.341047,-0.02764,-1.61556,0.713392,0.870118,-0.161989,-0.974747,-0.431897,-0.284771,-0.224108,-0.733996,0.108029,0.442743,-0.0627092,-0.581928,-1.01123,0.418736,-0.323881,-0.474643,-1.05444,-0.63183,-0.41665,0.243103,-0.484478,0.699189,1.80927,1.18605,0.868431,0.613051,-0.386017,2.34569,-0.923664,-0.0756007,-0.461575,1.58766,0.0442946,-0.25976,0.417669,1.98088,-0.273418,0.822935,-0.151474,0.16294,1.49242,-2.07258,-0.769767,-1.2477,-0.16286,-0.977014,0.579682,0.575049,1.09353,0.516817,-0.982918,-0.145943,1.16817,-1.48151,1.76944,0.866893,-0.289439,0.0258955,-0.726186,-0.434187,0.0708489,0.192091,-0.144143,-0.637163,-1.55473,-0.345666,1.3692,-0.705869,-2.4119,0.30463,-0.551278,2.27396,0.869748,-0.875051,1.02882,-0.563365,1.32238,0.0882958,-0.371771,-0.535635,-0.860127,-0.614463,1.57343,0.498367,-0.65401,-0.349373,-1.22314,0.327366,-547.184,-508.299,2761.5,815.011,520.894,-1882.04,-2005.36,-819.359,713.376,4167.89,684.524,-60.5022,-3825.74,-379.508,89.5438,-786.665,-2764.26,-1893.05,-1138.15,1330.48,3721.9,-4549.31,2287.66,267.703,-2638.59,-2872.07,3581.78,-691.08,1559.76,-2665.15,-3407.54,531.827,2745.55,-223.138,-3512.96,4957.76,-1430.38,-3610.6,1490.59,-2808.39,2647.86,134.514,1058.66,-2025.01,485.435,3088.29,-408.039,1755.96,-843.537,223.64,-979.537,157.066,-382.401,-1592.82,146.539,630.355,1663.4,390.568,-1767.98,-422.267,-1066.21,3073.98,426.967,1910.6,-1257.09,-400.344,-1141.72,499.265,-2604.22,-1076.11,-4120.46,-2216.12,-5824.17,-626.233,4606.2,242.817,3643.23,1542.24,2193.71,656.864,865.569,271.498,-601.193,3442.11,1343.81,-669.027,-589.169,-124.323,-568.395,1995.34,2199.27,3168.19,1360.03,-1589.59,215.181,-2315.43,-552.459,2949.46,968.289,-1405.52
-250354,0,1,0,1,1,250414,-0.384764,0.00591807,1.98251,0.65987,0.194549,-1.62464,-1.32884,-0.638008,0.776036,1.76188,-0.149657,0.116447,-1.54277,-0.0636614,0.2482,-1.00728,-1.59481,-1.01706,-0.127135,0.559175,1.40119,-1.61276,1.8305,-0.0898098,-1.26576,-1.76124,1.23195,-0.269686,1.22789,-1.59845,-1.56077,0.458786,1.996,-0.185011,-1.75004,1.38731,-0.797919,-1.56933,0.936032,-1.67351,1.35279,0.444837,1.42627,-1.3104,-0.0724454,0.89088,-0.393547,0.886616,0.0264761,-0.478673,-1.03596,0.226382,0.0675763,-1.26799,0.156639,-0.0321617,0.998724,0.212245,-0.63784,-0.775643,-0.788799,1.94885,1.21166,0.828242,-0.92643,-0.62419,-1.08532,0.0134659,-0.922084,-1.04397,-1.82062,-0.720654,-1.94471,-0.376988,1.76676,-0.594025,1.17955,0.313105,1.16384,0.0323358,0.112372,0.276904,0.173359,1.84303,0.871915,-1.30925,-0.819472,-0.271119,0.144731,1.18899,1.07535,1.68402,1.67163,-0.91779,-0.253471,-1.68299,-0.374937,1.42931,0.855572,-1.19532,-1.22733,1.00866,0.102557,-1.26587,0.155469,-0.720828,1.17392,-0.366458,1.0231,0.527147,1.35417,-2.47322,1.25573,-0.715677,1.60128,0.602821,1.63782,-1.1729,0.139544,0.380962,-0.398072,0.957349,0.923363,0.0331727,-0.357416,2.1763,2.10058,0.148801,-1.18311,-1.19978,-1.04324,-0.810541,-0.462904,1.65146,-2.03889,-1.22008,0.239541,0.373341,-1.16525,-0.472758,-0.147098,0.904998,0.82144,0.891696,-2.56785,-0.126426,1.08761,-0.844491,0.582454,1.48061,1.19779,-0.815792,0.370895,-0.664907,-1.70206,-0.864726,-0.497329,0.137724,1.52401,-0.421486,0.164016,-0.767403,-0.434362,-0.466683,0.759041,-0.781352,0.0457187,-1.11676,1.34948,0.480151,-0.991611,-0.512557,-0.669238,-0.498418,-0.615017,-0.0366551,-0.139743,1.63553,1.48389,-1.27706,0.153582,-2.18808,0.0586493,-1.21125,1.48746,0.906346,0.317354,2.87945,0.867751,-0.385796,-0.0449847,0.202788,0.706348,0.627383,-0.9026,1.02666,-2.50718,-0.513543,-1.6909,1.21872,-547.184,-508.299,2761.5,815.011,520.894,-1882.04,-2005.36,-819.359,713.376,4167.89,684.524,-60.5022,-3825.74,-379.508,89.5438,-786.665,-2764.26,-1893.05,-1138.15,1330.48,3721.9,-4549.31,2287.66,267.703,-2638.59,-2872.07,3581.78,-691.08,1559.76,-2665.15,-3407.54,531.827,2745.55,-223.138,-3512.96,4957.76,-1430.38,-3610.6,1490.59,-2808.39,2647.86,134.514,1058.66,-2025.01,485.435,3088.29,-408.039,1755.96,-843.537,223.64,-979.537,157.066,-382.401,-1592.82,146.539,630.355,1663.4,390.568,-1767.98,-422.267,-1066.21,3073.98,426.967,1910.6,-1257.09,-400.344,-1141.72,499.265,-2604.22,-1076.11,-4120.46,-2216.12,-5824.17,-626.233,4606.2,242.817,3643.23,1542.24,2193.71,656.864,865.569,271.498,-601.193,3442.11,1343.81,-669.027,-589.169,-124.323,-568.395,1995.34,2199.27,3168.19,1360.03,-1589.59,215.181,-2315.43,-552.459,2949.46,968.289,-1405.52
-250354,0,1,0,1,1,250398,-0.384764,0.00591807,1.98251,0.65987,0.194549,-1.62464,-1.32884,-0.638008,0.776036,1.76188,-0.149657,0.116447,-1.54277,-0.0636614,0.2482,-1.00728,-1.59481,-1.01706,-0.127135,0.559175,1.40119,-1.61276,1.8305,-0.0898098,-1.26576,-1.76124,1.23195,-0.269686,1.22789,-1.59845,-1.56077,0.458786,1.996,-0.185011,-1.75004,1.38731,-0.797919,-1.56933,0.936032,-1.67351,1.35279,0.444837,1.42627,-1.3104,-0.0724454,0.89088,-0.393547,0.886616,0.0264761,-0.478673,-1.03596,0.226382,0.0675763,-1.26799,0.156639,-0.0321617,0.998724,0.212245,-0.63784,-0.775643,-0.788799,1.94885,1.21166,0.828242,-0.92643,-0.62419,-1.08532,0.0134659,-0.922084,-1.04397,-1.82062,-0.720654,-1.94471,-0.376988,1.76676,-0.594025,1.17955,0.313105,1.16384,0.0323358,0.112372,0.276904,0.173359,1.84303,0.871915,-1.30925,-0.819472,-0.271119,0.144731,1.18899,1.07535,1.68402,1.67163,-0.91779,-0.253471,-1.68299,-0.374937,1.42931,0.855572,-1.19532,0.830023,-0.823518,1.36857,-0.498626,0.299407,2.037,-0.635396,-0.181028,-0.121003,-1.88219,0.603718,0.511547,0.696739,-0.745222,-2.63378,0.859411,1.45951,-1.15455,0.222975,-0.907527,0.432296,0.352362,-0.424875,1.31846,0.247101,1.14701,-0.159672,-0.0900619,-3.01666,-1.95759,0.211075,1.61556,0.528902,-0.417207,0.253608,-0.156436,-1.37201,-0.599596,0.180463,-0.806457,-1.26613,1.28323,-0.684647,0.753164,-1.02122,-0.52304,0.623899,0.340145,-0.17076,0.377247,0.289343,-0.372985,-0.844267,1.25222,0.714833,0.154921,0.466555,-0.169786,1.15904,0.336658,0.60582,-1.43241,-0.343919,0.513368,-0.234182,-1.42799,0.390639,-0.761823,-0.253968,-0.332855,1.17734,-0.332579,0.15019,0.210962,0.0346663,0.411925,-0.490899,-1.39295,0.365832,0.11826,1.10309,-0.612119,-0.96955,1.22667,0.04389,-0.0536091,1.141,0.549961,1.64145,1.39201,-0.777573,0.839385,1.52953,0.728549,1.21207,-0.351049,-0.937889,-1.28655,0.151379,-0.401641,-547.184,-508.299,2761.5,815.011,520.894,-1882.04,-2005.36,-819.359,713.376,4167.89,684.524,-60.5022,-3825.74,-379.508,89.5438,-786.665,-2764.26,-1893.05,-1138.15,1330.48,3721.9,-4549.31,2287.66,267.703,-2638.59,-2872.07,3581.78,-691.08,1559.76,-2665.15,-3407.54,531.827,2745.55,-223.138,-3512.96,4957.76,-1430.38,-3610.6,1490.59,-2808.39,2647.86,134.514,1058.66,-2025.01,485.435,3088.29,-408.039,1755.96,-843.537,223.64,-979.537,157.066,-382.401,-1592.82,146.539,630.355,1663.4,390.568,-1767.98,-422.267,-1066.21,3073.98,426.967,1910.6,-1257.09,-400.344,-1141.72,499.265,-2604.22,-1076.11,-4120.46,-2216.12,-5824.17,-626.233,4606.2,242.817,3643.23,1542.24,2193.71,656.864,865.569,271.498,-601.193,3442.11,1343.81,-669.027,-589.169,-124.323,-568.395,1995.34,2199.27,3168.19,1360.03,-1589.59,215.181,-2315.43,-552.459,2949.46,968.289,-1405.52
-250354,0,1,0,1,1,250404,-0.384764,0.00591807,1.98251,0.65987,0.194549,-1.62464,-1.32884,-0.638008,0.776036,1.76188,-0.149657,0.116447,-1.54277,-0.0636614,0.2482,-1.00728,-1.59481,-1.01706,-0.127135,0.559175,1.40119,-1.61276,1.8305,-0.0898098,-1.26576,-1.76124,1.23195,-0.269686,1.22789,-1.59845,-1.56077,0.458786,1.996,-0.185011,-1.75004,1.38731,-0.797919,-1.56933,0.936032,-1.67351,1.35279,0.444837,1.42627,-1.3104,-0.0724454,0.89088,-0.393547,0.886616,0.0264761,-0.478673,-1.03596,0.226382,0.0675763,-1.26799,0.156639,-0.0321617,0.998724,0.212245,-0.63784,-0.775643,-0.788799,1.94885,1.21166,0.828242,-0.92643,-0.62419,-1.08532,0.0134659,-0.922084,-1.04397,-1.82062,-0.720654,-1.94471,-0.376988,1.76676,-0.594025,1.17955,0.313105,1.16384,0.0323358,0.112372,0.276904,0.173359,1.84303,0.871915,-1.30925,-0.819472,-0.271119,0.144731,1.18899,1.07535,1.68402,1.67163,-0.91779,-0.253471,-1.68299,-0.374937,1.42931,0.855572,-1.19532,1.3436,-0.189151,0.564464,-0.407409,-0.266439,2.02373,0.310483,0.315555,-0.269835,-1.47899,-1.73911,1.20118,-1.62543,0.936749,-2.5088,-1.28439,1.16004,-0.890663,0.428786,1.16197,0.0793509,-0.895848,0.211585,0.351332,2.26951,-0.144019,0.53272,-0.185719,0.0493924,1.77713,0.248482,2.10631,-0.681882,-0.009099,2.11348,-0.439555,1.52141,-0.675569,0.644745,1.20931,-1.40779,-1.44181,0.886365,0.639591,0.425257,0.700814,-1.50663,0.334456,0.4107,0.317814,-0.41581,0.498004,-0.213074,-0.169758,0.0384546,1.08337,-1.28631,-1.91802,0.458347,-0.144243,0.0213075,0.912581,-0.146789,0.71185,0.680221,2.00747,0.0890759,1.25829,-0.751984,0.556431,-1.89869,1.82037,0.609026,-0.99847,-0.163718,0.081143,-0.524184,-0.778051,0.79537,-1.12179,-0.83015,0.275117,-0.432555,-0.890344,-0.382483,0.178938,0.873255,-0.289474,0.656666,-0.424831,0.158918,-0.842623,-0.476906,0.072972,1.22912,1.32841,-0.131536,0.892477,1.5482,-0.591529,-547.184,-508.299,2761.5,815.011,520.894,-1882.04,-2005.36,-819.359,713.376,4167.89,684.524,-60.5022,-3825.74,-379.508,89.5438,-786.665,-2764.26,-1893.05,-1138.15,1330.48,3721.9,-4549.31,2287.66,267.703,-2638.59,-2872.07,3581.78,-691.08,1559.76,-2665.15,-3407.54,531.827,2745.55,-223.138,-3512.96,4957.76,-1430.38,-3610.6,1490.59,-2808.39,2647.86,134.514,1058.66,-2025.01,485.435,3088.29,-408.039,1755.96,-843.537,223.64,-979.537,157.066,-382.401,-1592.82,146.539,630.355,1663.4,390.568,-1767.98,-422.267,-1066.21,3073.98,426.967,1910.6,-1257.09,-400.344,-1141.72,499.265,-2604.22,-1076.11,-4120.46,-2216.12,-5824.17,-626.233,4606.2,242.817,3643.23,1542.24,2193.71,656.864,865.569,271.498,-601.193,3442.11,1343.81,-669.027,-589.169,-124.323,-568.395,1995.34,2199.27,3168.19,1360.03,-1589.59,215.181,-2315.43,-552.459,2949.46,968.289,-1405.52
-250354,0,1,0,1,1,250408,-0.384764,0.00591807,1.98251,0.65987,0.194549,-1.62464,-1.32884,-0.638008,0.776036,1.76188,-0.149657,0.116447,-1.54277,-0.0636614,0.2482,-1.00728,-1.59481,-1.01706,-0.127135,0.559175,1.40119,-1.61276,1.8305,-0.0898098,-1.26576,-1.76124,1.23195,-0.269686,1.22789,-1.59845,-1.56077,0.458786,1.996,-0.185011,-1.75004,1.38731,-0.797919,-1.56933,0.936032,-1.67351,1.35279,0.444837,1.42627,-1.3104,-0.0724454,0.89088,-0.393547,0.886616,0.0264761,-0.478673,-1.03596,0.226382,0.0675763,-1.26799,0.156639,-0.0321617,0.998724,0.212245,-0.63784,-0.775643,-0.788799,1.94885,1.21166,0.828242,-0.92643,-0.62419,-1.08532,0.0134659,-0.922084,-1.04397,-1.82062,-0.720654,-1.94471,-0.376988,1.76676,-0.594025,1.17955,0.313105,1.16384,0.0323358,0.112372,0.276904,0.173359,1.84303,0.871915,-1.30925,-0.819472,-0.271119,0.144731,1.18899,1.07535,1.68402,1.67163,-0.91779,-0.253471,-1.68299,-0.374937,1.42931,0.855572,-1.19532,-1.23456,-2.12133,-1.09336,-1.00933,-1.52165,0.216315,0.410048,1.08252,0.0973241,0.48045,0.562467,0.830223,0.40501,-0.545909,-0.141537,-0.122869,0.270315,-0.335722,-0.197091,0.404648,-1.23698,0.665042,-0.0662127,-1.02317,-1.60493,-1.625,-0.796906,-0.0400646,0.93235,0.493177,-0.0257061,-1.59168,2.35464,-1.82783,-0.337869,-0.417466,0.343138,0.483617,-0.701866,0.0605994,0.870282,-1.12606,0.172346,0.901989,-0.050796,1.0326,-0.625055,0.87031,0.821483,0.53744,-0.0557369,-3.20617,0.405852,2.00886,1.46798,1.32336,1.81839,-0.636388,-0.270753,-0.955557,0.587016,-1.55706,-0.216056,0.0346716,-1.70928,1.54568,0.723402,-1.73114,-1.15704,-1.24761,-0.323716,-0.736546,-1.11268,-2.16051,-0.908982,0.469532,0.0709409,-0.671781,-0.352632,-0.226177,-1.41645,-1.3885,-1.5556,1.58571,0.0595106,-0.0743908,-0.0132527,-0.742683,0.350607,-0.233851,-2.63088,0.988352,0.85752,-0.0893542,-0.333549,0.301154,0.74951,-0.607468,-0.624031,-0.349918,-547.184,-508.299,2761.5,815.011,520.894,-1882.04,-2005.36,-819.359,713.376,4167.89,684.524,-60.5022,-3825.74,-379.508,89.5438,-786.665,-2764.26,-1893.05,-1138.15,1330.48,3721.9,-4549.31,2287.66,267.703,-2638.59,-2872.07,3581.78,-691.08,1559.76,-2665.15,-3407.54,531.827,2745.55,-223.138,-3512.96,4957.76,-1430.38,-3610.6,1490.59,-2808.39,2647.86,134.514,1058.66,-2025.01,485.435,3088.29,-408.039,1755.96,-843.537,223.64,-979.537,157.066,-382.401,-1592.82,146.539,630.355,1663.4,390.568,-1767.98,-422.267,-1066.21,3073.98,426.967,1910.6,-1257.09,-400.344,-1141.72,499.265,-2604.22,-1076.11,-4120.46,-2216.12,-5824.17,-626.233,4606.2,242.817,3643.23,1542.24,2193.71,656.864,865.569,271.498,-601.193,3442.11,1343.81,-669.027,-589.169,-124.323,-568.395,1995.34,2199.27,3168.19,1360.03,-1589.59,215.181,-2315.43,-552.459,2949.46,968.289,-1405.52
-250354,0,1,0,1,1,250414,-0.384764,0.00591807,1.98251,0.65987,0.194549,-1.62464,-1.32884,-0.638008,0.776036,1.76188,-0.149657,0.116447,-1.54277,-0.0636614,0.2482,-1.00728,-1.59481,-1.01706,-0.127135,0.559175,1.40119,-1.61276,1.8305,-0.0898098,-1.26576,-1.76124,1.23195,-0.269686,1.22789,-1.59845,-1.56077,0.458786,1.996,-0.185011,-1.75004,1.38731,-0.797919,-1.56933,0.936032,-1.67351,1.35279,0.444837,1.42627,-1.3104,-0.0724454,0.89088,-0.393547,0.886616,0.0264761,-0.478673,-1.03596,0.226382,0.0675763,-1.26799,0.156639,-0.0321617,0.998724,0.212245,-0.63784,-0.775643,-0.788799,1.94885,1.21166,0.828242,-0.92643,-0.62419,-1.08532,0.0134659,-0.922084,-1.04397,-1.82062,-0.720654,-1.94471,-0.376988,1.76676,-0.594025,1.17955,0.313105,1.16384,0.0323358,0.112372,0.276904,0.173359,1.84303,0.871915,-1.30925,-0.819472,-0.271119,0.144731,1.18899,1.07535,1.68402,1.67163,-0.91779,-0.253471,-1.68299,-0.374937,1.42931,0.855572,-1.19532,0.105606,-0.0197908,-1.14821,0.0728524,-1.64638,0.467291,1.07906,-0.361711,0.0497016,-1.13134,0.534798,-1.93951,-0.233451,-0.570256,-0.360001,-0.283618,-0.359908,-0.323318,0.234907,1.28703,-0.265993,1.48411,0.48272,0.000909226,-0.247405,-0.738021,0.918097,-1.52081,1.43374,-0.478553,-0.880318,2.5206,-1.27875,0.85456,-1.55966,0.931712,-0.324358,-0.463677,0.61227,-0.925,0.706275,-0.34971,-1.11845,1.81949,2.17381,-0.131603,1.11049,-2.19631,-1.92114,1.07542,0.00799885,1.33188,0.705028,-1.21108,-1.09875,0.476495,1.70607,-1.47735,0.653507,-0.708472,1.53577,-0.399323,0.824695,-0.372433,-0.124471,-0.480049,-0.811301,0.40098,-1.21365,0.968192,-0.855307,1.41853,0.694584,1.26534,-0.0326566,1.80916,0.234239,0.834145,1.30507,0.856454,-3.08605,-0.356306,-3.68808,1.25642,-0.085415,0.455389,1.24291,-0.77243,0.0781862,-0.420131,0.502488,1.01945,0.523458,-1.41695,-1.16036,0.226073,-1.06309,0.13451,0.464046,-0.517638,-547.184,-508.299,2761.5,815.011,520.894,-1882.04,-2005.36,-819.359,713.376,4167.89,684.524,-60.5022,-3825.74,-379.508,89.5438,-786.665,-2764.26,-1893.05,-1138.15,1330.48,3721.9,-4549.31,2287.66,267.703,-2638.59,-2872.07,3581.78,-691.08,1559.76,-2665.15,-3407.54,531.827,2745.55,-223.138,-3512.96,4957.76,-1430.38,-3610.6,1490.59,-2808.39,2647.86,134.514,1058.66,-2025.01,485.435,3088.29,-408.039,1755.96,-843.537,223.64,-979.537,157.066,-382.401,-1592.82,146.539,630.355,1663.4,390.568,-1767.98,-422.267,-1066.21,3073.98,426.967,1910.6,-1257.09,-400.344,-1141.72,499.265,-2604.22,-1076.11,-4120.46,-2216.12,-5824.17,-626.233,4606.2,242.817,3643.23,1542.24,2193.71,656.864,865.569,271.498,-601.193,3442.11,1343.81,-669.027,-589.169,-124.323,-568.395,1995.34,2199.27,3168.19,1360.03,-1589.59,215.181,-2315.43,-552.459,2949.46,968.289,-1405.52
-250354,0,1,0,1,1,250405,-0.384764,0.00591807,1.98251,0.65987,0.194549,-1.62464,-1.32884,-0.638008,0.776036,1.76188,-0.149657,0.116447,-1.54277,-0.0636614,0.2482,-1.00728,-1.59481,-1.01706,-0.127135,0.559175,1.40119,-1.61276,1.8305,-0.0898098,-1.26576,-1.76124,1.23195,-0.269686,1.22789,-1.59845,-1.56077,0.458786,1.996,-0.185011,-1.75004,1.38731,-0.797919,-1.56933,0.936032,-1.67351,1.35279,0.444837,1.42627,-1.3104,-0.0724454,0.89088,-0.393547,0.886616,0.0264761,-0.478673,-1.03596,0.226382,0.0675763,-1.26799,0.156639,-0.0321617,0.998724,0.212245,-0.63784,-0.775643,-0.788799,1.94885,1.21166,0.828242,-0.92643,-0.62419,-1.08532,0.0134659,-0.922084,-1.04397,-1.82062,-0.720654,-1.94471,-0.376988,1.76676,-0.594025,1.17955,0.313105,1.16384,0.0323358,0.112372,0.276904,0.173359,1.84303,0.871915,-1.30925,-0.819472,-0.271119,0.144731,1.18899,1.07535,1.68402,1.67163,-0.91779,-0.253471,-1.68299,-0.374937,1.42931,0.855572,-1.19532,0.660366,-1.38682,-1.09708,0.089851,-0.529806,0.617618,-0.385721,-0.0944399,-0.586043,0.0307918,-0.0792388,-2.96038,0.764597,-0.466135,1.31927,0.430874,1.59285,-0.266336,-1.05996,-0.348641,-0.471729,-0.507911,1.97001,-0.162923,-0.683576,0.052201,0.120062,0.607151,-0.836689,-1.52532,0.121057,1.7659,-0.3653,-0.605724,-0.586394,0.452871,-0.977517,1.7472,-1.24942,-0.0791503,0.595698,-1.16585,-0.600374,-0.808688,-1.0521,-0.238268,0.478498,0.444893,0.664907,-0.851494,-0.990295,0.52333,-0.476884,0.491878,-0.920226,-0.0138973,0.499968,0.571807,-0.827987,-1.30056,-0.0826213,-0.550351,2.08161,-0.821224,-0.559093,0.34338,-0.690335,-0.462373,-0.386863,1.08955,0.188736,-1.70598,0.4421,-1.37485,0.170132,0.733374,-0.878777,-0.956487,1.37869,0.731897,-0.274659,1.15359,1.17412,1.94455,1.53063,-1.98148,-0.6207,0.084432,0.102962,-0.598302,0.562897,1.03595,-1.83118,1.57937,2.44415,1.55611,0.0991916,1.73588,-1.75727,0.673939,-547.184,-508.299,2761.5,815.011,520.894,-1882.04,-2005.36,-819.359,713.376,4167.89,684.524,-60.5022,-3825.74,-379.508,89.5438,-786.665,-2764.26,-1893.05,-1138.15,1330.48,3721.9,-4549.31,2287.66,267.703,-2638.59,-2872.07,3581.78,-691.08,1559.76,-2665.15,-3407.54,531.827,2745.55,-223.138,-3512.96,4957.76,-1430.38,-3610.6,1490.59,-2808.39,2647.86,134.514,1058.66,-2025.01,485.435,3088.29,-408.039,1755.96,-843.537,223.64,-979.537,157.066,-382.401,-1592.82,146.539,630.355,1663.4,390.568,-1767.98,-422.267,-1066.21,3073.98,426.967,1910.6,-1257.09,-400.344,-1141.72,499.265,-2604.22,-1076.11,-4120.46,-2216.12,-5824.17,-626.233,4606.2,242.817,3643.23,1542.24,2193.71,656.864,865.569,271.498,-601.193,3442.11,1343.81,-669.027,-589.169,-124.323,-568.395,1995.34,2199.27,3168.19,1360.03,-1589.59,215.181,-2315.43,-552.459,2949.46,968.289,-1405.52
-250354,0,1,0,1,1,250398,-0.384764,0.00591807,1.98251,0.65987,0.194549,-1.62464,-1.32884,-0.638008,0.776036,1.76188,-0.149657,0.116447,-1.54277,-0.0636614,0.2482,-1.00728,-1.59481,-1.01706,-0.127135,0.559175,1.40119,-1.61276,1.8305,-0.0898098,-1.26576,-1.76124,1.23195,-0.269686,1.22789,-1.59845,-1.56077,0.458786,1.996,-0.185011,-1.75004,1.38731,-0.797919,-1.56933,0.936032,-1.67351,1.35279,0.444837,1.42627,-1.3104,-0.0724454,0.89088,-0.393547,0.886616,0.0264761,-0.478673,-1.03596,0.226382,0.0675763,-1.26799,0.156639,-0.0321617,0.998724,0.212245,-0.63784,-0.775643,-0.788799,1.94885,1.21166,0.828242,-0.92643,-0.62419,-1.08532,0.0134659,-0.922084,-1.04397,-1.82062,-0.720654,-1.94471,-0.376988,1.76676,-0.594025,1.17955,0.313105,1.16384,0.0323358,0.112372,0.276904,0.173359,1.84303,0.871915,-1.30925,-0.819472,-0.271119,0.144731,1.18899,1.07535,1.68402,1.67163,-0.91779,-0.253471,-1.68299,-0.374937,1.42931,0.855572,-1.19532,0.551426,-0.669278,-1.0516,0.22904,0.0344851,0.12711,-0.0616766,-0.642376,1.06618,0.668894,-0.494916,2.70982,0.660252,0.740895,1.41454,1.13628,-0.509149,-0.459178,-0.61617,0.0110876,1.28453,-1.54254,-0.947336,1.02978,-0.121534,0.134326,-0.960222,0.0721955,-1.32321,2.21759,0.460517,-1.51831,-1.26122,-0.916409,-0.437305,-0.249319,-0.914689,-1.67106,-1.2661,-0.256561,-1.1652,-2.13425,0.835778,1.71138,0.0837894,0.837259,0.0369169,0.0631417,-1.66434,0.593025,-0.542503,0.841,0.573479,0.000387578,-0.210394,-0.303345,0.0409943,-0.57969,-0.525413,0.649078,0.496189,0.0542058,-0.623972,0.351794,0.873604,0.389292,-1.11398,-0.00202441,0.219794,0.0305072,-0.763054,-0.659825,-0.721685,-1.10306,1.99056,1.11414,0.784426,0.971443,-1.24008,0.842932,1.3977,0.112362,0.549314,-0.228652,-0.917674,0.488146,1.03431,-0.541025,-2.4292,1.33989,-1.25034,0.181886,1.18488,0.295324,-0.452131,0.389336,0.0119716,-0.712128,-0.794208,-0.634936,-547.184,-508.299,2761.5,815.011,520.894,-1882.04,-2005.36,-819.359,713.376,4167.89,684.524,-60.5022,-3825.74,-379.508,89.5438,-786.665,-2764.26,-1893.05,-1138.15,1330.48,3721.9,-4549.31,2287.66,267.703,-2638.59,-2872.07,3581.78,-691.08,1559.76,-2665.15,-3407.54,531.827,2745.55,-223.138,-3512.96,4957.76,-1430.38,-3610.6,1490.59,-2808.39,2647.86,134.514,1058.66,-2025.01,485.435,3088.29,-408.039,1755.96,-843.537,223.64,-979.537,157.066,-382.401,-1592.82,146.539,630.355,1663.4,390.568,-1767.98,-422.267,-1066.21,3073.98,426.967,1910.6,-1257.09,-400.344,-1141.72,499.265,-2604.22,-1076.11,-4120.46,-2216.12,-5824.17,-626.233,4606.2,242.817,3643.23,1542.24,2193.71,656.864,865.569,271.498,-601.193,3442.11,1343.81,-669.027,-589.169,-124.323,-568.395,1995.34,2199.27,3168.19,1360.03,-1589.59,215.181,-2315.43,-552.459,2949.46,968.289,-1405.52
-250354,0,1,0,1,1,250411,-0.384764,0.00591807,1.98251,0.65987,0.194549,-1.62464,-1.32884,-0.638008,0.776036,1.76188,-0.149657,0.116447,-1.54277,-0.0636614,0.2482,-1.00728,-1.59481,-1.01706,-0.127135,0.559175,1.40119,-1.61276,1.8305,-0.0898098,-1.26576,-1.76124,1.23195,-0.269686,1.22789,-1.59845,-1.56077,0.458786,1.996,-0.185011,-1.75004,1.38731,-0.797919,-1.56933,0.936032,-1.67351,1.35279,0.444837,1.42627,-1.3104,-0.0724454,0.89088,-0.393547,0.886616,0.0264761,-0.478673,-1.03596,0.226382,0.0675763,-1.26799,0.156639,-0.0321617,0.998724,0.212245,-0.63784,-0.775643,-0.788799,1.94885,1.21166,0.828242,-0.92643,-0.62419,-1.08532,0.0134659,-0.922084,-1.04397,-1.82062,-0.720654,-1.94471,-0.376988,1.76676,-0.594025,1.17955,0.313105,1.16384,0.0323358,0.112372,0.276904,0.173359,1.84303,0.871915,-1.30925,-0.819472,-0.271119,0.144731,1.18899,1.07535,1.68402,1.67163,-0.91779,-0.253471,-1.68299,-0.374937,1.42931,0.855572,-1.19532,-1.28259,1.44149,0.353578,1.09624,2.27219,0.357976,-1.37988,-0.419036,0.662068,0.898772,-0.0847601,-1.01673,1.77218,0.273546,-0.465914,0.4851,0.575792,-1.55516,-0.0532244,0.771086,-0.196424,-0.0650051,-1.4123,-0.155257,0.703877,-0.211844,0.0480484,0.209568,-0.682812,-1.97109,1.12249,0.419281,-1.69963,1.19982,0.828794,-0.993532,-0.494865,1.51367,-0.717283,2.17981,1.37627,1.66084,0.857378,-0.558759,0.926871,-0.375325,-0.702661,1.60925,-0.033815,0.651125,1.36295,0.203073,0.564471,0.114441,0.69964,-1.91475,0.0372905,1.59878,-2.45412,-0.938439,1.77739,0.0751796,-1.93539,-1.16789,0.693158,1.35855,-0.0492958,0.428893,0.49647,0.149727,-2.37945,-0.62527,0.999199,0.627804,-1.60972,-0.805482,-1.56229,1.5297,-0.0583395,0.123557,-1.46419,-1.02688,0.160011,-1.81283,-0.00209541,-1.56374,0.896297,0.470695,0.549062,-0.0160926,1.47816,0.961258,0.902838,0.532248,-0.988468,-0.706562,0.19897,-0.335158,-0.692671,-0.938318,-547.184,-508.299,2761.5,815.011,520.894,-1882.04,-2005.36,-819.359,713.376,4167.89,684.524,-60.5022,-3825.74,-379.508,89.5438,-786.665,-2764.26,-1893.05,-1138.15,1330.48,3721.9,-4549.31,2287.66,267.703,-2638.59,-2872.07,3581.78,-691.08,1559.76,-2665.15,-3407.54,531.827,2745.55,-223.138,-3512.96,4957.76,-1430.38,-3610.6,1490.59,-2808.39,2647.86,134.514,1058.66,-2025.01,485.435,3088.29,-408.039,1755.96,-843.537,223.64,-979.537,157.066,-382.401,-1592.82,146.539,630.355,1663.4,390.568,-1767.98,-422.267,-1066.21,3073.98,426.967,1910.6,-1257.09,-400.344,-1141.72,499.265,-2604.22,-1076.11,-4120.46,-2216.12,-5824.17,-626.233,4606.2,242.817,3643.23,1542.24,2193.71,656.864,865.569,271.498,-601.193,3442.11,1343.81,-669.027,-589.169,-124.323,-568.395,1995.34,2199.27,3168.19,1360.03,-1589.59,215.181,-2315.43,-552.459,2949.46,968.289,-1405.52
-250354,0,1,0,1,1,250405,-0.384764,0.00591807,1.98251,0.65987,0.194549,-1.62464,-1.32884,-0.638008,0.776036,1.76188,-0.149657,0.116447,-1.54277,-0.0636614,0.2482,-1.00728,-1.59481,-1.01706,-0.127135,0.559175,1.40119,-1.61276,1.8305,-0.0898098,-1.26576,-1.76124,1.23195,-0.269686,1.22789,-1.59845,-1.56077,0.458786,1.996,-0.185011,-1.75004,1.38731,-0.797919,-1.56933,0.936032,-1.67351,1.35279,0.444837,1.42627,-1.3104,-0.0724454,0.89088,-0.393547,0.886616,0.0264761,-0.478673,-1.03596,0.226382,0.0675763,-1.26799,0.156639,-0.0321617,0.998724,0.212245,-0.63784,-0.775643,-0.788799,1.94885,1.21166,0.828242,-0.92643,-0.62419,-1.08532,0.0134659,-0.922084,-1.04397,-1.82062,-0.720654,-1.94471,-0.376988,1.76676,-0.594025,1.17955,0.313105,1.16384,0.0323358,0.112372,0.276904,0.173359,1.84303,0.871915,-1.30925,-0.819472,-0.271119,0.144731,1.18899,1.07535,1.68402,1.67163,-0.91779,-0.253471,-1.68299,-0.374937,1.42931,0.855572,-1.19532,0.808506,-0.544064,-0.391285,-0.0706778,-0.54709,0.246711,0.385768,1.34933,0.83103,1.08205,-1.2512,-0.448615,1.07856,-0.622118,0.486338,0.944673,1.12232,-0.133513,1.38799,-0.363218,1.31173,-0.52091,-0.374062,1.1208,-0.412982,0.527957,0.267541,0.586862,0.511808,-1.03683,-0.833772,1.22954,-0.084738,2.11951,0.94001,-2.28967,0.168889,-0.104431,-0.642971,-0.210121,0.621607,-1.43629,0.467292,1.66077,-0.106393,0.714111,0.718197,0.108531,3.03387,-0.382784,1.04311,-1.31312,0.225922,0.567855,-0.738349,-0.0886136,0.147453,-0.922689,0.983275,-1.31192,1.82646,-1.05482,-1.85792,1.53468,0.840602,-0.64829,0.496831,0.313266,0.202673,1.5251,1.07589,0.79466,-1.08651,-0.0360345,-1.07047,-1.24584,0.698917,0.656916,-0.617324,-1.53922,-1.55295,-0.330239,-1.0357,-0.804027,0.836693,-0.473903,0.44084,-1.29953,-1.22201,1.29384,-0.886043,0.325159,-2.22646,-0.238938,-0.886834,-1.52916,1.46413,-0.193019,1.0521,0.653162,-547.184,-508.299,2761.5,815.011,520.894,-1882.04,-2005.36,-819.359,713.376,4167.89,684.524,-60.5022,-3825.74,-379.508,89.5438,-786.665,-2764.26,-1893.05,-1138.15,1330.48,3721.9,-4549.31,2287.66,267.703,-2638.59,-2872.07,3581.78,-691.08,1559.76,-2665.15,-3407.54,531.827,2745.55,-223.138,-3512.96,4957.76,-1430.38,-3610.6,1490.59,-2808.39,2647.86,134.514,1058.66,-2025.01,485.435,3088.29,-408.039,1755.96,-843.537,223.64,-979.537,157.066,-382.401,-1592.82,146.539,630.355,1663.4,390.568,-1767.98,-422.267,-1066.21,3073.98,426.967,1910.6,-1257.09,-400.344,-1141.72,499.265,-2604.22,-1076.11,-4120.46,-2216.12,-5824.17,-626.233,4606.2,242.817,3643.23,1542.24,2193.71,656.864,865.569,271.498,-601.193,3442.11,1343.81,-669.027,-589.169,-124.323,-568.395,1995.34,2199.27,3168.19,1360.03,-1589.59,215.181,-2315.43,-552.459,2949.46,968.289,-1405.52
-250354,0,1,0,1,1,250405,-0.384764,0.00591807,1.98251,0.65987,0.194549,-1.62464,-1.32884,-0.638008,0.776036,1.76188,-0.149657,0.116447,-1.54277,-0.0636614,0.2482,-1.00728,-1.59481,-1.01706,-0.127135,0.559175,1.40119,-1.61276,1.8305,-0.0898098,-1.26576,-1.76124,1.23195,-0.269686,1.22789,-1.59845,-1.56077,0.458786,1.996,-0.185011,-1.75004,1.38731,-0.797919,-1.56933,0.936032,-1.67351,1.35279,0.444837,1.42627,-1.3104,-0.0724454,0.89088,-0.393547,0.886616,0.0264761,-0.478673,-1.03596,0.226382,0.0675763,-1.26799,0.156639,-0.0321617,0.998724,0.212245,-0.63784,-0.775643,-0.788799,1.94885,1.21166,0.828242,-0.92643,-0.62419,-1.08532,0.0134659,-0.922084,-1.04397,-1.82062,-0.720654,-1.94471,-0.376988,1.76676,-0.594025,1.17955,0.313105,1.16384,0.0323358,0.112372,0.276904,0.173359,1.84303,0.871915,-1.30925,-0.819472,-0.271119,0.144731,1.18899,1.07535,1.68402,1.67163,-0.91779,-0.253471,-1.68299,-0.374937,1.42931,0.855572,-1.19532,-0.441181,-1.51595,1.69384,0.795931,0.656038,0.737107,1.57377,0.216548,1.30456,-0.00910268,0.322945,-0.274648,0.825049,1.91649,0.750817,-1.58779,0.415309,-0.92461,0.310643,1.96427,0.32221,1.65769,-0.536232,0.625149,0.229898,-0.585951,0.864123,-0.757949,0.579179,-1.8254,1.12816,-0.650524,0.973348,-2.05598,1.4951,1.24829,0.667631,-0.561382,0.859392,0.225148,-0.0254931,0.421953,0.0816564,-1.00033,-2.00927,-0.554164,0.848106,0.833161,-0.125854,0.523314,-1.29387,-0.352694,-0.229535,0.68164,-1.12054,-0.918528,0.677682,-0.277766,-1.42703,1.53056,0.0606442,0.252042,0.0791789,0.348309,-1.39749,1.0214,1.13853,-1.19835,0.519144,1.29889,-0.871645,-0.261648,0.113588,1.71726,2.91579,-1.21478,-0.238969,1.14274,0.130324,-1.27195,0.333064,1.28467,-0.207539,-0.364009,-0.118395,1.4412,-0.0492256,-0.776821,-0.838252,0.383371,-1.42297,-0.0961972,-1.22047,-0.560544,0.0684823,-0.412028,-0.458428,-2.45293,0.0854406,-0.835916,-547.184,-508.299,2761.5,815.011,520.894,-1882.04,-2005.36,-819.359,713.376,4167.89,684.524,-60.5022,-3825.74,-379.508,89.5438,-786.665,-2764.26,-1893.05,-1138.15,1330.48,3721.9,-4549.31,2287.66,267.703,-2638.59,-2872.07,3581.78,-691.08,1559.76,-2665.15,-3407.54,531.827,2745.55,-223.138,-3512.96,4957.76,-1430.38,-3610.6,1490.59,-2808.39,2647.86,134.514,1058.66,-2025.01,485.435,3088.29,-408.039,1755.96,-843.537,223.64,-979.537,157.066,-382.401,-1592.82,146.539,630.355,1663.4,390.568,-1767.98,-422.267,-1066.21,3073.98,426.967,1910.6,-1257.09,-400.344,-1141.72,499.265,-2604.22,-1076.11,-4120.46,-2216.12,-5824.17,-626.233,4606.2,242.817,3643.23,1542.24,2193.71,656.864,865.569,271.498,-601.193,3442.11,1343.81,-669.027,-589.169,-124.323,-568.395,1995.34,2199.27,3168.19,1360.03,-1589.59,215.181,-2315.43,-552.459,2949.46,968.289,-1405.52
-250354,0,1,0,1,1,250414,-0.384764,0.00591807,1.98251,0.65987,0.194549,-1.62464,-1.32884,-0.638008,0.776036,1.76188,-0.149657,0.116447,-1.54277,-0.0636614,0.2482,-1.00728,-1.59481,-1.01706,-0.127135,0.559175,1.40119,-1.61276,1.8305,-0.0898098,-1.26576,-1.76124,1.23195,-0.269686,1.22789,-1.59845,-1.56077,0.458786,1.996,-0.185011,-1.75004,1.38731,-0.797919,-1.56933,0.936032,-1.67351,1.35279,0.444837,1.42627,-1.3104,-0.0724454,0.89088,-0.393547,0.886616,0.0264761,-0.478673,-1.03596,0.226382,0.0675763,-1.26799,0.156639,-0.0321617,0.998724,0.212245,-0.63784,-0.775643,-0.788799,1.94885,1.21166,0.828242,-0.92643,-0.62419,-1.08532,0.0134659,-0.922084,-1.04397,-1.82062,-0.720654,-1.94471,-0.376988,1.76676,-0.594025,1.17955,0.313105,1.16384,0.0323358,0.112372,0.276904,0.173359,1.84303,0.871915,-1.30925,-0.819472,-0.271119,0.144731,1.18899,1.07535,1.68402,1.67163,-0.91779,-0.253471,-1.68299,-0.374937,1.42931,0.855572,-1.19532,0.99365,1.66334,-0.0271453,-0.0278818,-1.48987,-1.42171,1.25435,-1.5603,0.415238,-0.535013,0.745521,1.0407,0.648758,-0.23933,-0.454298,1.08663,1.26013,0.491755,0.183514,1.05586,-0.952242,0.716124,1.20089,0.45632,0.59237,-0.875913,-0.776642,0.928173,0.831081,0.048105,-0.262093,-0.774658,0.555706,2.09212,0.891287,1.01509,-2.60552,0.563935,-0.268418,2.44086,0.255962,0.886722,0.243111,1.38802,0.258954,1.13088,-0.220203,1.56796,0.630039,1.25953,-1.2597,-0.246722,1.69773,-1.37111,0.986343,0.0880246,0.194378,0.841586,-1.12863,-0.46453,0.791019,0.397886,-0.689223,-0.793095,-0.136655,-0.341779,2.32876,1.51671,0.70661,0.85231,-0.221545,-0.519194,0.364483,-1.59264,-0.26115,0.989344,-0.174266,-0.771377,-1.49991,-0.567191,-2.52769,-0.290929,-0.0134287,1.32324,-1.57352,-1.95757,1.49878,-0.253348,0.542735,-1.50061,-0.665084,-0.227903,0.120306,1.74709,0.157699,-1.3708,0.985423,0.486731,0.744661,-3.31656,-547.184,-508.299,2761.5,815.011,520.894,-1882.04,-2005.36,-819.359,713.376,4167.89,684.524,-60.5022,-3825.74,-379.508,89.5438,-786.665,-2764.26,-1893.05,-1138.15,1330.48,3721.9,-4549.31,2287.66,267.703,-2638.59,-2872.07,3581.78,-691.08,1559.76,-2665.15,-3407.54,531.827,2745.55,-223.138,-3512.96,4957.76,-1430.38,-3610.6,1490.59,-2808.39,2647.86,134.514,1058.66,-2025.01,485.435,3088.29,-408.039,1755.96,-843.537,223.64,-979.537,157.066,-382.401,-1592.82,146.539,630.355,1663.4,390.568,-1767.98,-422.267,-1066.21,3073.98,426.967,1910.6,-1257.09,-400.344,-1141.72,499.265,-2604.22,-1076.11,-4120.46,-2216.12,-5824.17,-626.233,4606.2,242.817,3643.23,1542.24,2193.71,656.864,865.569,271.498,-601.193,3442.11,1343.81,-669.027,-589.169,-124.323,-568.395,1995.34,2199.27,3168.19,1360.03,-1589.59,215.181,-2315.43,-552.459,2949.46,968.289,-1405.52
-250354,0,1,0,1,1,250398,-0.384764,0.00591807,1.98251,0.65987,0.194549,-1.62464,-1.32884,-0.638008,0.776036,1.76188,-0.149657,0.116447,-1.54277,-0.0636614,0.2482,-1.00728,-1.59481,-1.01706,-0.127135,0.559175,1.40119,-1.61276,1.8305,-0.0898098,-1.26576,-1.76124,1.23195,-0.269686,1.22789,-1.59845,-1.56077,0.458786,1.996,-0.185011,-1.75004,1.38731,-0.797919,-1.56933,0.936032,-1.67351,1.35279,0.444837,1.42627,-1.3104,-0.0724454,0.89088,-0.393547,0.886616,0.0264761,-0.478673,-1.03596,0.226382,0.0675763,-1.26799,0.156639,-0.0321617,0.998724,0.212245,-0.63784,-0.775643,-0.788799,1.94885,1.21166,0.828242,-0.92643,-0.62419,-1.08532,0.0134659,-0.922084,-1.04397,-1.82062,-0.720654,-1.94471,-0.376988,1.76676,-0.594025,1.17955,0.313105,1.16384,0.0323358,0.112372,0.276904,0.173359,1.84303,0.871915,-1.30925,-0.819472,-0.271119,0.144731,1.18899,1.07535,1.68402,1.67163,-0.91779,-0.253471,-1.68299,-0.374937,1.42931,0.855572,-1.19532,0.993544,0.310273,-0.980224,0.354664,-1.15659,0.159353,-0.746366,-1.23358,1.73511,-0.782276,0.508103,1.23491,-0.0408214,1.3938,0.686163,-0.102543,-1.02032,0.987444,-0.632142,-2.35983,-1.44345,0.898005,0.560351,1.52754,-0.411815,-1.1462,0.335031,-0.507317,-0.0443655,-1.30923,-0.834416,-1.50413,0.245528,0.533723,-1.83846,0.33119,1.3087,0.45008,1.76707,0.634358,0.128061,0.0129937,0.105736,0.265938,-0.023251,0.418297,0.420557,1.21611,-0.407493,-1.59127,-0.924399,0.077099,-1.54163,-0.299849,1.11698,-0.537037,-0.897166,0.607049,1.41642,0.135077,0.653642,-1.22391,-0.439788,-1.09134,1.00206,-0.210536,0.474071,0.903854,-2.35821,0.971074,0.62245,0.623508,-1.28722,1.55047,-1.28452,0.215586,0.149806,0.898402,-0.747839,-0.152656,0.832932,-0.371146,0.141618,0.114381,-2.07136,0.252347,-0.154418,0.633816,-0.756912,0.545613,0.413112,-0.896727,1.37371,-0.118832,-0.985269,-0.722988,-0.497105,1.27127,0.319337,-0.720744,-547.184,-508.299,2761.5,815.011,520.894,-1882.04,-2005.36,-819.359,713.376,4167.89,684.524,-60.5022,-3825.74,-379.508,89.5438,-786.665,-2764.26,-1893.05,-1138.15,1330.48,3721.9,-4549.31,2287.66,267.703,-2638.59,-2872.07,3581.78,-691.08,1559.76,-2665.15,-3407.54,531.827,2745.55,-223.138,-3512.96,4957.76,-1430.38,-3610.6,1490.59,-2808.39,2647.86,134.514,1058.66,-2025.01,485.435,3088.29,-408.039,1755.96,-843.537,223.64,-979.537,157.066,-382.401,-1592.82,146.539,630.355,1663.4,390.568,-1767.98,-422.267,-1066.21,3073.98,426.967,1910.6,-1257.09,-400.344,-1141.72,499.265,-2604.22,-1076.11,-4120.46,-2216.12,-5824.17,-626.233,4606.2,242.817,3643.23,1542.24,2193.71,656.864,865.569,271.498,-601.193,3442.11,1343.81,-669.027,-589.169,-124.323,-568.395,1995.34,2199.27,3168.19,1360.03,-1589.59,215.181,-2315.43,-552.459,2949.46,968.289,-1405.52
-250354,0,1,0,1,1,250407,-0.384764,0.00591807,1.98251,0.65987,0.194549,-1.62464,-1.32884,-0.638008,0.776036,1.76188,-0.149657,0.116447,-1.54277,-0.0636614,0.2482,-1.00728,-1.59481,-1.01706,-0.127135,0.559175,1.40119,-1.61276,1.8305,-0.0898098,-1.26576,-1.76124,1.23195,-0.269686,1.22789,-1.59845,-1.56077,0.458786,1.996,-0.185011,-1.75004,1.38731,-0.797919,-1.56933,0.936032,-1.67351,1.35279,0.444837,1.42627,-1.3104,-0.0724454,0.89088,-0.393547,0.886616,0.0264761,-0.478673,-1.03596,0.226382,0.0675763,-1.26799,0.156639,-0.0321617,0.998724,0.212245,-0.63784,-0.775643,-0.788799,1.94885,1.21166,0.828242,-0.92643,-0.62419,-1.08532,0.0134659,-0.922084,-1.04397,-1.82062,-0.720654,-1.94471,-0.376988,1.76676,-0.594025,1.17955,0.313105,1.16384,0.0323358,0.112372,0.276904,0.173359,1.84303,0.871915,-1.30925,-0.819472,-0.271119,0.144731,1.18899,1.07535,1.68402,1.67163,-0.91779,-0.253471,-1.68299,-0.374937,1.42931,0.855572,-1.19532,-1.4145,2.67031,-0.214918,-0.495241,0.875247,1.05291,0.517618,1.25601,0.510618,0.726844,-0.233899,-1.10516,-0.409454,-0.348179,-0.692901,-0.818009,0.503537,-2.14473,0.571762,-0.231493,-0.212031,-0.685637,0.605015,0.756963,0.0550928,0.670031,0.565853,1.66885,-1.59493,-0.41617,-1.52953,-0.638252,-0.31099,-0.289759,0.520085,1.10278,-1.55429,0.930792,0.380228,-1.54021,-0.352679,2.17822,-1.60801,0.849916,-0.211465,2.39392,1.32891,-0.715,-1.58637,0.173875,0.935776,-0.273943,-0.399831,-0.420709,1.54648,1.63747,0.276704,0.45943,-0.203046,-0.192033,-0.839866,-1.05865,1.87529,0.41913,-0.390438,0.191302,-0.389009,1.67618,-0.39918,0.0165748,-1.02269,-1.79404,-1.23667,-2.06249,1.48519,0.898965,0.955909,1.29932,0.078309,-0.21538,0.749576,0.0519106,0.719465,0.382906,-0.809293,0.00323936,0.571056,-0.618485,-0.973233,-0.216995,-2.08179,-0.787368,-1.48658,-0.423459,-1.31094,0.310172,-1.01987,-0.840655,-0.779108,0.337833,-547.184,-508.299,2761.5,815.011,520.894,-1882.04,-2005.36,-819.359,713.376,4167.89,684.524,-60.5022,-3825.74,-379.508,89.5438,-786.665,-2764.26,-1893.05,-1138.15,1330.48,3721.9,-4549.31,2287.66,267.703,-2638.59,-2872.07,3581.78,-691.08,1559.76,-2665.15,-3407.54,531.827,2745.55,-223.138,-3512.96,4957.76,-1430.38,-3610.6,1490.59,-2808.39,2647.86,134.514,1058.66,-2025.01,485.435,3088.29,-408.039,1755.96,-843.537,223.64,-979.537,157.066,-382.401,-1592.82,146.539,630.355,1663.4,390.568,-1767.98,-422.267,-1066.21,3073.98,426.967,1910.6,-1257.09,-400.344,-1141.72,499.265,-2604.22,-1076.11,-4120.46,-2216.12,-5824.17,-626.233,4606.2,242.817,3643.23,1542.24,2193.71,656.864,865.569,271.498,-601.193,3442.11,1343.81,-669.027,-589.169,-124.323,-568.395,1995.34,2199.27,3168.19,1360.03,-1589.59,215.181,-2315.43,-552.459,2949.46,968.289,-1405.52
-250354,0,1,0,1,1,250401,-0.384764,0.00591807,1.98251,0.65987,0.194549,-1.62464,-1.32884,-0.638008,0.776036,1.76188,-0.149657,0.116447,-1.54277,-0.0636614,0.2482,-1.00728,-1.59481,-1.01706,-0.127135,0.559175,1.40119,-1.61276,1.8305,-0.0898098,-1.26576,-1.76124,1.23195,-0.269686,1.22789,-1.59845,-1.56077,0.458786,1.996,-0.185011,-1.75004,1.38731,-0.797919,-1.56933,0.936032,-1.67351,1.35279,0.444837,1.42627,-1.3104,-0.0724454,0.89088,-0.393547,0.886616,0.0264761,-0.478673,-1.03596,0.226382,0.0675763,-1.26799,0.156639,-0.0321617,0.998724,0.212245,-0.63784,-0.775643,-0.788799,1.94885,1.21166,0.828242,-0.92643,-0.62419,-1.08532,0.0134659,-0.922084,-1.04397,-1.82062,-0.720654,-1.94471,-0.376988,1.76676,-0.594025,1.17955,0.313105,1.16384,0.0323358,0.112372,0.276904,0.173359,1.84303,0.871915,-1.30925,-0.819472,-0.271119,0.144731,1.18899,1.07535,1.68402,1.67163,-0.91779,-0.253471,-1.68299,-0.374937,1.42931,0.855572,-1.19532,-0.8658,-1.59245,-0.83729,-0.293381,0.89286,-0.454005,1.2756,0.161995,-0.410591,0.198164,0.861454,-1.14336,-0.386567,0.065963,-0.294481,0.569695,-0.135098,1.27023,-1.48296,-1.16793,-1.25572,-0.673508,-1.33165,1.22718,1.26511,-0.23118,0.287051,0.429449,-0.792345,-0.490249,-0.252646,-3.55326,-0.222182,-0.947891,-1.4849,1.13033,-0.0310289,-1.23706,-0.684918,0.654322,-1.46626,-0.030733,-1.25627,-0.165999,-0.0635444,-1.90588,-2.8693,-0.0912439,0.340974,0.599824,-1.2328,-0.233059,-0.578499,-0.0569927,-1.07357,0.349654,-0.0201118,0.958953,0.277395,-0.167477,-1.45504,-0.658115,1.56639,-1.08307,-0.215901,-0.00195258,-1.11736,-1.00481,0.268697,1.3437,-0.583952,-0.192953,0.900562,0.949687,0.0618066,0.712424,0.271207,0.753866,0.482065,0.940593,0.908544,0.0575947,-0.756365,0.518899,-0.535512,-0.727594,-0.0637142,-0.264778,0.10497,-0.505003,0.582597,-0.068324,1.06121,-2.09513,-0.847701,0.925006,-0.197603,-0.768285,0.6393,2.02242,-547.184,-508.299,2761.5,815.011,520.894,-1882.04,-2005.36,-819.359,713.376,4167.89,684.524,-60.5022,-3825.74,-379.508,89.5438,-786.665,-2764.26,-1893.05,-1138.15,1330.48,3721.9,-4549.31,2287.66,267.703,-2638.59,-2872.07,3581.78,-691.08,1559.76,-2665.15,-3407.54,531.827,2745.55,-223.138,-3512.96,4957.76,-1430.38,-3610.6,1490.59,-2808.39,2647.86,134.514,1058.66,-2025.01,485.435,3088.29,-408.039,1755.96,-843.537,223.64,-979.537,157.066,-382.401,-1592.82,146.539,630.355,1663.4,390.568,-1767.98,-422.267,-1066.21,3073.98,426.967,1910.6,-1257.09,-400.344,-1141.72,499.265,-2604.22,-1076.11,-4120.46,-2216.12,-5824.17,-626.233,4606.2,242.817,3643.23,1542.24,2193.71,656.864,865.569,271.498,-601.193,3442.11,1343.81,-669.027,-589.169,-124.323,-568.395,1995.34,2199.27,3168.19,1360.03,-1589.59,215.181,-2315.43,-552.459,2949.46,968.289,-1405.52
-250354,0,1,0,1,1,250403,-0.384764,0.00591807,1.98251,0.65987,0.194549,-1.62464,-1.32884,-0.638008,0.776036,1.76188,-0.149657,0.116447,-1.54277,-0.0636614,0.2482,-1.00728,-1.59481,-1.01706,-0.127135,0.559175,1.40119,-1.61276,1.8305,-0.0898098,-1.26576,-1.76124,1.23195,-0.269686,1.22789,-1.59845,-1.56077,0.458786,1.996,-0.185011,-1.75004,1.38731,-0.797919,-1.56933,0.936032,-1.67351,1.35279,0.444837,1.42627,-1.3104,-0.0724454,0.89088,-0.393547,0.886616,0.0264761,-0.478673,-1.03596,0.226382,0.0675763,-1.26799,0.156639,-0.0321617,0.998724,0.212245,-0.63784,-0.775643,-0.788799,1.94885,1.21166,0.828242,-0.92643,-0.62419,-1.08532,0.0134659,-0.922084,-1.04397,-1.82062,-0.720654,-1.94471,-0.376988,1.76676,-0.594025,1.17955,0.313105,1.16384,0.0323358,0.112372,0.276904,0.173359,1.84303,0.871915,-1.30925,-0.819472,-0.271119,0.144731,1.18899,1.07535,1.68402,1.67163,-0.91779,-0.253471,-1.68299,-0.374937,1.42931,0.855572,-1.19532,-0.144097,-0.685419,0.166568,-0.209452,-0.630915,-0.897609,-0.550461,-0.161801,2.10302,1.82269,-1.27484,0.112178,1.21613,0.150086,0.499244,0.408648,0.0668719,0.149878,-0.808424,0.681082,-0.449571,1.87967,-0.937466,-0.580207,-2.24056,0.15459,1.49805,0.791111,-0.667081,1.53609,1.52833,0.587152,1.06331,0.258291,0.103147,1.78421,-0.147424,-0.586771,0.0314955,-1.43363,-0.887228,0.0865087,1.05912,-1.64319,-0.260237,-1.73254,1.47021,-0.42235,1.27385,1.23,-0.94622,0.717231,-0.385998,1.74212,-0.534439,-0.0853721,-0.421987,0.244158,-0.541185,-2.27621,-0.344601,0.862314,0.50626,0.595512,0.914928,1.20254,0.314115,0.512938,1.9724,0.28526,0.806207,-0.862557,0.477973,-0.95479,1.15406,-0.697529,0.926422,-1.03946,0.558988,-0.290204,-0.625893,0.137013,-0.587429,0.812225,-0.110576,1.19136,2.42935,-1.28727,-0.938802,-0.870888,-1.77746,-0.818311,-0.341098,0.975531,-1.00664,0.835859,-0.340658,-0.200084,0.538809,-0.336456,-547.184,-508.299,2761.5,815.011,520.894,-1882.04,-2005.36,-819.359,713.376,4167.89,684.524,-60.5022,-3825.74,-379.508,89.5438,-786.665,-2764.26,-1893.05,-1138.15,1330.48,3721.9,-4549.31,2287.66,267.703,-2638.59,-2872.07,3581.78,-691.08,1559.76,-2665.15,-3407.54,531.827,2745.55,-223.138,-3512.96,4957.76,-1430.38,-3610.6,1490.59,-2808.39,2647.86,134.514,1058.66,-2025.01,485.435,3088.29,-408.039,1755.96,-843.537,223.64,-979.537,157.066,-382.401,-1592.82,146.539,630.355,1663.4,390.568,-1767.98,-422.267,-1066.21,3073.98,426.967,1910.6,-1257.09,-400.344,-1141.72,499.265,-2604.22,-1076.11,-4120.46,-2216.12,-5824.17,-626.233,4606.2,242.817,3643.23,1542.24,2193.71,656.864,865.569,271.498,-601.193,3442.11,1343.81,-669.027,-589.169,-124.323,-568.395,1995.34,2199.27,3168.19,1360.03,-1589.59,215.181,-2315.43,-552.459,2949.46,968.289,-1405.52
-250354,0,1,0,1,1,250404,-0.384764,0.00591807,1.98251,0.65987,0.194549,-1.62464,-1.32884,-0.638008,0.776036,1.76188,-0.149657,0.116447,-1.54277,-0.0636614,0.2482,-1.00728,-1.59481,-1.01706,-0.127135,0.559175,1.40119,-1.61276,1.8305,-0.0898098,-1.26576,-1.76124,1.23195,-0.269686,1.22789,-1.59845,-1.56077,0.458786,1.996,-0.185011,-1.75004,1.38731,-0.797919,-1.56933,0.936032,-1.67351,1.35279,0.444837,1.42627,-1.3104,-0.0724454,0.89088,-0.393547,0.886616,0.0264761,-0.478673,-1.03596,0.226382,0.0675763,-1.26799,0.156639,-0.0321617,0.998724,0.212245,-0.63784,-0.775643,-0.788799,1.94885,1.21166,0.828242,-0.92643,-0.62419,-1.08532,0.0134659,-0.922084,-1.04397,-1.82062,-0.720654,-1.94471,-0.376988,1.76676,-0.594025,1.17955,0.313105,1.16384,0.0323358,0.112372,0.276904,0.173359,1.84303,0.871915,-1.30925,-0.819472,-0.271119,0.144731,1.18899,1.07535,1.68402,1.67163,-0.91779,-0.253471,-1.68299,-0.374937,1.42931,0.855572,-1.19532,0.461702,-0.756256,0.866947,1.0338,-0.038106,1.10046,0.36076,1.22526,-1.32688,-0.474318,1.02871,-2.28922,-1.27394,0.177535,0.0451688,-0.269846,-0.790638,-0.0636921,0.0961338,0.499578,-0.70994,-1.48021,1.22166,0.934471,-0.989262,1.05263,-1.8536,0.564391,-1.40261,1.46332,-0.116315,0.649554,-1.17889,-1.96015,-0.560813,-0.924198,0.40628,0.472061,-1.0782,0.109317,0.0281907,0.126614,1.71295,-0.422944,-1.42875,-0.713743,1.63089,0.236686,1.09838,-0.642126,-0.0678341,1.05108,-0.507402,-0.561263,-1.18304,2.38452,-0.437484,0.642143,-1.05478,0.755702,0.628105,0.0691952,-0.163338,-1.05534,0.311854,-1.83647,1.08637,-2.04986,-0.610403,0.305992,-0.816994,0.982819,0.0717916,0.541254,1.12556,0.317305,-2.33978,0.84288,-1.52433,0.926572,-0.852749,1.13763,1.035,-0.484125,-0.362111,0.456874,-1.42083,-1.41871,-0.864758,-0.33546,-0.290421,-0.0684037,-0.746615,2.08394,-1.05814,-0.183144,0.311473,0.704982,0.116995,-0.383298,-547.184,-508.299,2761.5,815.011,520.894,-1882.04,-2005.36,-819.359,713.376,4167.89,684.524,-60.5022,-3825.74,-379.508,89.5438,-786.665,-2764.26,-1893.05,-1138.15,1330.48,3721.9,-4549.31,2287.66,267.703,-2638.59,-2872.07,3581.78,-691.08,1559.76,-2665.15,-3407.54,531.827,2745.55,-223.138,-3512.96,4957.76,-1430.38,-3610.6,1490.59,-2808.39,2647.86,134.514,1058.66,-2025.01,485.435,3088.29,-408.039,1755.96,-843.537,223.64,-979.537,157.066,-382.401,-1592.82,146.539,630.355,1663.4,390.568,-1767.98,-422.267,-1066.21,3073.98,426.967,1910.6,-1257.09,-400.344,-1141.72,499.265,-2604.22,-1076.11,-4120.46,-2216.12,-5824.17,-626.233,4606.2,242.817,3643.23,1542.24,2193.71,656.864,865.569,271.498,-601.193,3442.11,1343.81,-669.027,-589.169,-124.323,-568.395,1995.34,2199.27,3168.19,1360.03,-1589.59,215.181,-2315.43,-552.459,2949.46,968.289,-1405.52
-250354,0,1,0,1,1,250405,-0.384764,0.00591807,1.98251,0.65987,0.194549,-1.62464,-1.32884,-0.638008,0.776036,1.76188,-0.149657,0.116447,-1.54277,-0.0636614,0.2482,-1.00728,-1.59481,-1.01706,-0.127135,0.559175,1.40119,-1.61276,1.8305,-0.0898098,-1.26576,-1.76124,1.23195,-0.269686,1.22789,-1.59845,-1.56077,0.458786,1.996,-0.185011,-1.75004,1.38731,-0.797919,-1.56933,0.936032,-1.67351,1.35279,0.444837,1.42627,-1.3104,-0.0724454,0.89088,-0.393547,0.886616,0.0264761,-0.478673,-1.03596,0.226382,0.0675763,-1.26799,0.156639,-0.0321617,0.998724,0.212245,-0.63784,-0.775643,-0.788799,1.94885,1.21166,0.828242,-0.92643,-0.62419,-1.08532,0.0134659,-0.922084,-1.04397,-1.82062,-0.720654,-1.94471,-0.376988,1.76676,-0.594025,1.17955,0.313105,1.16384,0.0323358,0.112372,0.276904,0.173359,1.84303,0.871915,-1.30925,-0.819472,-0.271119,0.144731,1.18899,1.07535,1.68402,1.67163,-0.91779,-0.253471,-1.68299,-0.374937,1.42931,0.855572,-1.19532,-0.140212,-0.129225,1.80218,1.14681,-1.11033,2.09529,-0.514039,0.482867,0.650844,-1.08033,0.272798,-0.827064,-1.53022,0.534445,0.71989,-0.826802,0.499248,-1.43363,-0.62153,0.12934,-0.0844135,0.349316,-0.382581,-1.35084,2.85934,-0.871648,0.812052,0.28884,-0.479152,-1.06443,-0.143287,0.261488,0.0411705,-1.53398,0.681303,0.0646035,1.3563,-0.193021,0.175635,-0.338084,-0.440392,-1.18567,1.1829,1.9339,0.264887,1.67569,0.246812,0.714554,-0.263045,-0.411724,-1.47873,-2.01714,0.00602379,-0.274371,0.596702,1.62899,0.562357,0.893284,1.65808,-0.186723,-0.146981,0.834294,1.09765,-0.903601,0.57228,0.836119,-1.67887,0.636587,1.05123,-2.88027,-0.513948,1.14509,0.96613,2.5178,-0.602223,1.15039,-0.954485,0.237322,-1.57019,0.782117,-0.553735,0.0461103,-0.374878,0.738829,-0.075476,0.066678,-0.398588,0.326388,-0.163594,0.309953,1.42036,-0.146355,-1.19803,-0.634313,-1.96447,0.129705,-0.0926639,0.81922,-0.402905,0.120747,-547.184,-508.299,2761.5,815.011,520.894,-1882.04,-2005.36,-819.359,713.376,4167.89,684.524,-60.5022,-3825.74,-379.508,89.5438,-786.665,-2764.26,-1893.05,-1138.15,1330.48,3721.9,-4549.31,2287.66,267.703,-2638.59,-2872.07,3581.78,-691.08,1559.76,-2665.15,-3407.54,531.827,2745.55,-223.138,-3512.96,4957.76,-1430.38,-3610.6,1490.59,-2808.39,2647.86,134.514,1058.66,-2025.01,485.435,3088.29,-408.039,1755.96,-843.537,223.64,-979.537,157.066,-382.401,-1592.82,146.539,630.355,1663.4,390.568,-1767.98,-422.267,-1066.21,3073.98,426.967,1910.6,-1257.09,-400.344,-1141.72,499.265,-2604.22,-1076.11,-4120.46,-2216.12,-5824.17,-626.233,4606.2,242.817,3643.23,1542.24,2193.71,656.864,865.569,271.498,-601.193,3442.11,1343.81,-669.027,-589.169,-124.323,-568.395,1995.34,2199.27,3168.19,1360.03,-1589.59,215.181,-2315.43,-552.459,2949.46,968.289,-1405.52
-250354,0,1,0,1,1,250396,-0.384764,0.00591807,1.98251,0.65987,0.194549,-1.62464,-1.32884,-0.638008,0.776036,1.76188,-0.149657,0.116447,-1.54277,-0.0636614,0.2482,-1.00728,-1.59481,-1.01706,-0.127135,0.559175,1.40119,-1.61276,1.8305,-0.0898098,-1.26576,-1.76124,1.23195,-0.269686,1.22789,-1.59845,-1.56077,0.458786,1.996,-0.185011,-1.75004,1.38731,-0.797919,-1.56933,0.936032,-1.67351,1.35279,0.444837,1.42627,-1.3104,-0.0724454,0.89088,-0.393547,0.886616,0.0264761,-0.478673,-1.03596,0.226382,0.0675763,-1.26799,0.156639,-0.0321617,0.998724,0.212245,-0.63784,-0.775643,-0.788799,1.94885,1.21166,0.828242,-0.92643,-0.62419,-1.08532,0.0134659,-0.922084,-1.04397,-1.82062,-0.720654,-1.94471,-0.376988,1.76676,-0.594025,1.17955,0.313105,1.16384,0.0323358,0.112372,0.276904,0.173359,1.84303,0.871915,-1.30925,-0.819472,-0.271119,0.144731,1.18899,1.07535,1.68402,1.67163,-0.91779,-0.253471,-1.68299,-0.374937,1.42931,0.855572,-1.19532,0.444125,1.03225,-0.135243,0.186373,0.318158,-0.958269,1.23762,-1.26703,-2.47388,0.610985,-0.727019,-1.06287,-0.0116909,0.954653,-1.77596,0.328957,-0.246072,-1.0457,-1.74289,0.0372172,-1.70342,-1.12168,0.402431,-0.377877,0.188744,-0.268722,-0.310471,0.709722,0.539107,-1.70581,-0.114708,-0.690142,-1.27861,0.291363,-2.07795,-0.051041,-0.417264,-0.0955585,-0.500434,0.831166,1.35556,-0.708561,1.41139,0.305518,-0.156543,0.72575,-0.536834,1.74993,0.480971,-0.171912,-1.08173,0.792252,1.23825,0.431417,0.209191,-0.513477,-0.622816,0.775213,1.13686,2.67754,-0.376716,-1.07255,-0.10221,-0.791488,0.604017,0.0778824,-0.937854,-1.07805,0.312533,-0.770031,-0.518806,-1.0588,-0.451607,0.433395,-0.505119,-1.42811,1.10318,-0.367051,1.4353,-0.134187,1.30144,-0.178989,-0.474682,-0.332683,-0.268133,0.235809,-0.601228,-1.51138,0.329443,-0.490392,-0.50322,-0.375943,0.173515,-0.603433,-1.41437,0.750281,-0.0139502,-0.0889548,1.55855,-0.291701,-547.184,-508.299,2761.5,815.011,520.894,-1882.04,-2005.36,-819.359,713.376,4167.89,684.524,-60.5022,-3825.74,-379.508,89.5438,-786.665,-2764.26,-1893.05,-1138.15,1330.48,3721.9,-4549.31,2287.66,267.703,-2638.59,-2872.07,3581.78,-691.08,1559.76,-2665.15,-3407.54,531.827,2745.55,-223.138,-3512.96,4957.76,-1430.38,-3610.6,1490.59,-2808.39,2647.86,134.514,1058.66,-2025.01,485.435,3088.29,-408.039,1755.96,-843.537,223.64,-979.537,157.066,-382.401,-1592.82,146.539,630.355,1663.4,390.568,-1767.98,-422.267,-1066.21,3073.98,426.967,1910.6,-1257.09,-400.344,-1141.72,499.265,-2604.22,-1076.11,-4120.46,-2216.12,-5824.17,-626.233,4606.2,242.817,3643.23,1542.24,2193.71,656.864,865.569,271.498,-601.193,3442.11,1343.81,-669.027,-589.169,-124.323,-568.395,1995.34,2199.27,3168.19,1360.03,-1589.59,215.181,-2315.43,-552.459,2949.46,968.289,-1405.52
-250354,0,1,0,1,1,250409,-0.384764,0.00591807,1.98251,0.65987,0.194549,-1.62464,-1.32884,-0.638008,0.776036,1.76188,-0.149657,0.116447,-1.54277,-0.0636614,0.2482,-1.00728,-1.59481,-1.01706,-0.127135,0.559175,1.40119,-1.61276,1.8305,-0.0898098,-1.26576,-1.76124,1.23195,-0.269686,1.22789,-1.59845,-1.56077,0.458786,1.996,-0.185011,-1.75004,1.38731,-0.797919,-1.56933,0.936032,-1.67351,1.35279,0.444837,1.42627,-1.3104,-0.0724454,0.89088,-0.393547,0.886616,0.0264761,-0.478673,-1.03596,0.226382,0.0675763,-1.26799,0.156639,-0.0321617,0.998724,0.212245,-0.63784,-0.775643,-0.788799,1.94885,1.21166,0.828242,-0.92643,-0.62419,-1.08532,0.0134659,-0.922084,-1.04397,-1.82062,-0.720654,-1.94471,-0.376988,1.76676,-0.594025,1.17955,0.313105,1.16384,0.0323358,0.112372,0.276904,0.173359,1.84303,0.871915,-1.30925,-0.819472,-0.271119,0.144731,1.18899,1.07535,1.68402,1.67163,-0.91779,-0.253471,-1.68299,-0.374937,1.42931,0.855572,-1.19532,-0.366077,0.447069,-0.591086,0.144602,-2.75378,0.456149,0.76558,0.104572,0.680946,-2.24032,0.297405,-0.251874,-0.24453,-1.68421,-2.49555,0.0387276,-0.667978,2.47103,1.6505,2.09313,0.317222,1.33186,-0.104764,-0.158105,-0.278759,2.04457,-0.364486,1.05798,-0.106618,-1.69518,0.0387367,0.519251,0.495168,-0.990722,-0.0681009,0.437462,0.0183935,-0.786146,-0.905312,0.321161,-0.28989,0.668051,1.26033,-1.36446,-0.695515,0.218351,0.889707,0.644903,-0.313827,-0.359287,0.565946,0.371166,0.554331,-1.86882,0.0593047,-0.297268,-0.0169248,0.910855,0.531766,-0.175899,0.923318,1.01312,-0.641073,-1.04443,-0.593812,1.77972,0.606434,2.2167,-0.555779,1.52462,1.22071,-0.673701,1.18361,-0.899587,0.152692,-1.11998,1.73487,-0.491524,0.205597,1.22853,-0.266344,2.90658,-1.46956,-1.22114,-0.324664,-1.1449,0.312263,0.737783,0.87545,1.70439,0.176288,-0.684371,-0.63084,-0.363054,0.517417,0.760073,-0.714502,-0.828405,-0.930092,-1.1048,-547.184,-508.299,2761.5,815.011,520.894,-1882.04,-2005.36,-819.359,713.376,4167.89,684.524,-60.5022,-3825.74,-379.508,89.5438,-786.665,-2764.26,-1893.05,-1138.15,1330.48,3721.9,-4549.31,2287.66,267.703,-2638.59,-2872.07,3581.78,-691.08,1559.76,-2665.15,-3407.54,531.827,2745.55,-223.138,-3512.96,4957.76,-1430.38,-3610.6,1490.59,-2808.39,2647.86,134.514,1058.66,-2025.01,485.435,3088.29,-408.039,1755.96,-843.537,223.64,-979.537,157.066,-382.401,-1592.82,146.539,630.355,1663.4,390.568,-1767.98,-422.267,-1066.21,3073.98,426.967,1910.6,-1257.09,-400.344,-1141.72,499.265,-2604.22,-1076.11,-4120.46,-2216.12,-5824.17,-626.233,4606.2,242.817,3643.23,1542.24,2193.71,656.864,865.569,271.498,-601.193,3442.11,1343.81,-669.027,-589.169,-124.323,-568.395,1995.34,2199.27,3168.19,1360.03,-1589.59,215.181,-2315.43,-552.459,2949.46,968.289,-1405.52
-250354,0,1,0,1,1,250412,-0.384764,0.00591807,1.98251,0.65987,0.194549,-1.62464,-1.32884,-0.638008,0.776036,1.76188,-0.149657,0.116447,-1.54277,-0.0636614,0.2482,-1.00728,-1.59481,-1.01706,-0.127135,0.559175,1.40119,-1.61276,1.8305,-0.0898098,-1.26576,-1.76124,1.23195,-0.269686,1.22789,-1.59845,-1.56077,0.458786,1.996,-0.185011,-1.75004,1.38731,-0.797919,-1.56933,0.936032,-1.67351,1.35279,0.444837,1.42627,-1.3104,-0.0724454,0.89088,-0.393547,0.886616,0.0264761,-0.478673,-1.03596,0.226382,0.0675763,-1.26799,0.156639,-0.0321617,0.998724,0.212245,-0.63784,-0.775643,-0.788799,1.94885,1.21166,0.828242,-0.92643,-0.62419,-1.08532,0.0134659,-0.922084,-1.04397,-1.82062,-0.720654,-1.94471,-0.376988,1.76676,-0.594025,1.17955,0.313105,1.16384,0.0323358,0.112372,0.276904,0.173359,1.84303,0.871915,-1.30925,-0.819472,-0.271119,0.144731,1.18899,1.07535,1.68402,1.67163,-0.91779,-0.253471,-1.68299,-0.374937,1.42931,0.855572,-1.19532,0.257041,0.639586,0.0964607,0.969859,-0.162229,-0.699692,-0.900247,-0.012089,1.27392,0.614505,-2.18303,0.75451,0.56437,-0.457225,1.6938,-0.670362,-1.20385,2.5399,-0.901769,1.16004,-1.82997,0.0417196,-1.80358,-0.0509938,0.352825,0.415062,1.95378,2.07293,-1.07539,0.109774,-1.64191,1.46405,-0.533844,-0.045959,-2.69236,0.334461,-0.717351,-0.435412,0.687644,-0.192601,0.62022,1.24813,0.208213,0.734088,-0.402064,1.05601,-1.17,1.17465,1.70489,-0.262497,1.35606,0.917951,1.09069,-1.56047,1.33383,-0.858655,0.235372,0.676677,-2.47924,1.10025,-0.713339,0.549971,-0.183487,1.90301,0.344172,0.309683,-0.457079,-0.879521,0.337296,0.000551578,-0.571747,0.424662,-0.987023,0.275678,-1.89087,-0.495973,-0.104306,1.14415,-0.762797,-0.685771,-1.36097,-1.22233,-0.508914,0.584476,-0.172972,-1.9925,0.393437,1.04441,-1.15206,0.575398,1.12692,1.67614,0.217518,0.643924,2.4311,-0.810343,0.546442,0.373491,-0.271671,0.0903161,-547.184,-508.299,2761.5,815.011,520.894,-1882.04,-2005.36,-819.359,713.376,4167.89,684.524,-60.5022,-3825.74,-379.508,89.5438,-786.665,-2764.26,-1893.05,-1138.15,1330.48,3721.9,-4549.31,2287.66,267.703,-2638.59,-2872.07,3581.78,-691.08,1559.76,-2665.15,-3407.54,531.827,2745.55,-223.138,-3512.96,4957.76,-1430.38,-3610.6,1490.59,-2808.39,2647.86,134.514,1058.66,-2025.01,485.435,3088.29,-408.039,1755.96,-843.537,223.64,-979.537,157.066,-382.401,-1592.82,146.539,630.355,1663.4,390.568,-1767.98,-422.267,-1066.21,3073.98,426.967,1910.6,-1257.09,-400.344,-1141.72,499.265,-2604.22,-1076.11,-4120.46,-2216.12,-5824.17,-626.233,4606.2,242.817,3643.23,1542.24,2193.71,656.864,865.569,271.498,-601.193,3442.11,1343.81,-669.027,-589.169,-124.323,-568.395,1995.34,2199.27,3168.19,1360.03,-1589.59,215.181,-2315.43,-552.459,2949.46,968.289,-1405.52
-250354,0,1,0,1,1,250407,-0.384764,0.00591807,1.98251,0.65987,0.194549,-1.62464,-1.32884,-0.638008,0.776036,1.76188,-0.149657,0.116447,-1.54277,-0.0636614,0.2482,-1.00728,-1.59481,-1.01706,-0.127135,0.559175,1.40119,-1.61276,1.8305,-0.0898098,-1.26576,-1.76124,1.23195,-0.269686,1.22789,-1.59845,-1.56077,0.458786,1.996,-0.185011,-1.75004,1.38731,-0.797919,-1.56933,0.936032,-1.67351,1.35279,0.444837,1.42627,-1.3104,-0.0724454,0.89088,-0.393547,0.886616,0.0264761,-0.478673,-1.03596,0.226382,0.0675763,-1.26799,0.156639,-0.0321617,0.998724,0.212245,-0.63784,-0.775643,-0.788799,1.94885,1.21166,0.828242,-0.92643,-0.62419,-1.08532,0.0134659,-0.922084,-1.04397,-1.82062,-0.720654,-1.94471,-0.376988,1.76676,-0.594025,1.17955,0.313105,1.16384,0.0323358,0.112372,0.276904,0.173359,1.84303,0.871915,-1.30925,-0.819472,-0.271119,0.144731,1.18899,1.07535,1.68402,1.67163,-0.91779,-0.253471,-1.68299,-0.374937,1.42931,0.855572,-1.19532,0.675743,-0.380442,-0.0935324,-0.233187,0.264222,0.713936,1.08512,1.35908,1.22702,-0.233228,-0.801285,-1.93673,-1.86933,-0.71303,1.11713,-1.23615,1.0984,-2.55059,0.948175,-2.14577,1.59119,0.218729,0.0632979,1.47503,-0.149686,1.36456,-2.28335,1.92372,2.24487,-1.13564,-0.468791,0.489839,1.1424,0.502764,2.14767,-0.634223,-1.21622,-0.189424,-0.70501,-0.461531,0.690192,0.408202,1.70858,0.270353,0.416783,-1.31996,0.00163789,-0.610376,-1.0119,0.447194,-1.64915,0.212945,-1.40727,-0.826904,-0.321201,-0.807764,-0.330594,0.144835,-0.472107,0.0640824,-0.372878,1.2755,-0.220684,-0.319784,-0.281609,1.90994,0.553702,-0.116452,-0.229722,0.610921,0.754242,0.0848454,0.21502,-0.227249,-1.84266,-0.819224,-0.566376,-0.418436,-0.323353,-0.5008,-0.493503,0.714129,1.7045,0.842728,-1.6329,2.39412,1.60495,1.22134,-0.368543,0.306856,-0.833407,0.433488,-0.868443,-0.404239,-0.556024,0.0971991,0.512388,0.299725,0.126007,0.479479,-547.184,-508.299,2761.5,815.011,520.894,-1882.04,-2005.36,-819.359,713.376,4167.89,684.524,-60.5022,-3825.74,-379.508,89.5438,-786.665,-2764.26,-1893.05,-1138.15,1330.48,3721.9,-4549.31,2287.66,267.703,-2638.59,-2872.07,3581.78,-691.08,1559.76,-2665.15,-3407.54,531.827,2745.55,-223.138,-3512.96,4957.76,-1430.38,-3610.6,1490.59,-2808.39,2647.86,134.514,1058.66,-2025.01,485.435,3088.29,-408.039,1755.96,-843.537,223.64,-979.537,157.066,-382.401,-1592.82,146.539,630.355,1663.4,390.568,-1767.98,-422.267,-1066.21,3073.98,426.967,1910.6,-1257.09,-400.344,-1141.72,499.265,-2604.22,-1076.11,-4120.46,-2216.12,-5824.17,-626.233,4606.2,242.817,3643.23,1542.24,2193.71,656.864,865.569,271.498,-601.193,3442.11,1343.81,-669.027,-589.169,-124.323,-568.395,1995.34,2199.27,3168.19,1360.03,-1589.59,215.181,-2315.43,-552.459,2949.46,968.289,-1405.52
-250354,0,1,0,1,1,250400,-0.384764,0.00591807,1.98251,0.65987,0.194549,-1.62464,-1.32884,-0.638008,0.776036,1.76188,-0.149657,0.116447,-1.54277,-0.0636614,0.2482,-1.00728,-1.59481,-1.01706,-0.127135,0.559175,1.40119,-1.61276,1.8305,-0.0898098,-1.26576,-1.76124,1.23195,-0.269686,1.22789,-1.59845,-1.56077,0.458786,1.996,-0.185011,-1.75004,1.38731,-0.797919,-1.56933,0.936032,-1.67351,1.35279,0.444837,1.42627,-1.3104,-0.0724454,0.89088,-0.393547,0.886616,0.0264761,-0.478673,-1.03596,0.226382,0.0675763,-1.26799,0.156639,-0.0321617,0.998724,0.212245,-0.63784,-0.775643,-0.788799,1.94885,1.21166,0.828242,-0.92643,-0.62419,-1.08532,0.0134659,-0.922084,-1.04397,-1.82062,-0.720654,-1.94471,-0.376988,1.76676,-0.594025,1.17955,0.313105,1.16384,0.0323358,0.112372,0.276904,0.173359,1.84303,0.871915,-1.30925,-0.819472,-0.271119,0.144731,1.18899,1.07535,1.68402,1.67163,-0.91779,-0.253471,-1.68299,-0.374937,1.42931,0.855572,-1.19532,0.575834,-0.0316349,0.759857,-1.34991,-1.75093,0.103485,-0.185789,1.49153,-0.541443,0.709308,0.5475,1.42863,0.229389,-1.47592,-1.42168,0.726422,0.197771,1.77432,1.33871,0.830089,1.14442,-1.10369,-0.396235,-0.191996,0.371373,0.0576131,-0.417131,-0.00766195,-0.0293607,-2.1203,-0.49622,-0.231794,-0.63203,0.400984,0.592452,-0.542523,0.167164,0.578981,2.71627,-0.68971,0.706027,-1.35772,0.941996,-0.181332,-0.133418,0.14909,1.20034,-2.44541,-0.392032,-0.269402,-0.881909,-0.752717,-1.06272,0.0184296,0.0204897,1.04413,0.857682,0.655743,-0.0157787,1.37087,-1.38671,-0.690018,0.223911,-0.309629,-2.16477,0.699166,0.886224,-0.208753,-1.72404,0.683335,-0.0176124,-0.181884,1.5077,-0.435277,-0.780084,-1.18834,0.108265,1.09929,-0.721501,-1.1763,-0.0616978,-0.676209,-1.50641,0.984981,-0.0515376,-0.468994,1.30834,0.207375,0.404382,-0.712737,-0.114316,0.852908,0.931642,1.44736,-0.0455113,-0.502657,-0.621968,-1.12263,-0.0184409,1.76182,-547.184,-508.299,2761.5,815.011,520.894,-1882.04,-2005.36,-819.359,713.376,4167.89,684.524,-60.5022,-3825.74,-379.508,89.5438,-786.665,-2764.26,-1893.05,-1138.15,1330.48,3721.9,-4549.31,2287.66,267.703,-2638.59,-2872.07,3581.78,-691.08,1559.76,-2665.15,-3407.54,531.827,2745.55,-223.138,-3512.96,4957.76,-1430.38,-3610.6,1490.59,-2808.39,2647.86,134.514,1058.66,-2025.01,485.435,3088.29,-408.039,1755.96,-843.537,223.64,-979.537,157.066,-382.401,-1592.82,146.539,630.355,1663.4,390.568,-1767.98,-422.267,-1066.21,3073.98,426.967,1910.6,-1257.09,-400.344,-1141.72,499.265,-2604.22,-1076.11,-4120.46,-2216.12,-5824.17,-626.233,4606.2,242.817,3643.23,1542.24,2193.71,656.864,865.569,271.498,-601.193,3442.11,1343.81,-669.027,-589.169,-124.323,-568.395,1995.34,2199.27,3168.19,1360.03,-1589.59,215.181,-2315.43,-552.459,2949.46,968.289,-1405.52
-250354,0,1,0,1,1,250403,-0.384764,0.00591807,1.98251,0.65987,0.194549,-1.62464,-1.32884,-0.638008,0.776036,1.76188,-0.149657,0.116447,-1.54277,-0.0636614,0.2482,-1.00728,-1.59481,-1.01706,-0.127135,0.559175,1.40119,-1.61276,1.8305,-0.0898098,-1.26576,-1.76124,1.23195,-0.269686,1.22789,-1.59845,-1.56077,0.458786,1.996,-0.185011,-1.75004,1.38731,-0.797919,-1.56933,0.936032,-1.67351,1.35279,0.444837,1.42627,-1.3104,-0.0724454,0.89088,-0.393547,0.886616,0.0264761,-0.478673,-1.03596,0.226382,0.0675763,-1.26799,0.156639,-0.0321617,0.998724,0.212245,-0.63784,-0.775643,-0.788799,1.94885,1.21166,0.828242,-0.92643,-0.62419,-1.08532,0.0134659,-0.922084,-1.04397,-1.82062,-0.720654,-1.94471,-0.376988,1.76676,-0.594025,1.17955,0.313105,1.16384,0.0323358,0.112372,0.276904,0.173359,1.84303,0.871915,-1.30925,-0.819472,-0.271119,0.144731,1.18899,1.07535,1.68402,1.67163,-0.91779,-0.253471,-1.68299,-0.374937,1.42931,0.855572,-1.19532,-0.434619,-1.69507,-1.11591,0.0394279,0.315625,2.33689,-0.134554,1.38736,-0.478871,1.43623,-0.757952,0.459145,-0.600958,-0.12511,-1.75133,-2.04284,0.957051,0.539579,-0.273527,1.42081,-0.471115,0.13166,1.21232,-0.177008,-0.631196,0.159669,1.88196,0.704621,0.275883,-0.704345,0.203491,-0.013498,0.113968,0.421454,-0.451882,-0.742544,-0.0944712,-0.829874,-0.319075,-0.221691,0.04188,0.237792,-0.14188,-0.340585,0.620827,-1.14056,-0.885288,-0.197535,-0.358805,-1.65812,-0.596448,-1.16707,2.44272,-2.45005,-0.247548,-1.03994,-0.102952,1.06305,0.0285916,-0.777398,1.24144,0.520612,-0.101435,0.656111,-0.692229,-1.9073,-1.65547,1.5748,0.227831,1.04159,0.0601076,0.520176,-0.331571,-0.92244,0.0932317,-2.23095,0.703534,-0.504322,2.08795,0.290206,1.25807,2.05719,-0.240367,0.558535,0.763028,1.0507,0.633542,1.14659,-0.791493,-0.21016,-0.708463,-0.0237023,-1.00842,0.335759,0.30418,-0.884761,-1.11326,0.203381,-0.0266638,-1.88749,-547.184,-508.299,2761.5,815.011,520.894,-1882.04,-2005.36,-819.359,713.376,4167.89,684.524,-60.5022,-3825.74,-379.508,89.5438,-786.665,-2764.26,-1893.05,-1138.15,1330.48,3721.9,-4549.31,2287.66,267.703,-2638.59,-2872.07,3581.78,-691.08,1559.76,-2665.15,-3407.54,531.827,2745.55,-223.138,-3512.96,4957.76,-1430.38,-3610.6,1490.59,-2808.39,2647.86,134.514,1058.66,-2025.01,485.435,3088.29,-408.039,1755.96,-843.537,223.64,-979.537,157.066,-382.401,-1592.82,146.539,630.355,1663.4,390.568,-1767.98,-422.267,-1066.21,3073.98,426.967,1910.6,-1257.09,-400.344,-1141.72,499.265,-2604.22,-1076.11,-4120.46,-2216.12,-5824.17,-626.233,4606.2,242.817,3643.23,1542.24,2193.71,656.864,865.569,271.498,-601.193,3442.11,1343.81,-669.027,-589.169,-124.323,-568.395,1995.34,2199.27,3168.19,1360.03,-1589.59,215.181,-2315.43,-552.459,2949.46,968.289,-1405.52
-250354,0,1,0,1,1,250400,-0.384764,0.00591807,1.98251,0.65987,0.194549,-1.62464,-1.32884,-0.638008,0.776036,1.76188,-0.149657,0.116447,-1.54277,-0.0636614,0.2482,-1.00728,-1.59481,-1.01706,-0.127135,0.559175,1.40119,-1.61276,1.8305,-0.0898098,-1.26576,-1.76124,1.23195,-0.269686,1.22789,-1.59845,-1.56077,0.458786,1.996,-0.185011,-1.75004,1.38731,-0.797919,-1.56933,0.936032,-1.67351,1.35279,0.444837,1.42627,-1.3104,-0.0724454,0.89088,-0.393547,0.886616,0.0264761,-0.478673,-1.03596,0.226382,0.0675763,-1.26799,0.156639,-0.0321617,0.998724,0.212245,-0.63784,-0.775643,-0.788799,1.94885,1.21166,0.828242,-0.92643,-0.62419,-1.08532,0.0134659,-0.922084,-1.04397,-1.82062,-0.720654,-1.94471,-0.376988,1.76676,-0.594025,1.17955,0.313105,1.16384,0.0323358,0.112372,0.276904,0.173359,1.84303,0.871915,-1.30925,-0.819472,-0.271119,0.144731,1.18899,1.07535,1.68402,1.67163,-0.91779,-0.253471,-1.68299,-0.374937,1.42931,0.855572,-1.19532,0.67983,-0.477635,0.0467663,-0.372454,0.446592,1.31356,0.195674,-0.104272,-0.956545,0.600113,0.222494,-0.485829,-0.344938,0.857858,1.19786,0.961206,0.926734,0.599169,1.01806,0.180674,0.269428,-0.123542,-0.408703,0.172515,-0.75129,-2.19355,-0.147842,-0.594504,0.742212,0.970979,0.621006,-1.05538,1.33305,0.556005,0.992611,0.216567,-0.147819,1.44896,0.41729,-0.55397,-1.73168,1.57758,0.259872,1.62694,-0.558024,-0.878049,0.303576,0.0837429,0.487525,2.1327,0.303807,1.85721,-2.06634,0.468978,1.45741,1.57223,1.1271,2.66656,-0.169318,0.315487,1.24424,-0.0157789,0.0483765,-0.703668,-0.103097,-0.553658,0.122331,0.121331,-0.853019,-0.535791,1.63309,-1.21497,-0.476873,-0.106581,-0.565271,0.952596,0.695506,-1.25122,-0.0159677,-0.461714,1.03932,-0.166858,-0.037442,-1.18251,-0.376359,-0.627971,0.0717746,-0.552666,-0.972951,-1.06365,-0.800013,-1.53397,-0.0812179,2.52365,-0.14941,0.546357,1.03421,-1.06599,1.94503,0.0168207,-547.184,-508.299,2761.5,815.011,520.894,-1882.04,-2005.36,-819.359,713.376,4167.89,684.524,-60.5022,-3825.74,-379.508,89.5438,-786.665,-2764.26,-1893.05,-1138.15,1330.48,3721.9,-4549.31,2287.66,267.703,-2638.59,-2872.07,3581.78,-691.08,1559.76,-2665.15,-3407.54,531.827,2745.55,-223.138,-3512.96,4957.76,-1430.38,-3610.6,1490.59,-2808.39,2647.86,134.514,1058.66,-2025.01,485.435,3088.29,-408.039,1755.96,-843.537,223.64,-979.537,157.066,-382.401,-1592.82,146.539,630.355,1663.4,390.568,-1767.98,-422.267,-1066.21,3073.98,426.967,1910.6,-1257.09,-400.344,-1141.72,499.265,-2604.22,-1076.11,-4120.46,-2216.12,-5824.17,-626.233,4606.2,242.817,3643.23,1542.24,2193.71,656.864,865.569,271.498,-601.193,3442.11,1343.81,-669.027,-589.169,-124.323,-568.395,1995.34,2199.27,3168.19,1360.03,-1589.59,215.181,-2315.43,-552.459,2949.46,968.289,-1405.52
-250354,0,1,0,1,1,250407,-0.384764,0.00591807,1.98251,0.65987,0.194549,-1.62464,-1.32884,-0.638008,0.776036,1.76188,-0.149657,0.116447,-1.54277,-0.0636614,0.2482,-1.00728,-1.59481,-1.01706,-0.127135,0.559175,1.40119,-1.61276,1.8305,-0.0898098,-1.26576,-1.76124,1.23195,-0.269686,1.22789,-1.59845,-1.56077,0.458786,1.996,-0.185011,-1.75004,1.38731,-0.797919,-1.56933,0.936032,-1.67351,1.35279,0.444837,1.42627,-1.3104,-0.0724454,0.89088,-0.393547,0.886616,0.0264761,-0.478673,-1.03596,0.226382,0.0675763,-1.26799,0.156639,-0.0321617,0.998724,0.212245,-0.63784,-0.775643,-0.788799,1.94885,1.21166,0.828242,-0.92643,-0.62419,-1.08532,0.0134659,-0.922084,-1.04397,-1.82062,-0.720654,-1.94471,-0.376988,1.76676,-0.594025,1.17955,0.313105,1.16384,0.0323358,0.112372,0.276904,0.173359,1.84303,0.871915,-1.30925,-0.819472,-0.271119,0.144731,1.18899,1.07535,1.68402,1.67163,-0.91779,-0.253471,-1.68299,-0.374937,1.42931,0.855572,-1.19532,-0.611505,1.90164,-0.0362631,-1.81912,0.447839,-0.833779,2.68628,1.88526,-0.613369,0.496957,-0.463536,-0.141015,0.498856,1.07423,1.07688,1.31391,-0.394092,-1.87844,0.434434,0.279257,-1.04586,-0.404184,-1.04692,-1.33393,-0.388617,-2.10778,0.876626,1.11908,-0.109193,0.144652,-0.236633,-1.13406,0.528001,0.228809,-1.57498,-0.992596,1.21561,0.309982,-0.219285,-1.36242,-1.05175,0.409682,-0.135449,-0.138574,-2.00058,0.556521,4.01564,1.25162,0.607897,0.810037,0.283662,1.02933,0.853005,0.00287781,1.40207,0.0901393,-0.271192,0.641577,-2.52685,0.304554,-0.88496,-0.342181,0.00855331,-0.692116,0.240967,1.16375,0.470593,-0.761516,-0.211554,-1.17456,-0.153174,-0.234881,-0.716277,-1.10794,-0.930373,-0.189043,0.757871,-2.3115,0.158316,-0.955686,0.394065,1.41172,-0.847823,-0.184329,-0.443653,-0.13216,0.684709,-0.0401575,0.72734,-0.424476,-0.258809,-0.509611,1.02487,0.486802,-0.50144,-0.513447,0.252565,-0.843235,-0.0321806,-0.790873,-547.184,-508.299,2761.5,815.011,520.894,-1882.04,-2005.36,-819.359,713.376,4167.89,684.524,-60.5022,-3825.74,-379.508,89.5438,-786.665,-2764.26,-1893.05,-1138.15,1330.48,3721.9,-4549.31,2287.66,267.703,-2638.59,-2872.07,3581.78,-691.08,1559.76,-2665.15,-3407.54,531.827,2745.55,-223.138,-3512.96,4957.76,-1430.38,-3610.6,1490.59,-2808.39,2647.86,134.514,1058.66,-2025.01,485.435,3088.29,-408.039,1755.96,-843.537,223.64,-979.537,157.066,-382.401,-1592.82,146.539,630.355,1663.4,390.568,-1767.98,-422.267,-1066.21,3073.98,426.967,1910.6,-1257.09,-400.344,-1141.72,499.265,-2604.22,-1076.11,-4120.46,-2216.12,-5824.17,-626.233,4606.2,242.817,3643.23,1542.24,2193.71,656.864,865.569,271.498,-601.193,3442.11,1343.81,-669.027,-589.169,-124.323,-568.395,1995.34,2199.27,3168.19,1360.03,-1589.59,215.181,-2315.43,-552.459,2949.46,968.289,-1405.52
-250354,0,1,0,1,1,250407,-0.384764,0.00591807,1.98251,0.65987,0.194549,-1.62464,-1.32884,-0.638008,0.776036,1.76188,-0.149657,0.116447,-1.54277,-0.0636614,0.2482,-1.00728,-1.59481,-1.01706,-0.127135,0.559175,1.40119,-1.61276,1.8305,-0.0898098,-1.26576,-1.76124,1.23195,-0.269686,1.22789,-1.59845,-1.56077,0.458786,1.996,-0.185011,-1.75004,1.38731,-0.797919,-1.56933,0.936032,-1.67351,1.35279,0.444837,1.42627,-1.3104,-0.0724454,0.89088,-0.393547,0.886616,0.0264761,-0.478673,-1.03596,0.226382,0.0675763,-1.26799,0.156639,-0.0321617,0.998724,0.212245,-0.63784,-0.775643,-0.788799,1.94885,1.21166,0.828242,-0.92643,-0.62419,-1.08532,0.0134659,-0.922084,-1.04397,-1.82062,-0.720654,-1.94471,-0.376988,1.76676,-0.594025,1.17955,0.313105,1.16384,0.0323358,0.112372,0.276904,0.173359,1.84303,0.871915,-1.30925,-0.819472,-0.271119,0.144731,1.18899,1.07535,1.68402,1.67163,-0.91779,-0.253471,-1.68299,-0.374937,1.42931,0.855572,-1.19532,0.301448,-2.03245,0.301299,-1.31206,0.697063,0.330343,2.24619,-0.0690866,0.373458,-0.450384,-0.90927,0.0357693,0.717405,0.583361,0.310179,-0.825786,-1.06884,0.438438,-1.03127,0.528387,-1.34581,-0.276288,-1.59801,-2.65485,-0.0765288,0.0132805,0.327597,0.86446,-0.181407,-0.982512,1.14568,1.27223,0.306728,1.17249,1.45726,-1.29202,0.627261,0.945719,-0.223047,0.670739,-1.01378,-1.00059,0.89991,0.405617,0.387682,-1.94396,-0.760231,0.122698,1.39115,1.28294,-1.073,-0.979748,0.194992,1.65406,-1.04555,-0.886728,1.19468,-1.07545,-0.417154,1.96804,0.101367,0.870084,-1.31209,0.595226,-0.193111,1.47519,1.00601,-0.260387,0.8681,-0.684243,-2.01646,-0.480917,-0.680189,-0.414407,-1.84171,-0.575197,-1.88039,-0.390146,-0.567009,-1.22528,-1.91336,-0.481989,-0.985409,1.47165,-0.738137,0.725967,1.23377,0.904936,1.01,-0.610058,-0.400702,0.376581,-0.564429,1.75353,0.305585,-0.152294,0.219854,0.188557,-1.67741,-0.398476,-547.184,-508.299,2761.5,815.011,520.894,-1882.04,-2005.36,-819.359,713.376,4167.89,684.524,-60.5022,-3825.74,-379.508,89.5438,-786.665,-2764.26,-1893.05,-1138.15,1330.48,3721.9,-4549.31,2287.66,267.703,-2638.59,-2872.07,3581.78,-691.08,1559.76,-2665.15,-3407.54,531.827,2745.55,-223.138,-3512.96,4957.76,-1430.38,-3610.6,1490.59,-2808.39,2647.86,134.514,1058.66,-2025.01,485.435,3088.29,-408.039,1755.96,-843.537,223.64,-979.537,157.066,-382.401,-1592.82,146.539,630.355,1663.4,390.568,-1767.98,-422.267,-1066.21,3073.98,426.967,1910.6,-1257.09,-400.344,-1141.72,499.265,-2604.22,-1076.11,-4120.46,-2216.12,-5824.17,-626.233,4606.2,242.817,3643.23,1542.24,2193.71,656.864,865.569,271.498,-601.193,3442.11,1343.81,-669.027,-589.169,-124.323,-568.395,1995.34,2199.27,3168.19,1360.03,-1589.59,215.181,-2315.43,-552.459,2949.46,968.289,-1405.52
-250354,0,1,0,1,1,250408,-0.384764,0.00591807,1.98251,0.65987,0.194549,-1.62464,-1.32884,-0.638008,0.776036,1.76188,-0.149657,0.116447,-1.54277,-0.0636614,0.2482,-1.00728,-1.59481,-1.01706,-0.127135,0.559175,1.40119,-1.61276,1.8305,-0.0898098,-1.26576,-1.76124,1.23195,-0.269686,1.22789,-1.59845,-1.56077,0.458786,1.996,-0.185011,-1.75004,1.38731,-0.797919,-1.56933,0.936032,-1.67351,1.35279,0.444837,1.42627,-1.3104,-0.0724454,0.89088,-0.393547,0.886616,0.0264761,-0.478673,-1.03596,0.226382,0.0675763,-1.26799,0.156639,-0.0321617,0.998724,0.212245,-0.63784,-0.775643,-0.788799,1.94885,1.21166,0.828242,-0.92643,-0.62419,-1.08532,0.0134659,-0.922084,-1.04397,-1.82062,-0.720654,-1.94471,-0.376988,1.76676,-0.594025,1.17955,0.313105,1.16384,0.0323358,0.112372,0.276904,0.173359,1.84303,0.871915,-1.30925,-0.819472,-0.271119,0.144731,1.18899,1.07535,1.68402,1.67163,-0.91779,-0.253471,-1.68299,-0.374937,1.42931,0.855572,-1.19532,1.14825,1.47297,0.577244,0.676662,0.531196,-1.66355,-0.464678,-2.21949,-0.0516271,-1.05659,-0.240876,-0.995838,-0.693581,-0.163804,-0.208204,1.4993,0.600159,-0.33418,-2.27599,0.90205,0.37115,-0.05409,1.18181,0.252804,0.32287,-0.993027,-0.506658,-0.586081,0.0237184,1.44208,-1.08182,-0.793512,1.39562,-0.453812,-1.10977,0.440501,-0.365707,0.774344,-0.310916,-2.03325,-1.60987,-2.20586,-0.0123927,-1.06888,-0.929704,0.793609,1.95226,1.27631,-0.580589,-0.34598,-1.2234,0.270565,1.71458,1.37381,0.225406,-2.29962,0.0105997,-0.775656,1.02184,1.10381,-0.812628,-0.982191,1.11055,1.14948,0.499894,-0.0738522,-2.49777,1.07248,-1.80168,-0.464001,0.467905,-1.02632,-0.156749,1.54285,0.418528,0.894927,0.377275,-0.751197,0.540574,0.132968,-1.4081,-0.575856,1.08372,-0.331827,-1.04156,0.529954,-0.1867,-0.341001,0.835181,0.0323766,-1.81251,-0.157037,0.897992,0.877799,1.34857,-0.66324,0.40848,0.9994,1.67845,-0.751437,-547.184,-508.299,2761.5,815.011,520.894,-1882.04,-2005.36,-819.359,713.376,4167.89,684.524,-60.5022,-3825.74,-379.508,89.5438,-786.665,-2764.26,-1893.05,-1138.15,1330.48,3721.9,-4549.31,2287.66,267.703,-2638.59,-2872.07,3581.78,-691.08,1559.76,-2665.15,-3407.54,531.827,2745.55,-223.138,-3512.96,4957.76,-1430.38,-3610.6,1490.59,-2808.39,2647.86,134.514,1058.66,-2025.01,485.435,3088.29,-408.039,1755.96,-843.537,223.64,-979.537,157.066,-382.401,-1592.82,146.539,630.355,1663.4,390.568,-1767.98,-422.267,-1066.21,3073.98,426.967,1910.6,-1257.09,-400.344,-1141.72,499.265,-2604.22,-1076.11,-4120.46,-2216.12,-5824.17,-626.233,4606.2,242.817,3643.23,1542.24,2193.71,656.864,865.569,271.498,-601.193,3442.11,1343.81,-669.027,-589.169,-124.323,-568.395,1995.34,2199.27,3168.19,1360.03,-1589.59,215.181,-2315.43,-552.459,2949.46,968.289,-1405.52
-250354,0,1,0,1,1,250399,-0.384764,0.00591807,1.98251,0.65987,0.194549,-1.62464,-1.32884,-0.638008,0.776036,1.76188,-0.149657,0.116447,-1.54277,-0.0636614,0.2482,-1.00728,-1.59481,-1.01706,-0.127135,0.559175,1.40119,-1.61276,1.8305,-0.0898098,-1.26576,-1.76124,1.23195,-0.269686,1.22789,-1.59845,-1.56077,0.458786,1.996,-0.185011,-1.75004,1.38731,-0.797919,-1.56933,0.936032,-1.67351,1.35279,0.444837,1.42627,-1.3104,-0.0724454,0.89088,-0.393547,0.886616,0.0264761,-0.478673,-1.03596,0.226382,0.0675763,-1.26799,0.156639,-0.0321617,0.998724,0.212245,-0.63784,-0.775643,-0.788799,1.94885,1.21166,0.828242,-0.92643,-0.62419,-1.08532,0.0134659,-0.922084,-1.04397,-1.82062,-0.720654,-1.94471,-0.376988,1.76676,-0.594025,1.17955,0.313105,1.16384,0.0323358,0.112372,0.276904,0.173359,1.84303,0.871915,-1.30925,-0.819472,-0.271119,0.144731,1.18899,1.07535,1.68402,1.67163,-0.91779,-0.253471,-1.68299,-0.374937,1.42931,0.855572,-1.19532,-0.310279,0.782951,-1.27816,0.857415,1.56366,-0.658841,0.543163,1.16333,0.286206,0.763732,-1.91138,0.0122882,0.56348,0.201883,-0.580683,1.04832,1.10379,-0.0562731,0.463957,-0.366503,-1.09508,0.369897,0.33808,1.4574,0.875372,0.198043,0.0417822,-0.846225,0.0971347,0.883457,-0.685483,2.24285,0.175021,-0.987031,1.52813,0.566092,-0.000483528,1.46897,-1.49267,1.10711,0.822509,0.770439,-1.11714,0.0876936,-1.51211,1.23377,-0.210501,0.536775,0.46522,1.12675,0.274795,0.247838,-0.0713104,-0.236333,0.180281,-0.641591,0.772616,0.92392,0.309993,0.384237,-2.09313,0.236245,-1.10427,-1.07025,1.1551,0.984391,0.272914,-0.973031,-0.934572,0.174423,-1.02418,-1.49923,0.41271,-2.18493,-1.45335,-1.35892,1.23943,0.888218,0.596006,-0.16733,-1.77991,-0.716004,0.301063,0.151517,-1.66882,-1.53366,0.0910803,-1.0398,-0.563708,-0.848649,-0.0911361,1.10911,-0.361324,1.38541,-1.27386,0.570686,0.0336534,0.303536,0.328599,0.00857598,-547.184,-508.299,2761.5,815.011,520.894,-1882.04,-2005.36,-819.359,713.376,4167.89,684.524,-60.5022,-3825.74,-379.508,89.5438,-786.665,-2764.26,-1893.05,-1138.15,1330.48,3721.9,-4549.31,2287.66,267.703,-2638.59,-2872.07,3581.78,-691.08,1559.76,-2665.15,-3407.54,531.827,2745.55,-223.138,-3512.96,4957.76,-1430.38,-3610.6,1490.59,-2808.39,2647.86,134.514,1058.66,-2025.01,485.435,3088.29,-408.039,1755.96,-843.537,223.64,-979.537,157.066,-382.401,-1592.82,146.539,630.355,1663.4,390.568,-1767.98,-422.267,-1066.21,3073.98,426.967,1910.6,-1257.09,-400.344,-1141.72,499.265,-2604.22,-1076.11,-4120.46,-2216.12,-5824.17,-626.233,4606.2,242.817,3643.23,1542.24,2193.71,656.864,865.569,271.498,-601.193,3442.11,1343.81,-669.027,-589.169,-124.323,-568.395,1995.34,2199.27,3168.19,1360.03,-1589.59,215.181,-2315.43,-552.459,2949.46,968.289,-1405.52
-250354,0,1,0,1,1,250406,-0.384764,0.00591807,1.98251,0.65987,0.194549,-1.62464,-1.32884,-0.638008,0.776036,1.76188,-0.149657,0.116447,-1.54277,-0.0636614,0.2482,-1.00728,-1.59481,-1.01706,-0.127135,0.559175,1.40119,-1.61276,1.8305,-0.0898098,-1.26576,-1.76124,1.23195,-0.269686,1.22789,-1.59845,-1.56077,0.458786,1.996,-0.185011,-1.75004,1.38731,-0.797919,-1.56933,0.936032,-1.67351,1.35279,0.444837,1.42627,-1.3104,-0.0724454,0.89088,-0.393547,0.886616,0.0264761,-0.478673,-1.03596,0.226382,0.0675763,-1.26799,0.156639,-0.0321617,0.998724,0.212245,-0.63784,-0.775643,-0.788799,1.94885,1.21166,0.828242,-0.92643,-0.62419,-1.08532,0.0134659,-0.922084,-1.04397,-1.82062,-0.720654,-1.94471,-0.376988,1.76676,-0.594025,1.17955,0.313105,1.16384,0.0323358,0.112372,0.276904,0.173359,1.84303,0.871915,-1.30925,-0.819472,-0.271119,0.144731,1.18899,1.07535,1.68402,1.67163,-0.91779,-0.253471,-1.68299,-0.374937,1.42931,0.855572,-1.19532,-0.808736,-1.64897,0.726551,0.0162255,0.222226,0.464359,-0.802262,0.952135,-0.787284,-0.119478,0.4755,2.36399,0.315911,0.468294,-0.526922,-0.433275,0.342664,-0.0616888,0.486729,0.69958,-1.02861,-0.340969,-1.5429,-0.729852,1.35445,-0.977201,-0.777315,-0.97898,-2.3832,0.565852,-0.443015,-1.2878,1.11778,-1.72228,0.364451,1.39651,-0.647536,-1.17606,0.314678,-0.168105,0.687264,0.189682,-0.12349,-2.05372,-2.43869,-1.03716,0.409421,-1.52316,-0.401127,-0.558209,1.58094,-0.278001,0.768444,0.300317,0.0269766,1.24739,-0.362714,0.39051,1.31085,1.02251,0.874211,2.03049,-1.12895,0.612219,1.59187,-0.757733,-0.107885,-0.284885,-0.147735,-0.0110558,0.233304,-0.20377,-1.50621,-0.899085,0.146295,-0.639163,-0.000989921,1.15574,-2.05425,-2.63771,-0.829622,0.0121825,0.609894,-1.31538,-0.181795,0.210464,-0.0306932,2.18905,-0.72349,-0.818738,-0.679913,-0.159545,-0.33766,-1.54947,-0.513555,1.68618,-1.18233,0.385834,-0.325005,1.05395,-547.184,-508.299,2761.5,815.011,520.894,-1882.04,-2005.36,-819.359,713.376,4167.89,684.524,-60.5022,-3825.74,-379.508,89.5438,-786.665,-2764.26,-1893.05,-1138.15,1330.48,3721.9,-4549.31,2287.66,267.703,-2638.59,-2872.07,3581.78,-691.08,1559.76,-2665.15,-3407.54,531.827,2745.55,-223.138,-3512.96,4957.76,-1430.38,-3610.6,1490.59,-2808.39,2647.86,134.514,1058.66,-2025.01,485.435,3088.29,-408.039,1755.96,-843.537,223.64,-979.537,157.066,-382.401,-1592.82,146.539,630.355,1663.4,390.568,-1767.98,-422.267,-1066.21,3073.98,426.967,1910.6,-1257.09,-400.344,-1141.72,499.265,-2604.22,-1076.11,-4120.46,-2216.12,-5824.17,-626.233,4606.2,242.817,3643.23,1542.24,2193.71,656.864,865.569,271.498,-601.193,3442.11,1343.81,-669.027,-589.169,-124.323,-568.395,1995.34,2199.27,3168.19,1360.03,-1589.59,215.181,-2315.43,-552.459,2949.46,968.289,-1405.52
-250354,0,1,0,1,1,250407,-0.384764,0.00591807,1.98251,0.65987,0.194549,-1.62464,-1.32884,-0.638008,0.776036,1.76188,-0.149657,0.116447,-1.54277,-0.0636614,0.2482,-1.00728,-1.59481,-1.01706,-0.127135,0.559175,1.40119,-1.61276,1.8305,-0.0898098,-1.26576,-1.76124,1.23195,-0.269686,1.22789,-1.59845,-1.56077,0.458786,1.996,-0.185011,-1.75004,1.38731,-0.797919,-1.56933,0.936032,-1.67351,1.35279,0.444837,1.42627,-1.3104,-0.0724454,0.89088,-0.393547,0.886616,0.0264761,-0.478673,-1.03596,0.226382,0.0675763,-1.26799,0.156639,-0.0321617,0.998724,0.212245,-0.63784,-0.775643,-0.788799,1.94885,1.21166,0.828242,-0.92643,-0.62419,-1.08532,0.0134659,-0.922084,-1.04397,-1.82062,-0.720654,-1.94471,-0.376988,1.76676,-0.594025,1.17955,0.313105,1.16384,0.0323358,0.112372,0.276904,0.173359,1.84303,0.871915,-1.30925,-0.819472,-0.271119,0.144731,1.18899,1.07535,1.68402,1.67163,-0.91779,-0.253471,-1.68299,-0.374937,1.42931,0.855572,-1.19532,1.07776,-1.00033,-1.38168,0.0627414,0.986816,-0.329699,-0.888665,-0.685045,-0.912091,0.394216,1.563,-0.717746,0.935573,1.35356,-0.639778,-0.764372,-0.718952,1.18299,0.111194,0.72613,-0.993557,0.681001,0.496162,0.41899,0.238782,-0.2062,1.26049,-0.340286,0.421817,-1.96755,1.57388,0.32481,-0.329585,-0.289352,1.09471,1.61209,1.19298,-0.0178311,-0.551865,0.655574,-1.00415,0.650905,0.31415,-0.0496711,0.173135,-1.26325,-0.744628,0.219664,0.293265,-0.803329,-1.1699,0.922821,1.90374,-1.53969,1.15169,-1.93487,-0.804629,1.89429,-1.15213,-0.800633,1.03656,2.51936,0.0907849,-0.221194,1.02071,-0.860489,2.28278,0.315408,-0.907472,-0.0207584,-1.45935,0.530665,-1.13274,-0.658062,-0.440451,0.824776,0.395998,2.79455,-1.07263,0.245051,0.541952,-0.198603,2.66171,-1.15994,0.774365,0.646234,-0.523017,-0.628649,-1.39354,0.743538,0.420427,-0.998647,-1.4632,-0.354803,-0.719116,0.367674,-0.792452,-0.810922,-1.2054,-0.465912,-547.184,-508.299,2761.5,815.011,520.894,-1882.04,-2005.36,-819.359,713.376,4167.89,684.524,-60.5022,-3825.74,-379.508,89.5438,-786.665,-2764.26,-1893.05,-1138.15,1330.48,3721.9,-4549.31,2287.66,267.703,-2638.59,-2872.07,3581.78,-691.08,1559.76,-2665.15,-3407.54,531.827,2745.55,-223.138,-3512.96,4957.76,-1430.38,-3610.6,1490.59,-2808.39,2647.86,134.514,1058.66,-2025.01,485.435,3088.29,-408.039,1755.96,-843.537,223.64,-979.537,157.066,-382.401,-1592.82,146.539,630.355,1663.4,390.568,-1767.98,-422.267,-1066.21,3073.98,426.967,1910.6,-1257.09,-400.344,-1141.72,499.265,-2604.22,-1076.11,-4120.46,-2216.12,-5824.17,-626.233,4606.2,242.817,3643.23,1542.24,2193.71,656.864,865.569,271.498,-601.193,3442.11,1343.81,-669.027,-589.169,-124.323,-568.395,1995.34,2199.27,3168.19,1360.03,-1589.59,215.181,-2315.43,-552.459,2949.46,968.289,-1405.52
-250354,0,1,0,1,1,250406,-0.384764,0.00591807,1.98251,0.65987,0.194549,-1.62464,-1.32884,-0.638008,0.776036,1.76188,-0.149657,0.116447,-1.54277,-0.0636614,0.2482,-1.00728,-1.59481,-1.01706,-0.127135,0.559175,1.40119,-1.61276,1.8305,-0.0898098,-1.26576,-1.76124,1.23195,-0.269686,1.22789,-1.59845,-1.56077,0.458786,1.996,-0.185011,-1.75004,1.38731,-0.797919,-1.56933,0.936032,-1.67351,1.35279,0.444837,1.42627,-1.3104,-0.0724454,0.89088,-0.393547,0.886616,0.0264761,-0.478673,-1.03596,0.226382,0.0675763,-1.26799,0.156639,-0.0321617,0.998724,0.212245,-0.63784,-0.775643,-0.788799,1.94885,1.21166,0.828242,-0.92643,-0.62419,-1.08532,0.0134659,-0.922084,-1.04397,-1.82062,-0.720654,-1.94471,-0.376988,1.76676,-0.594025,1.17955,0.313105,1.16384,0.0323358,0.112372,0.276904,0.173359,1.84303,0.871915,-1.30925,-0.819472,-0.271119,0.144731,1.18899,1.07535,1.68402,1.67163,-0.91779,-0.253471,-1.68299,-0.374937,1.42931,0.855572,-1.19532,1.32267,-0.694781,1.35858,1.26081,0.756832,0.192246,0.993956,-0.331485,1.03964,-1.08557,0.229254,0.722824,0.754702,1.07146,-0.217247,0.0477543,-0.0843815,-0.176588,0.0278931,1.70957,0.277652,1.38599,0.646298,-0.391914,0.154258,0.43112,-1.07376,-0.380477,0.839075,-0.565522,-0.0209528,0.21111,0.282174,0.71832,0.552147,-0.813149,0.609366,0.180296,0.952107,-1.19902,0.983765,0.0159547,3.09848,-0.0755533,-1.69258,-2.3244,-0.780108,2.25644,0.532436,-0.292391,0.526824,-0.670327,-0.300452,1.69666,-0.979,0.764064,2.02491,1.19427,1.84286,0.389839,-1.28479,-1.094,-0.277241,1.23624,1.37084,-1.11489,1.91626,-0.460251,-0.38218,0.394959,-1.18696,2.29927,-0.859485,0.14516,-0.491864,0.68696,0.130071,-1.79679,1.22487,-0.120296,-0.390323,0.0955084,1.84552,-1.18413,-1.18416,-0.046538,0.127155,0.228284,0.455171,0.6827,1.29833,-0.335867,0.0920093,-1.201,-0.0975473,-0.173267,1.90185,-0.787252,-1.15832,-0.439852,-547.184,-508.299,2761.5,815.011,520.894,-1882.04,-2005.36,-819.359,713.376,4167.89,684.524,-60.5022,-3825.74,-379.508,89.5438,-786.665,-2764.26,-1893.05,-1138.15,1330.48,3721.9,-4549.31,2287.66,267.703,-2638.59,-2872.07,3581.78,-691.08,1559.76,-2665.15,-3407.54,531.827,2745.55,-223.138,-3512.96,4957.76,-1430.38,-3610.6,1490.59,-2808.39,2647.86,134.514,1058.66,-2025.01,485.435,3088.29,-408.039,1755.96,-843.537,223.64,-979.537,157.066,-382.401,-1592.82,146.539,630.355,1663.4,390.568,-1767.98,-422.267,-1066.21,3073.98,426.967,1910.6,-1257.09,-400.344,-1141.72,499.265,-2604.22,-1076.11,-4120.46,-2216.12,-5824.17,-626.233,4606.2,242.817,3643.23,1542.24,2193.71,656.864,865.569,271.498,-601.193,3442.11,1343.81,-669.027,-589.169,-124.323,-568.395,1995.34,2199.27,3168.19,1360.03,-1589.59,215.181,-2315.43,-552.459,2949.46,968.289,-1405.52
-250354,0,1,0,1,1,250401,-0.384764,0.00591807,1.98251,0.65987,0.194549,-1.62464,-1.32884,-0.638008,0.776036,1.76188,-0.149657,0.116447,-1.54277,-0.0636614,0.2482,-1.00728,-1.59481,-1.01706,-0.127135,0.559175,1.40119,-1.61276,1.8305,-0.0898098,-1.26576,-1.76124,1.23195,-0.269686,1.22789,-1.59845,-1.56077,0.458786,1.996,-0.185011,-1.75004,1.38731,-0.797919,-1.56933,0.936032,-1.67351,1.35279,0.444837,1.42627,-1.3104,-0.0724454,0.89088,-0.393547,0.886616,0.0264761,-0.478673,-1.03596,0.226382,0.0675763,-1.26799,0.156639,-0.0321617,0.998724,0.212245,-0.63784,-0.775643,-0.788799,1.94885,1.21166,0.828242,-0.92643,-0.62419,-1.08532,0.0134659,-0.922084,-1.04397,-1.82062,-0.720654,-1.94471,-0.376988,1.76676,-0.594025,1.17955,0.313105,1.16384,0.0323358,0.112372,0.276904,0.173359,1.84303,0.871915,-1.30925,-0.819472,-0.271119,0.144731,1.18899,1.07535,1.68402,1.67163,-0.91779,-0.253471,-1.68299,-0.374937,1.42931,0.855572,-1.19532,0.894694,1.02097,1.66503,-1.57953,-2.11385,-0.801733,-0.378771,1.54682,-0.351457,-0.938844,-0.0975419,0.0226977,-0.711891,0.0309874,0.44201,-0.379353,-1.37224,0.753489,-0.610011,2.55059,-0.118001,0.317996,-0.155687,-0.255296,-0.801935,-0.201916,0.758744,0.133885,0.685015,0.950672,0.699841,-1.9535,-1.6753,-0.770951,-0.357367,0.316163,1.0055,0.53646,1.58729,0.517606,-0.320333,-0.194434,1.01636,-0.316017,-0.777015,0.463772,-1.51789,0.494818,-1.21225,0.0760807,-0.823612,-1.32814,-0.692505,-1.56464,-0.853538,1.26387,1.69172,-1.02223,-1.67727,0.15195,-1.07121,0.135305,1.15891,1.04858,1.90796,0.34218,1.01353,1.18415,-0.218915,-0.0565804,0.24666,-0.318527,-0.618349,-1.0325,-0.73173,0.0671945,1.07536,0.918805,0.64488,0.887726,0.767344,0.0734072,0.327159,-0.857417,0.629321,-0.483081,-0.461774,0.0418516,-0.470872,0.11619,0.321974,0.320436,2.00749,1.33256,-1.45079,1.87779,-0.245934,-0.646313,-1.70648,0.531595,-547.184,-508.299,2761.5,815.011,520.894,-1882.04,-2005.36,-819.359,713.376,4167.89,684.524,-60.5022,-3825.74,-379.508,89.5438,-786.665,-2764.26,-1893.05,-1138.15,1330.48,3721.9,-4549.31,2287.66,267.703,-2638.59,-2872.07,3581.78,-691.08,1559.76,-2665.15,-3407.54,531.827,2745.55,-223.138,-3512.96,4957.76,-1430.38,-3610.6,1490.59,-2808.39,2647.86,134.514,1058.66,-2025.01,485.435,3088.29,-408.039,1755.96,-843.537,223.64,-979.537,157.066,-382.401,-1592.82,146.539,630.355,1663.4,390.568,-1767.98,-422.267,-1066.21,3073.98,426.967,1910.6,-1257.09,-400.344,-1141.72,499.265,-2604.22,-1076.11,-4120.46,-2216.12,-5824.17,-626.233,4606.2,242.817,3643.23,1542.24,2193.71,656.864,865.569,271.498,-601.193,3442.11,1343.81,-669.027,-589.169,-124.323,-568.395,1995.34,2199.27,3168.19,1360.03,-1589.59,215.181,-2315.43,-552.459,2949.46,968.289,-1405.52
-250354,0,1,0,1,1,250408,-0.384764,0.00591807,1.98251,0.65987,0.194549,-1.62464,-1.32884,-0.638008,0.776036,1.76188,-0.149657,0.116447,-1.54277,-0.0636614,0.2482,-1.00728,-1.59481,-1.01706,-0.127135,0.559175,1.40119,-1.61276,1.8305,-0.0898098,-1.26576,-1.76124,1.23195,-0.269686,1.22789,-1.59845,-1.56077,0.458786,1.996,-0.185011,-1.75004,1.38731,-0.797919,-1.56933,0.936032,-1.67351,1.35279,0.444837,1.42627,-1.3104,-0.0724454,0.89088,-0.393547,0.886616,0.0264761,-0.478673,-1.03596,0.226382,0.0675763,-1.26799,0.156639,-0.0321617,0.998724,0.212245,-0.63784,-0.775643,-0.788799,1.94885,1.21166,0.828242,-0.92643,-0.62419,-1.08532,0.0134659,-0.922084,-1.04397,-1.82062,-0.720654,-1.94471,-0.376988,1.76676,-0.594025,1.17955,0.313105,1.16384,0.0323358,0.112372,0.276904,0.173359,1.84303,0.871915,-1.30925,-0.819472,-0.271119,0.144731,1.18899,1.07535,1.68402,1.67163,-0.91779,-0.253471,-1.68299,-0.374937,1.42931,0.855572,-1.19532,-0.615603,-1.52899,-0.872714,0.56797,-1.90949,1.24625,-1.12761,0.139573,1.58924,1.24679,0.14949,-1.20825,-1.67054,1.10885,1.38364,-0.346292,-1.44446,1.48166,-0.0873131,0.501864,0.891675,0.892646,2.70184,1.29061,1.03556,-0.939364,-1.33648,-1.16286,1.64439,0.114979,0.839639,0.508361,0.673134,0.783242,-1.34276,-0.459618,0.307625,0.447293,-0.650863,0.575367,-0.94046,-0.606313,-0.076923,0.789705,0.266164,-0.113493,1.78561,1.58825,-0.335053,0.695968,-0.117085,-2.39586,0.431874,-0.359749,1.35181,-0.199305,-1.67204,0.872259,0.569272,0.27888,0.561505,-0.727408,-0.635791,1.32832,0.411129,1.30875,-0.306814,0.897726,0.897501,-0.735627,-0.069674,0.173553,1.10417,0.0351911,-1.03248,0.480919,0.270881,-0.835856,0.108137,1.10218,1.9061,0.900899,-0.526101,-0.668526,0.0905601,1.13566,1.68421,1.78288,-3.19663,1.38169,-0.136098,0.683619,-0.762318,0.44774,0.114271,-0.219486,-0.495015,0.396755,0.772361,0.247605,-547.184,-508.299,2761.5,815.011,520.894,-1882.04,-2005.36,-819.359,713.376,4167.89,684.524,-60.5022,-3825.74,-379.508,89.5438,-786.665,-2764.26,-1893.05,-1138.15,1330.48,3721.9,-4549.31,2287.66,267.703,-2638.59,-2872.07,3581.78,-691.08,1559.76,-2665.15,-3407.54,531.827,2745.55,-223.138,-3512.96,4957.76,-1430.38,-3610.6,1490.59,-2808.39,2647.86,134.514,1058.66,-2025.01,485.435,3088.29,-408.039,1755.96,-843.537,223.64,-979.537,157.066,-382.401,-1592.82,146.539,630.355,1663.4,390.568,-1767.98,-422.267,-1066.21,3073.98,426.967,1910.6,-1257.09,-400.344,-1141.72,499.265,-2604.22,-1076.11,-4120.46,-2216.12,-5824.17,-626.233,4606.2,242.817,3643.23,1542.24,2193.71,656.864,865.569,271.498,-601.193,3442.11,1343.81,-669.027,-589.169,-124.323,-568.395,1995.34,2199.27,3168.19,1360.03,-1589.59,215.181,-2315.43,-552.459,2949.46,968.289,-1405.52
-250354,0,1,0,1,1,250408,-0.384764,0.00591807,1.98251,0.65987,0.194549,-1.62464,-1.32884,-0.638008,0.776036,1.76188,-0.149657,0.116447,-1.54277,-0.0636614,0.2482,-1.00728,-1.59481,-1.01706,-0.127135,0.559175,1.40119,-1.61276,1.8305,-0.0898098,-1.26576,-1.76124,1.23195,-0.269686,1.22789,-1.59845,-1.56077,0.458786,1.996,-0.185011,-1.75004,1.38731,-0.797919,-1.56933,0.936032,-1.67351,1.35279,0.444837,1.42627,-1.3104,-0.0724454,0.89088,-0.393547,0.886616,0.0264761,-0.478673,-1.03596,0.226382,0.0675763,-1.26799,0.156639,-0.0321617,0.998724,0.212245,-0.63784,-0.775643,-0.788799,1.94885,1.21166,0.828242,-0.92643,-0.62419,-1.08532,0.0134659,-0.922084,-1.04397,-1.82062,-0.720654,-1.94471,-0.376988,1.76676,-0.594025,1.17955,0.313105,1.16384,0.0323358,0.112372,0.276904,0.173359,1.84303,0.871915,-1.30925,-0.819472,-0.271119,0.144731,1.18899,1.07535,1.68402,1.67163,-0.91779,-0.253471,-1.68299,-0.374937,1.42931,0.855572,-1.19532,1.74402,0.904072,0.120452,0.28343,-0.711929,1.42836,-0.437051,0.132775,1.16954,0.714971,2.17231,-0.454267,1.12322,-0.171086,-1.66185,1.40662,0.433707,-1.1156,-0.113386,-1.0882,0.645574,1.33249,-0.828225,0.0579886,0.304915,-0.364159,0.545997,-0.890536,-1.02861,-0.598891,0.154334,-1.38399,-1.17746,0.4334,1.28168,-0.644172,0.658703,-2.75513,0.975173,0.902963,-0.468693,3.15973,0.265411,-0.0505097,0.0177474,-0.559437,1.69525,0.0575851,1.29231,-1.67201,1.48027,0.954092,-0.884263,-0.777143,1.77995,-0.149517,2.13641,-2.07283,-1.12196,0.426661,0.117273,0.589449,0.378158,-1.61842,-0.786365,-0.491556,-0.600859,-1.12066,-0.345977,-0.656225,0.325332,0.261399,0.048233,-1.185,0.115619,0.0924867,1.23949,0.403977,1.72439,-0.0638868,1.4531,-1.7685,-0.388501,-0.203606,-0.323055,1.23047,-0.0369011,-0.265158,-1.92972,0.597503,0.853388,-0.302038,-0.968663,0.76689,1.50709,0.336975,0.232742,-0.0412874,-0.755741,0.313112,-547.184,-508.299,2761.5,815.011,520.894,-1882.04,-2005.36,-819.359,713.376,4167.89,684.524,-60.5022,-3825.74,-379.508,89.5438,-786.665,-2764.26,-1893.05,-1138.15,1330.48,3721.9,-4549.31,2287.66,267.703,-2638.59,-2872.07,3581.78,-691.08,1559.76,-2665.15,-3407.54,531.827,2745.55,-223.138,-3512.96,4957.76,-1430.38,-3610.6,1490.59,-2808.39,2647.86,134.514,1058.66,-2025.01,485.435,3088.29,-408.039,1755.96,-843.537,223.64,-979.537,157.066,-382.401,-1592.82,146.539,630.355,1663.4,390.568,-1767.98,-422.267,-1066.21,3073.98,426.967,1910.6,-1257.09,-400.344,-1141.72,499.265,-2604.22,-1076.11,-4120.46,-2216.12,-5824.17,-626.233,4606.2,242.817,3643.23,1542.24,2193.71,656.864,865.569,271.498,-601.193,3442.11,1343.81,-669.027,-589.169,-124.323,-568.395,1995.34,2199.27,3168.19,1360.03,-1589.59,215.181,-2315.43,-552.459,2949.46,968.289,-1405.52
-250354,0,1,0,1,1,250407,-0.384764,0.00591807,1.98251,0.65987,0.194549,-1.62464,-1.32884,-0.638008,0.776036,1.76188,-0.149657,0.116447,-1.54277,-0.0636614,0.2482,-1.00728,-1.59481,-1.01706,-0.127135,0.559175,1.40119,-1.61276,1.8305,-0.0898098,-1.26576,-1.76124,1.23195,-0.269686,1.22789,-1.59845,-1.56077,0.458786,1.996,-0.185011,-1.75004,1.38731,-0.797919,-1.56933,0.936032,-1.67351,1.35279,0.444837,1.42627,-1.3104,-0.0724454,0.89088,-0.393547,0.886616,0.0264761,-0.478673,-1.03596,0.226382,0.0675763,-1.26799,0.156639,-0.0321617,0.998724,0.212245,-0.63784,-0.775643,-0.788799,1.94885,1.21166,0.828242,-0.92643,-0.62419,-1.08532,0.0134659,-0.922084,-1.04397,-1.82062,-0.720654,-1.94471,-0.376988,1.76676,-0.594025,1.17955,0.313105,1.16384,0.0323358,0.112372,0.276904,0.173359,1.84303,0.871915,-1.30925,-0.819472,-0.271119,0.144731,1.18899,1.07535,1.68402,1.67163,-0.91779,-0.253471,-1.68299,-0.374937,1.42931,0.855572,-1.19532,-0.664679,1.95061,1.05078,0.365262,-0.393589,0.588823,-1.22682,1.12146,-0.283564,-0.643353,0.101356,-1.53144,1.15178,1.76551,-0.259938,-1.67693,0.0547932,-0.592069,-0.776293,0.0374935,-1.14927,-0.204179,-0.156321,-1.72114,-0.0944217,-0.711405,0.707447,1.01047,0.82902,1.31763,-0.346121,1.73197,-0.19594,0.835297,0.797427,-0.344641,-0.285757,0.0291864,-1.74736,-0.767503,-0.807714,-0.167864,-0.417152,0.37214,1.22011,1.5642,0.83397,2.42794,0.764275,-2.0995,0.337002,-0.381068,-0.245498,1.73759,-0.619389,0.382239,2.66362,0.978719,-0.594969,0.315123,-0.75198,-0.503032,-1.18072,0.0992621,-0.156339,0.255027,1.55478,0.996329,-0.339292,-1.17227,-1.95048,0.828184,-1.47312,1.68427,0.0189123,-0.0298073,-0.130998,-1.28253,-0.0729127,-0.677267,0.0840426,1.39286,0.288212,0.848055,0.417487,-0.176044,-2.14948,1.86539,-2.06812,0.370095,-1.10586,-0.20167,-0.370072,1.65648,0.45645,0.447377,0.164567,-0.914834,-0.795932,0.220876,-547.184,-508.299,2761.5,815.011,520.894,-1882.04,-2005.36,-819.359,713.376,4167.89,684.524,-60.5022,-3825.74,-379.508,89.5438,-786.665,-2764.26,-1893.05,-1138.15,1330.48,3721.9,-4549.31,2287.66,267.703,-2638.59,-2872.07,3581.78,-691.08,1559.76,-2665.15,-3407.54,531.827,2745.55,-223.138,-3512.96,4957.76,-1430.38,-3610.6,1490.59,-2808.39,2647.86,134.514,1058.66,-2025.01,485.435,3088.29,-408.039,1755.96,-843.537,223.64,-979.537,157.066,-382.401,-1592.82,146.539,630.355,1663.4,390.568,-1767.98,-422.267,-1066.21,3073.98,426.967,1910.6,-1257.09,-400.344,-1141.72,499.265,-2604.22,-1076.11,-4120.46,-2216.12,-5824.17,-626.233,4606.2,242.817,3643.23,1542.24,2193.71,656.864,865.569,271.498,-601.193,3442.11,1343.81,-669.027,-589.169,-124.323,-568.395,1995.34,2199.27,3168.19,1360.03,-1589.59,215.181,-2315.43,-552.459,2949.46,968.289,-1405.52
-250354,0,1,0,1,1,250399,-0.384764,0.00591807,1.98251,0.65987,0.194549,-1.62464,-1.32884,-0.638008,0.776036,1.76188,-0.149657,0.116447,-1.54277,-0.0636614,0.2482,-1.00728,-1.59481,-1.01706,-0.127135,0.559175,1.40119,-1.61276,1.8305,-0.0898098,-1.26576,-1.76124,1.23195,-0.269686,1.22789,-1.59845,-1.56077,0.458786,1.996,-0.185011,-1.75004,1.38731,-0.797919,-1.56933,0.936032,-1.67351,1.35279,0.444837,1.42627,-1.3104,-0.0724454,0.89088,-0.393547,0.886616,0.0264761,-0.478673,-1.03596,0.226382,0.0675763,-1.26799,0.156639,-0.0321617,0.998724,0.212245,-0.63784,-0.775643,-0.788799,1.94885,1.21166,0.828242,-0.92643,-0.62419,-1.08532,0.0134659,-0.922084,-1.04397,-1.82062,-0.720654,-1.94471,-0.376988,1.76676,-0.594025,1.17955,0.313105,1.16384,0.0323358,0.112372,0.276904,0.173359,1.84303,0.871915,-1.30925,-0.819472,-0.271119,0.144731,1.18899,1.07535,1.68402,1.67163,-0.91779,-0.253471,-1.68299,-0.374937,1.42931,0.855572,-1.19532,0.157352,0.255855,0.933861,1.3804,1.34315,-0.143963,0.199749,1.00301,-1.22397,0.754941,0.0672535,0.91248,-1.55364,0.551888,1.14932,-0.132026,-0.00242635,0.794623,0.671863,1.29129,-0.511139,0.293493,0.319526,0.342662,1.80591,-2.03882,-0.412592,0.986633,-0.309419,-0.844043,0.465529,-1.2263,1.48536,1.47667,0.107305,-0.289875,0.0478447,1.19767,1.24836,1.14542,0.213383,2.36347,1.27033,0.707471,-0.778902,-0.684766,-0.181336,2.45279,-0.809488,-0.100224,-1.0531,-0.165181,0.209369,1.00596,0.988511,0.154261,-0.457923,0.586244,0.635821,-0.251761,-0.999336,-0.102451,0.00209368,1.24127,-1.22898,0.726633,0.966449,1.04329,-0.269239,0.704333,-0.548385,-0.736393,-0.830613,-0.620158,0.949603,0.940779,-0.316087,1.04709,0.0903824,-0.236973,-0.13981,1.87633,0.556904,0.0928838,-1.41933,0.321991,-1.72207,1.25949,-0.601221,-0.293453,-0.902163,1.49965,0.636274,0.576965,1.33226,-0.0297757,-2.20609,-0.612088,0.386911,0.836543,-547.184,-508.299,2761.5,815.011,520.894,-1882.04,-2005.36,-819.359,713.376,4167.89,684.524,-60.5022,-3825.74,-379.508,89.5438,-786.665,-2764.26,-1893.05,-1138.15,1330.48,3721.9,-4549.31,2287.66,267.703,-2638.59,-2872.07,3581.78,-691.08,1559.76,-2665.15,-3407.54,531.827,2745.55,-223.138,-3512.96,4957.76,-1430.38,-3610.6,1490.59,-2808.39,2647.86,134.514,1058.66,-2025.01,485.435,3088.29,-408.039,1755.96,-843.537,223.64,-979.537,157.066,-382.401,-1592.82,146.539,630.355,1663.4,390.568,-1767.98,-422.267,-1066.21,3073.98,426.967,1910.6,-1257.09,-400.344,-1141.72,499.265,-2604.22,-1076.11,-4120.46,-2216.12,-5824.17,-626.233,4606.2,242.817,3643.23,1542.24,2193.71,656.864,865.569,271.498,-601.193,3442.11,1343.81,-669.027,-589.169,-124.323,-568.395,1995.34,2199.27,3168.19,1360.03,-1589.59,215.181,-2315.43,-552.459,2949.46,968.289,-1405.52
-250354,0,1,0,1,1,250405,-0.384764,0.00591807,1.98251,0.65987,0.194549,-1.62464,-1.32884,-0.638008,0.776036,1.76188,-0.149657,0.116447,-1.54277,-0.0636614,0.2482,-1.00728,-1.59481,-1.01706,-0.127135,0.559175,1.40119,-1.61276,1.8305,-0.0898098,-1.26576,-1.76124,1.23195,-0.269686,1.22789,-1.59845,-1.56077,0.458786,1.996,-0.185011,-1.75004,1.38731,-0.797919,-1.56933,0.936032,-1.67351,1.35279,0.444837,1.42627,-1.3104,-0.0724454,0.89088,-0.393547,0.886616,0.0264761,-0.478673,-1.03596,0.226382,0.0675763,-1.26799,0.156639,-0.0321617,0.998724,0.212245,-0.63784,-0.775643,-0.788799,1.94885,1.21166,0.828242,-0.92643,-0.62419,-1.08532,0.0134659,-0.922084,-1.04397,-1.82062,-0.720654,-1.94471,-0.376988,1.76676,-0.594025,1.17955,0.313105,1.16384,0.0323358,0.112372,0.276904,0.173359,1.84303,0.871915,-1.30925,-0.819472,-0.271119,0.144731,1.18899,1.07535,1.68402,1.67163,-0.91779,-0.253471,-1.68299,-0.374937,1.42931,0.855572,-1.19532,0.826826,0.543405,-1.10758,-0.509093,0.855348,-0.583594,-0.140335,-0.264267,-0.491176,-1.29646,-3.19107,0.0822963,0.973689,-0.706168,-1.1014,-0.328573,-0.768132,-0.476574,0.656824,-1.46632,-2.42737,1.38806,1.55826,0.528026,-0.145895,-0.808473,-0.437911,0.252568,1.41032,-0.0609758,-0.371716,0.761014,1.06403,-0.733817,0.622859,1.31769,-1.19379,-1.54923,-1.09948,0.461687,-1.31571,-0.463507,0.0493346,0.0410915,-1.03921,0.304061,-0.48865,-0.0995756,0.637933,-1.23812,0.706248,-0.380905,-0.440124,0.24857,1.57445,-0.69692,1.24466,0.944187,-1.35887,-0.315006,-0.715777,0.382607,-0.996458,-1.19885,0.132532,0.542434,1.78568,-0.540603,1.77247,-0.47268,-1.27447,0.793012,1.5212,0.309106,0.104539,-0.416923,0.0010572,-0.0911473,0.118402,-0.847623,0.0196961,-2.16978,-2.22019,0.702643,1.07369,0.652709,-0.296557,-2.66191,-0.650392,0.539343,-0.0237172,0.264769,-1.72544,-0.766252,1.15724,0.419654,-0.587744,0.494326,-1.07535,-0.842643,-547.184,-508.299,2761.5,815.011,520.894,-1882.04,-2005.36,-819.359,713.376,4167.89,684.524,-60.5022,-3825.74,-379.508,89.5438,-786.665,-2764.26,-1893.05,-1138.15,1330.48,3721.9,-4549.31,2287.66,267.703,-2638.59,-2872.07,3581.78,-691.08,1559.76,-2665.15,-3407.54,531.827,2745.55,-223.138,-3512.96,4957.76,-1430.38,-3610.6,1490.59,-2808.39,2647.86,134.514,1058.66,-2025.01,485.435,3088.29,-408.039,1755.96,-843.537,223.64,-979.537,157.066,-382.401,-1592.82,146.539,630.355,1663.4,390.568,-1767.98,-422.267,-1066.21,3073.98,426.967,1910.6,-1257.09,-400.344,-1141.72,499.265,-2604.22,-1076.11,-4120.46,-2216.12,-5824.17,-626.233,4606.2,242.817,3643.23,1542.24,2193.71,656.864,865.569,271.498,-601.193,3442.11,1343.81,-669.027,-589.169,-124.323,-568.395,1995.34,2199.27,3168.19,1360.03,-1589.59,215.181,-2315.43,-552.459,2949.46,968.289,-1405.52
-250354,0,1,0,1,1,250401,-0.384764,0.00591807,1.98251,0.65987,0.194549,-1.62464,-1.32884,-0.638008,0.776036,1.76188,-0.149657,0.116447,-1.54277,-0.0636614,0.2482,-1.00728,-1.59481,-1.01706,-0.127135,0.559175,1.40119,-1.61276,1.8305,-0.0898098,-1.26576,-1.76124,1.23195,-0.269686,1.22789,-1.59845,-1.56077,0.458786,1.996,-0.185011,-1.75004,1.38731,-0.797919,-1.56933,0.936032,-1.67351,1.35279,0.444837,1.42627,-1.3104,-0.0724454,0.89088,-0.393547,0.886616,0.0264761,-0.478673,-1.03596,0.226382,0.0675763,-1.26799,0.156639,-0.0321617,0.998724,0.212245,-0.63784,-0.775643,-0.788799,1.94885,1.21166,0.828242,-0.92643,-0.62419,-1.08532,0.0134659,-0.922084,-1.04397,-1.82062,-0.720654,-1.94471,-0.376988,1.76676,-0.594025,1.17955,0.313105,1.16384,0.0323358,0.112372,0.276904,0.173359,1.84303,0.871915,-1.30925,-0.819472,-0.271119,0.144731,1.18899,1.07535,1.68402,1.67163,-0.91779,-0.253471,-1.68299,-0.374937,1.42931,0.855572,-1.19532,-0.289034,1.59037,0.561624,1.62953,0.60054,0.303527,0.175787,-0.85107,0.285581,-1.25705,-0.192061,0.831412,-0.199251,-0.556948,-0.30739,0.0417177,0.464348,0.503052,-0.0527738,-0.25302,-0.526638,0.908559,-1.10923,1.76226,0.395665,-0.948654,-0.71769,0.995187,-0.870069,1.78136,0.739551,0.311088,1.10762,0.0924636,-0.157053,-0.795554,0.159245,0.641917,-0.267471,1.10672,1.88327,-0.159434,0.470511,0.546771,0.75012,0.000273958,2.33661,0.27125,1.13519,-1.30532,0.527266,-0.985285,-1.70781,0.432152,-0.40148,0.672439,1.07949,1.19123,1.40364,0.462811,0.176323,-0.615325,-0.0127162,-1.21101,0.888098,0.897071,1.50776,0.375743,1.24265,-0.450886,-0.21803,-0.758083,-1.24789,0.748529,-1.72657,1.06197,0.49959,1.10058,0.463184,0.552529,-0.754247,-2.17411,-0.700864,-0.786721,-0.635828,0.989283,0.178265,0.457039,0.275228,-1.91272,0.431534,-0.446855,-1.57665,1.83923,-0.726141,-0.913709,0.245484,1.29651,-1.79037,1.912,-547.184,-508.299,2761.5,815.011,520.894,-1882.04,-2005.36,-819.359,713.376,4167.89,684.524,-60.5022,-3825.74,-379.508,89.5438,-786.665,-2764.26,-1893.05,-1138.15,1330.48,3721.9,-4549.31,2287.66,267.703,-2638.59,-2872.07,3581.78,-691.08,1559.76,-2665.15,-3407.54,531.827,2745.55,-223.138,-3512.96,4957.76,-1430.38,-3610.6,1490.59,-2808.39,2647.86,134.514,1058.66,-2025.01,485.435,3088.29,-408.039,1755.96,-843.537,223.64,-979.537,157.066,-382.401,-1592.82,146.539,630.355,1663.4,390.568,-1767.98,-422.267,-1066.21,3073.98,426.967,1910.6,-1257.09,-400.344,-1141.72,499.265,-2604.22,-1076.11,-4120.46,-2216.12,-5824.17,-626.233,4606.2,242.817,3643.23,1542.24,2193.71,656.864,865.569,271.498,-601.193,3442.11,1343.81,-669.027,-589.169,-124.323,-568.395,1995.34,2199.27,3168.19,1360.03,-1589.59,215.181,-2315.43,-552.459,2949.46,968.289,-1405.52
-250354,0,1,0,1,1,250397,-0.384764,0.00591807,1.98251,0.65987,0.194549,-1.62464,-1.32884,-0.638008,0.776036,1.76188,-0.149657,0.116447,-1.54277,-0.0636614,0.2482,-1.00728,-1.59481,-1.01706,-0.127135,0.559175,1.40119,-1.61276,1.8305,-0.0898098,-1.26576,-1.76124,1.23195,-0.269686,1.22789,-1.59845,-1.56077,0.458786,1.996,-0.185011,-1.75004,1.38731,-0.797919,-1.56933,0.936032,-1.67351,1.35279,0.444837,1.42627,-1.3104,-0.0724454,0.89088,-0.393547,0.886616,0.0264761,-0.478673,-1.03596,0.226382,0.0675763,-1.26799,0.156639,-0.0321617,0.998724,0.212245,-0.63784,-0.775643,-0.788799,1.94885,1.21166,0.828242,-0.92643,-0.62419,-1.08532,0.0134659,-0.922084,-1.04397,-1.82062,-0.720654,-1.94471,-0.376988,1.76676,-0.594025,1.17955,0.313105,1.16384,0.0323358,0.112372,0.276904,0.173359,1.84303,0.871915,-1.30925,-0.819472,-0.271119,0.144731,1.18899,1.07535,1.68402,1.67163,-0.91779,-0.253471,-1.68299,-0.374937,1.42931,0.855572,-1.19532,-0.396243,-1.52746,0.174035,-0.678898,-0.72069,1.03521,-0.201871,0.264708,-1.27974,0.750502,0.957569,1.39116,-0.608546,1.85442,0.742211,0.413641,-1.32016,-1.68184,0.73745,0.992613,0.0736239,0.713064,0.240858,0.0286028,0.938917,-1.09131,-0.279329,-1.05843,-0.553242,-0.842483,2.38906,0.946645,-0.454675,-0.211266,0.786809,0.335047,-0.539037,-0.585087,-0.951457,0.216088,1.67113,-1.58655,0.615995,-1.08938,-0.533931,0.138276,-1.84967,0.617623,0.259089,-1.25107,0.344101,-1.522,0.0390414,0.666661,0.699128,0.144742,-0.75365,-0.862883,-1.11538,1.38864,-0.175534,1.33096,-0.899604,2.50996,0.736428,0.464351,-0.0182311,-0.60105,-0.297821,0.247432,-0.606216,-0.50494,0.523799,0.929922,-0.271112,-0.451115,0.927139,0.769533,1.22773,-0.48006,0.269127,-1.60285,1.09184,-0.0907067,1.34424,1.104,-0.688274,-0.56742,-0.988895,-0.23419,0.709074,0.183415,-1.25666,0.793442,1.46623,0.346158,0.607515,0.246845,-0.352141,0.911029,-547.184,-508.299,2761.5,815.011,520.894,-1882.04,-2005.36,-819.359,713.376,4167.89,684.524,-60.5022,-3825.74,-379.508,89.5438,-786.665,-2764.26,-1893.05,-1138.15,1330.48,3721.9,-4549.31,2287.66,267.703,-2638.59,-2872.07,3581.78,-691.08,1559.76,-2665.15,-3407.54,531.827,2745.55,-223.138,-3512.96,4957.76,-1430.38,-3610.6,1490.59,-2808.39,2647.86,134.514,1058.66,-2025.01,485.435,3088.29,-408.039,1755.96,-843.537,223.64,-979.537,157.066,-382.401,-1592.82,146.539,630.355,1663.4,390.568,-1767.98,-422.267,-1066.21,3073.98,426.967,1910.6,-1257.09,-400.344,-1141.72,499.265,-2604.22,-1076.11,-4120.46,-2216.12,-5824.17,-626.233,4606.2,242.817,3643.23,1542.24,2193.71,656.864,865.569,271.498,-601.193,3442.11,1343.81,-669.027,-589.169,-124.323,-568.395,1995.34,2199.27,3168.19,1360.03,-1589.59,215.181,-2315.43,-552.459,2949.46,968.289,-1405.52
-250354,0,1,0,1,1,250401,-0.384764,0.00591807,1.98251,0.65987,0.194549,-1.62464,-1.32884,-0.638008,0.776036,1.76188,-0.149657,0.116447,-1.54277,-0.0636614,0.2482,-1.00728,-1.59481,-1.01706,-0.127135,0.559175,1.40119,-1.61276,1.8305,-0.0898098,-1.26576,-1.76124,1.23195,-0.269686,1.22789,-1.59845,-1.56077,0.458786,1.996,-0.185011,-1.75004,1.38731,-0.797919,-1.56933,0.936032,-1.67351,1.35279,0.444837,1.42627,-1.3104,-0.0724454,0.89088,-0.393547,0.886616,0.0264761,-0.478673,-1.03596,0.226382,0.0675763,-1.26799,0.156639,-0.0321617,0.998724,0.212245,-0.63784,-0.775643,-0.788799,1.94885,1.21166,0.828242,-0.92643,-0.62419,-1.08532,0.0134659,-0.922084,-1.04397,-1.82062,-0.720654,-1.94471,-0.376988,1.76676,-0.594025,1.17955,0.313105,1.16384,0.0323358,0.112372,0.276904,0.173359,1.84303,0.871915,-1.30925,-0.819472,-0.271119,0.144731,1.18899,1.07535,1.68402,1.67163,-0.91779,-0.253471,-1.68299,-0.374937,1.42931,0.855572,-1.19532,0.942044,1.95382,0.0447556,0.443297,1.14461,-1.3614,0.298313,0.449188,0.0442683,-1.81133,-0.428465,-1.87749,-0.379557,-0.40344,-0.819371,-1.03567,-0.649698,-0.907539,-0.577577,-0.487977,-1.14124,0.428118,-1.00749,-1.73327,-1.71821,0.442759,-0.455871,-1.15775,0.353327,0.992103,-0.20247,-0.82896,0.482488,0.789431,-0.805904,-0.452786,-0.186297,-2.95094,0.507892,-0.307611,-0.216818,0.245116,-2.37509,0.202026,1.83343,-0.200546,-0.231638,1.87354,-0.255179,-0.882859,0.460495,0.530779,0.290982,0.108846,0.438812,0.475476,0.475515,0.348581,-0.129865,-0.797975,1.40304,-0.948565,-0.264865,1.15252,-0.817443,-0.317817,-0.139488,0.350533,-1.22002,1.28972,-0.800469,1.23292,0.0878054,1.29127,-0.843445,1.4171,0.272695,-0.748764,-1.37271,0.75196,0.173967,-0.271836,-0.148093,1.48474,-1.69193,0.613226,0.67379,0.791857,0.270361,0.19293,-1.28821,1.18755,-0.226328,0.755013,0.218336,-1.19405,-1.98487,-0.788158,-0.415814,1.16635,-547.184,-508.299,2761.5,815.011,520.894,-1882.04,-2005.36,-819.359,713.376,4167.89,684.524,-60.5022,-3825.74,-379.508,89.5438,-786.665,-2764.26,-1893.05,-1138.15,1330.48,3721.9,-4549.31,2287.66,267.703,-2638.59,-2872.07,3581.78,-691.08,1559.76,-2665.15,-3407.54,531.827,2745.55,-223.138,-3512.96,4957.76,-1430.38,-3610.6,1490.59,-2808.39,2647.86,134.514,1058.66,-2025.01,485.435,3088.29,-408.039,1755.96,-843.537,223.64,-979.537,157.066,-382.401,-1592.82,146.539,630.355,1663.4,390.568,-1767.98,-422.267,-1066.21,3073.98,426.967,1910.6,-1257.09,-400.344,-1141.72,499.265,-2604.22,-1076.11,-4120.46,-2216.12,-5824.17,-626.233,4606.2,242.817,3643.23,1542.24,2193.71,656.864,865.569,271.498,-601.193,3442.11,1343.81,-669.027,-589.169,-124.323,-568.395,1995.34,2199.27,3168.19,1360.03,-1589.59,215.181,-2315.43,-552.459,2949.46,968.289,-1405.52
-250354,0,1,0,1,1,250407,-0.384764,0.00591807,1.98251,0.65987,0.194549,-1.62464,-1.32884,-0.638008,0.776036,1.76188,-0.149657,0.116447,-1.54277,-0.0636614,0.2482,-1.00728,-1.59481,-1.01706,-0.127135,0.559175,1.40119,-1.61276,1.8305,-0.0898098,-1.26576,-1.76124,1.23195,-0.269686,1.22789,-1.59845,-1.56077,0.458786,1.996,-0.185011,-1.75004,1.38731,-0.797919,-1.56933,0.936032,-1.67351,1.35279,0.444837,1.42627,-1.3104,-0.0724454,0.89088,-0.393547,0.886616,0.0264761,-0.478673,-1.03596,0.226382,0.0675763,-1.26799,0.156639,-0.0321617,0.998724,0.212245,-0.63784,-0.775643,-0.788799,1.94885,1.21166,0.828242,-0.92643,-0.62419,-1.08532,0.0134659,-0.922084,-1.04397,-1.82062,-0.720654,-1.94471,-0.376988,1.76676,-0.594025,1.17955,0.313105,1.16384,0.0323358,0.112372,0.276904,0.173359,1.84303,0.871915,-1.30925,-0.819472,-0.271119,0.144731,1.18899,1.07535,1.68402,1.67163,-0.91779,-0.253471,-1.68299,-0.374937,1.42931,0.855572,-1.19532,-1.61971,-0.748134,1.13017,0.933909,-0.522057,0.156767,-0.79576,0.17638,0.429634,1.17952,1.50858,-1.02327,-0.952206,-1.75386,-1.11547,-0.64812,-0.728631,0.723423,1.35718,-0.572502,1.20086,-2.32334,-0.351324,0.266878,1.40592,-1.13977,-1.43602,-0.562251,-0.510224,-0.272756,-0.461947,0.410809,0.254622,0.5626,1.16727,0.956357,-0.211392,0.617006,0.925849,0.749776,-0.79394,-1.01616,-0.888196,0.563873,-0.15121,1.00123,0.104359,0.997917,0.127849,-1.46335,1.99633,1.22724,-0.728988,-1.17939,-0.214861,0.271352,-1.63488,2.51792,1.63692,-0.274863,0.676289,0.666807,1.0889,-1.30949,2.37889,0.358671,1.2897,-0.706749,1.10226,-0.3169,1.6251,-0.999621,0.86929,0.00471199,0.00463931,0.376779,0.921776,-0.142041,-0.224395,1.72088,1.17617,0.951357,0.877176,-0.139316,-0.40086,-1.79066,1.37329,-0.513176,0.0971056,-0.524963,-1.11399,0.047243,-0.68927,-0.0560423,-0.282496,-1.30963,1.83624,-0.953193,1.4617,1.4071,-547.184,-508.299,2761.5,815.011,520.894,-1882.04,-2005.36,-819.359,713.376,4167.89,684.524,-60.5022,-3825.74,-379.508,89.5438,-786.665,-2764.26,-1893.05,-1138.15,1330.48,3721.9,-4549.31,2287.66,267.703,-2638.59,-2872.07,3581.78,-691.08,1559.76,-2665.15,-3407.54,531.827,2745.55,-223.138,-3512.96,4957.76,-1430.38,-3610.6,1490.59,-2808.39,2647.86,134.514,1058.66,-2025.01,485.435,3088.29,-408.039,1755.96,-843.537,223.64,-979.537,157.066,-382.401,-1592.82,146.539,630.355,1663.4,390.568,-1767.98,-422.267,-1066.21,3073.98,426.967,1910.6,-1257.09,-400.344,-1141.72,499.265,-2604.22,-1076.11,-4120.46,-2216.12,-5824.17,-626.233,4606.2,242.817,3643.23,1542.24,2193.71,656.864,865.569,271.498,-601.193,3442.11,1343.81,-669.027,-589.169,-124.323,-568.395,1995.34,2199.27,3168.19,1360.03,-1589.59,215.181,-2315.43,-552.459,2949.46,968.289,-1405.52
-250354,0,1,0,1,1,250408,-0.384764,0.00591807,1.98251,0.65987,0.194549,-1.62464,-1.32884,-0.638008,0.776036,1.76188,-0.149657,0.116447,-1.54277,-0.0636614,0.2482,-1.00728,-1.59481,-1.01706,-0.127135,0.559175,1.40119,-1.61276,1.8305,-0.0898098,-1.26576,-1.76124,1.23195,-0.269686,1.22789,-1.59845,-1.56077,0.458786,1.996,-0.185011,-1.75004,1.38731,-0.797919,-1.56933,0.936032,-1.67351,1.35279,0.444837,1.42627,-1.3104,-0.0724454,0.89088,-0.393547,0.886616,0.0264761,-0.478673,-1.03596,0.226382,0.0675763,-1.26799,0.156639,-0.0321617,0.998724,0.212245,-0.63784,-0.775643,-0.788799,1.94885,1.21166,0.828242,-0.92643,-0.62419,-1.08532,0.0134659,-0.922084,-1.04397,-1.82062,-0.720654,-1.94471,-0.376988,1.76676,-0.594025,1.17955,0.313105,1.16384,0.0323358,0.112372,0.276904,0.173359,1.84303,0.871915,-1.30925,-0.819472,-0.271119,0.144731,1.18899,1.07535,1.68402,1.67163,-0.91779,-0.253471,-1.68299,-0.374937,1.42931,0.855572,-1.19532,-0.744921,0.316079,0.442846,-0.564867,1.46928,0.897959,0.345233,-2.00768,0.632732,0.948807,-0.0322118,0.225539,0.601407,0.767625,-0.123748,0.546528,1.86959,-0.108346,-0.242183,-0.653334,-0.900773,0.0711005,-0.168734,-0.199628,-0.849753,0.397546,-0.657641,0.926011,-1.44067,-1.05099,-0.670857,1.80852,-0.666954,-0.818842,-1.1193,-1.79833,-0.591798,1.16192,-1.74305,-0.680037,-0.704096,0.97694,-1.39435,-0.73162,0.975407,1.08856,1.21945,1.84159,-0.345641,0.137295,0.0386994,0.158414,-1.9636,1.92022,-0.929134,-0.938282,0.103532,1.20563,-2.28869,-1.12916,0.342215,0.657862,0.25611,1.71514,0.745162,0.931402,-0.651973,-0.822578,0.224222,0.675174,-0.352942,1.42649,-0.383043,0.921843,-0.807358,-2.41251,0.916798,-0.0169551,-1.37818,0.0388235,-1.00681,0.212553,-2.27934,-0.587179,0.210808,0.467655,0.537489,-0.764269,0.074673,1.29122,0.012216,-0.0669492,-0.596945,1.99445,0.204673,-2.52597,0.411986,-1.41504,-0.248012,-1.67826,-547.184,-508.299,2761.5,815.011,520.894,-1882.04,-2005.36,-819.359,713.376,4167.89,684.524,-60.5022,-3825.74,-379.508,89.5438,-786.665,-2764.26,-1893.05,-1138.15,1330.48,3721.9,-4549.31,2287.66,267.703,-2638.59,-2872.07,3581.78,-691.08,1559.76,-2665.15,-3407.54,531.827,2745.55,-223.138,-3512.96,4957.76,-1430.38,-3610.6,1490.59,-2808.39,2647.86,134.514,1058.66,-2025.01,485.435,3088.29,-408.039,1755.96,-843.537,223.64,-979.537,157.066,-382.401,-1592.82,146.539,630.355,1663.4,390.568,-1767.98,-422.267,-1066.21,3073.98,426.967,1910.6,-1257.09,-400.344,-1141.72,499.265,-2604.22,-1076.11,-4120.46,-2216.12,-5824.17,-626.233,4606.2,242.817,3643.23,1542.24,2193.71,656.864,865.569,271.498,-601.193,3442.11,1343.81,-669.027,-589.169,-124.323,-568.395,1995.34,2199.27,3168.19,1360.03,-1589.59,215.181,-2315.43,-552.459,2949.46,968.289,-1405.52
-250354,0,1,0,1,1,250413,-0.384764,0.00591807,1.98251,0.65987,0.194549,-1.62464,-1.32884,-0.638008,0.776036,1.76188,-0.149657,0.116447,-1.54277,-0.0636614,0.2482,-1.00728,-1.59481,-1.01706,-0.127135,0.559175,1.40119,-1.61276,1.8305,-0.0898098,-1.26576,-1.76124,1.23195,-0.269686,1.22789,-1.59845,-1.56077,0.458786,1.996,-0.185011,-1.75004,1.38731,-0.797919,-1.56933,0.936032,-1.67351,1.35279,0.444837,1.42627,-1.3104,-0.0724454,0.89088,-0.393547,0.886616,0.0264761,-0.478673,-1.03596,0.226382,0.0675763,-1.26799,0.156639,-0.0321617,0.998724,0.212245,-0.63784,-0.775643,-0.788799,1.94885,1.21166,0.828242,-0.92643,-0.62419,-1.08532,0.0134659,-0.922084,-1.04397,-1.82062,-0.720654,-1.94471,-0.376988,1.76676,-0.594025,1.17955,0.313105,1.16384,0.0323358,0.112372,0.276904,0.173359,1.84303,0.871915,-1.30925,-0.819472,-0.271119,0.144731,1.18899,1.07535,1.68402,1.67163,-0.91779,-0.253471,-1.68299,-0.374937,1.42931,0.855572,-1.19532,-0.296568,0.750745,1.05689,-1.69313,0.66283,-1.43921,0.92938,0.11489,0.109946,0.0406685,0.757369,-0.839982,0.0491725,-0.555227,-1.0266,-1.08024,-2.01603,0.73329,0.955455,0.183686,-0.784951,1.93608,-2.15782,0.35803,-1.04134,0.231666,0.324686,-1.46103,-1.80068,1.32751,-0.150079,0.386539,1.33075,-0.835698,-0.182879,2.55553,-0.48467,-0.241631,-0.953086,-0.485955,-0.989563,-0.301353,-2.15732,1.46873,-0.0793358,-0.868456,1.42352,-0.571461,0.48422,-2.05265,-1.1407,-0.864223,0.142872,-1.16657,-1.78785,-0.739962,1.65777,0.292318,1.56858,0.374723,0.981475,-0.0744623,-1.83626,-0.188366,0.05777,0.0454067,2.125,-0.329397,1.53648,-1.80003,0.709922,-0.368427,-0.0768484,-1.05736,0.00725128,-2.09635,0.0371027,-0.1805,0.496826,-1.35291,8.80874e-05,-2.06299,0.853809,0.994598,0.0759611,-1.25902,0.374373,-0.837149,0.544379,1.12998,-0.780182,1.29677,1.52995,-0.944982,-0.12628,-0.769567,-2.03091,0.215344,-0.231375,1.14543,-547.184,-508.299,2761.5,815.011,520.894,-1882.04,-2005.36,-819.359,713.376,4167.89,684.524,-60.5022,-3825.74,-379.508,89.5438,-786.665,-2764.26,-1893.05,-1138.15,1330.48,3721.9,-4549.31,2287.66,267.703,-2638.59,-2872.07,3581.78,-691.08,1559.76,-2665.15,-3407.54,531.827,2745.55,-223.138,-3512.96,4957.76,-1430.38,-3610.6,1490.59,-2808.39,2647.86,134.514,1058.66,-2025.01,485.435,3088.29,-408.039,1755.96,-843.537,223.64,-979.537,157.066,-382.401,-1592.82,146.539,630.355,1663.4,390.568,-1767.98,-422.267,-1066.21,3073.98,426.967,1910.6,-1257.09,-400.344,-1141.72,499.265,-2604.22,-1076.11,-4120.46,-2216.12,-5824.17,-626.233,4606.2,242.817,3643.23,1542.24,2193.71,656.864,865.569,271.498,-601.193,3442.11,1343.81,-669.027,-589.169,-124.323,-568.395,1995.34,2199.27,3168.19,1360.03,-1589.59,215.181,-2315.43,-552.459,2949.46,968.289,-1405.52
-250354,0,1,0,1,1,250398,-0.384764,0.00591807,1.98251,0.65987,0.194549,-1.62464,-1.32884,-0.638008,0.776036,1.76188,-0.149657,0.116447,-1.54277,-0.0636614,0.2482,-1.00728,-1.59481,-1.01706,-0.127135,0.559175,1.40119,-1.61276,1.8305,-0.0898098,-1.26576,-1.76124,1.23195,-0.269686,1.22789,-1.59845,-1.56077,0.458786,1.996,-0.185011,-1.75004,1.38731,-0.797919,-1.56933,0.936032,-1.67351,1.35279,0.444837,1.42627,-1.3104,-0.0724454,0.89088,-0.393547,0.886616,0.0264761,-0.478673,-1.03596,0.226382,0.0675763,-1.26799,0.156639,-0.0321617,0.998724,0.212245,-0.63784,-0.775643,-0.788799,1.94885,1.21166,0.828242,-0.92643,-0.62419,-1.08532,0.0134659,-0.922084,-1.04397,-1.82062,-0.720654,-1.94471,-0.376988,1.76676,-0.594025,1.17955,0.313105,1.16384,0.0323358,0.112372,0.276904,0.173359,1.84303,0.871915,-1.30925,-0.819472,-0.271119,0.144731,1.18899,1.07535,1.68402,1.67163,-0.91779,-0.253471,-1.68299,-0.374937,1.42931,0.855572,-1.19532,0.224974,1.06829,-0.0663617,-0.70365,1.87679,-1.66117,-0.872934,0.36857,-1.78426,0.528394,0.0535951,0.945015,-0.379913,0.591797,-0.257955,1.16139,1.08905,2.58967,-1.05538,0.285399,-1.16254,0.689535,0.223187,-0.691148,-0.228916,-1.27643,-0.205033,0.194093,-0.116546,0.0894553,-0.196493,-0.125457,0.976207,-1.03,0.0801942,0.148474,-0.383794,-0.660704,0.226148,1.01346,-0.280163,0.326164,-0.706473,-0.0862496,-0.0355238,1.36136,0.912247,0.175703,-1.75437,1.01081,0.164113,1.83041,-0.628245,0.671593,0.273081,1.07068,0.861445,-1.82858,0.291365,0.307674,0.646128,-0.576311,-0.169221,-1.16448,0.20179,-1.70077,1.22173,0.61341,1.34842,0.281182,-0.0160246,0.441816,1.22805,-0.308904,0.549728,-0.89533,0.223724,1.69291,0.441825,-1.19709,-0.790618,0.0985157,-0.253125,-0.356735,-0.674118,-1.77592,-0.511104,1.48243,-0.690089,0.00313861,0.894043,-2.2821,1.44612,0.41282,-1.74884,-1.10832,-0.125665,0.566252,-1.09619,0.405561,-547.184,-508.299,2761.5,815.011,520.894,-1882.04,-2005.36,-819.359,713.376,4167.89,684.524,-60.5022,-3825.74,-379.508,89.5438,-786.665,-2764.26,-1893.05,-1138.15,1330.48,3721.9,-4549.31,2287.66,267.703,-2638.59,-2872.07,3581.78,-691.08,1559.76,-2665.15,-3407.54,531.827,2745.55,-223.138,-3512.96,4957.76,-1430.38,-3610.6,1490.59,-2808.39,2647.86,134.514,1058.66,-2025.01,485.435,3088.29,-408.039,1755.96,-843.537,223.64,-979.537,157.066,-382.401,-1592.82,146.539,630.355,1663.4,390.568,-1767.98,-422.267,-1066.21,3073.98,426.967,1910.6,-1257.09,-400.344,-1141.72,499.265,-2604.22,-1076.11,-4120.46,-2216.12,-5824.17,-626.233,4606.2,242.817,3643.23,1542.24,2193.71,656.864,865.569,271.498,-601.193,3442.11,1343.81,-669.027,-589.169,-124.323,-568.395,1995.34,2199.27,3168.19,1360.03,-1589.59,215.181,-2315.43,-552.459,2949.46,968.289,-1405.52
-250354,0,1,0,1,1,250391,-0.384764,0.00591807,1.98251,0.65987,0.194549,-1.62464,-1.32884,-0.638008,0.776036,1.76188,-0.149657,0.116447,-1.54277,-0.0636614,0.2482,-1.00728,-1.59481,-1.01706,-0.127135,0.559175,1.40119,-1.61276,1.8305,-0.0898098,-1.26576,-1.76124,1.23195,-0.269686,1.22789,-1.59845,-1.56077,0.458786,1.996,-0.185011,-1.75004,1.38731,-0.797919,-1.56933,0.936032,-1.67351,1.35279,0.444837,1.42627,-1.3104,-0.0724454,0.89088,-0.393547,0.886616,0.0264761,-0.478673,-1.03596,0.226382,0.0675763,-1.26799,0.156639,-0.0321617,0.998724,0.212245,-0.63784,-0.775643,-0.788799,1.94885,1.21166,0.828242,-0.92643,-0.62419,-1.08532,0.0134659,-0.922084,-1.04397,-1.82062,-0.720654,-1.94471,-0.376988,1.76676,-0.594025,1.17955,0.313105,1.16384,0.0323358,0.112372,0.276904,0.173359,1.84303,0.871915,-1.30925,-0.819472,-0.271119,0.144731,1.18899,1.07535,1.68402,1.67163,-0.91779,-0.253471,-1.68299,-0.374937,1.42931,0.855572,-1.19532,0.497872,1.46664,0.380518,1.26337,-1.06626,0.211574,-0.0496352,-0.738668,-1.141,-1.83223,-0.202403,0.32073,1.08591,0.508064,-0.0402056,1.31204,-0.0123569,0.313644,-0.183211,-0.650908,1.52556,-0.0368214,-0.768349,-0.213244,0.642289,-0.931581,-0.603708,1.06501,0.622218,1.33552,1.91245,0.343339,0.571118,-1.9384,-1.62608,0.516405,0.506376,0.688071,-0.0821208,-0.964036,0.279217,0.0581239,2.04538,0.322696,-0.341136,0.23605,0.876747,1.59141,-0.00719583,0.183158,-1.24707,0.0754599,0.794834,-0.785927,0.145432,-0.744964,0.581706,0.0187868,1.30606,-0.0162601,-0.842548,0.20731,0.469087,-0.141368,0.14665,-0.0881739,-1.04072,0.858088,-0.285025,-0.0456553,0.417615,1.51974,-0.646491,-0.933465,1.44453,-0.0259125,0.938003,0.758225,0.642259,-0.651879,0.450606,-0.161652,0.501214,0.0531809,0.209721,0.583754,-0.167426,1.44828,1.50652,1.04591,0.467042,0.516531,-0.582601,0.715671,-0.496429,0.231345,0.13866,-0.572715,2.38742,-0.827658,-547.184,-508.299,2761.5,815.011,520.894,-1882.04,-2005.36,-819.359,713.376,4167.89,684.524,-60.5022,-3825.74,-379.508,89.5438,-786.665,-2764.26,-1893.05,-1138.15,1330.48,3721.9,-4549.31,2287.66,267.703,-2638.59,-2872.07,3581.78,-691.08,1559.76,-2665.15,-3407.54,531.827,2745.55,-223.138,-3512.96,4957.76,-1430.38,-3610.6,1490.59,-2808.39,2647.86,134.514,1058.66,-2025.01,485.435,3088.29,-408.039,1755.96,-843.537,223.64,-979.537,157.066,-382.401,-1592.82,146.539,630.355,1663.4,390.568,-1767.98,-422.267,-1066.21,3073.98,426.967,1910.6,-1257.09,-400.344,-1141.72,499.265,-2604.22,-1076.11,-4120.46,-2216.12,-5824.17,-626.233,4606.2,242.817,3643.23,1542.24,2193.71,656.864,865.569,271.498,-601.193,3442.11,1343.81,-669.027,-589.169,-124.323,-568.395,1995.34,2199.27,3168.19,1360.03,-1589.59,215.181,-2315.43,-552.459,2949.46,968.289,-1405.52
-250354,0,1,0,1,1,250413,-0.384764,0.00591807,1.98251,0.65987,0.194549,-1.62464,-1.32884,-0.638008,0.776036,1.76188,-0.149657,0.116447,-1.54277,-0.0636614,0.2482,-1.00728,-1.59481,-1.01706,-0.127135,0.559175,1.40119,-1.61276,1.8305,-0.0898098,-1.26576,-1.76124,1.23195,-0.269686,1.22789,-1.59845,-1.56077,0.458786,1.996,-0.185011,-1.75004,1.38731,-0.797919,-1.56933,0.936032,-1.67351,1.35279,0.444837,1.42627,-1.3104,-0.0724454,0.89088,-0.393547,0.886616,0.0264761,-0.478673,-1.03596,0.226382,0.0675763,-1.26799,0.156639,-0.0321617,0.998724,0.212245,-0.63784,-0.775643,-0.788799,1.94885,1.21166,0.828242,-0.92643,-0.62419,-1.08532,0.0134659,-0.922084,-1.04397,-1.82062,-0.720654,-1.94471,-0.376988,1.76676,-0.594025,1.17955,0.313105,1.16384,0.0323358,0.112372,0.276904,0.173359,1.84303,0.871915,-1.30925,-0.819472,-0.271119,0.144731,1.18899,1.07535,1.68402,1.67163,-0.91779,-0.253471,-1.68299,-0.374937,1.42931,0.855572,-1.19532,0.884085,0.371601,0.264602,1.04819,0.583903,-0.711207,-0.0650408,-0.0304357,-0.199748,1.04456,1.8039,0.801158,-2.67224,0.175704,0.501713,0.950628,-0.591226,-0.810636,-0.466525,0.499469,-0.0869111,1.00221,0.103207,-1.92056,0.221135,1.76534,0.439166,0.570811,-0.468435,-0.473305,3.04721,-1.27273,-0.00940089,-0.448698,-0.166876,-0.651648,2.04451,0.967719,-0.458701,-0.325826,-0.547227,-1.35032,-0.565165,0.909831,0.919111,-0.956175,-1.72098,-0.482468,0.0258648,-0.74524,-0.671458,-0.699086,0.905339,2.57542,-1.04109,2.51197,0.631881,-1.04187,-0.479213,1.27413,-0.909818,-0.11505,2.52652,-1.2588,1.44173,1.26968,0.184906,-0.899856,-1.07248,-0.287775,-0.36926,0.567564,0.254881,-0.215666,1.89394,1.40819,0.199046,0.517906,0.499098,0.0555805,-0.36925,-0.994164,-1.22176,0.192907,0.65478,0.177227,0.729127,1.42202,-0.533389,-1.23808,-3.0855,-0.532194,-0.50251,-0.489184,0.507235,0.905157,-0.735217,1.70162,1.5195,-0.865848,-547.184,-508.299,2761.5,815.011,520.894,-1882.04,-2005.36,-819.359,713.376,4167.89,684.524,-60.5022,-3825.74,-379.508,89.5438,-786.665,-2764.26,-1893.05,-1138.15,1330.48,3721.9,-4549.31,2287.66,267.703,-2638.59,-2872.07,3581.78,-691.08,1559.76,-2665.15,-3407.54,531.827,2745.55,-223.138,-3512.96,4957.76,-1430.38,-3610.6,1490.59,-2808.39,2647.86,134.514,1058.66,-2025.01,485.435,3088.29,-408.039,1755.96,-843.537,223.64,-979.537,157.066,-382.401,-1592.82,146.539,630.355,1663.4,390.568,-1767.98,-422.267,-1066.21,3073.98,426.967,1910.6,-1257.09,-400.344,-1141.72,499.265,-2604.22,-1076.11,-4120.46,-2216.12,-5824.17,-626.233,4606.2,242.817,3643.23,1542.24,2193.71,656.864,865.569,271.498,-601.193,3442.11,1343.81,-669.027,-589.169,-124.323,-568.395,1995.34,2199.27,3168.19,1360.03,-1589.59,215.181,-2315.43,-552.459,2949.46,968.289,-1405.52
-250354,0,1,0,1,1,250414,-0.384764,0.00591807,1.98251,0.65987,0.194549,-1.62464,-1.32884,-0.638008,0.776036,1.76188,-0.149657,0.116447,-1.54277,-0.0636614,0.2482,-1.00728,-1.59481,-1.01706,-0.127135,0.559175,1.40119,-1.61276,1.8305,-0.0898098,-1.26576,-1.76124,1.23195,-0.269686,1.22789,-1.59845,-1.56077,0.458786,1.996,-0.185011,-1.75004,1.38731,-0.797919,-1.56933,0.936032,-1.67351,1.35279,0.444837,1.42627,-1.3104,-0.0724454,0.89088,-0.393547,0.886616,0.0264761,-0.478673,-1.03596,0.226382,0.0675763,-1.26799,0.156639,-0.0321617,0.998724,0.212245,-0.63784,-0.775643,-0.788799,1.94885,1.21166,0.828242,-0.92643,-0.62419,-1.08532,0.0134659,-0.922084,-1.04397,-1.82062,-0.720654,-1.94471,-0.376988,1.76676,-0.594025,1.17955,0.313105,1.16384,0.0323358,0.112372,0.276904,0.173359,1.84303,0.871915,-1.30925,-0.819472,-0.271119,0.144731,1.18899,1.07535,1.68402,1.67163,-0.91779,-0.253471,-1.68299,-0.374937,1.42931,0.855572,-1.19532,-0.0167197,-0.725174,-0.623659,-0.336245,1.41137,0.148459,-0.344105,-1.56482,0.471391,0.0442526,0.109609,-0.847859,-0.335357,1.32414,-0.255131,1.79713,-2.03742,-1.25963,-0.190119,0.547879,-0.229965,1.07797,-0.0955392,-0.00166364,0.0934479,0.986902,0.504647,-0.698652,-0.706147,-0.151884,0.471098,-2.18997,2.87489,-3.03615,-0.0333675,-0.221089,-1.62909,-0.630694,-1.31973,1.37047,-0.917258,0.385054,1.225,-1.23721,-1.40788,-0.0920197,-0.469219,-2.13529,-1.02679,0.503007,0.740313,-0.453783,0.728316,-2.15155,0.277247,-0.360997,-0.119291,-1.17993,0.302011,-1.13569,2.21671,1.16833,-2.19289,-0.401334,0.473305,1.04202,0.528991,-0.806774,-0.0583246,0.894187,-1.26087,1.07472,0.174305,0.505129,-0.193831,-0.429521,-1.67867,-1.43648,0.522277,-1.45338,0.389355,0.938463,0.229587,0.911915,-0.867763,-0.399606,0.393122,-0.88747,-0.473874,1.5266,0.417192,1.58652,-1.95666,1.20467,1.28192,-0.476352,-0.210984,1.02896,0.948572,2.18954,-547.184,-508.299,2761.5,815.011,520.894,-1882.04,-2005.36,-819.359,713.376,4167.89,684.524,-60.5022,-3825.74,-379.508,89.5438,-786.665,-2764.26,-1893.05,-1138.15,1330.48,3721.9,-4549.31,2287.66,267.703,-2638.59,-2872.07,3581.78,-691.08,1559.76,-2665.15,-3407.54,531.827,2745.55,-223.138,-3512.96,4957.76,-1430.38,-3610.6,1490.59,-2808.39,2647.86,134.514,1058.66,-2025.01,485.435,3088.29,-408.039,1755.96,-843.537,223.64,-979.537,157.066,-382.401,-1592.82,146.539,630.355,1663.4,390.568,-1767.98,-422.267,-1066.21,3073.98,426.967,1910.6,-1257.09,-400.344,-1141.72,499.265,-2604.22,-1076.11,-4120.46,-2216.12,-5824.17,-626.233,4606.2,242.817,3643.23,1542.24,2193.71,656.864,865.569,271.498,-601.193,3442.11,1343.81,-669.027,-589.169,-124.323,-568.395,1995.34,2199.27,3168.19,1360.03,-1589.59,215.181,-2315.43,-552.459,2949.46,968.289,-1405.52
-250354,0,1,0,1,1,250412,-0.384764,0.00591807,1.98251,0.65987,0.194549,-1.62464,-1.32884,-0.638008,0.776036,1.76188,-0.149657,0.116447,-1.54277,-0.0636614,0.2482,-1.00728,-1.59481,-1.01706,-0.127135,0.559175,1.40119,-1.61276,1.8305,-0.0898098,-1.26576,-1.76124,1.23195,-0.269686,1.22789,-1.59845,-1.56077,0.458786,1.996,-0.185011,-1.75004,1.38731,-0.797919,-1.56933,0.936032,-1.67351,1.35279,0.444837,1.42627,-1.3104,-0.0724454,0.89088,-0.393547,0.886616,0.0264761,-0.478673,-1.03596,0.226382,0.0675763,-1.26799,0.156639,-0.0321617,0.998724,0.212245,-0.63784,-0.775643,-0.788799,1.94885,1.21166,0.828242,-0.92643,-0.62419,-1.08532,0.0134659,-0.922084,-1.04397,-1.82062,-0.720654,-1.94471,-0.376988,1.76676,-0.594025,1.17955,0.313105,1.16384,0.0323358,0.112372,0.276904,0.173359,1.84303,0.871915,-1.30925,-0.819472,-0.271119,0.144731,1.18899,1.07535,1.68402,1.67163,-0.91779,-0.253471,-1.68299,-0.374937,1.42931,0.855572,-1.19532,0.294275,0.83829,1.88318,-0.305856,0.717309,0.124943,-1.10533,2.53637,0.857792,-0.331387,0.510068,1.37595,1.20568,1.95795,1.9092,-0.322196,-1.56301,-0.0552757,0.974582,-1.12074,-0.455131,1.49679,-0.702475,-0.554192,-0.228088,-0.115457,0.073264,-0.769679,-0.625367,-0.0412732,0.475074,-0.435384,-0.301038,0.439767,1.03319,0.595083,-2.37198,0.437427,0.967929,-0.723442,2.22533,2.57698,-0.489422,0.190295,0.321341,0.83507,-1.6604,-0.967539,-1.16641,0.905855,0.00288593,-0.179426,-1.04775,-0.0471832,0.0886086,0.151866,-0.791607,0.319261,-0.500548,0.970683,-0.223457,-1.2637,-1.27232,-0.172013,-1.38655,1.92983,0.623409,0.0288844,0.705642,-2.46048,-0.451879,0.649642,1.83582,0.411127,-0.401978,-0.258102,1.61469,-0.945871,-0.577488,-1.65352,0.676173,0.936632,0.306733,0.600754,-0.259334,-0.324005,-2.84494,2.23799,-0.331869,0.882702,0.826376,0.112508,-0.591892,-0.546803,0.772774,1.10232,0.569481,-1.54655,0.554774,1.34256,-547.184,-508.299,2761.5,815.011,520.894,-1882.04,-2005.36,-819.359,713.376,4167.89,684.524,-60.5022,-3825.74,-379.508,89.5438,-786.665,-2764.26,-1893.05,-1138.15,1330.48,3721.9,-4549.31,2287.66,267.703,-2638.59,-2872.07,3581.78,-691.08,1559.76,-2665.15,-3407.54,531.827,2745.55,-223.138,-3512.96,4957.76,-1430.38,-3610.6,1490.59,-2808.39,2647.86,134.514,1058.66,-2025.01,485.435,3088.29,-408.039,1755.96,-843.537,223.64,-979.537,157.066,-382.401,-1592.82,146.539,630.355,1663.4,390.568,-1767.98,-422.267,-1066.21,3073.98,426.967,1910.6,-1257.09,-400.344,-1141.72,499.265,-2604.22,-1076.11,-4120.46,-2216.12,-5824.17,-626.233,4606.2,242.817,3643.23,1542.24,2193.71,656.864,865.569,271.498,-601.193,3442.11,1343.81,-669.027,-589.169,-124.323,-568.395,1995.34,2199.27,3168.19,1360.03,-1589.59,215.181,-2315.43,-552.459,2949.46,968.289,-1405.52
-250354,0,1,0,1,1,250424,-0.384764,0.00591807,1.98251,0.65987,0.194549,-1.62464,-1.32884,-0.638008,0.776036,1.76188,-0.149657,0.116447,-1.54277,-0.0636614,0.2482,-1.00728,-1.59481,-1.01706,-0.127135,0.559175,1.40119,-1.61276,1.8305,-0.0898098,-1.26576,-1.76124,1.23195,-0.269686,1.22789,-1.59845,-1.56077,0.458786,1.996,-0.185011,-1.75004,1.38731,-0.797919,-1.56933,0.936032,-1.67351,1.35279,0.444837,1.42627,-1.3104,-0.0724454,0.89088,-0.393547,0.886616,0.0264761,-0.478673,-1.03596,0.226382,0.0675763,-1.26799,0.156639,-0.0321617,0.998724,0.212245,-0.63784,-0.775643,-0.788799,1.94885,1.21166,0.828242,-0.92643,-0.62419,-1.08532,0.0134659,-0.922084,-1.04397,-1.82062,-0.720654,-1.94471,-0.376988,1.76676,-0.594025,1.17955,0.313105,1.16384,0.0323358,0.112372,0.276904,0.173359,1.84303,0.871915,-1.30925,-0.819472,-0.271119,0.144731,1.18899,1.07535,1.68402,1.67163,-0.91779,-0.253471,-1.68299,-0.374937,1.42931,0.855572,-1.19532,0.893509,-2.92211,0.675807,0.906728,0.957944,0.228832,-1.69531,0.798403,-0.324669,-0.999569,1.59819,-0.855863,-1.99695,1.06916,-0.612032,-0.0520477,-0.976364,0.239414,1.76414,-0.500846,-0.26148,-0.774164,-0.626877,-1.78366,0.723547,-0.915718,0.483546,1.8232,0.671679,1.70998,-0.298574,-0.839578,-2.3993,0.586591,0.289598,-0.0714845,-0.203223,0.780854,0.0778017,-0.875329,1.19846,0.108846,0.447583,0.468194,0.520966,0.836881,0.357744,-2.81305,-0.910237,-0.125948,-1.96514,2.30093,0.582777,-1.08271,1.33126,0.183602,-0.478133,-0.928106,0.515378,-0.161851,0.212748,1.04412,0.809293,0.741095,-1.02121,-0.135929,-0.730563,-1.14994,-1.90314,-0.386131,-0.792661,-0.444427,0.870001,-0.23336,-1.69033,2.0587,-1.91417,-1.65328,-0.0751074,-0.709886,0.711074,-0.782881,1.11177,0.151625,0.191041,-1.1206,1.41195,-1.26209,0.871525,-3.30308,1.05957,-3.12556,-2.34526,-0.133365,0.1344,0.516179,-1.48566,0.714536,0.393381,1.23838,-547.184,-508.299,2761.5,815.011,520.894,-1882.04,-2005.36,-819.359,713.376,4167.89,684.524,-60.5022,-3825.74,-379.508,89.5438,-786.665,-2764.26,-1893.05,-1138.15,1330.48,3721.9,-4549.31,2287.66,267.703,-2638.59,-2872.07,3581.78,-691.08,1559.76,-2665.15,-3407.54,531.827,2745.55,-223.138,-3512.96,4957.76,-1430.38,-3610.6,1490.59,-2808.39,2647.86,134.514,1058.66,-2025.01,485.435,3088.29,-408.039,1755.96,-843.537,223.64,-979.537,157.066,-382.401,-1592.82,146.539,630.355,1663.4,390.568,-1767.98,-422.267,-1066.21,3073.98,426.967,1910.6,-1257.09,-400.344,-1141.72,499.265,-2604.22,-1076.11,-4120.46,-2216.12,-5824.17,-626.233,4606.2,242.817,3643.23,1542.24,2193.71,656.864,865.569,271.498,-601.193,3442.11,1343.81,-669.027,-589.169,-124.323,-568.395,1995.34,2199.27,3168.19,1360.03,-1589.59,215.181,-2315.43,-552.459,2949.46,968.289,-1405.52
-250354,0,1,0,1,1,250388,-0.384764,0.00591807,1.98251,0.65987,0.194549,-1.62464,-1.32884,-0.638008,0.776036,1.76188,-0.149657,0.116447,-1.54277,-0.0636614,0.2482,-1.00728,-1.59481,-1.01706,-0.127135,0.559175,1.40119,-1.61276,1.8305,-0.0898098,-1.26576,-1.76124,1.23195,-0.269686,1.22789,-1.59845,-1.56077,0.458786,1.996,-0.185011,-1.75004,1.38731,-0.797919,-1.56933,0.936032,-1.67351,1.35279,0.444837,1.42627,-1.3104,-0.0724454,0.89088,-0.393547,0.886616,0.0264761,-0.478673,-1.03596,0.226382,0.0675763,-1.26799,0.156639,-0.0321617,0.998724,0.212245,-0.63784,-0.775643,-0.788799,1.94885,1.21166,0.828242,-0.92643,-0.62419,-1.08532,0.0134659,-0.922084,-1.04397,-1.82062,-0.720654,-1.94471,-0.376988,1.76676,-0.594025,1.17955,0.313105,1.16384,0.0323358,0.112372,0.276904,0.173359,1.84303,0.871915,-1.30925,-0.819472,-0.271119,0.144731,1.18899,1.07535,1.68402,1.67163,-0.91779,-0.253471,-1.68299,-0.374937,1.42931,0.855572,-1.19532,-1.00567,-0.530898,0.168533,1.57492,-0.907532,0.567188,0.408383,0.810998,0.254299,-1.33309,0.506512,-0.587698,-2.285,0.0581029,0.384116,-0.450334,0.436015,0.572621,0.333795,0.215855,-0.815006,-1.4722,-0.598932,0.731527,1.52541,-0.191076,0.196642,-0.312132,0.83471,-1.00576,-0.165738,0.339684,0.456745,0.0780309,-0.0573168,-1.44023,0.330817,-0.721433,-0.827674,0.257814,1.88711,1.35739,-0.43607,-0.453136,0.0765098,-1.17571,0.0194302,-0.276939,-0.175773,0.220538,1.24889,-0.0311397,-0.126088,-1.09846,0.556292,-0.76498,-0.410431,-1.63308,-0.624045,0.06349,-1.01154,0.0273607,-0.708887,0.883369,-0.163922,-1.13724,0.893712,0.12611,1.04846,-0.121071,0.394645,-1.83873,-0.908692,0.0486354,0.137525,1.53012,1.04059,-0.352895,0.215076,1.21345,0.440993,0.25891,0.0294309,0.339608,-0.468691,-0.354531,0.906716,0.842585,0.479238,-1.20699,-0.321429,-0.326351,0.820668,-0.810052,-0.189952,-0.937384,0.428962,-1.7028,0.146508,-1.72913,-547.184,-508.299,2761.5,815.011,520.894,-1882.04,-2005.36,-819.359,713.376,4167.89,684.524,-60.5022,-3825.74,-379.508,89.5438,-786.665,-2764.26,-1893.05,-1138.15,1330.48,3721.9,-4549.31,2287.66,267.703,-2638.59,-2872.07,3581.78,-691.08,1559.76,-2665.15,-3407.54,531.827,2745.55,-223.138,-3512.96,4957.76,-1430.38,-3610.6,1490.59,-2808.39,2647.86,134.514,1058.66,-2025.01,485.435,3088.29,-408.039,1755.96,-843.537,223.64,-979.537,157.066,-382.401,-1592.82,146.539,630.355,1663.4,390.568,-1767.98,-422.267,-1066.21,3073.98,426.967,1910.6,-1257.09,-400.344,-1141.72,499.265,-2604.22,-1076.11,-4120.46,-2216.12,-5824.17,-626.233,4606.2,242.817,3643.23,1542.24,2193.71,656.864,865.569,271.498,-601.193,3442.11,1343.81,-669.027,-589.169,-124.323,-568.395,1995.34,2199.27,3168.19,1360.03,-1589.59,215.181,-2315.43,-552.459,2949.46,968.289,-1405.52
-250354,0,1,0,1,1,250394,-0.384764,0.00591807,1.98251,0.65987,0.194549,-1.62464,-1.32884,-0.638008,0.776036,1.76188,-0.149657,0.116447,-1.54277,-0.0636614,0.2482,-1.00728,-1.59481,-1.01706,-0.127135,0.559175,1.40119,-1.61276,1.8305,-0.0898098,-1.26576,-1.76124,1.23195,-0.269686,1.22789,-1.59845,-1.56077,0.458786,1.996,-0.185011,-1.75004,1.38731,-0.797919,-1.56933,0.936032,-1.67351,1.35279,0.444837,1.42627,-1.3104,-0.0724454,0.89088,-0.393547,0.886616,0.0264761,-0.478673,-1.03596,0.226382,0.0675763,-1.26799,0.156639,-0.0321617,0.998724,0.212245,-0.63784,-0.775643,-0.788799,1.94885,1.21166,0.828242,-0.92643,-0.62419,-1.08532,0.0134659,-0.922084,-1.04397,-1.82062,-0.720654,-1.94471,-0.376988,1.76676,-0.594025,1.17955,0.313105,1.16384,0.0323358,0.112372,0.276904,0.173359,1.84303,0.871915,-1.30925,-0.819472,-0.271119,0.144731,1.18899,1.07535,1.68402,1.67163,-0.91779,-0.253471,-1.68299,-0.374937,1.42931,0.855572,-1.19532,-0.461357,-0.195687,-0.288568,-0.0515134,-0.47697,-0.287439,0.759992,-1.1699,-0.643149,-0.0791637,-0.0549976,-1.1454,-0.697837,-0.30015,-1.18188,-0.375809,0.472118,0.424146,0.0620051,-0.431645,-0.0899988,-0.947941,-0.57151,-1.54736,-0.291544,0.287343,0.900821,-1.66648,-1.18879,-0.610414,-0.172917,-0.214957,1.13598,0.789438,0.801764,-0.809898,0.877035,-0.0691446,0.510323,-0.425026,0.707026,-0.231638,0.217994,-0.238948,-0.0817428,-0.940135,-0.328552,0.194954,0.212777,0.66813,0.480248,-1.15133,2.82178,-0.17687,-0.229426,-0.125664,-0.691522,1.48516,1.61804,-0.505935,-1.71306,-1.95443,-0.0992867,1.40662,0.694298,0.52139,-2.20344,-0.254635,-1.06721,0.727213,0.0833489,0.452824,-0.294036,-0.374562,0.0930377,1.63643,-2.16338,1.09577,-0.755441,-2.41437,-1.17271,-0.76238,-0.830036,0.168613,1.09693,0.311657,-1.22401,0.0304208,-0.120815,0.101424,0.244232,0.698302,-0.69643,0.146189,-0.238543,0.0789119,-1.43552,-0.147776,-1.14088,-0.000433987,-547.184,-508.299,2761.5,815.011,520.894,-1882.04,-2005.36,-819.359,713.376,4167.89,684.524,-60.5022,-3825.74,-379.508,89.5438,-786.665,-2764.26,-1893.05,-1138.15,1330.48,3721.9,-4549.31,2287.66,267.703,-2638.59,-2872.07,3581.78,-691.08,1559.76,-2665.15,-3407.54,531.827,2745.55,-223.138,-3512.96,4957.76,-1430.38,-3610.6,1490.59,-2808.39,2647.86,134.514,1058.66,-2025.01,485.435,3088.29,-408.039,1755.96,-843.537,223.64,-979.537,157.066,-382.401,-1592.82,146.539,630.355,1663.4,390.568,-1767.98,-422.267,-1066.21,3073.98,426.967,1910.6,-1257.09,-400.344,-1141.72,499.265,-2604.22,-1076.11,-4120.46,-2216.12,-5824.17,-626.233,4606.2,242.817,3643.23,1542.24,2193.71,656.864,865.569,271.498,-601.193,3442.11,1343.81,-669.027,-589.169,-124.323,-568.395,1995.34,2199.27,3168.19,1360.03,-1589.59,215.181,-2315.43,-552.459,2949.46,968.289,-1405.52
-250354,0,1,0,1,1,250391,-0.384764,0.00591807,1.98251,0.65987,0.194549,-1.62464,-1.32884,-0.638008,0.776036,1.76188,-0.149657,0.116447,-1.54277,-0.0636614,0.2482,-1.00728,-1.59481,-1.01706,-0.127135,0.559175,1.40119,-1.61276,1.8305,-0.0898098,-1.26576,-1.76124,1.23195,-0.269686,1.22789,-1.59845,-1.56077,0.458786,1.996,-0.185011,-1.75004,1.38731,-0.797919,-1.56933,0.936032,-1.67351,1.35279,0.444837,1.42627,-1.3104,-0.0724454,0.89088,-0.393547,0.886616,0.0264761,-0.478673,-1.03596,0.226382,0.0675763,-1.26799,0.156639,-0.0321617,0.998724,0.212245,-0.63784,-0.775643,-0.788799,1.94885,1.21166,0.828242,-0.92643,-0.62419,-1.08532,0.0134659,-0.922084,-1.04397,-1.82062,-0.720654,-1.94471,-0.376988,1.76676,-0.594025,1.17955,0.313105,1.16384,0.0323358,0.112372,0.276904,0.173359,1.84303,0.871915,-1.30925,-0.819472,-0.271119,0.144731,1.18899,1.07535,1.68402,1.67163,-0.91779,-0.253471,-1.68299,-0.374937,1.42931,0.855572,-1.19532,0.178493,-1.0543,-0.781262,1.57499,0.0320284,-0.67418,-0.168007,0.680003,-0.0510029,0.400953,0.0125166,-0.5104,-0.751091,0.816727,-0.285543,1.62232,-0.56283,-0.720943,-1.12752,0.716033,0.573127,-0.945335,-0.327701,0.242308,-0.585308,-2.03624,-0.332966,-0.791347,0.0729839,0.298319,0.142336,-1.18759,0.779613,0.179716,0.496306,1.23737,1.37361,0.306756,0.77376,-0.598908,-0.0958182,-0.107676,1.03041,-0.997587,1.40235,0.653958,-1.07503,0.0309507,-0.0220596,0.607692,1.44011,-0.605985,0.464812,-0.856941,0.809369,-0.69573,-1.99744,0.222418,0.684277,0.614769,-0.674805,0.0361815,-0.150939,0.0736248,-1.17241,0.476559,-0.793252,0.637749,-0.272025,-1.16845,0.632438,-1.68336,-0.274257,-0.976083,-0.577243,-0.943357,0.333682,-0.977009,-0.650003,0.330412,0.54473,1.2296,0.703594,-2.02991,-0.420548,-2.0098,-0.55401,1.19468,-0.993828,1.63218,0.00373737,0.165483,-0.0966272,-1.26246,0.230666,0.294068,0.0616754,1.02358,-1.14192,-0.479395,-547.184,-508.299,2761.5,815.011,520.894,-1882.04,-2005.36,-819.359,713.376,4167.89,684.524,-60.5022,-3825.74,-379.508,89.5438,-786.665,-2764.26,-1893.05,-1138.15,1330.48,3721.9,-4549.31,2287.66,267.703,-2638.59,-2872.07,3581.78,-691.08,1559.76,-2665.15,-3407.54,531.827,2745.55,-223.138,-3512.96,4957.76,-1430.38,-3610.6,1490.59,-2808.39,2647.86,134.514,1058.66,-2025.01,485.435,3088.29,-408.039,1755.96,-843.537,223.64,-979.537,157.066,-382.401,-1592.82,146.539,630.355,1663.4,390.568,-1767.98,-422.267,-1066.21,3073.98,426.967,1910.6,-1257.09,-400.344,-1141.72,499.265,-2604.22,-1076.11,-4120.46,-2216.12,-5824.17,-626.233,4606.2,242.817,3643.23,1542.24,2193.71,656.864,865.569,271.498,-601.193,3442.11,1343.81,-669.027,-589.169,-124.323,-568.395,1995.34,2199.27,3168.19,1360.03,-1589.59,215.181,-2315.43,-552.459,2949.46,968.289,-1405.52
-250354,0,1,0,1,1,250403,-0.384764,0.00591807,1.98251,0.65987,0.194549,-1.62464,-1.32884,-0.638008,0.776036,1.76188,-0.149657,0.116447,-1.54277,-0.0636614,0.2482,-1.00728,-1.59481,-1.01706,-0.127135,0.559175,1.40119,-1.61276,1.8305,-0.0898098,-1.26576,-1.76124,1.23195,-0.269686,1.22789,-1.59845,-1.56077,0.458786,1.996,-0.185011,-1.75004,1.38731,-0.797919,-1.56933,0.936032,-1.67351,1.35279,0.444837,1.42627,-1.3104,-0.0724454,0.89088,-0.393547,0.886616,0.0264761,-0.478673,-1.03596,0.226382,0.0675763,-1.26799,0.156639,-0.0321617,0.998724,0.212245,-0.63784,-0.775643,-0.788799,1.94885,1.21166,0.828242,-0.92643,-0.62419,-1.08532,0.0134659,-0.922084,-1.04397,-1.82062,-0.720654,-1.94471,-0.376988,1.76676,-0.594025,1.17955,0.313105,1.16384,0.0323358,0.112372,0.276904,0.173359,1.84303,0.871915,-1.30925,-0.819472,-0.271119,0.144731,1.18899,1.07535,1.68402,1.67163,-0.91779,-0.253471,-1.68299,-0.374937,1.42931,0.855572,-1.19532,0.0218279,-0.910067,0.264395,-0.239115,0.540024,-0.447088,-0.926061,-1.95276,0.532365,-2.17971,2.25483,0.308748,-1.71707,1.06318,-0.92267,-0.59963,-1.00655,1.50023,1.09429,-0.327193,0.641127,-0.105815,-0.143767,-0.056412,0.903109,-0.863503,-0.668037,1.84253,-1.32869,-0.377421,0.47752,1.47872,-0.229885,-0.675319,0.768685,-0.553407,0.193051,-0.981766,-0.434602,0.585732,0.830675,-0.1265,-0.466363,1.20782,0.376449,-0.558896,-0.741958,-0.224925,0.042523,1.13008,-0.0407858,0.16689,1.61705,0.158344,-1.85754,0.0186068,2.26731,0.54868,0.799837,-0.207647,1.41429,-1.12411,-0.635397,0.729245,-0.562673,-1.02123,-0.886487,1.41389,-0.754102,-0.125255,1.97454,-0.1519,0.673479,1.87998,0.977956,-0.72034,0.908365,-0.46126,0.0561371,-2.56189,-0.151452,-0.482622,-1.37146,1.0463,-1.10061,0.196789,0.399338,0.490252,-0.92493,-0.156048,0.540363,0.181332,-2.28089,-0.78588,-0.108259,0.389869,-0.581516,-0.858862,-1.22773,-0.249365,-547.184,-508.299,2761.5,815.011,520.894,-1882.04,-2005.36,-819.359,713.376,4167.89,684.524,-60.5022,-3825.74,-379.508,89.5438,-786.665,-2764.26,-1893.05,-1138.15,1330.48,3721.9,-4549.31,2287.66,267.703,-2638.59,-2872.07,3581.78,-691.08,1559.76,-2665.15,-3407.54,531.827,2745.55,-223.138,-3512.96,4957.76,-1430.38,-3610.6,1490.59,-2808.39,2647.86,134.514,1058.66,-2025.01,485.435,3088.29,-408.039,1755.96,-843.537,223.64,-979.537,157.066,-382.401,-1592.82,146.539,630.355,1663.4,390.568,-1767.98,-422.267,-1066.21,3073.98,426.967,1910.6,-1257.09,-400.344,-1141.72,499.265,-2604.22,-1076.11,-4120.46,-2216.12,-5824.17,-626.233,4606.2,242.817,3643.23,1542.24,2193.71,656.864,865.569,271.498,-601.193,3442.11,1343.81,-669.027,-589.169,-124.323,-568.395,1995.34,2199.27,3168.19,1360.03,-1589.59,215.181,-2315.43,-552.459,2949.46,968.289,-1405.52
-250354,0,1,0,1,1,250409,-0.384764,0.00591807,1.98251,0.65987,0.194549,-1.62464,-1.32884,-0.638008,0.776036,1.76188,-0.149657,0.116447,-1.54277,-0.0636614,0.2482,-1.00728,-1.59481,-1.01706,-0.127135,0.559175,1.40119,-1.61276,1.8305,-0.0898098,-1.26576,-1.76124,1.23195,-0.269686,1.22789,-1.59845,-1.56077,0.458786,1.996,-0.185011,-1.75004,1.38731,-0.797919,-1.56933,0.936032,-1.67351,1.35279,0.444837,1.42627,-1.3104,-0.0724454,0.89088,-0.393547,0.886616,0.0264761,-0.478673,-1.03596,0.226382,0.0675763,-1.26799,0.156639,-0.0321617,0.998724,0.212245,-0.63784,-0.775643,-0.788799,1.94885,1.21166,0.828242,-0.92643,-0.62419,-1.08532,0.0134659,-0.922084,-1.04397,-1.82062,-0.720654,-1.94471,-0.376988,1.76676,-0.594025,1.17955,0.313105,1.16384,0.0323358,0.112372,0.276904,0.173359,1.84303,0.871915,-1.30925,-0.819472,-0.271119,0.144731,1.18899,1.07535,1.68402,1.67163,-0.91779,-0.253471,-1.68299,-0.374937,1.42931,0.855572,-1.19532,-0.60118,-0.323489,-1.84546,0.0718246,-0.637722,-1.94342,-0.682667,-1.75748,-0.77333,-1.62662,1.02749,-0.620383,-1.09927,1.30149,-0.0226084,0.493251,0.779865,0.564667,0.331762,-0.993713,0.741634,0.0206375,-0.26212,-1.08607,1.30537,1.08795,2.25383,1.02926,-0.922235,0.0404657,-0.776407,-0.724421,-0.33965,-1.67928,-0.356096,-0.653119,0.383259,0.634962,1.11384,-0.279136,-0.720205,0.0549506,-1.18509,0.717491,0.414261,1.58323,1.75409,1.43808,0.116382,-0.332952,0.407509,0.811494,0.0725027,0.181654,-0.101629,-0.702292,-1.10495,1.48873,-0.882934,0.769325,-1.46899,-1.06781,1.66573,-0.75681,-1.99787,-1.92475,0.595143,0.505865,0.526864,-0.27863,2.66725,-0.482115,-0.871281,0.273846,1.06174,0.757622,0.305709,-0.136148,-1.08311,-2.18005,-0.123877,-0.779679,-0.930537,0.310231,-0.445348,-1.25941,0.0684119,-1.45628,-1.98874,-1.48742,0.192849,-0.427672,-0.0530283,-0.486636,-0.413492,-2.2759,-0.0364415,-1.88681,1.34555,-0.510135,-547.184,-508.299,2761.5,815.011,520.894,-1882.04,-2005.36,-819.359,713.376,4167.89,684.524,-60.5022,-3825.74,-379.508,89.5438,-786.665,-2764.26,-1893.05,-1138.15,1330.48,3721.9,-4549.31,2287.66,267.703,-2638.59,-2872.07,3581.78,-691.08,1559.76,-2665.15,-3407.54,531.827,2745.55,-223.138,-3512.96,4957.76,-1430.38,-3610.6,1490.59,-2808.39,2647.86,134.514,1058.66,-2025.01,485.435,3088.29,-408.039,1755.96,-843.537,223.64,-979.537,157.066,-382.401,-1592.82,146.539,630.355,1663.4,390.568,-1767.98,-422.267,-1066.21,3073.98,426.967,1910.6,-1257.09,-400.344,-1141.72,499.265,-2604.22,-1076.11,-4120.46,-2216.12,-5824.17,-626.233,4606.2,242.817,3643.23,1542.24,2193.71,656.864,865.569,271.498,-601.193,3442.11,1343.81,-669.027,-589.169,-124.323,-568.395,1995.34,2199.27,3168.19,1360.03,-1589.59,215.181,-2315.43,-552.459,2949.46,968.289,-1405.52
-250354,0,1,0,1,1,250404,-0.384764,0.00591807,1.98251,0.65987,0.194549,-1.62464,-1.32884,-0.638008,0.776036,1.76188,-0.149657,0.116447,-1.54277,-0.0636614,0.2482,-1.00728,-1.59481,-1.01706,-0.127135,0.559175,1.40119,-1.61276,1.8305,-0.0898098,-1.26576,-1.76124,1.23195,-0.269686,1.22789,-1.59845,-1.56077,0.458786,1.996,-0.185011,-1.75004,1.38731,-0.797919,-1.56933,0.936032,-1.67351,1.35279,0.444837,1.42627,-1.3104,-0.0724454,0.89088,-0.393547,0.886616,0.0264761,-0.478673,-1.03596,0.226382,0.0675763,-1.26799,0.156639,-0.0321617,0.998724,0.212245,-0.63784,-0.775643,-0.788799,1.94885,1.21166,0.828242,-0.92643,-0.62419,-1.08532,0.0134659,-0.922084,-1.04397,-1.82062,-0.720654,-1.94471,-0.376988,1.76676,-0.594025,1.17955,0.313105,1.16384,0.0323358,0.112372,0.276904,0.173359,1.84303,0.871915,-1.30925,-0.819472,-0.271119,0.144731,1.18899,1.07535,1.68402,1.67163,-0.91779,-0.253471,-1.68299,-0.374937,1.42931,0.855572,-1.19532,1.74498,1.61698,0.201174,0.866117,0.146038,-0.696296,0.616712,0.756042,0.544464,-1.20161,0.776313,0.58203,-0.38197,1.09254,-1.16848,1.30097,0.138328,-0.435548,0.445573,2.20069,-1.52163,1.32723,-0.8031,0.271026,1.79108,-0.955208,-0.288601,1.47769,-0.407574,0.797946,1.31997,0.59379,-1.22466,-0.0578201,-1.60906,1.64386,-2.2836,-0.0671349,0.460422,-1.38591,0.580359,1.34638,-1.24632,0.317264,0.157357,-0.0645714,0.283212,-0.827276,0.11861,-1.8698,1.29743,-0.28128,-0.452742,-0.547813,-0.373124,-0.422964,0.799437,-0.474184,-1.34976,-0.139493,0.839581,-0.165533,0.379484,-2.3124,-1.29363,-0.80883,0.400953,1.56747,-1.19431,-2.72937,1.50689,1.21075,0.050943,1.84503,-0.746531,1.08663,0.392543,-0.230762,0.22324,-0.269486,-0.0722927,0.606488,0.989326,0.260811,0.811211,0.656555,0.298607,1.39003,0.606437,0.554848,0.623641,0.963224,0.708153,-0.909775,-0.730928,0.0467755,0.941033,-0.0227082,-0.461412,-0.0056885,-547.184,-508.299,2761.5,815.011,520.894,-1882.04,-2005.36,-819.359,713.376,4167.89,684.524,-60.5022,-3825.74,-379.508,89.5438,-786.665,-2764.26,-1893.05,-1138.15,1330.48,3721.9,-4549.31,2287.66,267.703,-2638.59,-2872.07,3581.78,-691.08,1559.76,-2665.15,-3407.54,531.827,2745.55,-223.138,-3512.96,4957.76,-1430.38,-3610.6,1490.59,-2808.39,2647.86,134.514,1058.66,-2025.01,485.435,3088.29,-408.039,1755.96,-843.537,223.64,-979.537,157.066,-382.401,-1592.82,146.539,630.355,1663.4,390.568,-1767.98,-422.267,-1066.21,3073.98,426.967,1910.6,-1257.09,-400.344,-1141.72,499.265,-2604.22,-1076.11,-4120.46,-2216.12,-5824.17,-626.233,4606.2,242.817,3643.23,1542.24,2193.71,656.864,865.569,271.498,-601.193,3442.11,1343.81,-669.027,-589.169,-124.323,-568.395,1995.34,2199.27,3168.19,1360.03,-1589.59,215.181,-2315.43,-552.459,2949.46,968.289,-1405.52
-250354,0,1,0,1,1,250398,-0.384764,0.00591807,1.98251,0.65987,0.194549,-1.62464,-1.32884,-0.638008,0.776036,1.76188,-0.149657,0.116447,-1.54277,-0.0636614,0.2482,-1.00728,-1.59481,-1.01706,-0.127135,0.559175,1.40119,-1.61276,1.8305,-0.0898098,-1.26576,-1.76124,1.23195,-0.269686,1.22789,-1.59845,-1.56077,0.458786,1.996,-0.185011,-1.75004,1.38731,-0.797919,-1.56933,0.936032,-1.67351,1.35279,0.444837,1.42627,-1.3104,-0.0724454,0.89088,-0.393547,0.886616,0.0264761,-0.478673,-1.03596,0.226382,0.0675763,-1.26799,0.156639,-0.0321617,0.998724,0.212245,-0.63784,-0.775643,-0.788799,1.94885,1.21166,0.828242,-0.92643,-0.62419,-1.08532,0.0134659,-0.922084,-1.04397,-1.82062,-0.720654,-1.94471,-0.376988,1.76676,-0.594025,1.17955,0.313105,1.16384,0.0323358,0.112372,0.276904,0.173359,1.84303,0.871915,-1.30925,-0.819472,-0.271119,0.144731,1.18899,1.07535,1.68402,1.67163,-0.91779,-0.253471,-1.68299,-0.374937,1.42931,0.855572,-1.19532,0.311804,-1.37853,-0.713916,0.0662879,0.980782,-0.36494,-0.486786,0.231842,-0.909892,0.211047,2.27983,-0.691455,1.40649,0.516902,-1.31576,-0.632205,0.81147,-2.21994,-0.929517,0.589625,-0.67303,-0.630473,-0.152743,-0.955118,-0.900625,0.801779,0.0206476,-0.28975,-0.338813,0.331234,-1.17164,-0.456042,-0.184735,0.201939,0.134171,-0.166078,0.371899,-0.444285,-0.656181,-0.699488,0.176764,0.857896,-0.0533846,2.32062,-0.171762,-0.283108,0.880266,-1.878,-0.668938,1.72877,-0.0638369,1.22025,-1.91539,0.169444,-1.22258,1.86406,0.981196,0.151605,-0.517612,1.38699,-0.267816,0.158072,0.478083,1.0664,-0.550561,0.140647,0.469082,-1.10772,-1.65119,-0.440182,-1.99755,0.664239,-0.0700804,0.412367,0.843965,1.28613,0.525801,-0.744409,0.000144241,-0.158818,1.65748,0.377686,0.0896988,0.34901,1.79774,1.38833,0.911673,0.795583,0.976934,0.478883,-0.96192,-1.09575,-0.122184,0.468842,1.33789,-1.03564,0.651844,-0.801862,0.360374,-0.373252,-547.184,-508.299,2761.5,815.011,520.894,-1882.04,-2005.36,-819.359,713.376,4167.89,684.524,-60.5022,-3825.74,-379.508,89.5438,-786.665,-2764.26,-1893.05,-1138.15,1330.48,3721.9,-4549.31,2287.66,267.703,-2638.59,-2872.07,3581.78,-691.08,1559.76,-2665.15,-3407.54,531.827,2745.55,-223.138,-3512.96,4957.76,-1430.38,-3610.6,1490.59,-2808.39,2647.86,134.514,1058.66,-2025.01,485.435,3088.29,-408.039,1755.96,-843.537,223.64,-979.537,157.066,-382.401,-1592.82,146.539,630.355,1663.4,390.568,-1767.98,-422.267,-1066.21,3073.98,426.967,1910.6,-1257.09,-400.344,-1141.72,499.265,-2604.22,-1076.11,-4120.46,-2216.12,-5824.17,-626.233,4606.2,242.817,3643.23,1542.24,2193.71,656.864,865.569,271.498,-601.193,3442.11,1343.81,-669.027,-589.169,-124.323,-568.395,1995.34,2199.27,3168.19,1360.03,-1589.59,215.181,-2315.43,-552.459,2949.46,968.289,-1405.52
-250354,0,1,0,1,1,250410,-0.384764,0.00591807,1.98251,0.65987,0.194549,-1.62464,-1.32884,-0.638008,0.776036,1.76188,-0.149657,0.116447,-1.54277,-0.0636614,0.2482,-1.00728,-1.59481,-1.01706,-0.127135,0.559175,1.40119,-1.61276,1.8305,-0.0898098,-1.26576,-1.76124,1.23195,-0.269686,1.22789,-1.59845,-1.56077,0.458786,1.996,-0.185011,-1.75004,1.38731,-0.797919,-1.56933,0.936032,-1.67351,1.35279,0.444837,1.42627,-1.3104,-0.0724454,0.89088,-0.393547,0.886616,0.0264761,-0.478673,-1.03596,0.226382,0.0675763,-1.26799,0.156639,-0.0321617,0.998724,0.212245,-0.63784,-0.775643,-0.788799,1.94885,1.21166,0.828242,-0.92643,-0.62419,-1.08532,0.0134659,-0.922084,-1.04397,-1.82062,-0.720654,-1.94471,-0.376988,1.76676,-0.594025,1.17955,0.313105,1.16384,0.0323358,0.112372,0.276904,0.173359,1.84303,0.871915,-1.30925,-0.819472,-0.271119,0.144731,1.18899,1.07535,1.68402,1.67163,-0.91779,-0.253471,-1.68299,-0.374937,1.42931,0.855572,-1.19532,1.12189,0.47819,-0.0251719,1.49618,-1.31417,-0.88817,0.927685,-0.894809,0.0871412,-1.95607,0.632791,0.362994,0.371345,-0.71429,0.0437144,-0.378567,0.591873,1.69458,-2.04527,-0.311531,-0.286271,-0.372562,0.350879,-0.58786,-0.485409,-2.12581,0.376934,-0.938376,1.49822,-0.185114,0.535372,-0.110791,0.136933,-1.57853,0.405166,0.779583,1.13586,-0.865556,0.593292,-1.09201,1.47052,-0.985502,1.83987,2.44358,0.114583,-0.958524,-0.744232,-0.740568,-1.29122,-0.559468,-0.767966,-0.30392,1.55908,-0.132184,0.3565,-0.208624,-0.681487,0.50582,-0.0392624,0.0508187,-0.893654,-0.465639,0.257905,-0.32015,0.648822,0.782449,1.47959,1.17693,-1.38884,0.594704,-1.00588,-0.945912,0.172636,0.591096,-0.579756,0.705256,0.725975,0.234911,-1.07227,-1.16647,0.377789,-3.12287,-1.74985,0.0102326,2.4543,1.94483,-1.26471,0.787532,-0.719746,-0.150949,0.423419,-0.141483,-0.739722,0.871625,-1.97238,-0.00167282,-1.14928,0.274747,0.0601523,-2.82029,-547.184,-508.299,2761.5,815.011,520.894,-1882.04,-2005.36,-819.359,713.376,4167.89,684.524,-60.5022,-3825.74,-379.508,89.5438,-786.665,-2764.26,-1893.05,-1138.15,1330.48,3721.9,-4549.31,2287.66,267.703,-2638.59,-2872.07,3581.78,-691.08,1559.76,-2665.15,-3407.54,531.827,2745.55,-223.138,-3512.96,4957.76,-1430.38,-3610.6,1490.59,-2808.39,2647.86,134.514,1058.66,-2025.01,485.435,3088.29,-408.039,1755.96,-843.537,223.64,-979.537,157.066,-382.401,-1592.82,146.539,630.355,1663.4,390.568,-1767.98,-422.267,-1066.21,3073.98,426.967,1910.6,-1257.09,-400.344,-1141.72,499.265,-2604.22,-1076.11,-4120.46,-2216.12,-5824.17,-626.233,4606.2,242.817,3643.23,1542.24,2193.71,656.864,865.569,271.498,-601.193,3442.11,1343.81,-669.027,-589.169,-124.323,-568.395,1995.34,2199.27,3168.19,1360.03,-1589.59,215.181,-2315.43,-552.459,2949.46,968.289,-1405.52
-250354,0,1,0,1,1,250398,-0.384764,0.00591807,1.98251,0.65987,0.194549,-1.62464,-1.32884,-0.638008,0.776036,1.76188,-0.149657,0.116447,-1.54277,-0.0636614,0.2482,-1.00728,-1.59481,-1.01706,-0.127135,0.559175,1.40119,-1.61276,1.8305,-0.0898098,-1.26576,-1.76124,1.23195,-0.269686,1.22789,-1.59845,-1.56077,0.458786,1.996,-0.185011,-1.75004,1.38731,-0.797919,-1.56933,0.936032,-1.67351,1.35279,0.444837,1.42627,-1.3104,-0.0724454,0.89088,-0.393547,0.886616,0.0264761,-0.478673,-1.03596,0.226382,0.0675763,-1.26799,0.156639,-0.0321617,0.998724,0.212245,-0.63784,-0.775643,-0.788799,1.94885,1.21166,0.828242,-0.92643,-0.62419,-1.08532,0.0134659,-0.922084,-1.04397,-1.82062,-0.720654,-1.94471,-0.376988,1.76676,-0.594025,1.17955,0.313105,1.16384,0.0323358,0.112372,0.276904,0.173359,1.84303,0.871915,-1.30925,-0.819472,-0.271119,0.144731,1.18899,1.07535,1.68402,1.67163,-0.91779,-0.253471,-1.68299,-0.374937,1.42931,0.855572,-1.19532,0.89382,-0.000591741,0.175166,0.227221,-1.21568,-0.0227753,-0.877306,0.830436,0.429142,0.315451,-0.942021,-0.733852,1.07118,-0.517089,2.03866,0.741351,0.098343,0.758349,-1.72015,0.50464,0.709725,-0.0472556,1.49095,0.832798,-0.211867,0.844929,-1.48489,1.00368,0.277001,-0.532172,-0.772249,0.439393,-2.07506,0.177778,0.125089,0.651555,-0.422176,0.957058,-0.415042,-1.79701,-1.80433,-0.523188,-0.944495,0.359051,-0.700556,1.07927,-0.642519,2.1087,-0.0282625,-0.483161,-0.19483,-1.69336,-1.20851,0.0326643,0.43182,-0.416231,0.44068,-0.00481547,-1.34386,-0.763335,-0.420626,-0.13051,-0.380663,-0.805856,-1.63661,-0.474227,-1.1492,0.542745,-0.827279,0.145483,0.594086,0.764017,0.743365,-1.01916,-1.23491,0.2198,0.16848,0.285085,-0.472195,-0.405164,-2.383,-0.175771,1.68715,0.10118,1.16514,-0.882928,1.20126,-0.263785,-1.74736,-0.35015,0.282432,0.124524,0.745856,0.896127,-1.49187,1.44855,-0.760799,1.30409,-1.371,-0.711332,-547.184,-508.299,2761.5,815.011,520.894,-1882.04,-2005.36,-819.359,713.376,4167.89,684.524,-60.5022,-3825.74,-379.508,89.5438,-786.665,-2764.26,-1893.05,-1138.15,1330.48,3721.9,-4549.31,2287.66,267.703,-2638.59,-2872.07,3581.78,-691.08,1559.76,-2665.15,-3407.54,531.827,2745.55,-223.138,-3512.96,4957.76,-1430.38,-3610.6,1490.59,-2808.39,2647.86,134.514,1058.66,-2025.01,485.435,3088.29,-408.039,1755.96,-843.537,223.64,-979.537,157.066,-382.401,-1592.82,146.539,630.355,1663.4,390.568,-1767.98,-422.267,-1066.21,3073.98,426.967,1910.6,-1257.09,-400.344,-1141.72,499.265,-2604.22,-1076.11,-4120.46,-2216.12,-5824.17,-626.233,4606.2,242.817,3643.23,1542.24,2193.71,656.864,865.569,271.498,-601.193,3442.11,1343.81,-669.027,-589.169,-124.323,-568.395,1995.34,2199.27,3168.19,1360.03,-1589.59,215.181,-2315.43,-552.459,2949.46,968.289,-1405.52
-250354,0,1,0,1,1,250400,-0.384764,0.00591807,1.98251,0.65987,0.194549,-1.62464,-1.32884,-0.638008,0.776036,1.76188,-0.149657,0.116447,-1.54277,-0.0636614,0.2482,-1.00728,-1.59481,-1.01706,-0.127135,0.559175,1.40119,-1.61276,1.8305,-0.0898098,-1.26576,-1.76124,1.23195,-0.269686,1.22789,-1.59845,-1.56077,0.458786,1.996,-0.185011,-1.75004,1.38731,-0.797919,-1.56933,0.936032,-1.67351,1.35279,0.444837,1.42627,-1.3104,-0.0724454,0.89088,-0.393547,0.886616,0.0264761,-0.478673,-1.03596,0.226382,0.0675763,-1.26799,0.156639,-0.0321617,0.998724,0.212245,-0.63784,-0.775643,-0.788799,1.94885,1.21166,0.828242,-0.92643,-0.62419,-1.08532,0.0134659,-0.922084,-1.04397,-1.82062,-0.720654,-1.94471,-0.376988,1.76676,-0.594025,1.17955,0.313105,1.16384,0.0323358,0.112372,0.276904,0.173359,1.84303,0.871915,-1.30925,-0.819472,-0.271119,0.144731,1.18899,1.07535,1.68402,1.67163,-0.91779,-0.253471,-1.68299,-0.374937,1.42931,0.855572,-1.19532,-0.878178,0.483746,-1.06421,1.04242,-0.584001,-0.953002,-0.191723,0.362394,-2.17319,0.875073,0.57436,0.0555645,0.185514,-0.106128,-0.0664337,1.01824,-0.399011,-0.863576,-0.419612,0.837797,-0.791639,-1.65498,-0.451003,-1.02698,1.66658,-0.0235719,0.0190473,-0.852545,-1.00022,0.0114616,-0.480741,-1.00149,0.993073,0.174062,0.0275781,2.78679,-0.209276,-0.174133,-0.306567,-0.138536,0.731149,0.65923,0.13167,1.22803,-0.680437,-0.76745,-0.344774,-1.86365,-0.189592,0.403106,-0.995223,0.588105,0.118702,0.108277,-0.0696101,0.521781,-0.255946,0.375915,0.802283,0.691309,1.84697,0.235051,-0.192448,1.0889,1.25758,-0.631718,-1.81142,-0.015729,0.841885,0.748867,-1.31933,0.210647,-1.99609,0.934193,0.482769,1.82141,0.128592,-0.437362,1.80012,1.68093,1.13331,-0.920386,-2.35877,0.0799761,-0.360503,0.595447,0.353592,-0.936555,-1.09248,0.465031,-0.815021,-0.474088,-1.26398,-0.857474,-1.08547,-0.0381013,-0.711822,-1.65718,1.5207,0.952235,-547.184,-508.299,2761.5,815.011,520.894,-1882.04,-2005.36,-819.359,713.376,4167.89,684.524,-60.5022,-3825.74,-379.508,89.5438,-786.665,-2764.26,-1893.05,-1138.15,1330.48,3721.9,-4549.31,2287.66,267.703,-2638.59,-2872.07,3581.78,-691.08,1559.76,-2665.15,-3407.54,531.827,2745.55,-223.138,-3512.96,4957.76,-1430.38,-3610.6,1490.59,-2808.39,2647.86,134.514,1058.66,-2025.01,485.435,3088.29,-408.039,1755.96,-843.537,223.64,-979.537,157.066,-382.401,-1592.82,146.539,630.355,1663.4,390.568,-1767.98,-422.267,-1066.21,3073.98,426.967,1910.6,-1257.09,-400.344,-1141.72,499.265,-2604.22,-1076.11,-4120.46,-2216.12,-5824.17,-626.233,4606.2,242.817,3643.23,1542.24,2193.71,656.864,865.569,271.498,-601.193,3442.11,1343.81,-669.027,-589.169,-124.323,-568.395,1995.34,2199.27,3168.19,1360.03,-1589.59,215.181,-2315.43,-552.459,2949.46,968.289,-1405.52
-250354,0,1,0,1,1,250413,-0.384764,0.00591807,1.98251,0.65987,0.194549,-1.62464,-1.32884,-0.638008,0.776036,1.76188,-0.149657,0.116447,-1.54277,-0.0636614,0.2482,-1.00728,-1.59481,-1.01706,-0.127135,0.559175,1.40119,-1.61276,1.8305,-0.0898098,-1.26576,-1.76124,1.23195,-0.269686,1.22789,-1.59845,-1.56077,0.458786,1.996,-0.185011,-1.75004,1.38731,-0.797919,-1.56933,0.936032,-1.67351,1.35279,0.444837,1.42627,-1.3104,-0.0724454,0.89088,-0.393547,0.886616,0.0264761,-0.478673,-1.03596,0.226382,0.0675763,-1.26799,0.156639,-0.0321617,0.998724,0.212245,-0.63784,-0.775643,-0.788799,1.94885,1.21166,0.828242,-0.92643,-0.62419,-1.08532,0.0134659,-0.922084,-1.04397,-1.82062,-0.720654,-1.94471,-0.376988,1.76676,-0.594025,1.17955,0.313105,1.16384,0.0323358,0.112372,0.276904,0.173359,1.84303,0.871915,-1.30925,-0.819472,-0.271119,0.144731,1.18899,1.07535,1.68402,1.67163,-0.91779,-0.253471,-1.68299,-0.374937,1.42931,0.855572,-1.19532,-0.509968,0.328966,0.44334,-1.5446,1.6399,-0.0805112,-0.762252,-1.63134,0.328266,-1.00497,-0.0622461,-1.40967,-1.54444,-0.200162,1.29705,1.63351,-1.04819,1.15752,0.881077,1.39344,-1.00876,0.764545,-0.473161,-1.3944,0.513353,0.865516,1.26129,-1.59659,-0.656161,0.628631,-1.64383,-0.591072,-1.10654,1.74066,1.39034,-0.0125077,0.578483,-0.282827,-0.380856,0.204707,-0.495968,1.09118,1.90778,2.06729,0.51125,-1.24837,-0.64431,1.17969,-2.16385,-0.866014,0.296526,-1.09265,-0.330005,-0.0271141,0.178141,0.344909,1.2233,0.6057,1.09945,-0.994519,-0.921544,0.416502,1.0698,-1.30644,-0.274767,-0.487275,-1.49554,0.912489,1.75501,-0.338994,2.18059,-0.468182,-0.44979,-0.473465,1.00834,0.828422,-1.28065,1.4201,-2.36961,0.257286,-0.304624,0.820306,0.431013,-0.4304,1.63079,-0.143679,0.678986,-0.126189,0.349959,1.80311,-0.591359,1.7028,0.361895,1.725,1.21373,0.0436002,2.00863,-1.811,0.212994,-1.03342,-547.184,-508.299,2761.5,815.011,520.894,-1882.04,-2005.36,-819.359,713.376,4167.89,684.524,-60.5022,-3825.74,-379.508,89.5438,-786.665,-2764.26,-1893.05,-1138.15,1330.48,3721.9,-4549.31,2287.66,267.703,-2638.59,-2872.07,3581.78,-691.08,1559.76,-2665.15,-3407.54,531.827,2745.55,-223.138,-3512.96,4957.76,-1430.38,-3610.6,1490.59,-2808.39,2647.86,134.514,1058.66,-2025.01,485.435,3088.29,-408.039,1755.96,-843.537,223.64,-979.537,157.066,-382.401,-1592.82,146.539,630.355,1663.4,390.568,-1767.98,-422.267,-1066.21,3073.98,426.967,1910.6,-1257.09,-400.344,-1141.72,499.265,-2604.22,-1076.11,-4120.46,-2216.12,-5824.17,-626.233,4606.2,242.817,3643.23,1542.24,2193.71,656.864,865.569,271.498,-601.193,3442.11,1343.81,-669.027,-589.169,-124.323,-568.395,1995.34,2199.27,3168.19,1360.03,-1589.59,215.181,-2315.43,-552.459,2949.46,968.289,-1405.52
-250354,0,1,0,1,1,250405,-0.384764,0.00591807,1.98251,0.65987,0.194549,-1.62464,-1.32884,-0.638008,0.776036,1.76188,-0.149657,0.116447,-1.54277,-0.0636614,0.2482,-1.00728,-1.59481,-1.01706,-0.127135,0.559175,1.40119,-1.61276,1.8305,-0.0898098,-1.26576,-1.76124,1.23195,-0.269686,1.22789,-1.59845,-1.56077,0.458786,1.996,-0.185011,-1.75004,1.38731,-0.797919,-1.56933,0.936032,-1.67351,1.35279,0.444837,1.42627,-1.3104,-0.0724454,0.89088,-0.393547,0.886616,0.0264761,-0.478673,-1.03596,0.226382,0.0675763,-1.26799,0.156639,-0.0321617,0.998724,0.212245,-0.63784,-0.775643,-0.788799,1.94885,1.21166,0.828242,-0.92643,-0.62419,-1.08532,0.0134659,-0.922084,-1.04397,-1.82062,-0.720654,-1.94471,-0.376988,1.76676,-0.594025,1.17955,0.313105,1.16384,0.0323358,0.112372,0.276904,0.173359,1.84303,0.871915,-1.30925,-0.819472,-0.271119,0.144731,1.18899,1.07535,1.68402,1.67163,-0.91779,-0.253471,-1.68299,-0.374937,1.42931,0.855572,-1.19532,-0.845702,1.03433,-0.57899,-0.0203214,-0.932457,-0.95053,-1.50729,-1.03079,-0.645629,-0.862681,0.225766,-0.246178,-0.502947,1.49555,0.218781,0.815736,-0.622073,0.273347,-0.5221,-0.179686,1.64371,-0.596501,0.0298647,0.400694,0.845873,-1.52862,-1.57765,0.25286,-0.195042,-0.178986,1.17541,-0.504972,1.5358,-1.43023,1.30748,1.083,-0.912925,0.499842,1.76729,-1.2057,-1.63652,-1.06971,-0.623691,0.723425,0.428053,0.856376,0.854382,-2.37146,1.06585,-0.407144,1.11198,0.554668,-0.847864,-0.903627,0.0645121,1.04939,-0.39035,-0.441787,-1.2959,-0.101751,0.29018,-0.0678339,-0.319016,-0.153106,-0.042438,-0.253263,1.84773,-0.534256,-0.940398,0.507675,2.29892,0.857057,-0.374793,1.36315,0.490967,-0.722609,-0.627009,1.35963,1.01949,0.144102,-2.87064,-0.310968,-0.507617,1.72869,0.143164,-0.129063,-0.482186,1.53707,0.732521,1.65326,-1.59207,1.18673,1.50992,-1.64944,-0.418288,-0.873247,0.404883,-0.241444,1.21609,-0.0862113,-547.184,-508.299,2761.5,815.011,520.894,-1882.04,-2005.36,-819.359,713.376,4167.89,684.524,-60.5022,-3825.74,-379.508,89.5438,-786.665,-2764.26,-1893.05,-1138.15,1330.48,3721.9,-4549.31,2287.66,267.703,-2638.59,-2872.07,3581.78,-691.08,1559.76,-2665.15,-3407.54,531.827,2745.55,-223.138,-3512.96,4957.76,-1430.38,-3610.6,1490.59,-2808.39,2647.86,134.514,1058.66,-2025.01,485.435,3088.29,-408.039,1755.96,-843.537,223.64,-979.537,157.066,-382.401,-1592.82,146.539,630.355,1663.4,390.568,-1767.98,-422.267,-1066.21,3073.98,426.967,1910.6,-1257.09,-400.344,-1141.72,499.265,-2604.22,-1076.11,-4120.46,-2216.12,-5824.17,-626.233,4606.2,242.817,3643.23,1542.24,2193.71,656.864,865.569,271.498,-601.193,3442.11,1343.81,-669.027,-589.169,-124.323,-568.395,1995.34,2199.27,3168.19,1360.03,-1589.59,215.181,-2315.43,-552.459,2949.46,968.289,-1405.52
-250354,0,1,0,1,1,250399,-0.384764,0.00591807,1.98251,0.65987,0.194549,-1.62464,-1.32884,-0.638008,0.776036,1.76188,-0.149657,0.116447,-1.54277,-0.0636614,0.2482,-1.00728,-1.59481,-1.01706,-0.127135,0.559175,1.40119,-1.61276,1.8305,-0.0898098,-1.26576,-1.76124,1.23195,-0.269686,1.22789,-1.59845,-1.56077,0.458786,1.996,-0.185011,-1.75004,1.38731,-0.797919,-1.56933,0.936032,-1.67351,1.35279,0.444837,1.42627,-1.3104,-0.0724454,0.89088,-0.393547,0.886616,0.0264761,-0.478673,-1.03596,0.226382,0.0675763,-1.26799,0.156639,-0.0321617,0.998724,0.212245,-0.63784,-0.775643,-0.788799,1.94885,1.21166,0.828242,-0.92643,-0.62419,-1.08532,0.0134659,-0.922084,-1.04397,-1.82062,-0.720654,-1.94471,-0.376988,1.76676,-0.594025,1.17955,0.313105,1.16384,0.0323358,0.112372,0.276904,0.173359,1.84303,0.871915,-1.30925,-0.819472,-0.271119,0.144731,1.18899,1.07535,1.68402,1.67163,-0.91779,-0.253471,-1.68299,-0.374937,1.42931,0.855572,-1.19532,-0.477103,0.0578289,-0.623093,-0.0266155,0.38538,-1.07604,-0.254214,-1.377,0.277077,1.37357,0.985219,0.444416,1.22543,-0.793876,-1.03186,-0.287903,-0.00449887,0.401446,0.155646,-0.0508267,1.04428,0.655109,-0.0913932,-1.19996,0.757063,-0.871868,-0.362251,-0.28495,0.145344,0.112027,0.431536,-1.91121,0.642217,-0.0470674,-0.81421,0.601164,1.39057,-1.27966,-0.0658165,-0.51754,1.38136,0.539422,-1.59259,-1.74359,1.78554,-0.274757,1.01026,2.66836,-0.542377,2.04622,0.29261,-1.61876,-0.557514,0.726245,0.3468,-0.964286,-2.01413,-1.00569,-0.147342,-1.32456,-0.418994,0.316703,0.789932,-0.5805,0.562694,0.0153925,-0.45411,-0.159785,0.942868,-0.813445,-0.843053,1.06004,2.08207,-0.722107,1.08641,-0.753392,0.579895,0.12506,1.94802,1.15039,-0.415155,0.273414,-0.143417,0.0492702,1.23042,-1.88854,1.15665,-0.134342,1.00491,0.0265024,-0.405001,0.7227,-0.862075,-0.403858,1.47611,-0.214409,-0.308035,-1.28784,0.900933,-0.0838852,-547.184,-508.299,2761.5,815.011,520.894,-1882.04,-2005.36,-819.359,713.376,4167.89,684.524,-60.5022,-3825.74,-379.508,89.5438,-786.665,-2764.26,-1893.05,-1138.15,1330.48,3721.9,-4549.31,2287.66,267.703,-2638.59,-2872.07,3581.78,-691.08,1559.76,-2665.15,-3407.54,531.827,2745.55,-223.138,-3512.96,4957.76,-1430.38,-3610.6,1490.59,-2808.39,2647.86,134.514,1058.66,-2025.01,485.435,3088.29,-408.039,1755.96,-843.537,223.64,-979.537,157.066,-382.401,-1592.82,146.539,630.355,1663.4,390.568,-1767.98,-422.267,-1066.21,3073.98,426.967,1910.6,-1257.09,-400.344,-1141.72,499.265,-2604.22,-1076.11,-4120.46,-2216.12,-5824.17,-626.233,4606.2,242.817,3643.23,1542.24,2193.71,656.864,865.569,271.498,-601.193,3442.11,1343.81,-669.027,-589.169,-124.323,-568.395,1995.34,2199.27,3168.19,1360.03,-1589.59,215.181,-2315.43,-552.459,2949.46,968.289,-1405.52
-250354,0,1,0,1,1,250411,-0.384764,0.00591807,1.98251,0.65987,0.194549,-1.62464,-1.32884,-0.638008,0.776036,1.76188,-0.149657,0.116447,-1.54277,-0.0636614,0.2482,-1.00728,-1.59481,-1.01706,-0.127135,0.559175,1.40119,-1.61276,1.8305,-0.0898098,-1.26576,-1.76124,1.23195,-0.269686,1.22789,-1.59845,-1.56077,0.458786,1.996,-0.185011,-1.75004,1.38731,-0.797919,-1.56933,0.936032,-1.67351,1.35279,0.444837,1.42627,-1.3104,-0.0724454,0.89088,-0.393547,0.886616,0.0264761,-0.478673,-1.03596,0.226382,0.0675763,-1.26799,0.156639,-0.0321617,0.998724,0.212245,-0.63784,-0.775643,-0.788799,1.94885,1.21166,0.828242,-0.92643,-0.62419,-1.08532,0.0134659,-0.922084,-1.04397,-1.82062,-0.720654,-1.94471,-0.376988,1.76676,-0.594025,1.17955,0.313105,1.16384,0.0323358,0.112372,0.276904,0.173359,1.84303,0.871915,-1.30925,-0.819472,-0.271119,0.144731,1.18899,1.07535,1.68402,1.67163,-0.91779,-0.253471,-1.68299,-0.374937,1.42931,0.855572,-1.19532,-0.918789,-0.103854,-1.51921,0.0994596,-2.33697,-0.254681,-0.424932,1.68845,1.15452,-0.44037,-0.401865,-1.29576,-0.607592,0.761425,-1.5272,-2.01086,-2.16934,1.20379,-0.41324,-0.759922,0.808561,0.000649258,-0.271616,-1.0602,0.467473,-0.173752,-1.13611,1.09855,1.67732,-1.07891,-2.08783,-0.917191,-1.41589,-0.697252,0.841362,-1.5486,0.513995,-0.0793405,2.22857,3.39806,-0.417293,1.018,1.49406,-1.64291,-1.76085,0.537505,-0.105022,1.44929,1.13193,-1.12772,0.426416,1.61818,-0.295386,0.585659,0.513391,-1.14495,0.290823,-0.110719,0.882265,-1.0049,-0.836613,0.344401,0.657895,-0.65586,-0.33539,-0.0205448,-1.2639,-1.1419,-0.538457,0.293354,-0.00201201,-1.1728,-0.450808,0.619788,-0.142244,0.320294,0.12489,-0.228437,0.76963,-0.331722,-2.07268,-0.257147,0.927461,0.880644,-0.140546,0.119807,-1.39025,0.632454,0.0295723,1.19719,-0.664165,-0.746336,1.43392,-0.279164,1.46634,-0.430981,1.52733,-0.15768,0.520845,1.03073,-547.184,-508.299,2761.5,815.011,520.894,-1882.04,-2005.36,-819.359,713.376,4167.89,684.524,-60.5022,-3825.74,-379.508,89.5438,-786.665,-2764.26,-1893.05,-1138.15,1330.48,3721.9,-4549.31,2287.66,267.703,-2638.59,-2872.07,3581.78,-691.08,1559.76,-2665.15,-3407.54,531.827,2745.55,-223.138,-3512.96,4957.76,-1430.38,-3610.6,1490.59,-2808.39,2647.86,134.514,1058.66,-2025.01,485.435,3088.29,-408.039,1755.96,-843.537,223.64,-979.537,157.066,-382.401,-1592.82,146.539,630.355,1663.4,390.568,-1767.98,-422.267,-1066.21,3073.98,426.967,1910.6,-1257.09,-400.344,-1141.72,499.265,-2604.22,-1076.11,-4120.46,-2216.12,-5824.17,-626.233,4606.2,242.817,3643.23,1542.24,2193.71,656.864,865.569,271.498,-601.193,3442.11,1343.81,-669.027,-589.169,-124.323,-568.395,1995.34,2199.27,3168.19,1360.03,-1589.59,215.181,-2315.43,-552.459,2949.46,968.289,-1405.52
-250354,0,1,0,1,1,250402,-0.384764,0.00591807,1.98251,0.65987,0.194549,-1.62464,-1.32884,-0.638008,0.776036,1.76188,-0.149657,0.116447,-1.54277,-0.0636614,0.2482,-1.00728,-1.59481,-1.01706,-0.127135,0.559175,1.40119,-1.61276,1.8305,-0.0898098,-1.26576,-1.76124,1.23195,-0.269686,1.22789,-1.59845,-1.56077,0.458786,1.996,-0.185011,-1.75004,1.38731,-0.797919,-1.56933,0.936032,-1.67351,1.35279,0.444837,1.42627,-1.3104,-0.0724454,0.89088,-0.393547,0.886616,0.0264761,-0.478673,-1.03596,0.226382,0.0675763,-1.26799,0.156639,-0.0321617,0.998724,0.212245,-0.63784,-0.775643,-0.788799,1.94885,1.21166,0.828242,-0.92643,-0.62419,-1.08532,0.0134659,-0.922084,-1.04397,-1.82062,-0.720654,-1.94471,-0.376988,1.76676,-0.594025,1.17955,0.313105,1.16384,0.0323358,0.112372,0.276904,0.173359,1.84303,0.871915,-1.30925,-0.819472,-0.271119,0.144731,1.18899,1.07535,1.68402,1.67163,-0.91779,-0.253471,-1.68299,-0.374937,1.42931,0.855572,-1.19532,-1.68765,-0.68193,0.733535,-0.761367,-1.04142,-0.857608,0.247475,-1.1792,-1.17156,1.96744,0.186934,-0.679285,-1.23783,1.46585,-0.0913052,-0.345777,1.1084,0.821121,1.38213,-1.016,-0.00785811,-1.99144,0.2411,1.50769,-0.715846,0.731029,-0.41326,-0.98581,-1.38911,-0.117588,1.39348,-2.04515,-0.49859,-0.257649,1.16439,0.257055,1.62391,0.0413667,0.838408,-1.27681,1.36719,0.335432,-0.887533,0.21483,-2.26076,1.20968,-0.430294,-0.21204,-0.221007,-0.953306,0.395597,0.976971,1.00093,0.553947,0.0453626,0.656633,0.236863,-0.231742,-0.937643,0.0677307,-0.121442,-0.995297,0.388301,-0.0538234,0.777914,1.62347,0.77447,1.22391,0.334153,0.552458,0.853312,-0.271158,0.878069,-0.606348,-0.590998,0.0766197,0.0901081,1.29046,0.437588,0.0325085,-0.413565,-0.0110226,0.232636,0.182867,-2.02734,0.646526,1.42745,0.694328,-0.737615,1.02551,0.474862,0.335847,0.600588,-0.66214,0.370012,0.00906448,-3.02186,-1.88004,1.33548,-0.238907,-547.184,-508.299,2761.5,815.011,520.894,-1882.04,-2005.36,-819.359,713.376,4167.89,684.524,-60.5022,-3825.74,-379.508,89.5438,-786.665,-2764.26,-1893.05,-1138.15,1330.48,3721.9,-4549.31,2287.66,267.703,-2638.59,-2872.07,3581.78,-691.08,1559.76,-2665.15,-3407.54,531.827,2745.55,-223.138,-3512.96,4957.76,-1430.38,-3610.6,1490.59,-2808.39,2647.86,134.514,1058.66,-2025.01,485.435,3088.29,-408.039,1755.96,-843.537,223.64,-979.537,157.066,-382.401,-1592.82,146.539,630.355,1663.4,390.568,-1767.98,-422.267,-1066.21,3073.98,426.967,1910.6,-1257.09,-400.344,-1141.72,499.265,-2604.22,-1076.11,-4120.46,-2216.12,-5824.17,-626.233,4606.2,242.817,3643.23,1542.24,2193.71,656.864,865.569,271.498,-601.193,3442.11,1343.81,-669.027,-589.169,-124.323,-568.395,1995.34,2199.27,3168.19,1360.03,-1589.59,215.181,-2315.43,-552.459,2949.46,968.289,-1405.52
-250354,0,1,0,1,1,250424,-0.384764,0.00591807,1.98251,0.65987,0.194549,-1.62464,-1.32884,-0.638008,0.776036,1.76188,-0.149657,0.116447,-1.54277,-0.0636614,0.2482,-1.00728,-1.59481,-1.01706,-0.127135,0.559175,1.40119,-1.61276,1.8305,-0.0898098,-1.26576,-1.76124,1.23195,-0.269686,1.22789,-1.59845,-1.56077,0.458786,1.996,-0.185011,-1.75004,1.38731,-0.797919,-1.56933,0.936032,-1.67351,1.35279,0.444837,1.42627,-1.3104,-0.0724454,0.89088,-0.393547,0.886616,0.0264761,-0.478673,-1.03596,0.226382,0.0675763,-1.26799,0.156639,-0.0321617,0.998724,0.212245,-0.63784,-0.775643,-0.788799,1.94885,1.21166,0.828242,-0.92643,-0.62419,-1.08532,0.0134659,-0.922084,-1.04397,-1.82062,-0.720654,-1.94471,-0.376988,1.76676,-0.594025,1.17955,0.313105,1.16384,0.0323358,0.112372,0.276904,0.173359,1.84303,0.871915,-1.30925,-0.819472,-0.271119,0.144731,1.18899,1.07535,1.68402,1.67163,-0.91779,-0.253471,-1.68299,-0.374937,1.42931,0.855572,-1.19532,-0.926308,-0.79799,-0.9395,-0.947403,0.425005,0.105629,1.38693,-0.222436,-0.302159,-0.015311,-2.17746,0.0487123,0.569437,0.0698084,0.5524,0.272988,0.378042,-0.553086,-0.520608,-0.051372,0.897651,0.45,-0.247921,0.644004,-2.0885,-0.244317,1.18757,-0.959249,0.612946,-0.593538,-2.38627,1.75622,0.341328,0.141016,1.662,-2.0122,-1.00553,0.727193,0.328388,0.507665,-0.839756,1.29155,1.58285,-0.327128,0.282312,-0.512097,0.531196,-1.61272,1.41451,1.12501,-2.99716,-0.8841,-0.534472,0.226283,-2.99045,-1.1718,0.109986,0.0852698,-0.836335,-0.912663,-1.07818,-1.09973,-2.65931,-0.32238,-2.86566,1.39788,-1.97722,-0.741236,-2.28107,2.28036,2.19816,0.520344,-1.20461,-1.83106,-0.131266,-0.788239,0.598386,0.681646,-1.88708,0.249926,-0.96543,-0.0183667,1.37929,-1.22584,0.211031,-0.597783,-0.401472,-1.45447,0.021383,-0.806444,0.464368,-0.601767,1.32469,0.305167,-1.48192,1.17516,-1.03868,1.86101,-0.501911,-0.269454,-547.184,-508.299,2761.5,815.011,520.894,-1882.04,-2005.36,-819.359,713.376,4167.89,684.524,-60.5022,-3825.74,-379.508,89.5438,-786.665,-2764.26,-1893.05,-1138.15,1330.48,3721.9,-4549.31,2287.66,267.703,-2638.59,-2872.07,3581.78,-691.08,1559.76,-2665.15,-3407.54,531.827,2745.55,-223.138,-3512.96,4957.76,-1430.38,-3610.6,1490.59,-2808.39,2647.86,134.514,1058.66,-2025.01,485.435,3088.29,-408.039,1755.96,-843.537,223.64,-979.537,157.066,-382.401,-1592.82,146.539,630.355,1663.4,390.568,-1767.98,-422.267,-1066.21,3073.98,426.967,1910.6,-1257.09,-400.344,-1141.72,499.265,-2604.22,-1076.11,-4120.46,-2216.12,-5824.17,-626.233,4606.2,242.817,3643.23,1542.24,2193.71,656.864,865.569,271.498,-601.193,3442.11,1343.81,-669.027,-589.169,-124.323,-568.395,1995.34,2199.27,3168.19,1360.03,-1589.59,215.181,-2315.43,-552.459,2949.46,968.289,-1405.52
-250354,0,1,0,1,1,250402,-0.384764,0.00591807,1.98251,0.65987,0.194549,-1.62464,-1.32884,-0.638008,0.776036,1.76188,-0.149657,0.116447,-1.54277,-0.0636614,0.2482,-1.00728,-1.59481,-1.01706,-0.127135,0.559175,1.40119,-1.61276,1.8305,-0.0898098,-1.26576,-1.76124,1.23195,-0.269686,1.22789,-1.59845,-1.56077,0.458786,1.996,-0.185011,-1.75004,1.38731,-0.797919,-1.56933,0.936032,-1.67351,1.35279,0.444837,1.42627,-1.3104,-0.0724454,0.89088,-0.393547,0.886616,0.0264761,-0.478673,-1.03596,0.226382,0.0675763,-1.26799,0.156639,-0.0321617,0.998724,0.212245,-0.63784,-0.775643,-0.788799,1.94885,1.21166,0.828242,-0.92643,-0.62419,-1.08532,0.0134659,-0.922084,-1.04397,-1.82062,-0.720654,-1.94471,-0.376988,1.76676,-0.594025,1.17955,0.313105,1.16384,0.0323358,0.112372,0.276904,0.173359,1.84303,0.871915,-1.30925,-0.819472,-0.271119,0.144731,1.18899,1.07535,1.68402,1.67163,-0.91779,-0.253471,-1.68299,-0.374937,1.42931,0.855572,-1.19532,0.0159891,1.21619,-1.70073,-0.481648,1.45874,1.06157,-0.176021,1.32771,-1.15242,0.468851,0.103987,1.19782,0.699705,0.388765,-0.60033,1.90793,0.769025,0.89499,-0.139041,0.662422,-1.22969,-1.1296,-0.135322,1.69798,-0.0718769,-2.65416,0.617902,-1.31784,-0.0580195,-1.03236,-2.44748,-0.93803,-0.99691,0.671906,0.28812,0.350165,-1.06027,-0.526172,0.1996,0.0331,0.348774,0.930857,2.27821,-0.887905,0.352593,-1.05675,0.185361,-1.17316,0.317757,0.16002,0.843488,-0.254616,-0.532661,0.450618,-1.40843,1.19724,-0.0752222,-1.42395,0.367541,1.44929,0.563209,-0.610762,0.293813,-1.98126,0.330181,-0.49486,-0.265768,-0.397916,1.88642,-0.0458462,-0.0150375,1.2621,0.193149,1.42437,-0.313321,0.70129,0.728727,-0.736165,0.580348,1.23054,0.441665,-1.54817,0.849381,-1.4861,-0.433564,0.840822,-0.61842,0.230903,0.798135,-0.645106,1.40858,-0.816658,1.18238,-0.484401,1.21835,0.487462,0.815026,-1.46472,-0.299537,0.215787,-547.184,-508.299,2761.5,815.011,520.894,-1882.04,-2005.36,-819.359,713.376,4167.89,684.524,-60.5022,-3825.74,-379.508,89.5438,-786.665,-2764.26,-1893.05,-1138.15,1330.48,3721.9,-4549.31,2287.66,267.703,-2638.59,-2872.07,3581.78,-691.08,1559.76,-2665.15,-3407.54,531.827,2745.55,-223.138,-3512.96,4957.76,-1430.38,-3610.6,1490.59,-2808.39,2647.86,134.514,1058.66,-2025.01,485.435,3088.29,-408.039,1755.96,-843.537,223.64,-979.537,157.066,-382.401,-1592.82,146.539,630.355,1663.4,390.568,-1767.98,-422.267,-1066.21,3073.98,426.967,1910.6,-1257.09,-400.344,-1141.72,499.265,-2604.22,-1076.11,-4120.46,-2216.12,-5824.17,-626.233,4606.2,242.817,3643.23,1542.24,2193.71,656.864,865.569,271.498,-601.193,3442.11,1343.81,-669.027,-589.169,-124.323,-568.395,1995.34,2199.27,3168.19,1360.03,-1589.59,215.181,-2315.43,-552.459,2949.46,968.289,-1405.52
-250354,0,1,0,1,1,250401,-0.384764,0.00591807,1.98251,0.65987,0.194549,-1.62464,-1.32884,-0.638008,0.776036,1.76188,-0.149657,0.116447,-1.54277,-0.0636614,0.2482,-1.00728,-1.59481,-1.01706,-0.127135,0.559175,1.40119,-1.61276,1.8305,-0.0898098,-1.26576,-1.76124,1.23195,-0.269686,1.22789,-1.59845,-1.56077,0.458786,1.996,-0.185011,-1.75004,1.38731,-0.797919,-1.56933,0.936032,-1.67351,1.35279,0.444837,1.42627,-1.3104,-0.0724454,0.89088,-0.393547,0.886616,0.0264761,-0.478673,-1.03596,0.226382,0.0675763,-1.26799,0.156639,-0.0321617,0.998724,0.212245,-0.63784,-0.775643,-0.788799,1.94885,1.21166,0.828242,-0.92643,-0.62419,-1.08532,0.0134659,-0.922084,-1.04397,-1.82062,-0.720654,-1.94471,-0.376988,1.76676,-0.594025,1.17955,0.313105,1.16384,0.0323358,0.112372,0.276904,0.173359,1.84303,0.871915,-1.30925,-0.819472,-0.271119,0.144731,1.18899,1.07535,1.68402,1.67163,-0.91779,-0.253471,-1.68299,-0.374937,1.42931,0.855572,-1.19532,-0.157572,0.252111,0.134205,-0.29536,1.08738,-0.906513,-1.49017,0.290989,-2.78532,1.15931,0.428592,1.01017,0.307164,-0.447562,1.45172,0.244683,-0.33439,1.10074,0.258314,-1.31579,-0.0406012,-0.0764389,2.46257,-0.137953,-1.2439,0.372211,-1.1974,-0.630379,0.565423,0.400272,-0.500258,-1.46571,-0.833052,-0.948641,0.586649,-0.147507,4.00565e-05,-1.08159,-1.05709,-0.850688,0.669849,0.454545,-0.71061,-1.31139,1.48783,0.22511,1.41102,0.0678257,1.13496,1.2471,0.3029,0.688809,0.0302543,-0.361991,-0.109228,-0.0586328,0.680569,0.21773,-0.263503,1.20355,-1.43576,1.59994,1.31537,-1.54643,-0.61263,0.977586,-0.319713,-0.0677182,-0.830693,-0.450638,1.11499,1.46505,-1.29705,-1.98801,2.3041,0.860472,-0.0668513,0.985741,-0.555576,0.691903,-0.216407,-1.17816,-0.511219,0.000735999,-0.691748,-1.58654,0.809217,-1.17446,0.223045,0.891872,-0.520608,0.441307,1.62851,-1.62692,-0.784134,-0.447083,0.0563416,-1.0367,0.234236,-0.533027,-547.184,-508.299,2761.5,815.011,520.894,-1882.04,-2005.36,-819.359,713.376,4167.89,684.524,-60.5022,-3825.74,-379.508,89.5438,-786.665,-2764.26,-1893.05,-1138.15,1330.48,3721.9,-4549.31,2287.66,267.703,-2638.59,-2872.07,3581.78,-691.08,1559.76,-2665.15,-3407.54,531.827,2745.55,-223.138,-3512.96,4957.76,-1430.38,-3610.6,1490.59,-2808.39,2647.86,134.514,1058.66,-2025.01,485.435,3088.29,-408.039,1755.96,-843.537,223.64,-979.537,157.066,-382.401,-1592.82,146.539,630.355,1663.4,390.568,-1767.98,-422.267,-1066.21,3073.98,426.967,1910.6,-1257.09,-400.344,-1141.72,499.265,-2604.22,-1076.11,-4120.46,-2216.12,-5824.17,-626.233,4606.2,242.817,3643.23,1542.24,2193.71,656.864,865.569,271.498,-601.193,3442.11,1343.81,-669.027,-589.169,-124.323,-568.395,1995.34,2199.27,3168.19,1360.03,-1589.59,215.181,-2315.43,-552.459,2949.46,968.289,-1405.52
-250354,0,1,0,1,1,250413,-0.384764,0.00591807,1.98251,0.65987,0.194549,-1.62464,-1.32884,-0.638008,0.776036,1.76188,-0.149657,0.116447,-1.54277,-0.0636614,0.2482,-1.00728,-1.59481,-1.01706,-0.127135,0.559175,1.40119,-1.61276,1.8305,-0.0898098,-1.26576,-1.76124,1.23195,-0.269686,1.22789,-1.59845,-1.56077,0.458786,1.996,-0.185011,-1.75004,1.38731,-0.797919,-1.56933,0.936032,-1.67351,1.35279,0.444837,1.42627,-1.3104,-0.0724454,0.89088,-0.393547,0.886616,0.0264761,-0.478673,-1.03596,0.226382,0.0675763,-1.26799,0.156639,-0.0321617,0.998724,0.212245,-0.63784,-0.775643,-0.788799,1.94885,1.21166,0.828242,-0.92643,-0.62419,-1.08532,0.0134659,-0.922084,-1.04397,-1.82062,-0.720654,-1.94471,-0.376988,1.76676,-0.594025,1.17955,0.313105,1.16384,0.0323358,0.112372,0.276904,0.173359,1.84303,0.871915,-1.30925,-0.819472,-0.271119,0.144731,1.18899,1.07535,1.68402,1.67163,-0.91779,-0.253471,-1.68299,-0.374937,1.42931,0.855572,-1.19532,0.491715,0.379314,-0.185936,1.39144,0.397572,-0.0284542,0.472739,1.48834,-0.466831,1.85318,-2.08189,0.99924,0.710861,1.38366,-0.818781,-1.24922,-0.140375,-0.54913,0.769117,-2.24606,1.43514,-0.97657,-0.459267,-2.08209,-1.64598,-0.646478,0.155482,1.49484,-0.352033,0.203592,-2.23004,0.460656,2.28066,-1.78236,0.390428,1.08896,1.56522,0.170398,-0.415883,1.14084,-0.790509,-0.0145236,-0.241828,1.20865,0.0291264,-0.8864,2.0773,0.314536,-0.974704,-0.0136671,1.32582,-0.496112,-2.0982,0.238133,-1.41369,-0.0980007,1.65295,0.653923,0.0119771,0.696515,-1.27291,-0.738852,1.21365,-1.7348,1.77157,-0.613066,-1.79004,-1.28008,-1.22282,0.607223,-0.708591,0.100915,0.129082,0.473958,1.63699,0.613465,-0.0659054,-1.57922,-0.602438,-0.324527,-0.194032,0.20771,-0.0818607,-0.0980112,-0.0574051,-0.151938,-1.18776,-2.42791,-1.29912,-1.52881,0.0108765,0.308977,0.343461,1.27059,0.0617244,0.295782,0.467905,-0.956588,1.23652,-1.08171,-547.184,-508.299,2761.5,815.011,520.894,-1882.04,-2005.36,-819.359,713.376,4167.89,684.524,-60.5022,-3825.74,-379.508,89.5438,-786.665,-2764.26,-1893.05,-1138.15,1330.48,3721.9,-4549.31,2287.66,267.703,-2638.59,-2872.07,3581.78,-691.08,1559.76,-2665.15,-3407.54,531.827,2745.55,-223.138,-3512.96,4957.76,-1430.38,-3610.6,1490.59,-2808.39,2647.86,134.514,1058.66,-2025.01,485.435,3088.29,-408.039,1755.96,-843.537,223.64,-979.537,157.066,-382.401,-1592.82,146.539,630.355,1663.4,390.568,-1767.98,-422.267,-1066.21,3073.98,426.967,1910.6,-1257.09,-400.344,-1141.72,499.265,-2604.22,-1076.11,-4120.46,-2216.12,-5824.17,-626.233,4606.2,242.817,3643.23,1542.24,2193.71,656.864,865.569,271.498,-601.193,3442.11,1343.81,-669.027,-589.169,-124.323,-568.395,1995.34,2199.27,3168.19,1360.03,-1589.59,215.181,-2315.43,-552.459,2949.46,968.289,-1405.52
-250354,0,1,0,1,1,250402,-0.384764,0.00591807,1.98251,0.65987,0.194549,-1.62464,-1.32884,-0.638008,0.776036,1.76188,-0.149657,0.116447,-1.54277,-0.0636614,0.2482,-1.00728,-1.59481,-1.01706,-0.127135,0.559175,1.40119,-1.61276,1.8305,-0.0898098,-1.26576,-1.76124,1.23195,-0.269686,1.22789,-1.59845,-1.56077,0.458786,1.996,-0.185011,-1.75004,1.38731,-0.797919,-1.56933,0.936032,-1.67351,1.35279,0.444837,1.42627,-1.3104,-0.0724454,0.89088,-0.393547,0.886616,0.0264761,-0.478673,-1.03596,0.226382,0.0675763,-1.26799,0.156639,-0.0321617,0.998724,0.212245,-0.63784,-0.775643,-0.788799,1.94885,1.21166,0.828242,-0.92643,-0.62419,-1.08532,0.0134659,-0.922084,-1.04397,-1.82062,-0.720654,-1.94471,-0.376988,1.76676,-0.594025,1.17955,0.313105,1.16384,0.0323358,0.112372,0.276904,0.173359,1.84303,0.871915,-1.30925,-0.819472,-0.271119,0.144731,1.18899,1.07535,1.68402,1.67163,-0.91779,-0.253471,-1.68299,-0.374937,1.42931,0.855572,-1.19532,-0.670532,-1.73783,-0.644673,1.016,-0.409015,-1.47433,0.80789,-0.101927,-1.88778,-0.341089,1.03964,0.346312,-0.877939,-0.791416,0.413845,0.0495728,1.19369,-0.363481,-0.339131,0.763209,2.19985,-1.564,0.359288,0.658916,0.91716,-0.220636,-0.230706,1.19489,-1.46253,0.882132,1.99412,-1.02362,-0.272605,-0.710174,-0.956708,1.62985,-0.0546685,-1.11682,0.498768,0.0770772,-0.63581,0.171498,-0.77819,-0.210159,1.03838,-0.276068,-1.31852,0.643743,-0.513246,0.457598,2.2182,0.559354,0.473172,0.209007,-1.03999,-0.114701,-0.307638,-1.33102,1.35277,0.641324,0.788395,0.520865,-0.444855,0.756246,0.899321,-0.464507,-1.09618,-0.224658,2.18693,0.270884,0.205588,0.313118,-0.994149,0.715334,0.674248,-1.51915,0.598524,1.60579,1.10729,-0.781397,0.375154,-0.859799,-0.236058,-2.65957,0.403365,1.24753,-0.824927,-0.218055,-2.0141,0.727642,-1.42494,0.509897,0.603027,-0.899312,0.243715,-1.1297,-0.6175,0.892642,-0.188613,0.156865,-547.184,-508.299,2761.5,815.011,520.894,-1882.04,-2005.36,-819.359,713.376,4167.89,684.524,-60.5022,-3825.74,-379.508,89.5438,-786.665,-2764.26,-1893.05,-1138.15,1330.48,3721.9,-4549.31,2287.66,267.703,-2638.59,-2872.07,3581.78,-691.08,1559.76,-2665.15,-3407.54,531.827,2745.55,-223.138,-3512.96,4957.76,-1430.38,-3610.6,1490.59,-2808.39,2647.86,134.514,1058.66,-2025.01,485.435,3088.29,-408.039,1755.96,-843.537,223.64,-979.537,157.066,-382.401,-1592.82,146.539,630.355,1663.4,390.568,-1767.98,-422.267,-1066.21,3073.98,426.967,1910.6,-1257.09,-400.344,-1141.72,499.265,-2604.22,-1076.11,-4120.46,-2216.12,-5824.17,-626.233,4606.2,242.817,3643.23,1542.24,2193.71,656.864,865.569,271.498,-601.193,3442.11,1343.81,-669.027,-589.169,-124.323,-568.395,1995.34,2199.27,3168.19,1360.03,-1589.59,215.181,-2315.43,-552.459,2949.46,968.289,-1405.52
-250354,0,1,0,1,1,250408,-0.384764,0.00591807,1.98251,0.65987,0.194549,-1.62464,-1.32884,-0.638008,0.776036,1.76188,-0.149657,0.116447,-1.54277,-0.0636614,0.2482,-1.00728,-1.59481,-1.01706,-0.127135,0.559175,1.40119,-1.61276,1.8305,-0.0898098,-1.26576,-1.76124,1.23195,-0.269686,1.22789,-1.59845,-1.56077,0.458786,1.996,-0.185011,-1.75004,1.38731,-0.797919,-1.56933,0.936032,-1.67351,1.35279,0.444837,1.42627,-1.3104,-0.0724454,0.89088,-0.393547,0.886616,0.0264761,-0.478673,-1.03596,0.226382,0.0675763,-1.26799,0.156639,-0.0321617,0.998724,0.212245,-0.63784,-0.775643,-0.788799,1.94885,1.21166,0.828242,-0.92643,-0.62419,-1.08532,0.0134659,-0.922084,-1.04397,-1.82062,-0.720654,-1.94471,-0.376988,1.76676,-0.594025,1.17955,0.313105,1.16384,0.0323358,0.112372,0.276904,0.173359,1.84303,0.871915,-1.30925,-0.819472,-0.271119,0.144731,1.18899,1.07535,1.68402,1.67163,-0.91779,-0.253471,-1.68299,-0.374937,1.42931,0.855572,-1.19532,1.74863,0.860971,0.865951,0.150114,-0.966279,-0.327726,0.0878444,1.04401,0.439038,1.50279,0.485862,1.413,-0.231683,-0.630396,0.0280594,-0.0383625,0.725292,-1.15563,0.655214,0.97828,0.128132,2.54973,1.29937,0.925353,-1.81049,1.28943,-0.178166,0.901836,0.151062,0.227385,0.834756,0.2564,-1.68417,0.565196,-1.38551,-0.707469,1.24983,0.624036,0.335795,0.37233,1.42092,-0.341794,0.686254,0.000443559,-0.927331,0.52493,1.84838,-0.90227,-2.43738,0.636817,-1.5412,-1.91824,-0.381243,-0.455228,-0.00164803,-0.4006,-0.495753,-1.45434,-0.282648,0.562043,-1.32924,-0.884072,0.525682,-0.551943,-0.446369,-1.60007,-1.71384,0.375486,1.60815,-2.44529,-1.066,-1.01194,-0.130963,-0.285371,-1.21779,-0.14275,0.843606,-0.052562,1.4426,-1.53903,-0.342731,-1.83244,-1.17246,0.0440283,-0.130718,0.683566,-0.314835,-2.18011,-0.782437,-0.460676,0.175126,0.198313,-0.11727,0.858609,-1.58045,-1.03318,-0.611779,0.893091,1.6139,-0.143931,-547.184,-508.299,2761.5,815.011,520.894,-1882.04,-2005.36,-819.359,713.376,4167.89,684.524,-60.5022,-3825.74,-379.508,89.5438,-786.665,-2764.26,-1893.05,-1138.15,1330.48,3721.9,-4549.31,2287.66,267.703,-2638.59,-2872.07,3581.78,-691.08,1559.76,-2665.15,-3407.54,531.827,2745.55,-223.138,-3512.96,4957.76,-1430.38,-3610.6,1490.59,-2808.39,2647.86,134.514,1058.66,-2025.01,485.435,3088.29,-408.039,1755.96,-843.537,223.64,-979.537,157.066,-382.401,-1592.82,146.539,630.355,1663.4,390.568,-1767.98,-422.267,-1066.21,3073.98,426.967,1910.6,-1257.09,-400.344,-1141.72,499.265,-2604.22,-1076.11,-4120.46,-2216.12,-5824.17,-626.233,4606.2,242.817,3643.23,1542.24,2193.71,656.864,865.569,271.498,-601.193,3442.11,1343.81,-669.027,-589.169,-124.323,-568.395,1995.34,2199.27,3168.19,1360.03,-1589.59,215.181,-2315.43,-552.459,2949.46,968.289,-1405.52
-250354,0,1,0,1,1,250405,-0.384764,0.00591807,1.98251,0.65987,0.194549,-1.62464,-1.32884,-0.638008,0.776036,1.76188,-0.149657,0.116447,-1.54277,-0.0636614,0.2482,-1.00728,-1.59481,-1.01706,-0.127135,0.559175,1.40119,-1.61276,1.8305,-0.0898098,-1.26576,-1.76124,1.23195,-0.269686,1.22789,-1.59845,-1.56077,0.458786,1.996,-0.185011,-1.75004,1.38731,-0.797919,-1.56933,0.936032,-1.67351,1.35279,0.444837,1.42627,-1.3104,-0.0724454,0.89088,-0.393547,0.886616,0.0264761,-0.478673,-1.03596,0.226382,0.0675763,-1.26799,0.156639,-0.0321617,0.998724,0.212245,-0.63784,-0.775643,-0.788799,1.94885,1.21166,0.828242,-0.92643,-0.62419,-1.08532,0.0134659,-0.922084,-1.04397,-1.82062,-0.720654,-1.94471,-0.376988,1.76676,-0.594025,1.17955,0.313105,1.16384,0.0323358,0.112372,0.276904,0.173359,1.84303,0.871915,-1.30925,-0.819472,-0.271119,0.144731,1.18899,1.07535,1.68402,1.67163,-0.91779,-0.253471,-1.68299,-0.374937,1.42931,0.855572,-1.19532,-0.340133,1.71858,0.653571,-1.02203,0.189207,-0.0973346,-0.0728338,2.26865,-0.52038,0.840108,-0.0338433,-0.270436,1.37411,-0.0986632,-0.744714,0.476456,-0.527733,-0.217478,0.314169,-0.65523,-0.552226,-1.08411,1.80575,0.192235,-1.74549,-0.253401,-0.0772674,1.51136,-0.442911,0.479754,-1.77123,0.653203,0.579922,-0.925334,0.982958,0.949134,-0.659214,1.92528,-0.702891,-0.0960116,-1.4302,-0.0758293,-0.139236,-1.38453,1.20084,2.65114,-0.38254,0.262965,-0.521842,-1.30328,-0.050775,0.22022,0.65554,-0.0665653,1.6648,-0.99409,0.267342,-0.461117,-1.23775,1.17329,-0.158961,-0.550582,0.10456,0.095369,-1.78087,1.3086,1.18246,-0.314449,-0.237523,-0.299082,0.661992,-1.00299,-1.05884,0.00155636,-0.283744,-1.89465,-2.91357,-2.32018,1.1782,-0.121292,0.945439,1.28852,-1.35104,-0.338159,0.427378,0.864857,0.247081,1.20394,-0.85452,-0.772654,-0.856719,-0.442975,-0.449924,-0.526792,-0.34178,-0.784611,-1.48722,1.03347,-0.0552482,-1.0912,-547.184,-508.299,2761.5,815.011,520.894,-1882.04,-2005.36,-819.359,713.376,4167.89,684.524,-60.5022,-3825.74,-379.508,89.5438,-786.665,-2764.26,-1893.05,-1138.15,1330.48,3721.9,-4549.31,2287.66,267.703,-2638.59,-2872.07,3581.78,-691.08,1559.76,-2665.15,-3407.54,531.827,2745.55,-223.138,-3512.96,4957.76,-1430.38,-3610.6,1490.59,-2808.39,2647.86,134.514,1058.66,-2025.01,485.435,3088.29,-408.039,1755.96,-843.537,223.64,-979.537,157.066,-382.401,-1592.82,146.539,630.355,1663.4,390.568,-1767.98,-422.267,-1066.21,3073.98,426.967,1910.6,-1257.09,-400.344,-1141.72,499.265,-2604.22,-1076.11,-4120.46,-2216.12,-5824.17,-626.233,4606.2,242.817,3643.23,1542.24,2193.71,656.864,865.569,271.498,-601.193,3442.11,1343.81,-669.027,-589.169,-124.323,-568.395,1995.34,2199.27,3168.19,1360.03,-1589.59,215.181,-2315.43,-552.459,2949.46,968.289,-1405.52
-250354,0,1,0,1,1,250398,-0.384764,0.00591807,1.98251,0.65987,0.194549,-1.62464,-1.32884,-0.638008,0.776036,1.76188,-0.149657,0.116447,-1.54277,-0.0636614,0.2482,-1.00728,-1.59481,-1.01706,-0.127135,0.559175,1.40119,-1.61276,1.8305,-0.0898098,-1.26576,-1.76124,1.23195,-0.269686,1.22789,-1.59845,-1.56077,0.458786,1.996,-0.185011,-1.75004,1.38731,-0.797919,-1.56933,0.936032,-1.67351,1.35279,0.444837,1.42627,-1.3104,-0.0724454,0.89088,-0.393547,0.886616,0.0264761,-0.478673,-1.03596,0.226382,0.0675763,-1.26799,0.156639,-0.0321617,0.998724,0.212245,-0.63784,-0.775643,-0.788799,1.94885,1.21166,0.828242,-0.92643,-0.62419,-1.08532,0.0134659,-0.922084,-1.04397,-1.82062,-0.720654,-1.94471,-0.376988,1.76676,-0.594025,1.17955,0.313105,1.16384,0.0323358,0.112372,0.276904,0.173359,1.84303,0.871915,-1.30925,-0.819472,-0.271119,0.144731,1.18899,1.07535,1.68402,1.67163,-0.91779,-0.253471,-1.68299,-0.374937,1.42931,0.855572,-1.19532,1.01755,1.91701,1.63431,-0.824172,-0.631427,0.596367,-2.00379,-0.664531,1.18805,1.01877,-0.482665,0.316961,0.51311,0.287733,1.58133,-0.426429,0.824347,0.0922152,0.253613,1.20052,-0.0960356,1.24519,-0.312733,-1.18867,1.66844,1.56275,-1.12981,-0.112675,0.498022,-0.713409,-0.201534,-0.113759,-1.71536,-0.680495,-0.0780398,0.138998,-0.466285,-0.222783,1.02343,0.454918,0.0395486,0.0051232,-1.02504,-0.431107,-0.838465,1.1214,0.0473634,0.90234,0.256672,1.46509,0.798224,-2.11758,-0.437768,2.43536,1.44432,-0.763236,0.208522,-0.582039,-0.878008,-0.870145,0.730401,0.917904,-0.299027,-0.534568,-0.0937312,0.215161,-0.286245,-0.122201,1.00077,-0.379788,-0.90309,-0.537179,-0.411299,-0.572105,-0.247415,0.270625,1.01957,0.778215,-0.602111,1.7424,-1.2472,1.44104,-1.75093,-0.272639,-0.603714,1.73431,-0.00711706,0.580156,1.00159,1.01977,0.678079,-0.652373,-0.321594,-1.18067,0.95153,0.957049,0.877982,-0.317295,1.06377,-0.800924,-547.184,-508.299,2761.5,815.011,520.894,-1882.04,-2005.36,-819.359,713.376,4167.89,684.524,-60.5022,-3825.74,-379.508,89.5438,-786.665,-2764.26,-1893.05,-1138.15,1330.48,3721.9,-4549.31,2287.66,267.703,-2638.59,-2872.07,3581.78,-691.08,1559.76,-2665.15,-3407.54,531.827,2745.55,-223.138,-3512.96,4957.76,-1430.38,-3610.6,1490.59,-2808.39,2647.86,134.514,1058.66,-2025.01,485.435,3088.29,-408.039,1755.96,-843.537,223.64,-979.537,157.066,-382.401,-1592.82,146.539,630.355,1663.4,390.568,-1767.98,-422.267,-1066.21,3073.98,426.967,1910.6,-1257.09,-400.344,-1141.72,499.265,-2604.22,-1076.11,-4120.46,-2216.12,-5824.17,-626.233,4606.2,242.817,3643.23,1542.24,2193.71,656.864,865.569,271.498,-601.193,3442.11,1343.81,-669.027,-589.169,-124.323,-568.395,1995.34,2199.27,3168.19,1360.03,-1589.59,215.181,-2315.43,-552.459,2949.46,968.289,-1405.52
-250354,0,1,0,1,1,250403,-0.384764,0.00591807,1.98251,0.65987,0.194549,-1.62464,-1.32884,-0.638008,0.776036,1.76188,-0.149657,0.116447,-1.54277,-0.0636614,0.2482,-1.00728,-1.59481,-1.01706,-0.127135,0.559175,1.40119,-1.61276,1.8305,-0.0898098,-1.26576,-1.76124,1.23195,-0.269686,1.22789,-1.59845,-1.56077,0.458786,1.996,-0.185011,-1.75004,1.38731,-0.797919,-1.56933,0.936032,-1.67351,1.35279,0.444837,1.42627,-1.3104,-0.0724454,0.89088,-0.393547,0.886616,0.0264761,-0.478673,-1.03596,0.226382,0.0675763,-1.26799,0.156639,-0.0321617,0.998724,0.212245,-0.63784,-0.775643,-0.788799,1.94885,1.21166,0.828242,-0.92643,-0.62419,-1.08532,0.0134659,-0.922084,-1.04397,-1.82062,-0.720654,-1.94471,-0.376988,1.76676,-0.594025,1.17955,0.313105,1.16384,0.0323358,0.112372,0.276904,0.173359,1.84303,0.871915,-1.30925,-0.819472,-0.271119,0.144731,1.18899,1.07535,1.68402,1.67163,-0.91779,-0.253471,-1.68299,-0.374937,1.42931,0.855572,-1.19532,2.11104,1.1033,1.67044,-0.551702,-1.02545,0.71708,0.73026,-0.633336,1.35863,0.0370534,-1.26358,1.19523,1.24342,0.895455,-1.48296,-1.03375,-1.99614,-0.0126164,1.34269,-0.450074,0.429142,-0.678246,0.128085,-0.357686,1.22014,-0.556223,0.847298,1.17805,-0.508782,0.641041,0.186051,0.997112,-1.58243,-0.312303,-0.795754,-0.411944,0.607864,1.66841,0.73738,-0.650184,-0.160291,0.740992,-1.03492,-0.0177263,-0.799056,-1.09147,-0.842924,-0.313758,1.96958,1.92159,-1.8509,-0.968101,-0.307764,-0.327576,0.836737,0.178322,-0.162998,-0.529893,-0.968012,-1.08555,0.0596428,0.229446,0.459406,-0.282828,-0.845241,-0.455715,1.68706,0.232455,-1.24256,-0.734769,-0.279627,-2.52097,-0.857766,0.362596,-0.0960589,0.233396,-1.07406,0.295661,2.72895,-0.312182,1.5167,-0.87307,0.0737985,-1.16748,0.548285,0.169635,-0.141935,0.579172,-0.069226,1.42813,-1.77994,-0.446806,1.12349,-1.10876,-0.0429426,-0.524495,-0.44218,0.336634,0.20187,-0.291297,-547.184,-508.299,2761.5,815.011,520.894,-1882.04,-2005.36,-819.359,713.376,4167.89,684.524,-60.5022,-3825.74,-379.508,89.5438,-786.665,-2764.26,-1893.05,-1138.15,1330.48,3721.9,-4549.31,2287.66,267.703,-2638.59,-2872.07,3581.78,-691.08,1559.76,-2665.15,-3407.54,531.827,2745.55,-223.138,-3512.96,4957.76,-1430.38,-3610.6,1490.59,-2808.39,2647.86,134.514,1058.66,-2025.01,485.435,3088.29,-408.039,1755.96,-843.537,223.64,-979.537,157.066,-382.401,-1592.82,146.539,630.355,1663.4,390.568,-1767.98,-422.267,-1066.21,3073.98,426.967,1910.6,-1257.09,-400.344,-1141.72,499.265,-2604.22,-1076.11,-4120.46,-2216.12,-5824.17,-626.233,4606.2,242.817,3643.23,1542.24,2193.71,656.864,865.569,271.498,-601.193,3442.11,1343.81,-669.027,-589.169,-124.323,-568.395,1995.34,2199.27,3168.19,1360.03,-1589.59,215.181,-2315.43,-552.459,2949.46,968.289,-1405.52
-250354,0,1,0,1,1,250402,-0.384764,0.00591807,1.98251,0.65987,0.194549,-1.62464,-1.32884,-0.638008,0.776036,1.76188,-0.149657,0.116447,-1.54277,-0.0636614,0.2482,-1.00728,-1.59481,-1.01706,-0.127135,0.559175,1.40119,-1.61276,1.8305,-0.0898098,-1.26576,-1.76124,1.23195,-0.269686,1.22789,-1.59845,-1.56077,0.458786,1.996,-0.185011,-1.75004,1.38731,-0.797919,-1.56933,0.936032,-1.67351,1.35279,0.444837,1.42627,-1.3104,-0.0724454,0.89088,-0.393547,0.886616,0.0264761,-0.478673,-1.03596,0.226382,0.0675763,-1.26799,0.156639,-0.0321617,0.998724,0.212245,-0.63784,-0.775643,-0.788799,1.94885,1.21166,0.828242,-0.92643,-0.62419,-1.08532,0.0134659,-0.922084,-1.04397,-1.82062,-0.720654,-1.94471,-0.376988,1.76676,-0.594025,1.17955,0.313105,1.16384,0.0323358,0.112372,0.276904,0.173359,1.84303,0.871915,-1.30925,-0.819472,-0.271119,0.144731,1.18899,1.07535,1.68402,1.67163,-0.91779,-0.253471,-1.68299,-0.374937,1.42931,0.855572,-1.19532,-0.822341,1.81124,0.540537,-2.15403,0.948252,-1.20235,0.729115,-0.545156,-0.394955,0.455166,0.9847,-0.801373,0.177791,1.37061,0.775938,-1.33288,0.802154,-1.48979,0.458084,-0.339913,1.29684,0.0785856,0.208705,-0.843943,0.466111,1.12158,3.69504,0.524619,-0.609741,-2.29061,0.288098,1.32717,-0.550211,-1.18036,-0.809828,-0.305881,-0.391861,1.07395,-1.14092,-0.596526,-0.0103085,0.979309,-0.442395,-0.183087,1.16607,-0.602322,-0.645975,-0.121835,-1.90305,0.516078,0.227773,-0.888499,0.638364,-1.13653,-1.2198,-0.497809,0.640942,-2.41256,0.810053,0.0687802,0.85841,0.0590769,-0.90088,-0.658703,0.172828,0.629003,0.62034,-0.505743,1.58176,0.998028,-0.747368,-0.142784,0.640782,-0.316047,0.089757,0.699471,0.783911,-0.392315,-2.20784,-0.387302,-0.68058,-0.28067,0.542108,-0.261304,0.0194572,0.00831268,-0.0220994,-1.5999,1.33535,-1.46517,0.54913,0.303877,0.0993807,0.253761,-1.29276,-0.967638,0.299153,-0.0256737,-0.36415,0.235804,-547.184,-508.299,2761.5,815.011,520.894,-1882.04,-2005.36,-819.359,713.376,4167.89,684.524,-60.5022,-3825.74,-379.508,89.5438,-786.665,-2764.26,-1893.05,-1138.15,1330.48,3721.9,-4549.31,2287.66,267.703,-2638.59,-2872.07,3581.78,-691.08,1559.76,-2665.15,-3407.54,531.827,2745.55,-223.138,-3512.96,4957.76,-1430.38,-3610.6,1490.59,-2808.39,2647.86,134.514,1058.66,-2025.01,485.435,3088.29,-408.039,1755.96,-843.537,223.64,-979.537,157.066,-382.401,-1592.82,146.539,630.355,1663.4,390.568,-1767.98,-422.267,-1066.21,3073.98,426.967,1910.6,-1257.09,-400.344,-1141.72,499.265,-2604.22,-1076.11,-4120.46,-2216.12,-5824.17,-626.233,4606.2,242.817,3643.23,1542.24,2193.71,656.864,865.569,271.498,-601.193,3442.11,1343.81,-669.027,-589.169,-124.323,-568.395,1995.34,2199.27,3168.19,1360.03,-1589.59,215.181,-2315.43,-552.459,2949.46,968.289,-1405.52
-250354,0,1,0,1,1,250397,-0.384764,0.00591807,1.98251,0.65987,0.194549,-1.62464,-1.32884,-0.638008,0.776036,1.76188,-0.149657,0.116447,-1.54277,-0.0636614,0.2482,-1.00728,-1.59481,-1.01706,-0.127135,0.559175,1.40119,-1.61276,1.8305,-0.0898098,-1.26576,-1.76124,1.23195,-0.269686,1.22789,-1.59845,-1.56077,0.458786,1.996,-0.185011,-1.75004,1.38731,-0.797919,-1.56933,0.936032,-1.67351,1.35279,0.444837,1.42627,-1.3104,-0.0724454,0.89088,-0.393547,0.886616,0.0264761,-0.478673,-1.03596,0.226382,0.0675763,-1.26799,0.156639,-0.0321617,0.998724,0.212245,-0.63784,-0.775643,-0.788799,1.94885,1.21166,0.828242,-0.92643,-0.62419,-1.08532,0.0134659,-0.922084,-1.04397,-1.82062,-0.720654,-1.94471,-0.376988,1.76676,-0.594025,1.17955,0.313105,1.16384,0.0323358,0.112372,0.276904,0.173359,1.84303,0.871915,-1.30925,-0.819472,-0.271119,0.144731,1.18899,1.07535,1.68402,1.67163,-0.91779,-0.253471,-1.68299,-0.374937,1.42931,0.855572,-1.19532,-0.0443102,0.581882,0.200122,-0.0412946,0.659802,0.371577,-0.345595,-0.03836,0.144737,-0.219352,-0.379187,0.371539,1.07748,-0.453557,-0.249864,-1.77072,0.780255,-1.21888,-1.69729,1.13777,-0.343201,-0.302432,-0.21549,1.16557,0.166418,-0.500301,-1.05011,0.779428,0.122275,0.234043,1.63372,-0.543342,-2.74098,0.755222,1.32373,0.184043,-1.84194,-0.759932,0.0176204,-0.147907,0.396561,0.239216,-0.452149,0.0149326,-0.49242,2.30479,-1.02996,1.69681,0.791615,-0.672305,0.0834524,-0.186847,-0.135769,0.188042,0.155383,1.08428,0.200391,0.414239,0.537515,-0.905395,-1.3069,1.30696,2.55535,0.192146,0.505118,0.68528,-1.71757,-1.35265,0.141241,-0.53636,-1.57006,0.454022,-1.21248,-0.0700388,-0.483203,-1.23313,0.768443,-0.0739828,0.356307,1.10082,0.934019,-0.688288,0.777845,-1.13919,0.904097,1.18815,0.50902,0.878252,0.787668,2.23462,0.108185,-0.817356,-0.475887,-0.543672,0.809584,0.00484621,0.507551,0.0237253,-1.47294,-0.442162,-547.184,-508.299,2761.5,815.011,520.894,-1882.04,-2005.36,-819.359,713.376,4167.89,684.524,-60.5022,-3825.74,-379.508,89.5438,-786.665,-2764.26,-1893.05,-1138.15,1330.48,3721.9,-4549.31,2287.66,267.703,-2638.59,-2872.07,3581.78,-691.08,1559.76,-2665.15,-3407.54,531.827,2745.55,-223.138,-3512.96,4957.76,-1430.38,-3610.6,1490.59,-2808.39,2647.86,134.514,1058.66,-2025.01,485.435,3088.29,-408.039,1755.96,-843.537,223.64,-979.537,157.066,-382.401,-1592.82,146.539,630.355,1663.4,390.568,-1767.98,-422.267,-1066.21,3073.98,426.967,1910.6,-1257.09,-400.344,-1141.72,499.265,-2604.22,-1076.11,-4120.46,-2216.12,-5824.17,-626.233,4606.2,242.817,3643.23,1542.24,2193.71,656.864,865.569,271.498,-601.193,3442.11,1343.81,-669.027,-589.169,-124.323,-568.395,1995.34,2199.27,3168.19,1360.03,-1589.59,215.181,-2315.43,-552.459,2949.46,968.289,-1405.52
-250354,0,1,0,1,1,250405,-0.384764,0.00591807,1.98251,0.65987,0.194549,-1.62464,-1.32884,-0.638008,0.776036,1.76188,-0.149657,0.116447,-1.54277,-0.0636614,0.2482,-1.00728,-1.59481,-1.01706,-0.127135,0.559175,1.40119,-1.61276,1.8305,-0.0898098,-1.26576,-1.76124,1.23195,-0.269686,1.22789,-1.59845,-1.56077,0.458786,1.996,-0.185011,-1.75004,1.38731,-0.797919,-1.56933,0.936032,-1.67351,1.35279,0.444837,1.42627,-1.3104,-0.0724454,0.89088,-0.393547,0.886616,0.0264761,-0.478673,-1.03596,0.226382,0.0675763,-1.26799,0.156639,-0.0321617,0.998724,0.212245,-0.63784,-0.775643,-0.788799,1.94885,1.21166,0.828242,-0.92643,-0.62419,-1.08532,0.0134659,-0.922084,-1.04397,-1.82062,-0.720654,-1.94471,-0.376988,1.76676,-0.594025,1.17955,0.313105,1.16384,0.0323358,0.112372,0.276904,0.173359,1.84303,0.871915,-1.30925,-0.819472,-0.271119,0.144731,1.18899,1.07535,1.68402,1.67163,-0.91779,-0.253471,-1.68299,-0.374937,1.42931,0.855572,-1.19532,0.613008,-2.02349,0.521092,2.41347,-0.543501,0.910015,-1.16469,-0.18458,1.12603,-1.79171,-0.276658,1.00445,0.0221987,-0.107164,0.0752699,0.0832621,-0.13112,1.50579,-1.52258,-0.155917,0.0623179,0.299729,0.254948,-0.340384,-0.463777,1.2886,1.32534,0.293446,-2.17561,1.06924,1.80333,-1.02458,-1.72525,0.343003,0.265061,-0.368761,1.19501,-0.280853,0.548139,-0.652984,0.428431,-0.867162,-0.232514,0.170881,-1.20442,0.341231,0.118227,-0.670035,1.21769,-0.22173,0.0579677,-0.491589,-0.38251,-0.647011,0.855613,-0.253178,-1.04481,1.34708,-0.895084,-0.971329,-0.0642454,0.190189,-1.36726,1.45176,-1.22147,-0.484653,-0.00215958,1.04059,-1.19273,-0.721711,1.33825,1.04494,-0.745747,2.07268,0.402513,0.543418,-0.415435,-1.0029,0.630356,0.644224,-2.18943,-0.415381,0.326613,-0.534868,-1.90491,2.42322,-0.984326,1.92939,-0.118084,1.13838,-0.249607,-0.3818,-0.798594,-2.23291,-0.830618,0.436811,0.310357,-0.782804,-1.16385,0.0959475,-547.184,-508.299,2761.5,815.011,520.894,-1882.04,-2005.36,-819.359,713.376,4167.89,684.524,-60.5022,-3825.74,-379.508,89.5438,-786.665,-2764.26,-1893.05,-1138.15,1330.48,3721.9,-4549.31,2287.66,267.703,-2638.59,-2872.07,3581.78,-691.08,1559.76,-2665.15,-3407.54,531.827,2745.55,-223.138,-3512.96,4957.76,-1430.38,-3610.6,1490.59,-2808.39,2647.86,134.514,1058.66,-2025.01,485.435,3088.29,-408.039,1755.96,-843.537,223.64,-979.537,157.066,-382.401,-1592.82,146.539,630.355,1663.4,390.568,-1767.98,-422.267,-1066.21,3073.98,426.967,1910.6,-1257.09,-400.344,-1141.72,499.265,-2604.22,-1076.11,-4120.46,-2216.12,-5824.17,-626.233,4606.2,242.817,3643.23,1542.24,2193.71,656.864,865.569,271.498,-601.193,3442.11,1343.81,-669.027,-589.169,-124.323,-568.395,1995.34,2199.27,3168.19,1360.03,-1589.59,215.181,-2315.43,-552.459,2949.46,968.289,-1405.52
-250354,0,1,0,1,1,250412,-0.384764,0.00591807,1.98251,0.65987,0.194549,-1.62464,-1.32884,-0.638008,0.776036,1.76188,-0.149657,0.116447,-1.54277,-0.0636614,0.2482,-1.00728,-1.59481,-1.01706,-0.127135,0.559175,1.40119,-1.61276,1.8305,-0.0898098,-1.26576,-1.76124,1.23195,-0.269686,1.22789,-1.59845,-1.56077,0.458786,1.996,-0.185011,-1.75004,1.38731,-0.797919,-1.56933,0.936032,-1.67351,1.35279,0.444837,1.42627,-1.3104,-0.0724454,0.89088,-0.393547,0.886616,0.0264761,-0.478673,-1.03596,0.226382,0.0675763,-1.26799,0.156639,-0.0321617,0.998724,0.212245,-0.63784,-0.775643,-0.788799,1.94885,1.21166,0.828242,-0.92643,-0.62419,-1.08532,0.0134659,-0.922084,-1.04397,-1.82062,-0.720654,-1.94471,-0.376988,1.76676,-0.594025,1.17955,0.313105,1.16384,0.0323358,0.112372,0.276904,0.173359,1.84303,0.871915,-1.30925,-0.819472,-0.271119,0.144731,1.18899,1.07535,1.68402,1.67163,-0.91779,-0.253471,-1.68299,-0.374937,1.42931,0.855572,-1.19532,0.15541,0.630456,2.40854,0.884235,0.298761,-0.0594657,-0.200075,-0.12333,2.64865,0.363022,1.29093,-1.10582,1.04859,1.47542,-1.36751,1.09425,0.859731,1.75835,0.335169,-1.14338,-1.19926,1.85612,0.58468,1.5588,-0.71348,-1.26569,-0.0953364,-0.285849,1.37052,-0.46065,-1.36334,0.542609,-1.44888,-0.321241,-0.7594,-0.795407,2.23529,-1.2271,1.32628,0.100734,-2.11666,-1.1386,0.788575,0.429182,0.00495201,0.519442,1.31075,-0.451344,-0.134636,0.521689,0.00934987,-0.615219,0.778607,2.32586,-0.40283,0.920341,0.552333,-1.46545,0.338192,-1.51209,-1.64257,0.0159544,0.656483,0.442394,0.591087,1.44321,-0.5361,-0.876728,0.260972,-0.498442,-0.345626,-1.10139,-0.558589,-0.64516,1.59648,1.69075,2.83524,1.09432,1.76645,-0.345895,-0.283264,-0.459878,-0.980934,-0.222031,0.568223,-0.689997,1.8552,1.0861,-0.835879,-0.904533,0.543739,1.31751,0.174049,0.00623392,-0.176505,-0.818647,0.0686791,0.511107,-0.438652,0.946872,-547.184,-508.299,2761.5,815.011,520.894,-1882.04,-2005.36,-819.359,713.376,4167.89,684.524,-60.5022,-3825.74,-379.508,89.5438,-786.665,-2764.26,-1893.05,-1138.15,1330.48,3721.9,-4549.31,2287.66,267.703,-2638.59,-2872.07,3581.78,-691.08,1559.76,-2665.15,-3407.54,531.827,2745.55,-223.138,-3512.96,4957.76,-1430.38,-3610.6,1490.59,-2808.39,2647.86,134.514,1058.66,-2025.01,485.435,3088.29,-408.039,1755.96,-843.537,223.64,-979.537,157.066,-382.401,-1592.82,146.539,630.355,1663.4,390.568,-1767.98,-422.267,-1066.21,3073.98,426.967,1910.6,-1257.09,-400.344,-1141.72,499.265,-2604.22,-1076.11,-4120.46,-2216.12,-5824.17,-626.233,4606.2,242.817,3643.23,1542.24,2193.71,656.864,865.569,271.498,-601.193,3442.11,1343.81,-669.027,-589.169,-124.323,-568.395,1995.34,2199.27,3168.19,1360.03,-1589.59,215.181,-2315.43,-552.459,2949.46,968.289,-1405.52
-250354,0,1,0,1,1,250408,-0.384764,0.00591807,1.98251,0.65987,0.194549,-1.62464,-1.32884,-0.638008,0.776036,1.76188,-0.149657,0.116447,-1.54277,-0.0636614,0.2482,-1.00728,-1.59481,-1.01706,-0.127135,0.559175,1.40119,-1.61276,1.8305,-0.0898098,-1.26576,-1.76124,1.23195,-0.269686,1.22789,-1.59845,-1.56077,0.458786,1.996,-0.185011,-1.75004,1.38731,-0.797919,-1.56933,0.936032,-1.67351,1.35279,0.444837,1.42627,-1.3104,-0.0724454,0.89088,-0.393547,0.886616,0.0264761,-0.478673,-1.03596,0.226382,0.0675763,-1.26799,0.156639,-0.0321617,0.998724,0.212245,-0.63784,-0.775643,-0.788799,1.94885,1.21166,0.828242,-0.92643,-0.62419,-1.08532,0.0134659,-0.922084,-1.04397,-1.82062,-0.720654,-1.94471,-0.376988,1.76676,-0.594025,1.17955,0.313105,1.16384,0.0323358,0.112372,0.276904,0.173359,1.84303,0.871915,-1.30925,-0.819472,-0.271119,0.144731,1.18899,1.07535,1.68402,1.67163,-0.91779,-0.253471,-1.68299,-0.374937,1.42931,0.855572,-1.19532,0.405217,-0.237032,1.9647,0.833025,-0.769961,1.61158,-0.180576,-1.19587,0.664948,-1.16722,0.0124719,1.44495,-1.97403,-0.15505,-0.0851537,1.289,-0.818509,0.457036,-0.738767,2.13139,-1.09874,0.744239,0.778675,-0.581809,-1.00204,-0.837216,-1.07112,-1.91626,-0.0396043,-0.576206,-1.52673,0.00888413,0.0703774,-0.955104,0.517138,-0.111876,0.305109,-0.552394,1.23108,0.937719,0.137224,-0.156149,0.297128,-0.0913245,-0.320375,-0.39845,1.75144,-0.394281,-0.205136,1.37044,0.168573,-1.09091,1.541,-0.0346191,1.14802,-0.479227,1.65324,-0.975604,-0.235497,1.14984,-1.92133,-0.154691,-0.208346,1.62958,-0.613147,-1.31125,0.314903,0.00803839,0.987947,1.4369,0.134247,-1.84038,-1.3498,-0.56174,-1.55357,0.148274,2.48944,0.145545,1.21222,-0.744107,0.0336886,-1.1885,1.22876,1.08278,-0.232908,0.480305,1.3635,0.093015,-0.65331,0.154329,-0.448309,2.07038,-0.166069,1.17542,-0.672105,-1.63082,0.609596,2.52595,0.931271,-0.304993,-547.184,-508.299,2761.5,815.011,520.894,-1882.04,-2005.36,-819.359,713.376,4167.89,684.524,-60.5022,-3825.74,-379.508,89.5438,-786.665,-2764.26,-1893.05,-1138.15,1330.48,3721.9,-4549.31,2287.66,267.703,-2638.59,-2872.07,3581.78,-691.08,1559.76,-2665.15,-3407.54,531.827,2745.55,-223.138,-3512.96,4957.76,-1430.38,-3610.6,1490.59,-2808.39,2647.86,134.514,1058.66,-2025.01,485.435,3088.29,-408.039,1755.96,-843.537,223.64,-979.537,157.066,-382.401,-1592.82,146.539,630.355,1663.4,390.568,-1767.98,-422.267,-1066.21,3073.98,426.967,1910.6,-1257.09,-400.344,-1141.72,499.265,-2604.22,-1076.11,-4120.46,-2216.12,-5824.17,-626.233,4606.2,242.817,3643.23,1542.24,2193.71,656.864,865.569,271.498,-601.193,3442.11,1343.81,-669.027,-589.169,-124.323,-568.395,1995.34,2199.27,3168.19,1360.03,-1589.59,215.181,-2315.43,-552.459,2949.46,968.289,-1405.52
-250354,0,1,0,1,1,250413,-0.384764,0.00591807,1.98251,0.65987,0.194549,-1.62464,-1.32884,-0.638008,0.776036,1.76188,-0.149657,0.116447,-1.54277,-0.0636614,0.2482,-1.00728,-1.59481,-1.01706,-0.127135,0.559175,1.40119,-1.61276,1.8305,-0.0898098,-1.26576,-1.76124,1.23195,-0.269686,1.22789,-1.59845,-1.56077,0.458786,1.996,-0.185011,-1.75004,1.38731,-0.797919,-1.56933,0.936032,-1.67351,1.35279,0.444837,1.42627,-1.3104,-0.0724454,0.89088,-0.393547,0.886616,0.0264761,-0.478673,-1.03596,0.226382,0.0675763,-1.26799,0.156639,-0.0321617,0.998724,0.212245,-0.63784,-0.775643,-0.788799,1.94885,1.21166,0.828242,-0.92643,-0.62419,-1.08532,0.0134659,-0.922084,-1.04397,-1.82062,-0.720654,-1.94471,-0.376988,1.76676,-0.594025,1.17955,0.313105,1.16384,0.0323358,0.112372,0.276904,0.173359,1.84303,0.871915,-1.30925,-0.819472,-0.271119,0.144731,1.18899,1.07535,1.68402,1.67163,-0.91779,-0.253471,-1.68299,-0.374937,1.42931,0.855572,-1.19532,-0.0280111,-1.38666,-0.862721,-0.0450989,-1.30968,0.417567,0.321163,-0.52019,-0.512082,0.3361,-1.56247,-0.35632,1.48436,0.645085,-2.76642,-1.03212,-0.249941,-2.18541,1.64221,-1.7087,0.0928156,-0.64933,0.099605,-1.01631,1.09927,-1.18186,0.109658,0.777441,0.902884,-0.248374,0.385523,1.51622,0.0780643,-0.163742,0.265401,0.490559,0.179629,1.62942,3.03878,-1.04454,-1.3896,0.626553,1.09327,1.07674,1.36416,1.81481,-0.727099,-0.172966,0.856883,-0.281173,-0.237053,2.27142,-1.85493,1.47316,0.385567,2.25945,0.093233,0.328083,-1.17104,0.441111,-0.0834719,0.0144363,-0.181722,1.50035,0.745652,-0.645608,0.487891,0.482183,-0.433231,-0.886495,1.55125,0.266002,-0.072988,0.348703,1.35861,0.755654,-0.868811,-1.15011,-0.54066,0.746741,0.538191,-0.464197,0.824378,0.911348,1.8505,0.103396,1.4007,0.930489,-2.23981,-1.43726,0.488502,0.539398,2.62514,-0.725625,-0.256965,0.515698,0.340062,0.263511,-1.07194,0.487351,-547.184,-508.299,2761.5,815.011,520.894,-1882.04,-2005.36,-819.359,713.376,4167.89,684.524,-60.5022,-3825.74,-379.508,89.5438,-786.665,-2764.26,-1893.05,-1138.15,1330.48,3721.9,-4549.31,2287.66,267.703,-2638.59,-2872.07,3581.78,-691.08,1559.76,-2665.15,-3407.54,531.827,2745.55,-223.138,-3512.96,4957.76,-1430.38,-3610.6,1490.59,-2808.39,2647.86,134.514,1058.66,-2025.01,485.435,3088.29,-408.039,1755.96,-843.537,223.64,-979.537,157.066,-382.401,-1592.82,146.539,630.355,1663.4,390.568,-1767.98,-422.267,-1066.21,3073.98,426.967,1910.6,-1257.09,-400.344,-1141.72,499.265,-2604.22,-1076.11,-4120.46,-2216.12,-5824.17,-626.233,4606.2,242.817,3643.23,1542.24,2193.71,656.864,865.569,271.498,-601.193,3442.11,1343.81,-669.027,-589.169,-124.323,-568.395,1995.34,2199.27,3168.19,1360.03,-1589.59,215.181,-2315.43,-552.459,2949.46,968.289,-1405.52
-250354,0,1,0,1,1,250414,-0.384764,0.00591807,1.98251,0.65987,0.194549,-1.62464,-1.32884,-0.638008,0.776036,1.76188,-0.149657,0.116447,-1.54277,-0.0636614,0.2482,-1.00728,-1.59481,-1.01706,-0.127135,0.559175,1.40119,-1.61276,1.8305,-0.0898098,-1.26576,-1.76124,1.23195,-0.269686,1.22789,-1.59845,-1.56077,0.458786,1.996,-0.185011,-1.75004,1.38731,-0.797919,-1.56933,0.936032,-1.67351,1.35279,0.444837,1.42627,-1.3104,-0.0724454,0.89088,-0.393547,0.886616,0.0264761,-0.478673,-1.03596,0.226382,0.0675763,-1.26799,0.156639,-0.0321617,0.998724,0.212245,-0.63784,-0.775643,-0.788799,1.94885,1.21166,0.828242,-0.92643,-0.62419,-1.08532,0.0134659,-0.922084,-1.04397,-1.82062,-0.720654,-1.94471,-0.376988,1.76676,-0.594025,1.17955,0.313105,1.16384,0.0323358,0.112372,0.276904,0.173359,1.84303,0.871915,-1.30925,-0.819472,-0.271119,0.144731,1.18899,1.07535,1.68402,1.67163,-0.91779,-0.253471,-1.68299,-0.374937,1.42931,0.855572,-1.19532,0.896176,0.532175,0.82489,-1.22368,-0.686374,-0.137852,0.906774,-0.368351,-0.287646,2.99173,-2.24183,-0.161249,0.802684,2.03735,-1.81782,0.709347,2.49082,-0.763981,1.06915,-0.894699,-0.792154,-0.393978,-1.62273,1.6576,-1.65069,1.07736,-1.48531,0.169153,0.561449,0.864455,0.649421,-1.51467,0.856,-1.41696,-1.27019,0.157135,0.626626,1.30262,-0.612916,-1.04672,-0.515923,-0.721523,0.320786,0.780651,0.28043,0.633501,2.00858,-1.78497,-1.31399,0.84874,0.794579,-0.608801,-0.33515,1.10611,1.33113,-0.141829,1.49734,1.08865,-0.174089,0.0455332,1.31616,-0.137769,-0.474898,0.302923,-1.5727,-1.9474,-0.891776,-0.703922,0.277853,-0.479203,1.10934,0.204748,1.39176,-0.190422,0.350163,1.2056,-1.37291,0.621311,-2.29035,0.583338,0.414533,-1.21403,0.0131384,2.01451,0.767195,1.05588,0.663546,-0.124969,-0.803654,1.14387,-1.08455,0.0422642,1.04271,0.98591,-0.328231,1.22646,-1.23067,0.575148,-0.0436524,-0.59215,-547.184,-508.299,2761.5,815.011,520.894,-1882.04,-2005.36,-819.359,713.376,4167.89,684.524,-60.5022,-3825.74,-379.508,89.5438,-786.665,-2764.26,-1893.05,-1138.15,1330.48,3721.9,-4549.31,2287.66,267.703,-2638.59,-2872.07,3581.78,-691.08,1559.76,-2665.15,-3407.54,531.827,2745.55,-223.138,-3512.96,4957.76,-1430.38,-3610.6,1490.59,-2808.39,2647.86,134.514,1058.66,-2025.01,485.435,3088.29,-408.039,1755.96,-843.537,223.64,-979.537,157.066,-382.401,-1592.82,146.539,630.355,1663.4,390.568,-1767.98,-422.267,-1066.21,3073.98,426.967,1910.6,-1257.09,-400.344,-1141.72,499.265,-2604.22,-1076.11,-4120.46,-2216.12,-5824.17,-626.233,4606.2,242.817,3643.23,1542.24,2193.71,656.864,865.569,271.498,-601.193,3442.11,1343.81,-669.027,-589.169,-124.323,-568.395,1995.34,2199.27,3168.19,1360.03,-1589.59,215.181,-2315.43,-552.459,2949.46,968.289,-1405.52
-250354,0,1,0,1,1,250397,-0.384764,0.00591807,1.98251,0.65987,0.194549,-1.62464,-1.32884,-0.638008,0.776036,1.76188,-0.149657,0.116447,-1.54277,-0.0636614,0.2482,-1.00728,-1.59481,-1.01706,-0.127135,0.559175,1.40119,-1.61276,1.8305,-0.0898098,-1.26576,-1.76124,1.23195,-0.269686,1.22789,-1.59845,-1.56077,0.458786,1.996,-0.185011,-1.75004,1.38731,-0.797919,-1.56933,0.936032,-1.67351,1.35279,0.444837,1.42627,-1.3104,-0.0724454,0.89088,-0.393547,0.886616,0.0264761,-0.478673,-1.03596,0.226382,0.0675763,-1.26799,0.156639,-0.0321617,0.998724,0.212245,-0.63784,-0.775643,-0.788799,1.94885,1.21166,0.828242,-0.92643,-0.62419,-1.08532,0.0134659,-0.922084,-1.04397,-1.82062,-0.720654,-1.94471,-0.376988,1.76676,-0.594025,1.17955,0.313105,1.16384,0.0323358,0.112372,0.276904,0.173359,1.84303,0.871915,-1.30925,-0.819472,-0.271119,0.144731,1.18899,1.07535,1.68402,1.67163,-0.91779,-0.253471,-1.68299,-0.374937,1.42931,0.855572,-1.19532,0.622172,0.323031,-1.0519,-1.87945,-0.819541,0.47905,0.321298,0.670928,-2.06588,1.11167,0.263317,1.02845,0.46516,0.985986,1.82697,0.482239,1.2243,0.53883,-0.190261,-1.9519,-0.397407,0.447253,0.717729,-0.327737,-1.26802,0.704886,-0.679552,0.351297,1.47774,-0.243579,-0.127,-0.131492,0.634827,-0.277397,0.746202,0.797777,1.05757,0.35587,-0.0848783,-0.168932,-0.644202,-0.24179,0.154623,1.95499,-1.03545,0.367719,0.206366,1.62614,-0.172293,0.388276,-0.605972,0.659306,-0.433294,0.602503,0.621723,2.1788,-0.845108,1.66026,1.74967,-0.748331,0.0539226,0.0845466,0.91924,-1.1198,0.208443,-0.0533449,0.923712,0.532309,2.46076,-0.108013,0.635295,-0.172751,0.888799,-0.887755,0.358377,0.171673,-1.04992,0.907996,0.919199,-0.438556,-1.39164,0.481989,-0.189598,-1.0845,0.557919,0.838271,-0.67005,-1.91034,0.779815,-0.210823,-0.29996,-0.284919,1.25767,0.209135,-0.982765,-0.0259551,0.181288,-1.87435,-0.470305,1.1681,-547.184,-508.299,2761.5,815.011,520.894,-1882.04,-2005.36,-819.359,713.376,4167.89,684.524,-60.5022,-3825.74,-379.508,89.5438,-786.665,-2764.26,-1893.05,-1138.15,1330.48,3721.9,-4549.31,2287.66,267.703,-2638.59,-2872.07,3581.78,-691.08,1559.76,-2665.15,-3407.54,531.827,2745.55,-223.138,-3512.96,4957.76,-1430.38,-3610.6,1490.59,-2808.39,2647.86,134.514,1058.66,-2025.01,485.435,3088.29,-408.039,1755.96,-843.537,223.64,-979.537,157.066,-382.401,-1592.82,146.539,630.355,1663.4,390.568,-1767.98,-422.267,-1066.21,3073.98,426.967,1910.6,-1257.09,-400.344,-1141.72,499.265,-2604.22,-1076.11,-4120.46,-2216.12,-5824.17,-626.233,4606.2,242.817,3643.23,1542.24,2193.71,656.864,865.569,271.498,-601.193,3442.11,1343.81,-669.027,-589.169,-124.323,-568.395,1995.34,2199.27,3168.19,1360.03,-1589.59,215.181,-2315.43,-552.459,2949.46,968.289,-1405.52
-250354,0,1,0,1,1,250402,-0.384764,0.00591807,1.98251,0.65987,0.194549,-1.62464,-1.32884,-0.638008,0.776036,1.76188,-0.149657,0.116447,-1.54277,-0.0636614,0.2482,-1.00728,-1.59481,-1.01706,-0.127135,0.559175,1.40119,-1.61276,1.8305,-0.0898098,-1.26576,-1.76124,1.23195,-0.269686,1.22789,-1.59845,-1.56077,0.458786,1.996,-0.185011,-1.75004,1.38731,-0.797919,-1.56933,0.936032,-1.67351,1.35279,0.444837,1.42627,-1.3104,-0.0724454,0.89088,-0.393547,0.886616,0.0264761,-0.478673,-1.03596,0.226382,0.0675763,-1.26799,0.156639,-0.0321617,0.998724,0.212245,-0.63784,-0.775643,-0.788799,1.94885,1.21166,0.828242,-0.92643,-0.62419,-1.08532,0.0134659,-0.922084,-1.04397,-1.82062,-0.720654,-1.94471,-0.376988,1.76676,-0.594025,1.17955,0.313105,1.16384,0.0323358,0.112372,0.276904,0.173359,1.84303,0.871915,-1.30925,-0.819472,-0.271119,0.144731,1.18899,1.07535,1.68402,1.67163,-0.91779,-0.253471,-1.68299,-0.374937,1.42931,0.855572,-1.19532,0.0157339,-1.15236,-0.399315,1.13957,-0.174347,-0.854424,-0.686724,1.49833,0.253678,-0.249461,0.700879,-0.152395,0.289786,0.663996,-0.00934099,0.581262,0.578524,-0.719417,0.438561,0.037913,-1.6297,-0.21922,-0.266742,0.240863,0.396542,-0.145616,-1.75501,0.463808,1.22753,0.138117,0.540961,0.745162,0.642035,-0.0830677,0.395232,0.590429,-1.03929,-0.0585168,0.856878,2.76479,-0.591868,-0.921097,1.49996,-1.14094,-1.07912,-0.106747,2.21391,0.0447538,-0.00387783,-0.380542,-0.8676,-0.435226,1.22502,-1.75535,-0.79541,-0.643823,-0.341187,-0.841087,-0.0533178,-1.65102,1.94626,-0.53635,-0.118319,0.768921,0.108279,-0.832047,2.82321,-0.0670795,-1.01429,0.167963,-2.41506,-0.437155,0.124216,-0.4533,0.114795,-0.799472,1.48916,1.66171,-0.70001,0.000684618,-0.676162,1.53923,-1.32872,-0.23369,0.13902,0.221865,0.0758041,2.19118,-0.242412,0.00902282,0.389836,-0.612021,0.40015,2.57452,-0.415716,-0.241994,1.19019,0.85958,-0.429644,-0.956084,-547.184,-508.299,2761.5,815.011,520.894,-1882.04,-2005.36,-819.359,713.376,4167.89,684.524,-60.5022,-3825.74,-379.508,89.5438,-786.665,-2764.26,-1893.05,-1138.15,1330.48,3721.9,-4549.31,2287.66,267.703,-2638.59,-2872.07,3581.78,-691.08,1559.76,-2665.15,-3407.54,531.827,2745.55,-223.138,-3512.96,4957.76,-1430.38,-3610.6,1490.59,-2808.39,2647.86,134.514,1058.66,-2025.01,485.435,3088.29,-408.039,1755.96,-843.537,223.64,-979.537,157.066,-382.401,-1592.82,146.539,630.355,1663.4,390.568,-1767.98,-422.267,-1066.21,3073.98,426.967,1910.6,-1257.09,-400.344,-1141.72,499.265,-2604.22,-1076.11,-4120.46,-2216.12,-5824.17,-626.233,4606.2,242.817,3643.23,1542.24,2193.71,656.864,865.569,271.498,-601.193,3442.11,1343.81,-669.027,-589.169,-124.323,-568.395,1995.34,2199.27,3168.19,1360.03,-1589.59,215.181,-2315.43,-552.459,2949.46,968.289,-1405.52
-250354,0,1,0,1,1,250396,-0.384764,0.00591807,1.98251,0.65987,0.194549,-1.62464,-1.32884,-0.638008,0.776036,1.76188,-0.149657,0.116447,-1.54277,-0.0636614,0.2482,-1.00728,-1.59481,-1.01706,-0.127135,0.559175,1.40119,-1.61276,1.8305,-0.0898098,-1.26576,-1.76124,1.23195,-0.269686,1.22789,-1.59845,-1.56077,0.458786,1.996,-0.185011,-1.75004,1.38731,-0.797919,-1.56933,0.936032,-1.67351,1.35279,0.444837,1.42627,-1.3104,-0.0724454,0.89088,-0.393547,0.886616,0.0264761,-0.478673,-1.03596,0.226382,0.0675763,-1.26799,0.156639,-0.0321617,0.998724,0.212245,-0.63784,-0.775643,-0.788799,1.94885,1.21166,0.828242,-0.92643,-0.62419,-1.08532,0.0134659,-0.922084,-1.04397,-1.82062,-0.720654,-1.94471,-0.376988,1.76676,-0.594025,1.17955,0.313105,1.16384,0.0323358,0.112372,0.276904,0.173359,1.84303,0.871915,-1.30925,-0.819472,-0.271119,0.144731,1.18899,1.07535,1.68402,1.67163,-0.91779,-0.253471,-1.68299,-0.374937,1.42931,0.855572,-1.19532,-0.0684514,-0.360493,-0.397131,-0.923782,0.307596,-0.217338,0.330828,-0.72643,0.0368819,1.50885,-0.48645,-1.14141,0.543285,-0.210496,-0.275302,-0.425737,-0.900288,0.410162,-0.938408,0.0335643,-0.834698,-1.66902,-1.03362,-1.66648,1.10937,-0.360923,-1.09497,-0.0446876,0.968691,-1.24908,-0.372262,-0.287576,-1.22316,-0.04211,-0.62143,-0.158286,-1.16228,-0.940474,0.262891,0.299378,0.539415,0.899276,0.828159,-1.06667,0.067922,0.486606,0.420635,0.241466,0.187816,0.592265,0.456595,-0.329901,1.23161,-1.58804,0.333553,0.149436,0.422199,-0.362138,0.305161,0.888537,-0.304491,-1.4639,-0.541405,-0.705325,0.50782,0.367554,-0.0300618,0.195151,0.984726,-0.023182,-1.09531,-1.24291,1.58517,-1.63839,0.262851,-0.730596,-0.247428,-0.814524,1.76641,0.254537,1.81675,-2.00676,-1.01204,1.10843,2.00124,-0.334156,2.18238,-0.869972,-0.50709,-0.0421693,-0.465252,0.286623,1.69969,-1.8202,0.604344,-1.6428,0.164831,-0.183539,0.664704,-1.60217,-547.184,-508.299,2761.5,815.011,520.894,-1882.04,-2005.36,-819.359,713.376,4167.89,684.524,-60.5022,-3825.74,-379.508,89.5438,-786.665,-2764.26,-1893.05,-1138.15,1330.48,3721.9,-4549.31,2287.66,267.703,-2638.59,-2872.07,3581.78,-691.08,1559.76,-2665.15,-3407.54,531.827,2745.55,-223.138,-3512.96,4957.76,-1430.38,-3610.6,1490.59,-2808.39,2647.86,134.514,1058.66,-2025.01,485.435,3088.29,-408.039,1755.96,-843.537,223.64,-979.537,157.066,-382.401,-1592.82,146.539,630.355,1663.4,390.568,-1767.98,-422.267,-1066.21,3073.98,426.967,1910.6,-1257.09,-400.344,-1141.72,499.265,-2604.22,-1076.11,-4120.46,-2216.12,-5824.17,-626.233,4606.2,242.817,3643.23,1542.24,2193.71,656.864,865.569,271.498,-601.193,3442.11,1343.81,-669.027,-589.169,-124.323,-568.395,1995.34,2199.27,3168.19,1360.03,-1589.59,215.181,-2315.43,-552.459,2949.46,968.289,-1405.52
-250354,0,1,0,1,1,250406,-0.384764,0.00591807,1.98251,0.65987,0.194549,-1.62464,-1.32884,-0.638008,0.776036,1.76188,-0.149657,0.116447,-1.54277,-0.0636614,0.2482,-1.00728,-1.59481,-1.01706,-0.127135,0.559175,1.40119,-1.61276,1.8305,-0.0898098,-1.26576,-1.76124,1.23195,-0.269686,1.22789,-1.59845,-1.56077,0.458786,1.996,-0.185011,-1.75004,1.38731,-0.797919,-1.56933,0.936032,-1.67351,1.35279,0.444837,1.42627,-1.3104,-0.0724454,0.89088,-0.393547,0.886616,0.0264761,-0.478673,-1.03596,0.226382,0.0675763,-1.26799,0.156639,-0.0321617,0.998724,0.212245,-0.63784,-0.775643,-0.788799,1.94885,1.21166,0.828242,-0.92643,-0.62419,-1.08532,0.0134659,-0.922084,-1.04397,-1.82062,-0.720654,-1.94471,-0.376988,1.76676,-0.594025,1.17955,0.313105,1.16384,0.0323358,0.112372,0.276904,0.173359,1.84303,0.871915,-1.30925,-0.819472,-0.271119,0.144731,1.18899,1.07535,1.68402,1.67163,-0.91779,-0.253471,-1.68299,-0.374937,1.42931,0.855572,-1.19532,1.79162,-0.858379,-0.603443,1.01891,0.354509,-0.411707,-1.11366,1.03789,-0.7765,2.87221,-0.606848,-0.122188,1.66903,-0.250068,-0.766604,0.354948,-0.679679,-0.131223,0.584674,-0.366016,-0.78165,-0.203762,0.603347,-0.209366,0.646449,-0.886809,-2.51827,1.08118,0.822517,1.31059,0.974101,-0.57873,-0.115513,1.07742,1.82636,-0.495039,-0.307615,1.46066,0.242319,0.25308,-1.00495,1.43508,0.0875073,-1.54962,0.312748,0.897044,-1.20245,-0.744547,-1.45368,0.903619,-0.456294,-0.711628,1.03642,-0.318222,-0.371047,-0.0591047,-1.07376,0.289535,0.582064,-1.05876,-1.24879,0.182795,-0.0521462,1.3896,0.128114,0.244599,-0.687644,0.580206,0.139222,2.33515,-0.919344,-1.12558,1.79068,0.981943,-0.935514,-0.790476,0.871206,0.757777,0.0836064,0.286537,0.449198,-2.02827,-1.83209,0.117702,-0.886396,0.344532,-0.305865,1.27815,0.661284,-1.40788,0.164388,-0.14258,-2.25794,-0.644704,-0.801216,0.123773,0.629326,-2.19591,0.502557,-1.35083,-547.184,-508.299,2761.5,815.011,520.894,-1882.04,-2005.36,-819.359,713.376,4167.89,684.524,-60.5022,-3825.74,-379.508,89.5438,-786.665,-2764.26,-1893.05,-1138.15,1330.48,3721.9,-4549.31,2287.66,267.703,-2638.59,-2872.07,3581.78,-691.08,1559.76,-2665.15,-3407.54,531.827,2745.55,-223.138,-3512.96,4957.76,-1430.38,-3610.6,1490.59,-2808.39,2647.86,134.514,1058.66,-2025.01,485.435,3088.29,-408.039,1755.96,-843.537,223.64,-979.537,157.066,-382.401,-1592.82,146.539,630.355,1663.4,390.568,-1767.98,-422.267,-1066.21,3073.98,426.967,1910.6,-1257.09,-400.344,-1141.72,499.265,-2604.22,-1076.11,-4120.46,-2216.12,-5824.17,-626.233,4606.2,242.817,3643.23,1542.24,2193.71,656.864,865.569,271.498,-601.193,3442.11,1343.81,-669.027,-589.169,-124.323,-568.395,1995.34,2199.27,3168.19,1360.03,-1589.59,215.181,-2315.43,-552.459,2949.46,968.289,-1405.52
-250354,0,1,0,1,1,250399,-0.384764,0.00591807,1.98251,0.65987,0.194549,-1.62464,-1.32884,-0.638008,0.776036,1.76188,-0.149657,0.116447,-1.54277,-0.0636614,0.2482,-1.00728,-1.59481,-1.01706,-0.127135,0.559175,1.40119,-1.61276,1.8305,-0.0898098,-1.26576,-1.76124,1.23195,-0.269686,1.22789,-1.59845,-1.56077,0.458786,1.996,-0.185011,-1.75004,1.38731,-0.797919,-1.56933,0.936032,-1.67351,1.35279,0.444837,1.42627,-1.3104,-0.0724454,0.89088,-0.393547,0.886616,0.0264761,-0.478673,-1.03596,0.226382,0.0675763,-1.26799,0.156639,-0.0321617,0.998724,0.212245,-0.63784,-0.775643,-0.788799,1.94885,1.21166,0.828242,-0.92643,-0.62419,-1.08532,0.0134659,-0.922084,-1.04397,-1.82062,-0.720654,-1.94471,-0.376988,1.76676,-0.594025,1.17955,0.313105,1.16384,0.0323358,0.112372,0.276904,0.173359,1.84303,0.871915,-1.30925,-0.819472,-0.271119,0.144731,1.18899,1.07535,1.68402,1.67163,-0.91779,-0.253471,-1.68299,-0.374937,1.42931,0.855572,-1.19532,1.20633,0.473527,0.580824,0.198885,0.253302,1.25487,1.48923,-1.29593,1.84135,-1.38545,-0.594941,-0.814349,-0.734961,0.354973,0.385474,1.05854,-1.33584,0.951486,-0.209287,0.00783585,0.980084,1.82222,-0.072772,-0.210832,-0.888709,-0.118432,0.522533,-1.21304,-0.787449,0.95072,1.11089,0.160442,-0.984373,-0.348676,0.286066,1.32171,-0.889921,-0.896081,-0.102253,-0.892921,2.51324,-0.153161,0.978027,0.397274,0.25548,-1.12859,-0.379949,-0.58788,1.04956,-0.526102,-0.567237,0.440176,0.0177014,1.39519,0.888544,0.256238,0.315954,0.754913,-1.93376,-0.500029,0.688166,-0.291255,-0.003089,-0.19906,1.50745,1.00814,0.223947,-0.1198,-2.02801,-0.623004,1.02015,1.55634,-1.38865,-0.00355326,-1.34173,0.193933,0.59876,-0.381524,-0.327347,0.96136,1.00801,-1.03014,-1.22229,-0.621779,-1.33993,1.45414,0.744285,-0.117295,1.18647,-0.316681,-1.06323,1.81206,0.815961,-0.902725,-1.07737,-0.256167,-0.0901918,-0.503683,-1.66394,-0.0916423,-547.184,-508.299,2761.5,815.011,520.894,-1882.04,-2005.36,-819.359,713.376,4167.89,684.524,-60.5022,-3825.74,-379.508,89.5438,-786.665,-2764.26,-1893.05,-1138.15,1330.48,3721.9,-4549.31,2287.66,267.703,-2638.59,-2872.07,3581.78,-691.08,1559.76,-2665.15,-3407.54,531.827,2745.55,-223.138,-3512.96,4957.76,-1430.38,-3610.6,1490.59,-2808.39,2647.86,134.514,1058.66,-2025.01,485.435,3088.29,-408.039,1755.96,-843.537,223.64,-979.537,157.066,-382.401,-1592.82,146.539,630.355,1663.4,390.568,-1767.98,-422.267,-1066.21,3073.98,426.967,1910.6,-1257.09,-400.344,-1141.72,499.265,-2604.22,-1076.11,-4120.46,-2216.12,-5824.17,-626.233,4606.2,242.817,3643.23,1542.24,2193.71,656.864,865.569,271.498,-601.193,3442.11,1343.81,-669.027,-589.169,-124.323,-568.395,1995.34,2199.27,3168.19,1360.03,-1589.59,215.181,-2315.43,-552.459,2949.46,968.289,-1405.52
-250354,0,1,0,1,1,250405,-0.384764,0.00591807,1.98251,0.65987,0.194549,-1.62464,-1.32884,-0.638008,0.776036,1.76188,-0.149657,0.116447,-1.54277,-0.0636614,0.2482,-1.00728,-1.59481,-1.01706,-0.127135,0.559175,1.40119,-1.61276,1.8305,-0.0898098,-1.26576,-1.76124,1.23195,-0.269686,1.22789,-1.59845,-1.56077,0.458786,1.996,-0.185011,-1.75004,1.38731,-0.797919,-1.56933,0.936032,-1.67351,1.35279,0.444837,1.42627,-1.3104,-0.0724454,0.89088,-0.393547,0.886616,0.0264761,-0.478673,-1.03596,0.226382,0.0675763,-1.26799,0.156639,-0.0321617,0.998724,0.212245,-0.63784,-0.775643,-0.788799,1.94885,1.21166,0.828242,-0.92643,-0.62419,-1.08532,0.0134659,-0.922084,-1.04397,-1.82062,-0.720654,-1.94471,-0.376988,1.76676,-0.594025,1.17955,0.313105,1.16384,0.0323358,0.112372,0.276904,0.173359,1.84303,0.871915,-1.30925,-0.819472,-0.271119,0.144731,1.18899,1.07535,1.68402,1.67163,-0.91779,-0.253471,-1.68299,-0.374937,1.42931,0.855572,-1.19532,0.428345,-1.91932,0.834218,0.694803,0.200814,0.48161,-1.40702,-1.52901,0.266277,0.621922,-0.677215,0.0926794,-0.733407,-0.467689,0.452158,-0.841123,0.876949,0.801669,-0.75169,-0.583102,-0.713934,1.79817,0.924214,-0.422338,0.460492,0.33642,0.702452,-0.200692,-0.463318,-0.642229,0.594899,0.759958,-0.332075,-2.23596,-1.39551,0.344623,2.41816,-0.629159,-1.69589,0.915985,-1.19581,-1.08069,-1.17151,-0.984709,-0.619224,-1.32443,-0.583648,-0.975884,0.537817,0.76264,-0.724935,-0.118587,-0.399703,1.30431,0.334763,-0.297253,0.433933,-1.43035,-1.74066,0.782222,-2.2019,-2.37277,-1.54946,0.712194,0.520432,-0.706062,0.909738,0.841288,1.21524,0.771652,0.918807,-1.32954,0.483176,-0.470163,0.475966,-0.696796,0.400773,0.430965,0.893598,-1.68123,-0.368909,-0.785628,0.456554,0.514204,0.319021,-1.01047,-0.173551,0.988676,1.95692,-0.958466,-0.946436,-0.968705,1.11072,-1.39569,-1.15073,-0.837632,1.07368,-1.59725,0.199554,-0.585218,-547.184,-508.299,2761.5,815.011,520.894,-1882.04,-2005.36,-819.359,713.376,4167.89,684.524,-60.5022,-3825.74,-379.508,89.5438,-786.665,-2764.26,-1893.05,-1138.15,1330.48,3721.9,-4549.31,2287.66,267.703,-2638.59,-2872.07,3581.78,-691.08,1559.76,-2665.15,-3407.54,531.827,2745.55,-223.138,-3512.96,4957.76,-1430.38,-3610.6,1490.59,-2808.39,2647.86,134.514,1058.66,-2025.01,485.435,3088.29,-408.039,1755.96,-843.537,223.64,-979.537,157.066,-382.401,-1592.82,146.539,630.355,1663.4,390.568,-1767.98,-422.267,-1066.21,3073.98,426.967,1910.6,-1257.09,-400.344,-1141.72,499.265,-2604.22,-1076.11,-4120.46,-2216.12,-5824.17,-626.233,4606.2,242.817,3643.23,1542.24,2193.71,656.864,865.569,271.498,-601.193,3442.11,1343.81,-669.027,-589.169,-124.323,-568.395,1995.34,2199.27,3168.19,1360.03,-1589.59,215.181,-2315.43,-552.459,2949.46,968.289,-1405.52
-250354,0,1,0,1,1,250414,-0.384764,0.00591807,1.98251,0.65987,0.194549,-1.62464,-1.32884,-0.638008,0.776036,1.76188,-0.149657,0.116447,-1.54277,-0.0636614,0.2482,-1.00728,-1.59481,-1.01706,-0.127135,0.559175,1.40119,-1.61276,1.8305,-0.0898098,-1.26576,-1.76124,1.23195,-0.269686,1.22789,-1.59845,-1.56077,0.458786,1.996,-0.185011,-1.75004,1.38731,-0.797919,-1.56933,0.936032,-1.67351,1.35279,0.444837,1.42627,-1.3104,-0.0724454,0.89088,-0.393547,0.886616,0.0264761,-0.478673,-1.03596,0.226382,0.0675763,-1.26799,0.156639,-0.0321617,0.998724,0.212245,-0.63784,-0.775643,-0.788799,1.94885,1.21166,0.828242,-0.92643,-0.62419,-1.08532,0.0134659,-0.922084,-1.04397,-1.82062,-0.720654,-1.94471,-0.376988,1.76676,-0.594025,1.17955,0.313105,1.16384,0.0323358,0.112372,0.276904,0.173359,1.84303,0.871915,-1.30925,-0.819472,-0.271119,0.144731,1.18899,1.07535,1.68402,1.67163,-0.91779,-0.253471,-1.68299,-0.374937,1.42931,0.855572,-1.19532,-1.05036,-0.333366,0.213476,1.70301,-1.02967,-0.546649,-0.696543,-0.38993,-1.1624,0.0259948,0.204046,-0.226552,0.587662,-0.228435,2.70187,-0.896525,-0.477714,0.753186,-2.02992,-0.409601,0.579866,0.148293,-0.990242,1.12026,0.0145335,-0.517666,1.22055,0.619936,-0.85658,-1.89726,-0.466748,0.706371,-0.764862,-1.75583,-0.606967,0.540551,1.71837,0.196518,-0.775283,-2.32076,0.0304417,-1.23166,-0.39262,-1.85149,-0.907272,0.193629,-0.681826,0.196999,0.770098,0.327922,-0.830022,-0.789726,0.358074,0.531602,-0.634555,-1.25456,2.7911,-1.05112,0.219955,-0.450118,-0.260065,-0.0758698,1.67194,-0.602421,1.99582,-1.11249,-1.10097,-1.58277,0.432954,0.894961,1.0197,-1.79517,-1.85149,-0.348617,-1.80132,-0.545064,1.46951,-2.05327,1.37074,0.748503,0.727827,-1.74117,-0.777362,1.20944,0.81274,0.434959,0.789045,-0.527146,0.44032,0.0461003,0.873775,-1.39577,1.24219,-2.37436,0.889391,0.470885,-0.79956,0.432831,0.875392,-1.52542,-547.184,-508.299,2761.5,815.011,520.894,-1882.04,-2005.36,-819.359,713.376,4167.89,684.524,-60.5022,-3825.74,-379.508,89.5438,-786.665,-2764.26,-1893.05,-1138.15,1330.48,3721.9,-4549.31,2287.66,267.703,-2638.59,-2872.07,3581.78,-691.08,1559.76,-2665.15,-3407.54,531.827,2745.55,-223.138,-3512.96,4957.76,-1430.38,-3610.6,1490.59,-2808.39,2647.86,134.514,1058.66,-2025.01,485.435,3088.29,-408.039,1755.96,-843.537,223.64,-979.537,157.066,-382.401,-1592.82,146.539,630.355,1663.4,390.568,-1767.98,-422.267,-1066.21,3073.98,426.967,1910.6,-1257.09,-400.344,-1141.72,499.265,-2604.22,-1076.11,-4120.46,-2216.12,-5824.17,-626.233,4606.2,242.817,3643.23,1542.24,2193.71,656.864,865.569,271.498,-601.193,3442.11,1343.81,-669.027,-589.169,-124.323,-568.395,1995.34,2199.27,3168.19,1360.03,-1589.59,215.181,-2315.43,-552.459,2949.46,968.289,-1405.52
-250354,0,1,0,1,1,250401,-0.384764,0.00591807,1.98251,0.65987,0.194549,-1.62464,-1.32884,-0.638008,0.776036,1.76188,-0.149657,0.116447,-1.54277,-0.0636614,0.2482,-1.00728,-1.59481,-1.01706,-0.127135,0.559175,1.40119,-1.61276,1.8305,-0.0898098,-1.26576,-1.76124,1.23195,-0.269686,1.22789,-1.59845,-1.56077,0.458786,1.996,-0.185011,-1.75004,1.38731,-0.797919,-1.56933,0.936032,-1.67351,1.35279,0.444837,1.42627,-1.3104,-0.0724454,0.89088,-0.393547,0.886616,0.0264761,-0.478673,-1.03596,0.226382,0.0675763,-1.26799,0.156639,-0.0321617,0.998724,0.212245,-0.63784,-0.775643,-0.788799,1.94885,1.21166,0.828242,-0.92643,-0.62419,-1.08532,0.0134659,-0.922084,-1.04397,-1.82062,-0.720654,-1.94471,-0.376988,1.76676,-0.594025,1.17955,0.313105,1.16384,0.0323358,0.112372,0.276904,0.173359,1.84303,0.871915,-1.30925,-0.819472,-0.271119,0.144731,1.18899,1.07535,1.68402,1.67163,-0.91779,-0.253471,-1.68299,-0.374937,1.42931,0.855572,-1.19532,-1.1616,-1.44369,0.488698,-0.20955,-1.6556,1.06746,-0.660412,-1.80811,1.66952,-0.342347,0.984997,-1.84105,0.439387,-0.196468,2.7786,0.340009,-0.787058,0.287462,-0.0246414,0.92835,-0.107451,0.683414,0.111196,-0.187941,-0.776355,0.0295632,0.571629,-0.498696,1.45052,-0.923112,-0.835755,-0.436367,0.314414,-0.846856,1.64729,0.00597152,1.3048,-0.507643,0.00339344,1.11928,-0.796749,-0.913709,-0.34452,-0.389622,1.39093,-0.648386,-0.46278,0.8058,-2.09872,0.355065,0.905354,0.656115,0.543242,-0.625641,-2.18965,0.250307,-1.17677,0.300036,-0.276809,0.503078,1.04684,0.292098,0.282704,-0.538295,-0.605311,1.4446,-0.0551044,0.350416,-1.23974,1.34025,0.639064,-0.774867,0.0439051,-0.82861,-1.07456,-0.317705,0.316711,0.690512,-0.656774,0.0657657,0.823163,0.119116,0.265948,-1.54171,-0.497434,0.719017,1.46833,-2.00165,-0.097299,-0.874624,0.38091,0.942028,-0.772678,-0.894954,0.878842,1.62615,0.311058,0.346275,-1.28857,-2.12914,-547.184,-508.299,2761.5,815.011,520.894,-1882.04,-2005.36,-819.359,713.376,4167.89,684.524,-60.5022,-3825.74,-379.508,89.5438,-786.665,-2764.26,-1893.05,-1138.15,1330.48,3721.9,-4549.31,2287.66,267.703,-2638.59,-2872.07,3581.78,-691.08,1559.76,-2665.15,-3407.54,531.827,2745.55,-223.138,-3512.96,4957.76,-1430.38,-3610.6,1490.59,-2808.39,2647.86,134.514,1058.66,-2025.01,485.435,3088.29,-408.039,1755.96,-843.537,223.64,-979.537,157.066,-382.401,-1592.82,146.539,630.355,1663.4,390.568,-1767.98,-422.267,-1066.21,3073.98,426.967,1910.6,-1257.09,-400.344,-1141.72,499.265,-2604.22,-1076.11,-4120.46,-2216.12,-5824.17,-626.233,4606.2,242.817,3643.23,1542.24,2193.71,656.864,865.569,271.498,-601.193,3442.11,1343.81,-669.027,-589.169,-124.323,-568.395,1995.34,2199.27,3168.19,1360.03,-1589.59,215.181,-2315.43,-552.459,2949.46,968.289,-1405.52
-250354,0,1,0,1,1,250397,-0.384764,0.00591807,1.98251,0.65987,0.194549,-1.62464,-1.32884,-0.638008,0.776036,1.76188,-0.149657,0.116447,-1.54277,-0.0636614,0.2482,-1.00728,-1.59481,-1.01706,-0.127135,0.559175,1.40119,-1.61276,1.8305,-0.0898098,-1.26576,-1.76124,1.23195,-0.269686,1.22789,-1.59845,-1.56077,0.458786,1.996,-0.185011,-1.75004,1.38731,-0.797919,-1.56933,0.936032,-1.67351,1.35279,0.444837,1.42627,-1.3104,-0.0724454,0.89088,-0.393547,0.886616,0.0264761,-0.478673,-1.03596,0.226382,0.0675763,-1.26799,0.156639,-0.0321617,0.998724,0.212245,-0.63784,-0.775643,-0.788799,1.94885,1.21166,0.828242,-0.92643,-0.62419,-1.08532,0.0134659,-0.922084,-1.04397,-1.82062,-0.720654,-1.94471,-0.376988,1.76676,-0.594025,1.17955,0.313105,1.16384,0.0323358,0.112372,0.276904,0.173359,1.84303,0.871915,-1.30925,-0.819472,-0.271119,0.144731,1.18899,1.07535,1.68402,1.67163,-0.91779,-0.253471,-1.68299,-0.374937,1.42931,0.855572,-1.19532,-1.44414,0.00896422,-2.01129,-0.361502,-0.44804,0.992907,0.0230785,0.104157,-2.15762,0.826387,0.233365,0.28817,-1.61598,-0.183415,0.0204103,-1.18933,-1.02338,-0.251481,-0.318631,-1.66748,-0.559717,-0.524395,0.725213,0.825613,0.699576,0.373963,-0.0829063,-1.25659,1.0722,1.42502,0.482477,0.752221,-2.08211,-0.189072,0.802718,-0.429783,-0.263934,-0.0410592,-0.151464,-1.04382,-0.323057,-1.19498,-0.337368,-1.26282,-2.05517,-0.415871,-0.770228,-0.630157,1.1691,1.77036,-0.938394,0.136728,-1.50367,-0.375402,0.468265,0.19994,-1.90109,-0.73364,-0.644866,0.661437,-0.0107411,-0.979713,-0.279901,0.592551,0.201166,-1.65939,0.666399,0.188429,-0.305396,-0.898215,-0.159387,0.199755,1.59803,1.89349,-0.265305,-1.46193,0.736158,-1.78987,-0.959374,1.11262,1.01625,1.2909,-0.422287,0.248618,-0.00402367,-1.13731,-0.238252,-0.66664,-0.950613,-0.395604,0.610645,0.750404,-0.226576,0.0285594,0.571725,0.097967,0.733421,1.40432,-0.330459,0.176254,-547.184,-508.299,2761.5,815.011,520.894,-1882.04,-2005.36,-819.359,713.376,4167.89,684.524,-60.5022,-3825.74,-379.508,89.5438,-786.665,-2764.26,-1893.05,-1138.15,1330.48,3721.9,-4549.31,2287.66,267.703,-2638.59,-2872.07,3581.78,-691.08,1559.76,-2665.15,-3407.54,531.827,2745.55,-223.138,-3512.96,4957.76,-1430.38,-3610.6,1490.59,-2808.39,2647.86,134.514,1058.66,-2025.01,485.435,3088.29,-408.039,1755.96,-843.537,223.64,-979.537,157.066,-382.401,-1592.82,146.539,630.355,1663.4,390.568,-1767.98,-422.267,-1066.21,3073.98,426.967,1910.6,-1257.09,-400.344,-1141.72,499.265,-2604.22,-1076.11,-4120.46,-2216.12,-5824.17,-626.233,4606.2,242.817,3643.23,1542.24,2193.71,656.864,865.569,271.498,-601.193,3442.11,1343.81,-669.027,-589.169,-124.323,-568.395,1995.34,2199.27,3168.19,1360.03,-1589.59,215.181,-2315.43,-552.459,2949.46,968.289,-1405.52
-250354,0,1,0,1,1,250407,-0.384764,0.00591807,1.98251,0.65987,0.194549,-1.62464,-1.32884,-0.638008,0.776036,1.76188,-0.149657,0.116447,-1.54277,-0.0636614,0.2482,-1.00728,-1.59481,-1.01706,-0.127135,0.559175,1.40119,-1.61276,1.8305,-0.0898098,-1.26576,-1.76124,1.23195,-0.269686,1.22789,-1.59845,-1.56077,0.458786,1.996,-0.185011,-1.75004,1.38731,-0.797919,-1.56933,0.936032,-1.67351,1.35279,0.444837,1.42627,-1.3104,-0.0724454,0.89088,-0.393547,0.886616,0.0264761,-0.478673,-1.03596,0.226382,0.0675763,-1.26799,0.156639,-0.0321617,0.998724,0.212245,-0.63784,-0.775643,-0.788799,1.94885,1.21166,0.828242,-0.92643,-0.62419,-1.08532,0.0134659,-0.922084,-1.04397,-1.82062,-0.720654,-1.94471,-0.376988,1.76676,-0.594025,1.17955,0.313105,1.16384,0.0323358,0.112372,0.276904,0.173359,1.84303,0.871915,-1.30925,-0.819472,-0.271119,0.144731,1.18899,1.07535,1.68402,1.67163,-0.91779,-0.253471,-1.68299,-0.374937,1.42931,0.855572,-1.19532,-0.420123,2.18201,-0.404222,-0.871016,1.69672,0.551191,-1.02804,-0.0599208,1.45709,-0.01926,-0.39298,-0.328154,-0.128667,0.551332,-0.859579,-0.203863,0.0114059,-0.69038,0.252557,1.00399,-0.527076,-1.71116,1.04151,1.55309,1.48262,0.47127,0.153053,0.751794,1.98974,-0.24075,1.4192,-0.38759,0.602205,-0.742166,0.357262,1.24745,-2.1061,-0.244629,2.36164,-1.12267,-0.424694,-1.03257,-2.79809,0.500295,-0.923704,0.864493,0.914447,-0.79502,-1.35679,0.30395,-1.73756,-0.476237,-0.485704,0.198867,-0.398849,-0.60546,0.404124,0.1654,1.71916,-0.258463,-0.990691,1.36124,-0.378636,0.239497,-0.466982,-2.20421,1.03727,-1.07065,-0.970805,-0.750145,-0.35915,-1.66089,-0.865174,-1.61129,0.451393,2.21171,0.319542,-0.171475,-0.532005,0.47792,-1.68757,0.461122,-0.215711,-0.697967,-0.237428,-1.25287,-0.713866,-0.124926,1.11743,0.960943,-0.359012,-0.253222,-0.110218,1.32547,0.878408,0.238468,0.970623,-1.31182,0.20056,1.05179,-547.184,-508.299,2761.5,815.011,520.894,-1882.04,-2005.36,-819.359,713.376,4167.89,684.524,-60.5022,-3825.74,-379.508,89.5438,-786.665,-2764.26,-1893.05,-1138.15,1330.48,3721.9,-4549.31,2287.66,267.703,-2638.59,-2872.07,3581.78,-691.08,1559.76,-2665.15,-3407.54,531.827,2745.55,-223.138,-3512.96,4957.76,-1430.38,-3610.6,1490.59,-2808.39,2647.86,134.514,1058.66,-2025.01,485.435,3088.29,-408.039,1755.96,-843.537,223.64,-979.537,157.066,-382.401,-1592.82,146.539,630.355,1663.4,390.568,-1767.98,-422.267,-1066.21,3073.98,426.967,1910.6,-1257.09,-400.344,-1141.72,499.265,-2604.22,-1076.11,-4120.46,-2216.12,-5824.17,-626.233,4606.2,242.817,3643.23,1542.24,2193.71,656.864,865.569,271.498,-601.193,3442.11,1343.81,-669.027,-589.169,-124.323,-568.395,1995.34,2199.27,3168.19,1360.03,-1589.59,215.181,-2315.43,-552.459,2949.46,968.289,-1405.52
-250354,0,1,0,1,1,250409,-0.384764,0.00591807,1.98251,0.65987,0.194549,-1.62464,-1.32884,-0.638008,0.776036,1.76188,-0.149657,0.116447,-1.54277,-0.0636614,0.2482,-1.00728,-1.59481,-1.01706,-0.127135,0.559175,1.40119,-1.61276,1.8305,-0.0898098,-1.26576,-1.76124,1.23195,-0.269686,1.22789,-1.59845,-1.56077,0.458786,1.996,-0.185011,-1.75004,1.38731,-0.797919,-1.56933,0.936032,-1.67351,1.35279,0.444837,1.42627,-1.3104,-0.0724454,0.89088,-0.393547,0.886616,0.0264761,-0.478673,-1.03596,0.226382,0.0675763,-1.26799,0.156639,-0.0321617,0.998724,0.212245,-0.63784,-0.775643,-0.788799,1.94885,1.21166,0.828242,-0.92643,-0.62419,-1.08532,0.0134659,-0.922084,-1.04397,-1.82062,-0.720654,-1.94471,-0.376988,1.76676,-0.594025,1.17955,0.313105,1.16384,0.0323358,0.112372,0.276904,0.173359,1.84303,0.871915,-1.30925,-0.819472,-0.271119,0.144731,1.18899,1.07535,1.68402,1.67163,-0.91779,-0.253471,-1.68299,-0.374937,1.42931,0.855572,-1.19532,0.656375,-1.45638,0.712522,0.99527,-0.0640079,2.05001,1.6888,1.4802,-0.849118,-0.483762,1.00852,0.290757,-0.626386,-2.50996,1.41984,-0.530018,0.995951,0.365037,1.03188,-1.60694,-0.67916,0.303789,0.319542,-0.126334,0.535102,0.243395,0.260684,-0.631609,-0.250928,-0.453829,0.308169,1.74435,-0.558344,-0.466225,-0.125691,0.830409,-2.7786,-0.205083,-0.507683,-1.09147,0.298595,1.97299,0.0808422,0.224575,0.226151,0.779379,-0.784723,0.928165,-0.934818,-0.126635,-2.7076,1.02794,-0.143599,0.467592,0.13777,0.504236,-0.0475946,1.08755,0.00148487,0.467435,0.226214,-1.38248,-0.610821,-0.759551,-0.496628,-0.563179,0.425891,1.3298,1.32623,-0.128905,0.937185,-0.666695,0.815215,1.12687,-0.729034,-0.577074,0.792839,-0.0586241,-0.169304,-3.58994,0.676322,-1.16625,-1.2482,1.78255,-0.436484,1.45328,0.499517,-0.42942,1.36734,-0.683209,-0.1376,-0.651902,-0.937969,-2.47101,-1.26448,-1.71788,-0.173133,0.26826,0.0517547,-0.178066,-547.184,-508.299,2761.5,815.011,520.894,-1882.04,-2005.36,-819.359,713.376,4167.89,684.524,-60.5022,-3825.74,-379.508,89.5438,-786.665,-2764.26,-1893.05,-1138.15,1330.48,3721.9,-4549.31,2287.66,267.703,-2638.59,-2872.07,3581.78,-691.08,1559.76,-2665.15,-3407.54,531.827,2745.55,-223.138,-3512.96,4957.76,-1430.38,-3610.6,1490.59,-2808.39,2647.86,134.514,1058.66,-2025.01,485.435,3088.29,-408.039,1755.96,-843.537,223.64,-979.537,157.066,-382.401,-1592.82,146.539,630.355,1663.4,390.568,-1767.98,-422.267,-1066.21,3073.98,426.967,1910.6,-1257.09,-400.344,-1141.72,499.265,-2604.22,-1076.11,-4120.46,-2216.12,-5824.17,-626.233,4606.2,242.817,3643.23,1542.24,2193.71,656.864,865.569,271.498,-601.193,3442.11,1343.81,-669.027,-589.169,-124.323,-568.395,1995.34,2199.27,3168.19,1360.03,-1589.59,215.181,-2315.43,-552.459,2949.46,968.289,-1405.52
-250354,0,1,0,1,1,250411,-0.384764,0.00591807,1.98251,0.65987,0.194549,-1.62464,-1.32884,-0.638008,0.776036,1.76188,-0.149657,0.116447,-1.54277,-0.0636614,0.2482,-1.00728,-1.59481,-1.01706,-0.127135,0.559175,1.40119,-1.61276,1.8305,-0.0898098,-1.26576,-1.76124,1.23195,-0.269686,1.22789,-1.59845,-1.56077,0.458786,1.996,-0.185011,-1.75004,1.38731,-0.797919,-1.56933,0.936032,-1.67351,1.35279,0.444837,1.42627,-1.3104,-0.0724454,0.89088,-0.393547,0.886616,0.0264761,-0.478673,-1.03596,0.226382,0.0675763,-1.26799,0.156639,-0.0321617,0.998724,0.212245,-0.63784,-0.775643,-0.788799,1.94885,1.21166,0.828242,-0.92643,-0.62419,-1.08532,0.0134659,-0.922084,-1.04397,-1.82062,-0.720654,-1.94471,-0.376988,1.76676,-0.594025,1.17955,0.313105,1.16384,0.0323358,0.112372,0.276904,0.173359,1.84303,0.871915,-1.30925,-0.819472,-0.271119,0.144731,1.18899,1.07535,1.68402,1.67163,-0.91779,-0.253471,-1.68299,-0.374937,1.42931,0.855572,-1.19532,1.80864,0.772876,0.337204,-1.46491,0.365907,-0.554294,0.570502,-0.552682,0.276338,-0.955724,-0.0358546,-0.761564,0.572748,-0.0304082,1.60092,-1.30419,0.747646,0.810054,-1.37548,1.57484,-1.63269,-0.954156,0.992148,-1.06008,1.55554,-0.145154,0.660869,-0.181105,1.39294,-0.310181,1.26968,1.40631,0.260686,-0.474471,-1.93966,-0.425408,0.312897,-0.168463,0.546937,0.668969,0.387716,0.927156,0.381083,-0.325394,0.591747,-0.0054468,0.260422,0.400498,-2.24706,1.53025,1.2074,-0.718906,0.652544,-0.345304,-1.6255,-1.5814,1.11151,1.70299,1.12428,-0.166516,1.20598,-1.70284,0.282881,0.328115,0.781543,-1.21598,0.696947,0.0304905,-0.922753,-0.154535,-0.492941,-1.612,-1.12241,-0.434934,-1.74592,-1.96242,1.03713,-0.672634,-0.0417114,0.195688,0.865262,3.19851,0.507022,1.10865,-0.150146,0.89895,0.810657,-0.830104,-1.041,0.884293,-1.39916,-0.311935,-0.033445,1.06079,-0.104407,1.60389,1.23162,-0.542226,-0.6355,-2.79092,-547.184,-508.299,2761.5,815.011,520.894,-1882.04,-2005.36,-819.359,713.376,4167.89,684.524,-60.5022,-3825.74,-379.508,89.5438,-786.665,-2764.26,-1893.05,-1138.15,1330.48,3721.9,-4549.31,2287.66,267.703,-2638.59,-2872.07,3581.78,-691.08,1559.76,-2665.15,-3407.54,531.827,2745.55,-223.138,-3512.96,4957.76,-1430.38,-3610.6,1490.59,-2808.39,2647.86,134.514,1058.66,-2025.01,485.435,3088.29,-408.039,1755.96,-843.537,223.64,-979.537,157.066,-382.401,-1592.82,146.539,630.355,1663.4,390.568,-1767.98,-422.267,-1066.21,3073.98,426.967,1910.6,-1257.09,-400.344,-1141.72,499.265,-2604.22,-1076.11,-4120.46,-2216.12,-5824.17,-626.233,4606.2,242.817,3643.23,1542.24,2193.71,656.864,865.569,271.498,-601.193,3442.11,1343.81,-669.027,-589.169,-124.323,-568.395,1995.34,2199.27,3168.19,1360.03,-1589.59,215.181,-2315.43,-552.459,2949.46,968.289,-1405.52
-250354,0,1,0,1,1,250401,-0.384764,0.00591807,1.98251,0.65987,0.194549,-1.62464,-1.32884,-0.638008,0.776036,1.76188,-0.149657,0.116447,-1.54277,-0.0636614,0.2482,-1.00728,-1.59481,-1.01706,-0.127135,0.559175,1.40119,-1.61276,1.8305,-0.0898098,-1.26576,-1.76124,1.23195,-0.269686,1.22789,-1.59845,-1.56077,0.458786,1.996,-0.185011,-1.75004,1.38731,-0.797919,-1.56933,0.936032,-1.67351,1.35279,0.444837,1.42627,-1.3104,-0.0724454,0.89088,-0.393547,0.886616,0.0264761,-0.478673,-1.03596,0.226382,0.0675763,-1.26799,0.156639,-0.0321617,0.998724,0.212245,-0.63784,-0.775643,-0.788799,1.94885,1.21166,0.828242,-0.92643,-0.62419,-1.08532,0.0134659,-0.922084,-1.04397,-1.82062,-0.720654,-1.94471,-0.376988,1.76676,-0.594025,1.17955,0.313105,1.16384,0.0323358,0.112372,0.276904,0.173359,1.84303,0.871915,-1.30925,-0.819472,-0.271119,0.144731,1.18899,1.07535,1.68402,1.67163,-0.91779,-0.253471,-1.68299,-0.374937,1.42931,0.855572,-1.19532,0.0893362,0.449249,-0.330528,-2.49396,0.186238,1.59293,0.504563,-0.550995,0.619449,0.535155,-1.07796,0.630064,-1.17918,-1.42097,-0.987678,0.75938,0.97956,0.163817,-0.779341,-0.133242,1.33181,-0.346196,0.426358,0.858412,-0.0756977,1.20833,-0.408411,0.156059,-1.90893,0.927743,-0.469352,1.01854,0.437925,0.746788,-1.64463,0.978197,0.618233,-0.976481,-1.6757,1.50586,0.0124774,1.23101,-0.963804,0.629307,1.91164,-0.717578,0.378797,0.684293,-0.423278,0.0967959,0.805677,1.1811,-1.16333,-0.187812,-0.732428,-0.0933101,1.87082,-0.205771,0.165421,-0.974033,0.225479,-0.12098,-0.0773153,0.565247,0.42136,-0.273818,-1.07468,1.88681,0.258178,-1.13482,-0.158117,-2.53936,0.0627583,-2.07709,-1.33606,0.209656,0.91432,-1.26013,-1.02313,0.808528,0.585836,-0.966473,0.94796,0.575924,-1.43241,-0.183074,0.593267,-0.0900067,0.392349,0.220234,-1.91767,-1.24123,-1.49058,-0.168716,-0.261381,0.521125,0.54922,-0.38263,0.779957,-0.546855,-547.184,-508.299,2761.5,815.011,520.894,-1882.04,-2005.36,-819.359,713.376,4167.89,684.524,-60.5022,-3825.74,-379.508,89.5438,-786.665,-2764.26,-1893.05,-1138.15,1330.48,3721.9,-4549.31,2287.66,267.703,-2638.59,-2872.07,3581.78,-691.08,1559.76,-2665.15,-3407.54,531.827,2745.55,-223.138,-3512.96,4957.76,-1430.38,-3610.6,1490.59,-2808.39,2647.86,134.514,1058.66,-2025.01,485.435,3088.29,-408.039,1755.96,-843.537,223.64,-979.537,157.066,-382.401,-1592.82,146.539,630.355,1663.4,390.568,-1767.98,-422.267,-1066.21,3073.98,426.967,1910.6,-1257.09,-400.344,-1141.72,499.265,-2604.22,-1076.11,-4120.46,-2216.12,-5824.17,-626.233,4606.2,242.817,3643.23,1542.24,2193.71,656.864,865.569,271.498,-601.193,3442.11,1343.81,-669.027,-589.169,-124.323,-568.395,1995.34,2199.27,3168.19,1360.03,-1589.59,215.181,-2315.43,-552.459,2949.46,968.289,-1405.52
-250354,0,1,0,1,1,250410,-0.384764,0.00591807,1.98251,0.65987,0.194549,-1.62464,-1.32884,-0.638008,0.776036,1.76188,-0.149657,0.116447,-1.54277,-0.0636614,0.2482,-1.00728,-1.59481,-1.01706,-0.127135,0.559175,1.40119,-1.61276,1.8305,-0.0898098,-1.26576,-1.76124,1.23195,-0.269686,1.22789,-1.59845,-1.56077,0.458786,1.996,-0.185011,-1.75004,1.38731,-0.797919,-1.56933,0.936032,-1.67351,1.35279,0.444837,1.42627,-1.3104,-0.0724454,0.89088,-0.393547,0.886616,0.0264761,-0.478673,-1.03596,0.226382,0.0675763,-1.26799,0.156639,-0.0321617,0.998724,0.212245,-0.63784,-0.775643,-0.788799,1.94885,1.21166,0.828242,-0.92643,-0.62419,-1.08532,0.0134659,-0.922084,-1.04397,-1.82062,-0.720654,-1.94471,-0.376988,1.76676,-0.594025,1.17955,0.313105,1.16384,0.0323358,0.112372,0.276904,0.173359,1.84303,0.871915,-1.30925,-0.819472,-0.271119,0.144731,1.18899,1.07535,1.68402,1.67163,-0.91779,-0.253471,-1.68299,-0.374937,1.42931,0.855572,-1.19532,1.44843,2.19833,-0.91123,-1.69686,-0.166979,-1.38196,-0.021093,-0.792007,0.514932,0.969349,0.467945,-1.02911,-1.80499,-0.353233,2.27274,-0.151077,1.30436,-0.991828,0.778904,-0.0305733,-1.33861,-1.8755,-1.20138,1.48522,-0.224377,0.811457,0.612572,2.12315,-1.05197,-0.582296,0.0920265,-1.40322,-0.267415,0.0207636,1.33855,-0.347225,-0.717905,0.455147,0.0656335,-1.32418,-0.642604,0.0109193,-0.516179,2.39298,0.861069,-1.63813,-0.053261,-0.992582,-0.112027,0.469035,0.0458761,1.45935,-0.674826,-0.516364,0.247411,0.14085,-0.0431104,0.631861,0.932712,1.93291,0.49956,1.70772,-0.486592,-0.790694,-0.0936653,0.70065,0.449397,-0.76749,1.1906,-0.00159442,1.46218,0.791155,1.90569,-1.20209,1.27924,0.869729,-1.48557,-0.834238,-0.301609,0.426724,-0.690303,-2.25252,-1.39823,-0.756314,-1.03171,-1.87225,-1.62256,-0.268091,1.10008,-0.837699,-0.597128,1.28325,-0.259909,0.0892231,-0.488033,-0.193414,1.46697,-0.196324,-0.287773,0.389586,-547.184,-508.299,2761.5,815.011,520.894,-1882.04,-2005.36,-819.359,713.376,4167.89,684.524,-60.5022,-3825.74,-379.508,89.5438,-786.665,-2764.26,-1893.05,-1138.15,1330.48,3721.9,-4549.31,2287.66,267.703,-2638.59,-2872.07,3581.78,-691.08,1559.76,-2665.15,-3407.54,531.827,2745.55,-223.138,-3512.96,4957.76,-1430.38,-3610.6,1490.59,-2808.39,2647.86,134.514,1058.66,-2025.01,485.435,3088.29,-408.039,1755.96,-843.537,223.64,-979.537,157.066,-382.401,-1592.82,146.539,630.355,1663.4,390.568,-1767.98,-422.267,-1066.21,3073.98,426.967,1910.6,-1257.09,-400.344,-1141.72,499.265,-2604.22,-1076.11,-4120.46,-2216.12,-5824.17,-626.233,4606.2,242.817,3643.23,1542.24,2193.71,656.864,865.569,271.498,-601.193,3442.11,1343.81,-669.027,-589.169,-124.323,-568.395,1995.34,2199.27,3168.19,1360.03,-1589.59,215.181,-2315.43,-552.459,2949.46,968.289,-1405.52
-250354,0,1,0,1,1,250399,-0.384764,0.00591807,1.98251,0.65987,0.194549,-1.62464,-1.32884,-0.638008,0.776036,1.76188,-0.149657,0.116447,-1.54277,-0.0636614,0.2482,-1.00728,-1.59481,-1.01706,-0.127135,0.559175,1.40119,-1.61276,1.8305,-0.0898098,-1.26576,-1.76124,1.23195,-0.269686,1.22789,-1.59845,-1.56077,0.458786,1.996,-0.185011,-1.75004,1.38731,-0.797919,-1.56933,0.936032,-1.67351,1.35279,0.444837,1.42627,-1.3104,-0.0724454,0.89088,-0.393547,0.886616,0.0264761,-0.478673,-1.03596,0.226382,0.0675763,-1.26799,0.156639,-0.0321617,0.998724,0.212245,-0.63784,-0.775643,-0.788799,1.94885,1.21166,0.828242,-0.92643,-0.62419,-1.08532,0.0134659,-0.922084,-1.04397,-1.82062,-0.720654,-1.94471,-0.376988,1.76676,-0.594025,1.17955,0.313105,1.16384,0.0323358,0.112372,0.276904,0.173359,1.84303,0.871915,-1.30925,-0.819472,-0.271119,0.144731,1.18899,1.07535,1.68402,1.67163,-0.91779,-0.253471,-1.68299,-0.374937,1.42931,0.855572,-1.19532,-1.42947,0.742649,1.09588,-0.244458,-0.803304,-0.172305,2.13013,0.625258,-2.33193,-0.987904,-0.551722,-1.08717,0.36923,1.92279,-0.781732,1.5074,0.0790736,0.634253,0.482323,-0.947752,-1.04032,0.847672,1.59031,0.917043,-0.31214,-0.15022,-0.246048,-0.104766,0.0336362,-0.238271,1.04341,-1.67986,0.485897,1.36034,1.05314,0.118911,1.33439,1.17816,1.45905,1.00888,0.137758,1.15484,-1.06099,-0.198395,1.29301,0.401339,-1.38731,-1.0675,1.3998,1.14459,-0.293102,1.50675,0.164517,1.28665,-0.115608,-0.870237,-1.20709,-0.848465,1.35341,0.118361,0.347157,-0.613355,-0.888699,-0.11583,-0.502858,0.378679,0.00274782,1.342,0.532237,-0.605488,-0.377495,-0.484086,0.557003,-0.781178,1.07955,-0.782206,-1.36586,-1.6087,0.866579,1.42602,0.764931,-0.436163,-0.477442,0.452959,0.252636,0.134802,-0.0547126,1.26257,2.40978,-0.556478,-0.0908681,-1.08882,-0.162251,0.333349,0.126366,-0.233747,0.406899,0.104561,0.149681,-0.605906,-547.184,-508.299,2761.5,815.011,520.894,-1882.04,-2005.36,-819.359,713.376,4167.89,684.524,-60.5022,-3825.74,-379.508,89.5438,-786.665,-2764.26,-1893.05,-1138.15,1330.48,3721.9,-4549.31,2287.66,267.703,-2638.59,-2872.07,3581.78,-691.08,1559.76,-2665.15,-3407.54,531.827,2745.55,-223.138,-3512.96,4957.76,-1430.38,-3610.6,1490.59,-2808.39,2647.86,134.514,1058.66,-2025.01,485.435,3088.29,-408.039,1755.96,-843.537,223.64,-979.537,157.066,-382.401,-1592.82,146.539,630.355,1663.4,390.568,-1767.98,-422.267,-1066.21,3073.98,426.967,1910.6,-1257.09,-400.344,-1141.72,499.265,-2604.22,-1076.11,-4120.46,-2216.12,-5824.17,-626.233,4606.2,242.817,3643.23,1542.24,2193.71,656.864,865.569,271.498,-601.193,3442.11,1343.81,-669.027,-589.169,-124.323,-568.395,1995.34,2199.27,3168.19,1360.03,-1589.59,215.181,-2315.43,-552.459,2949.46,968.289,-1405.52
-250354,0,1,0,1,1,250418,-0.384764,0.00591807,1.98251,0.65987,0.194549,-1.62464,-1.32884,-0.638008,0.776036,1.76188,-0.149657,0.116447,-1.54277,-0.0636614,0.2482,-1.00728,-1.59481,-1.01706,-0.127135,0.559175,1.40119,-1.61276,1.8305,-0.0898098,-1.26576,-1.76124,1.23195,-0.269686,1.22789,-1.59845,-1.56077,0.458786,1.996,-0.185011,-1.75004,1.38731,-0.797919,-1.56933,0.936032,-1.67351,1.35279,0.444837,1.42627,-1.3104,-0.0724454,0.89088,-0.393547,0.886616,0.0264761,-0.478673,-1.03596,0.226382,0.0675763,-1.26799,0.156639,-0.0321617,0.998724,0.212245,-0.63784,-0.775643,-0.788799,1.94885,1.21166,0.828242,-0.92643,-0.62419,-1.08532,0.0134659,-0.922084,-1.04397,-1.82062,-0.720654,-1.94471,-0.376988,1.76676,-0.594025,1.17955,0.313105,1.16384,0.0323358,0.112372,0.276904,0.173359,1.84303,0.871915,-1.30925,-0.819472,-0.271119,0.144731,1.18899,1.07535,1.68402,1.67163,-0.91779,-0.253471,-1.68299,-0.374937,1.42931,0.855572,-1.19532,0.267956,1.24326,-0.946064,-0.239986,1.09531,1.19631,1.06128,-0.556494,-1.49082,0.375736,-0.937237,1.31524,-0.450631,0.172498,0.469378,-0.498471,-1.16033,-0.513239,-1.9735,-1.46957,-0.609653,-0.633019,0.890126,-0.196036,1.82491,-0.743785,0.590153,-0.78222,-2.69481,-0.0043086,0.909727,0.294253,0.882105,-1.06955,1.29008,-0.161162,-2.3341,0.350241,1.26147,0.698233,-0.51142,-0.138057,0.00452947,-1.39133,-0.947181,0.291846,0.0601476,-0.229302,1.81252,0.470965,0.603478,-2.66088,-0.431365,1.0237,-0.0165871,-1.79143,-1.3377,-1.32815,0.238759,0.783708,-0.950589,-1.42063,0.411908,-0.251481,0.180064,-1.01986,0.193093,1.63421,-1.87986,-1.23123,-1.99439,-0.863144,-0.216469,-3.43298,0.123288,-0.540625,-0.702285,-0.908427,0.710672,0.348241,0.327908,0.233043,0.774381,-0.0914335,0.529843,0.830307,-0.517024,-0.362271,-1.10236,-2.10837,0.0139508,-0.637427,0.936281,1.08217,-1.64913,0.0717796,-0.0121744,-1.15107,-2.57775,-2.56738,-547.184,-508.299,2761.5,815.011,520.894,-1882.04,-2005.36,-819.359,713.376,4167.89,684.524,-60.5022,-3825.74,-379.508,89.5438,-786.665,-2764.26,-1893.05,-1138.15,1330.48,3721.9,-4549.31,2287.66,267.703,-2638.59,-2872.07,3581.78,-691.08,1559.76,-2665.15,-3407.54,531.827,2745.55,-223.138,-3512.96,4957.76,-1430.38,-3610.6,1490.59,-2808.39,2647.86,134.514,1058.66,-2025.01,485.435,3088.29,-408.039,1755.96,-843.537,223.64,-979.537,157.066,-382.401,-1592.82,146.539,630.355,1663.4,390.568,-1767.98,-422.267,-1066.21,3073.98,426.967,1910.6,-1257.09,-400.344,-1141.72,499.265,-2604.22,-1076.11,-4120.46,-2216.12,-5824.17,-626.233,4606.2,242.817,3643.23,1542.24,2193.71,656.864,865.569,271.498,-601.193,3442.11,1343.81,-669.027,-589.169,-124.323,-568.395,1995.34,2199.27,3168.19,1360.03,-1589.59,215.181,-2315.43,-552.459,2949.46,968.289,-1405.52
-250354,0,1,0,1,1,250410,-0.384764,0.00591807,1.98251,0.65987,0.194549,-1.62464,-1.32884,-0.638008,0.776036,1.76188,-0.149657,0.116447,-1.54277,-0.0636614,0.2482,-1.00728,-1.59481,-1.01706,-0.127135,0.559175,1.40119,-1.61276,1.8305,-0.0898098,-1.26576,-1.76124,1.23195,-0.269686,1.22789,-1.59845,-1.56077,0.458786,1.996,-0.185011,-1.75004,1.38731,-0.797919,-1.56933,0.936032,-1.67351,1.35279,0.444837,1.42627,-1.3104,-0.0724454,0.89088,-0.393547,0.886616,0.0264761,-0.478673,-1.03596,0.226382,0.0675763,-1.26799,0.156639,-0.0321617,0.998724,0.212245,-0.63784,-0.775643,-0.788799,1.94885,1.21166,0.828242,-0.92643,-0.62419,-1.08532,0.0134659,-0.922084,-1.04397,-1.82062,-0.720654,-1.94471,-0.376988,1.76676,-0.594025,1.17955,0.313105,1.16384,0.0323358,0.112372,0.276904,0.173359,1.84303,0.871915,-1.30925,-0.819472,-0.271119,0.144731,1.18899,1.07535,1.68402,1.67163,-0.91779,-0.253471,-1.68299,-0.374937,1.42931,0.855572,-1.19532,0.591247,0.376786,-2.31485,-0.762249,0.19796,0.730491,-1.12942,-1.6294,0.514636,1.31223,0.0893256,0.273897,-0.377168,-1.33242,-0.72588,1.14812,-1.29081,0.481922,0.24023,0.141386,-2.5362,0.496607,-0.575662,-1.81587,0.200529,-0.960871,0.48853,0.545613,-1.66063,-0.0417312,1.84771,-0.760933,-0.194336,0.151888,0.0987302,-1.5679,1.9144,-0.290363,-2.0139,0.262424,-0.377259,-0.908343,1.80023,-0.626222,-0.244416,1.03035,0.071811,-1.37673,-0.29812,-0.721417,-0.351851,1.48077,-0.627489,0.96904,1.24763,-1.53429,0.195288,0.289451,-0.620827,1.04435,-1.85456,-0.501297,0.292349,-0.155449,-2.12836,0.791667,0.243747,0.363215,0.324867,-1.32703,-0.139377,0.810841,0.0704546,-0.363287,2.08625,-0.510324,-2.05248,-0.868172,0.00990276,-0.121252,0.242085,-0.60052,0.756175,-0.438968,-1.43787,-0.136566,-0.442692,0.741036,2.95669,-0.803215,-2.71627,0.932698,-0.835734,-0.402007,0.345319,-0.345056,-0.286386,0.364702,-0.233857,-1.70119,-547.184,-508.299,2761.5,815.011,520.894,-1882.04,-2005.36,-819.359,713.376,4167.89,684.524,-60.5022,-3825.74,-379.508,89.5438,-786.665,-2764.26,-1893.05,-1138.15,1330.48,3721.9,-4549.31,2287.66,267.703,-2638.59,-2872.07,3581.78,-691.08,1559.76,-2665.15,-3407.54,531.827,2745.55,-223.138,-3512.96,4957.76,-1430.38,-3610.6,1490.59,-2808.39,2647.86,134.514,1058.66,-2025.01,485.435,3088.29,-408.039,1755.96,-843.537,223.64,-979.537,157.066,-382.401,-1592.82,146.539,630.355,1663.4,390.568,-1767.98,-422.267,-1066.21,3073.98,426.967,1910.6,-1257.09,-400.344,-1141.72,499.265,-2604.22,-1076.11,-4120.46,-2216.12,-5824.17,-626.233,4606.2,242.817,3643.23,1542.24,2193.71,656.864,865.569,271.498,-601.193,3442.11,1343.81,-669.027,-589.169,-124.323,-568.395,1995.34,2199.27,3168.19,1360.03,-1589.59,215.181,-2315.43,-552.459,2949.46,968.289,-1405.52
-250354,0,1,0,1,1,250393,-0.384764,0.00591807,1.98251,0.65987,0.194549,-1.62464,-1.32884,-0.638008,0.776036,1.76188,-0.149657,0.116447,-1.54277,-0.0636614,0.2482,-1.00728,-1.59481,-1.01706,-0.127135,0.559175,1.40119,-1.61276,1.8305,-0.0898098,-1.26576,-1.76124,1.23195,-0.269686,1.22789,-1.59845,-1.56077,0.458786,1.996,-0.185011,-1.75004,1.38731,-0.797919,-1.56933,0.936032,-1.67351,1.35279,0.444837,1.42627,-1.3104,-0.0724454,0.89088,-0.393547,0.886616,0.0264761,-0.478673,-1.03596,0.226382,0.0675763,-1.26799,0.156639,-0.0321617,0.998724,0.212245,-0.63784,-0.775643,-0.788799,1.94885,1.21166,0.828242,-0.92643,-0.62419,-1.08532,0.0134659,-0.922084,-1.04397,-1.82062,-0.720654,-1.94471,-0.376988,1.76676,-0.594025,1.17955,0.313105,1.16384,0.0323358,0.112372,0.276904,0.173359,1.84303,0.871915,-1.30925,-0.819472,-0.271119,0.144731,1.18899,1.07535,1.68402,1.67163,-0.91779,-0.253471,-1.68299,-0.374937,1.42931,0.855572,-1.19532,1.8743,2.17109,0.423669,1.43899,-1.18513,-0.292557,-0.704521,-0.254854,-0.53678,-0.811693,-0.0898571,1.20746,-1.91695,1.03526,-0.361524,0.0249375,0.729591,0.825015,0.0175343,0.0873647,0.266097,-1.21982,-0.342555,-0.565441,-0.83905,0.669775,1.13184,-0.748783,-0.0209537,-0.196599,0.0754563,1.66675,0.722334,0.0550011,-0.317994,-0.416216,1.35658,-0.514392,-1.13757,0.705004,-0.561649,1.02937,-0.87603,1.06733,0.220473,0.606284,0.611813,-0.339279,0.172209,1.01187,-0.798728,0.453797,1.27019,-0.383527,1.18927,-0.968332,0.157974,-0.545328,-0.512412,1.84448,-0.436354,-0.756845,-0.383532,-0.261046,-1.2324,0.876462,-0.264524,1.89129,0.328279,0.339679,-0.332328,1.02392,-0.0472575,-0.100832,-0.939142,-0.137848,0.125588,-0.831556,0.471551,-0.887835,-0.0714902,0.797415,-1.57612,-0.728345,-2.39378,0.388337,1.17788,-0.29829,-1.14303,0.0788357,1.39386,1.18707,0.355574,-1.1905,0.882363,-0.213879,0.0541606,-0.106421,0.238881,-0.422398,-547.184,-508.299,2761.5,815.011,520.894,-1882.04,-2005.36,-819.359,713.376,4167.89,684.524,-60.5022,-3825.74,-379.508,89.5438,-786.665,-2764.26,-1893.05,-1138.15,1330.48,3721.9,-4549.31,2287.66,267.703,-2638.59,-2872.07,3581.78,-691.08,1559.76,-2665.15,-3407.54,531.827,2745.55,-223.138,-3512.96,4957.76,-1430.38,-3610.6,1490.59,-2808.39,2647.86,134.514,1058.66,-2025.01,485.435,3088.29,-408.039,1755.96,-843.537,223.64,-979.537,157.066,-382.401,-1592.82,146.539,630.355,1663.4,390.568,-1767.98,-422.267,-1066.21,3073.98,426.967,1910.6,-1257.09,-400.344,-1141.72,499.265,-2604.22,-1076.11,-4120.46,-2216.12,-5824.17,-626.233,4606.2,242.817,3643.23,1542.24,2193.71,656.864,865.569,271.498,-601.193,3442.11,1343.81,-669.027,-589.169,-124.323,-568.395,1995.34,2199.27,3168.19,1360.03,-1589.59,215.181,-2315.43,-552.459,2949.46,968.289,-1405.52
-250354,0,1,0,1,1,250404,-0.384764,0.00591807,1.98251,0.65987,0.194549,-1.62464,-1.32884,-0.638008,0.776036,1.76188,-0.149657,0.116447,-1.54277,-0.0636614,0.2482,-1.00728,-1.59481,-1.01706,-0.127135,0.559175,1.40119,-1.61276,1.8305,-0.0898098,-1.26576,-1.76124,1.23195,-0.269686,1.22789,-1.59845,-1.56077,0.458786,1.996,-0.185011,-1.75004,1.38731,-0.797919,-1.56933,0.936032,-1.67351,1.35279,0.444837,1.42627,-1.3104,-0.0724454,0.89088,-0.393547,0.886616,0.0264761,-0.478673,-1.03596,0.226382,0.0675763,-1.26799,0.156639,-0.0321617,0.998724,0.212245,-0.63784,-0.775643,-0.788799,1.94885,1.21166,0.828242,-0.92643,-0.62419,-1.08532,0.0134659,-0.922084,-1.04397,-1.82062,-0.720654,-1.94471,-0.376988,1.76676,-0.594025,1.17955,0.313105,1.16384,0.0323358,0.112372,0.276904,0.173359,1.84303,0.871915,-1.30925,-0.819472,-0.271119,0.144731,1.18899,1.07535,1.68402,1.67163,-0.91779,-0.253471,-1.68299,-0.374937,1.42931,0.855572,-1.19532,-0.952449,-1.22093,1.25099,0.266271,1.44487,-1.31844,-1.13542,-0.098967,0.527057,-0.949416,0.144363,-0.610878,-0.267059,-1.44328,0.212531,-0.504079,-0.0344972,-0.89541,-0.90865,-0.00646072,-0.844777,0.386805,1.19452,0.333168,-0.16921,0.217786,0.433425,1.33446,0.0786314,1.23309,-1.48022,0.435062,-1.47967,0.80192,-0.304654,1.54602,-1.00419,-0.782387,-0.788116,-1.32747,-1.19881,-1.81871,0.805412,0.461152,1.82654,-0.395186,-0.644201,-1.67032,0.520029,0.297328,0.412166,-1.29906,0.971132,1.71153,1.14544,2.36422,-0.855275,-0.294442,-0.521506,-0.188244,1.75674,1.13849,-0.431668,-0.846319,-0.877253,-0.310652,-0.864331,-0.362684,-0.245616,1.18184,-0.646319,-0.039717,-0.0541954,1.58353,0.25327,0.682813,-0.199965,1.07503,-0.219159,-0.830196,-1.56279,0.907812,-1.72096,1.69573,0.00637671,0.216527,0.6,0.192573,-0.363741,-1.54582,-0.896961,0.63507,0.40007,1.27415,-1.21435,-1.123,1.47754,-0.00873771,1.89224,-1.99834,-547.184,-508.299,2761.5,815.011,520.894,-1882.04,-2005.36,-819.359,713.376,4167.89,684.524,-60.5022,-3825.74,-379.508,89.5438,-786.665,-2764.26,-1893.05,-1138.15,1330.48,3721.9,-4549.31,2287.66,267.703,-2638.59,-2872.07,3581.78,-691.08,1559.76,-2665.15,-3407.54,531.827,2745.55,-223.138,-3512.96,4957.76,-1430.38,-3610.6,1490.59,-2808.39,2647.86,134.514,1058.66,-2025.01,485.435,3088.29,-408.039,1755.96,-843.537,223.64,-979.537,157.066,-382.401,-1592.82,146.539,630.355,1663.4,390.568,-1767.98,-422.267,-1066.21,3073.98,426.967,1910.6,-1257.09,-400.344,-1141.72,499.265,-2604.22,-1076.11,-4120.46,-2216.12,-5824.17,-626.233,4606.2,242.817,3643.23,1542.24,2193.71,656.864,865.569,271.498,-601.193,3442.11,1343.81,-669.027,-589.169,-124.323,-568.395,1995.34,2199.27,3168.19,1360.03,-1589.59,215.181,-2315.43,-552.459,2949.46,968.289,-1405.52
-250354,0,1,0,1,1,250411,-0.384764,0.00591807,1.98251,0.65987,0.194549,-1.62464,-1.32884,-0.638008,0.776036,1.76188,-0.149657,0.116447,-1.54277,-0.0636614,0.2482,-1.00728,-1.59481,-1.01706,-0.127135,0.559175,1.40119,-1.61276,1.8305,-0.0898098,-1.26576,-1.76124,1.23195,-0.269686,1.22789,-1.59845,-1.56077,0.458786,1.996,-0.185011,-1.75004,1.38731,-0.797919,-1.56933,0.936032,-1.67351,1.35279,0.444837,1.42627,-1.3104,-0.0724454,0.89088,-0.393547,0.886616,0.0264761,-0.478673,-1.03596,0.226382,0.0675763,-1.26799,0.156639,-0.0321617,0.998724,0.212245,-0.63784,-0.775643,-0.788799,1.94885,1.21166,0.828242,-0.92643,-0.62419,-1.08532,0.0134659,-0.922084,-1.04397,-1.82062,-0.720654,-1.94471,-0.376988,1.76676,-0.594025,1.17955,0.313105,1.16384,0.0323358,0.112372,0.276904,0.173359,1.84303,0.871915,-1.30925,-0.819472,-0.271119,0.144731,1.18899,1.07535,1.68402,1.67163,-0.91779,-0.253471,-1.68299,-0.374937,1.42931,0.855572,-1.19532,-0.571795,-0.783737,-1.62597,-1.16835,-0.924742,1.15466,-1.87017,-2.01566,-0.533121,0.365433,0.0269478,-0.501519,0.579126,-0.393519,-0.895106,-0.97734,0.970038,1.16868,0.301767,-1.17569,0.258571,-1.5904,-0.0351868,1.84119,-0.587646,-0.138054,0.0269829,0.0201765,0.500817,-0.261669,-0.926707,-1.17711,-0.491723,1.40681,1.7776,0.2647,1.40566,-0.579566,0.961172,-0.813881,0.877202,-1.01103,-0.250226,0.467618,-1.24019,-0.101269,0.0444486,-0.123826,-0.36221,-1.05078,3.54529,0.882818,1.31926,0.871674,0.646529,-0.0694758,0.917911,-0.357423,-1.11422,1.67881,1.02885,0.840739,0.785212,0.548909,-1.36641,-1.25176,1.47599,-1.24105,-0.584893,0.0089645,-0.99838,-1.72733,-1.03294,0.477407,1.36284,-0.72848,-0.819965,0.992345,-1.29083,0.350411,0.377504,0.266539,-0.960838,-0.0660708,-0.398088,1.00525,-1.04521,-2.2671,-0.680847,-0.482667,-2.23702,1.63413,-0.317526,-1.13229,-0.914575,-0.264218,-1.66973,1.37151,-1.50129,-0.331189,-547.184,-508.299,2761.5,815.011,520.894,-1882.04,-2005.36,-819.359,713.376,4167.89,684.524,-60.5022,-3825.74,-379.508,89.5438,-786.665,-2764.26,-1893.05,-1138.15,1330.48,3721.9,-4549.31,2287.66,267.703,-2638.59,-2872.07,3581.78,-691.08,1559.76,-2665.15,-3407.54,531.827,2745.55,-223.138,-3512.96,4957.76,-1430.38,-3610.6,1490.59,-2808.39,2647.86,134.514,1058.66,-2025.01,485.435,3088.29,-408.039,1755.96,-843.537,223.64,-979.537,157.066,-382.401,-1592.82,146.539,630.355,1663.4,390.568,-1767.98,-422.267,-1066.21,3073.98,426.967,1910.6,-1257.09,-400.344,-1141.72,499.265,-2604.22,-1076.11,-4120.46,-2216.12,-5824.17,-626.233,4606.2,242.817,3643.23,1542.24,2193.71,656.864,865.569,271.498,-601.193,3442.11,1343.81,-669.027,-589.169,-124.323,-568.395,1995.34,2199.27,3168.19,1360.03,-1589.59,215.181,-2315.43,-552.459,2949.46,968.289,-1405.52
-250354,0,1,0,1,1,250405,-0.384764,0.00591807,1.98251,0.65987,0.194549,-1.62464,-1.32884,-0.638008,0.776036,1.76188,-0.149657,0.116447,-1.54277,-0.0636614,0.2482,-1.00728,-1.59481,-1.01706,-0.127135,0.559175,1.40119,-1.61276,1.8305,-0.0898098,-1.26576,-1.76124,1.23195,-0.269686,1.22789,-1.59845,-1.56077,0.458786,1.996,-0.185011,-1.75004,1.38731,-0.797919,-1.56933,0.936032,-1.67351,1.35279,0.444837,1.42627,-1.3104,-0.0724454,0.89088,-0.393547,0.886616,0.0264761,-0.478673,-1.03596,0.226382,0.0675763,-1.26799,0.156639,-0.0321617,0.998724,0.212245,-0.63784,-0.775643,-0.788799,1.94885,1.21166,0.828242,-0.92643,-0.62419,-1.08532,0.0134659,-0.922084,-1.04397,-1.82062,-0.720654,-1.94471,-0.376988,1.76676,-0.594025,1.17955,0.313105,1.16384,0.0323358,0.112372,0.276904,0.173359,1.84303,0.871915,-1.30925,-0.819472,-0.271119,0.144731,1.18899,1.07535,1.68402,1.67163,-0.91779,-0.253471,-1.68299,-0.374937,1.42931,0.855572,-1.19532,0.628352,-1.27382,-1.00105,2.1705,-0.560923,0.446922,0.194409,-0.974561,-0.965995,0.231757,-1.48073,0.788966,0.467942,0.603494,1.85167,-0.146092,-0.964181,-0.148114,-0.356012,-0.739462,0.464934,0.674191,-0.6246,0.703377,0.823904,0.436663,0.0770819,-0.138132,0.20683,1.38118,0.661519,-1.45289,-0.138141,-0.698853,-1.37931,-0.613363,-0.0834884,-0.778963,0.63065,-2.58344,-0.418361,1.53038,0.131658,-1.91755,-0.749789,-0.225883,-1.18851,0.641021,-0.467434,-0.385914,0.625744,-0.209723,1.70171,-0.416172,-1.67373,-1.17918,0.921922,0.838337,0.598,-0.661922,-0.568797,0.711207,0.56519,0.870939,0.0890007,0.00288768,0.366449,0.609881,-2.65783,0.522218,-0.647703,-1.13662,0.328036,-2.24131,1.22245,1.02308,1.72182,0.250543,1.30553,-1.24713,1.63812,0.621126,0.119663,-0.856506,1.7126,-0.667086,-1.74203,-0.850538,-0.798989,-0.764194,-1.41816,-0.204312,1.14462,-1.33722,0.130299,0.429707,1.51862,0.311078,-0.0535252,-1.30399,-547.184,-508.299,2761.5,815.011,520.894,-1882.04,-2005.36,-819.359,713.376,4167.89,684.524,-60.5022,-3825.74,-379.508,89.5438,-786.665,-2764.26,-1893.05,-1138.15,1330.48,3721.9,-4549.31,2287.66,267.703,-2638.59,-2872.07,3581.78,-691.08,1559.76,-2665.15,-3407.54,531.827,2745.55,-223.138,-3512.96,4957.76,-1430.38,-3610.6,1490.59,-2808.39,2647.86,134.514,1058.66,-2025.01,485.435,3088.29,-408.039,1755.96,-843.537,223.64,-979.537,157.066,-382.401,-1592.82,146.539,630.355,1663.4,390.568,-1767.98,-422.267,-1066.21,3073.98,426.967,1910.6,-1257.09,-400.344,-1141.72,499.265,-2604.22,-1076.11,-4120.46,-2216.12,-5824.17,-626.233,4606.2,242.817,3643.23,1542.24,2193.71,656.864,865.569,271.498,-601.193,3442.11,1343.81,-669.027,-589.169,-124.323,-568.395,1995.34,2199.27,3168.19,1360.03,-1589.59,215.181,-2315.43,-552.459,2949.46,968.289,-1405.52
-250354,0,1,0,1,1,250411,-0.384764,0.00591807,1.98251,0.65987,0.194549,-1.62464,-1.32884,-0.638008,0.776036,1.76188,-0.149657,0.116447,-1.54277,-0.0636614,0.2482,-1.00728,-1.59481,-1.01706,-0.127135,0.559175,1.40119,-1.61276,1.8305,-0.0898098,-1.26576,-1.76124,1.23195,-0.269686,1.22789,-1.59845,-1.56077,0.458786,1.996,-0.185011,-1.75004,1.38731,-0.797919,-1.56933,0.936032,-1.67351,1.35279,0.444837,1.42627,-1.3104,-0.0724454,0.89088,-0.393547,0.886616,0.0264761,-0.478673,-1.03596,0.226382,0.0675763,-1.26799,0.156639,-0.0321617,0.998724,0.212245,-0.63784,-0.775643,-0.788799,1.94885,1.21166,0.828242,-0.92643,-0.62419,-1.08532,0.0134659,-0.922084,-1.04397,-1.82062,-0.720654,-1.94471,-0.376988,1.76676,-0.594025,1.17955,0.313105,1.16384,0.0323358,0.112372,0.276904,0.173359,1.84303,0.871915,-1.30925,-0.819472,-0.271119,0.144731,1.18899,1.07535,1.68402,1.67163,-0.91779,-0.253471,-1.68299,-0.374937,1.42931,0.855572,-1.19532,0.261646,-1.14509,2.31111,0.589986,-0.00150568,0.0852617,0.0394566,0.611808,-1.15819,-0.780636,1.75644,-0.107629,0.011706,1.12904,-2.12182,0.949787,-1.52301,-0.68897,1.25646,-0.457115,-1.02947,-0.675007,-0.370415,-0.0285642,2.8946,-0.81894,-0.581274,-1.38858,0.784541,-1.41466,0.450909,0.359694,-0.631457,1.28579,-0.404878,-0.655515,-0.0178238,1.49262,-0.109256,-0.296593,-1.56669,-2.51941,0.476546,1.04936,2.00208,0.66819,0.471742,0.0192729,-0.824657,-0.163992,1.36195,-0.625471,-0.326883,-1.34121,-0.540521,-0.143305,0.62345,0.115711,1.56491,0.305389,0.290946,-0.945622,-1.25413,2.54176,0.327927,-0.264101,1.53945,-0.328369,-0.766228,-0.263479,1.23664,1.24122,0.606978,-1.28122,0.831308,-1.25908,0.410493,0.43768,-0.569348,0.857847,0.378365,-0.997971,-1.90141,-0.91017,2.63771,-1.02684,0.0045299,0.669591,-1.56175,-1.07657,1.37493,0.97195,-0.218435,-1.40139,-0.536122,0.288694,0.918815,0.45269,0.679585,-0.186035,-547.184,-508.299,2761.5,815.011,520.894,-1882.04,-2005.36,-819.359,713.376,4167.89,684.524,-60.5022,-3825.74,-379.508,89.5438,-786.665,-2764.26,-1893.05,-1138.15,1330.48,3721.9,-4549.31,2287.66,267.703,-2638.59,-2872.07,3581.78,-691.08,1559.76,-2665.15,-3407.54,531.827,2745.55,-223.138,-3512.96,4957.76,-1430.38,-3610.6,1490.59,-2808.39,2647.86,134.514,1058.66,-2025.01,485.435,3088.29,-408.039,1755.96,-843.537,223.64,-979.537,157.066,-382.401,-1592.82,146.539,630.355,1663.4,390.568,-1767.98,-422.267,-1066.21,3073.98,426.967,1910.6,-1257.09,-400.344,-1141.72,499.265,-2604.22,-1076.11,-4120.46,-2216.12,-5824.17,-626.233,4606.2,242.817,3643.23,1542.24,2193.71,656.864,865.569,271.498,-601.193,3442.11,1343.81,-669.027,-589.169,-124.323,-568.395,1995.34,2199.27,3168.19,1360.03,-1589.59,215.181,-2315.43,-552.459,2949.46,968.289,-1405.52
-250354,0,1,0,1,1,250408,-0.384764,0.00591807,1.98251,0.65987,0.194549,-1.62464,-1.32884,-0.638008,0.776036,1.76188,-0.149657,0.116447,-1.54277,-0.0636614,0.2482,-1.00728,-1.59481,-1.01706,-0.127135,0.559175,1.40119,-1.61276,1.8305,-0.0898098,-1.26576,-1.76124,1.23195,-0.269686,1.22789,-1.59845,-1.56077,0.458786,1.996,-0.185011,-1.75004,1.38731,-0.797919,-1.56933,0.936032,-1.67351,1.35279,0.444837,1.42627,-1.3104,-0.0724454,0.89088,-0.393547,0.886616,0.0264761,-0.478673,-1.03596,0.226382,0.0675763,-1.26799,0.156639,-0.0321617,0.998724,0.212245,-0.63784,-0.775643,-0.788799,1.94885,1.21166,0.828242,-0.92643,-0.62419,-1.08532,0.0134659,-0.922084,-1.04397,-1.82062,-0.720654,-1.94471,-0.376988,1.76676,-0.594025,1.17955,0.313105,1.16384,0.0323358,0.112372,0.276904,0.173359,1.84303,0.871915,-1.30925,-0.819472,-0.271119,0.144731,1.18899,1.07535,1.68402,1.67163,-0.91779,-0.253471,-1.68299,-0.374937,1.42931,0.855572,-1.19532,1.42135,0.225528,0.524057,-0.846603,-0.00779211,-0.179444,-0.125986,0.0745445,-1.63003,-0.126633,1.98984,-1.18337,-1.17363,-0.602347,-0.252567,0.122602,0.0860861,-0.288144,-0.999701,-2.23867,-2.30379,-1.76972,0.00421784,-0.270734,0.947192,0.0617103,-0.36182,1.147,0.537955,1.6396,0.34659,-0.0609911,0.143316,0.862416,-0.466517,0.739392,-0.330341,-0.44836,-2.05585,-0.361079,0.16732,-0.833121,1.31585,1.74936,-0.332288,0.317494,-0.889836,-1.19696,1.28087,-1.04807,-0.0974128,-1.50854,0.0858855,1.96341,-0.493527,-0.552499,-0.119154,-0.537879,-0.716798,1.26791,-1.20963,0.735608,0.539777,1.07009,-1.47072,-0.740887,0.514188,-0.412528,-0.598497,-1.27077,-1.35826,0.139442,-0.854656,1.94495,0.697706,1.85023,0.0285406,0.999097,-1.08567,-1.05219,-0.807749,0.59788,1.53446,3.13372,-0.452505,0.9392,-0.265887,0.378687,1.37567,2.41215,0.437972,0.333159,-0.0121191,-0.109357,-0.583774,-0.788928,-1.27946,-1.31993,0.16024,-0.054019,-547.184,-508.299,2761.5,815.011,520.894,-1882.04,-2005.36,-819.359,713.376,4167.89,684.524,-60.5022,-3825.74,-379.508,89.5438,-786.665,-2764.26,-1893.05,-1138.15,1330.48,3721.9,-4549.31,2287.66,267.703,-2638.59,-2872.07,3581.78,-691.08,1559.76,-2665.15,-3407.54,531.827,2745.55,-223.138,-3512.96,4957.76,-1430.38,-3610.6,1490.59,-2808.39,2647.86,134.514,1058.66,-2025.01,485.435,3088.29,-408.039,1755.96,-843.537,223.64,-979.537,157.066,-382.401,-1592.82,146.539,630.355,1663.4,390.568,-1767.98,-422.267,-1066.21,3073.98,426.967,1910.6,-1257.09,-400.344,-1141.72,499.265,-2604.22,-1076.11,-4120.46,-2216.12,-5824.17,-626.233,4606.2,242.817,3643.23,1542.24,2193.71,656.864,865.569,271.498,-601.193,3442.11,1343.81,-669.027,-589.169,-124.323,-568.395,1995.34,2199.27,3168.19,1360.03,-1589.59,215.181,-2315.43,-552.459,2949.46,968.289,-1405.52
-250354,0,1,0,1,1,250417,-0.384764,0.00591807,1.98251,0.65987,0.194549,-1.62464,-1.32884,-0.638008,0.776036,1.76188,-0.149657,0.116447,-1.54277,-0.0636614,0.2482,-1.00728,-1.59481,-1.01706,-0.127135,0.559175,1.40119,-1.61276,1.8305,-0.0898098,-1.26576,-1.76124,1.23195,-0.269686,1.22789,-1.59845,-1.56077,0.458786,1.996,-0.185011,-1.75004,1.38731,-0.797919,-1.56933,0.936032,-1.67351,1.35279,0.444837,1.42627,-1.3104,-0.0724454,0.89088,-0.393547,0.886616,0.0264761,-0.478673,-1.03596,0.226382,0.0675763,-1.26799,0.156639,-0.0321617,0.998724,0.212245,-0.63784,-0.775643,-0.788799,1.94885,1.21166,0.828242,-0.92643,-0.62419,-1.08532,0.0134659,-0.922084,-1.04397,-1.82062,-0.720654,-1.94471,-0.376988,1.76676,-0.594025,1.17955,0.313105,1.16384,0.0323358,0.112372,0.276904,0.173359,1.84303,0.871915,-1.30925,-0.819472,-0.271119,0.144731,1.18899,1.07535,1.68402,1.67163,-0.91779,-0.253471,-1.68299,-0.374937,1.42931,0.855572,-1.19532,0.457649,1.3794,0.65883,-1.4259,0.524255,-1.75848,-0.546361,0.0877389,0.923841,-0.0561108,-1.05626,2.03642,0.329501,0.0266351,0.566021,0.380956,1.32723,-0.728609,-0.900526,-0.448773,0.976407,-0.738638,-1.25184,-1.0093,0.00547761,-0.92101,-0.585003,2.11115,0.0131974,0.72105,-0.78443,-2.05031,1.66088,1.22258,0.00539041,-0.83424,-0.397962,-1.65805,0.54616,0.867392,-0.51563,1.15,-1.21239,-1.20284,-2.45677,0.254658,1.18488,-0.419793,0.605618,0.913854,-0.155441,1.45953,-0.0606573,0.363907,-0.0815072,0.2694,-2.38667,-1.11139,0.824389,0.112587,-1.04974,0.446746,-1.01459,2.37257,2.12304,1.64641,0.161625,-0.623093,0.192893,1.28743,-0.72444,-3.09205,0.515589,-2.04177,-2.00043,0.169843,0.367343,1.51206,-1.12554,-0.461407,0.180078,-1.74234,0.166407,0.791838,-1.16612,-0.116302,-0.958165,-0.0128139,-1.27995,0.149202,0.277647,0.720292,0.100976,-1.85522,-0.331349,0.230756,-1.93455,0.533697,-0.628761,2.1949,-547.184,-508.299,2761.5,815.011,520.894,-1882.04,-2005.36,-819.359,713.376,4167.89,684.524,-60.5022,-3825.74,-379.508,89.5438,-786.665,-2764.26,-1893.05,-1138.15,1330.48,3721.9,-4549.31,2287.66,267.703,-2638.59,-2872.07,3581.78,-691.08,1559.76,-2665.15,-3407.54,531.827,2745.55,-223.138,-3512.96,4957.76,-1430.38,-3610.6,1490.59,-2808.39,2647.86,134.514,1058.66,-2025.01,485.435,3088.29,-408.039,1755.96,-843.537,223.64,-979.537,157.066,-382.401,-1592.82,146.539,630.355,1663.4,390.568,-1767.98,-422.267,-1066.21,3073.98,426.967,1910.6,-1257.09,-400.344,-1141.72,499.265,-2604.22,-1076.11,-4120.46,-2216.12,-5824.17,-626.233,4606.2,242.817,3643.23,1542.24,2193.71,656.864,865.569,271.498,-601.193,3442.11,1343.81,-669.027,-589.169,-124.323,-568.395,1995.34,2199.27,3168.19,1360.03,-1589.59,215.181,-2315.43,-552.459,2949.46,968.289,-1405.52
-250354,0,1,0,1,1,250396,-0.384764,0.00591807,1.98251,0.65987,0.194549,-1.62464,-1.32884,-0.638008,0.776036,1.76188,-0.149657,0.116447,-1.54277,-0.0636614,0.2482,-1.00728,-1.59481,-1.01706,-0.127135,0.559175,1.40119,-1.61276,1.8305,-0.0898098,-1.26576,-1.76124,1.23195,-0.269686,1.22789,-1.59845,-1.56077,0.458786,1.996,-0.185011,-1.75004,1.38731,-0.797919,-1.56933,0.936032,-1.67351,1.35279,0.444837,1.42627,-1.3104,-0.0724454,0.89088,-0.393547,0.886616,0.0264761,-0.478673,-1.03596,0.226382,0.0675763,-1.26799,0.156639,-0.0321617,0.998724,0.212245,-0.63784,-0.775643,-0.788799,1.94885,1.21166,0.828242,-0.92643,-0.62419,-1.08532,0.0134659,-0.922084,-1.04397,-1.82062,-0.720654,-1.94471,-0.376988,1.76676,-0.594025,1.17955,0.313105,1.16384,0.0323358,0.112372,0.276904,0.173359,1.84303,0.871915,-1.30925,-0.819472,-0.271119,0.144731,1.18899,1.07535,1.68402,1.67163,-0.91779,-0.253471,-1.68299,-0.374937,1.42931,0.855572,-1.19532,0.698239,-1.04832,0.000172678,2.394,0.865851,-0.849065,-1.09531,-0.751096,-0.667844,-0.646806,-1.17916,0.217737,0.524585,0.333694,1.19403,-0.0858951,0.503281,0.321008,0.426737,0.63761,-1.035,1.36611,0.465085,-0.319507,0.567588,-0.490366,0.261101,0.243342,-0.953585,-0.10614,-0.111374,1.88232,-0.648324,-0.891991,0.943825,0.293036,-1.01362,0.280381,0.290343,1.4695,0.536872,1.12091,1.57059,0.217641,-0.162719,-0.895148,-1.5114,0.0410964,-0.0954963,0.681957,1.10233,-0.847288,-0.568365,-0.3221,0.684305,1.31342,1.21922,0.529679,0.856357,1.57987,-1.06686,0.753168,-0.00261814,0.132506,-0.0664052,-0.38004,0.566419,1.39552,-1.29025,-0.862373,0.219798,-1.92871,0.185248,0.385185,1.05929,0.840388,0.401743,0.191169,-1.2658,0.0851232,-0.707813,-0.83617,-0.627417,-1.18354,2.6687,0.885129,1.49579,0.625268,1.00887,1.22574,-0.290815,0.402754,0.437303,0.872093,0.0572007,-0.588419,-1.63946,1.13977,1.11059,-0.872771,-547.184,-508.299,2761.5,815.011,520.894,-1882.04,-2005.36,-819.359,713.376,4167.89,684.524,-60.5022,-3825.74,-379.508,89.5438,-786.665,-2764.26,-1893.05,-1138.15,1330.48,3721.9,-4549.31,2287.66,267.703,-2638.59,-2872.07,3581.78,-691.08,1559.76,-2665.15,-3407.54,531.827,2745.55,-223.138,-3512.96,4957.76,-1430.38,-3610.6,1490.59,-2808.39,2647.86,134.514,1058.66,-2025.01,485.435,3088.29,-408.039,1755.96,-843.537,223.64,-979.537,157.066,-382.401,-1592.82,146.539,630.355,1663.4,390.568,-1767.98,-422.267,-1066.21,3073.98,426.967,1910.6,-1257.09,-400.344,-1141.72,499.265,-2604.22,-1076.11,-4120.46,-2216.12,-5824.17,-626.233,4606.2,242.817,3643.23,1542.24,2193.71,656.864,865.569,271.498,-601.193,3442.11,1343.81,-669.027,-589.169,-124.323,-568.395,1995.34,2199.27,3168.19,1360.03,-1589.59,215.181,-2315.43,-552.459,2949.46,968.289,-1405.52
-250354,0,1,0,1,1,250399,-0.384764,0.00591807,1.98251,0.65987,0.194549,-1.62464,-1.32884,-0.638008,0.776036,1.76188,-0.149657,0.116447,-1.54277,-0.0636614,0.2482,-1.00728,-1.59481,-1.01706,-0.127135,0.559175,1.40119,-1.61276,1.8305,-0.0898098,-1.26576,-1.76124,1.23195,-0.269686,1.22789,-1.59845,-1.56077,0.458786,1.996,-0.185011,-1.75004,1.38731,-0.797919,-1.56933,0.936032,-1.67351,1.35279,0.444837,1.42627,-1.3104,-0.0724454,0.89088,-0.393547,0.886616,0.0264761,-0.478673,-1.03596,0.226382,0.0675763,-1.26799,0.156639,-0.0321617,0.998724,0.212245,-0.63784,-0.775643,-0.788799,1.94885,1.21166,0.828242,-0.92643,-0.62419,-1.08532,0.0134659,-0.922084,-1.04397,-1.82062,-0.720654,-1.94471,-0.376988,1.76676,-0.594025,1.17955,0.313105,1.16384,0.0323358,0.112372,0.276904,0.173359,1.84303,0.871915,-1.30925,-0.819472,-0.271119,0.144731,1.18899,1.07535,1.68402,1.67163,-0.91779,-0.253471,-1.68299,-0.374937,1.42931,0.855572,-1.19532,-0.585837,-0.328476,-0.171598,1.52935,-1.13581,-0.231107,-1.28452,0.546058,-0.724024,-0.168905,0.528974,-0.188434,-0.677709,-0.149436,-2.16771,-2.54661,0.317483,2.19162,1.45516,-0.170642,0.725971,1.00115,1.33582,0.536539,1.19874,1.28093,-0.0245811,-0.403328,0.729522,-0.347137,-0.72513,-0.398441,0.626423,-0.909008,-0.0366162,-0.0486646,-0.36138,0.0283392,0.532318,1.20402,0.218623,-1.15113,1.03458,0.941091,-0.495872,-0.517582,1.74369,1.71266,-0.249036,-0.37616,-1.20601,0.529991,-1.25654,-0.0808054,0.150653,0.328045,1.71641,1.715,-0.447924,0.322439,1.53407,0.0659756,0.189101,0.969301,1.06118,0.80844,-1.29191,0.241364,0.148937,1.17535,0.278435,0.706443,-1.11679,1.51676,0.951512,0.297766,0.807388,2.74163,-0.200453,1.19575,1.08393,-0.457646,0.421287,-0.866799,-0.268067,0.900263,-0.398187,0.0764027,0.554127,0.678523,-0.0665444,-1.64571,-0.109012,0.711037,-0.575125,-0.222977,0.979464,0.710009,-0.180004,0.132625,-547.184,-508.299,2761.5,815.011,520.894,-1882.04,-2005.36,-819.359,713.376,4167.89,684.524,-60.5022,-3825.74,-379.508,89.5438,-786.665,-2764.26,-1893.05,-1138.15,1330.48,3721.9,-4549.31,2287.66,267.703,-2638.59,-2872.07,3581.78,-691.08,1559.76,-2665.15,-3407.54,531.827,2745.55,-223.138,-3512.96,4957.76,-1430.38,-3610.6,1490.59,-2808.39,2647.86,134.514,1058.66,-2025.01,485.435,3088.29,-408.039,1755.96,-843.537,223.64,-979.537,157.066,-382.401,-1592.82,146.539,630.355,1663.4,390.568,-1767.98,-422.267,-1066.21,3073.98,426.967,1910.6,-1257.09,-400.344,-1141.72,499.265,-2604.22,-1076.11,-4120.46,-2216.12,-5824.17,-626.233,4606.2,242.817,3643.23,1542.24,2193.71,656.864,865.569,271.498,-601.193,3442.11,1343.81,-669.027,-589.169,-124.323,-568.395,1995.34,2199.27,3168.19,1360.03,-1589.59,215.181,-2315.43,-552.459,2949.46,968.289,-1405.52
-250354,0,1,0,1,1,250411,-0.384764,0.00591807,1.98251,0.65987,0.194549,-1.62464,-1.32884,-0.638008,0.776036,1.76188,-0.149657,0.116447,-1.54277,-0.0636614,0.2482,-1.00728,-1.59481,-1.01706,-0.127135,0.559175,1.40119,-1.61276,1.8305,-0.0898098,-1.26576,-1.76124,1.23195,-0.269686,1.22789,-1.59845,-1.56077,0.458786,1.996,-0.185011,-1.75004,1.38731,-0.797919,-1.56933,0.936032,-1.67351,1.35279,0.444837,1.42627,-1.3104,-0.0724454,0.89088,-0.393547,0.886616,0.0264761,-0.478673,-1.03596,0.226382,0.0675763,-1.26799,0.156639,-0.0321617,0.998724,0.212245,-0.63784,-0.775643,-0.788799,1.94885,1.21166,0.828242,-0.92643,-0.62419,-1.08532,0.0134659,-0.922084,-1.04397,-1.82062,-0.720654,-1.94471,-0.376988,1.76676,-0.594025,1.17955,0.313105,1.16384,0.0323358,0.112372,0.276904,0.173359,1.84303,0.871915,-1.30925,-0.819472,-0.271119,0.144731,1.18899,1.07535,1.68402,1.67163,-0.91779,-0.253471,-1.68299,-0.374937,1.42931,0.855572,-1.19532,0.425624,0.547731,-0.693217,-1.5157,0.543203,-0.573667,-0.011867,-0.803125,0.130719,-0.109358,1.02389,-1.72491,0.395536,1.25493,-0.0943978,-0.160746,-1.53996,-0.579195,0.0501149,-0.867822,0.402401,-0.479507,0.338897,0.0345057,0.736659,0.524746,0.181658,1.67679,-1.30574,0.461088,1.72431,2.03144,0.961125,0.066734,-1.12495,0.270139,1.12398,-1.39604,1.92564,0.501085,-0.796227,0.57414,1.32008,0.718551,0.470893,-0.616749,0.0766661,-0.624551,-1.53422,-0.412054,-0.532607,-0.988114,-0.201403,-2.58844,0.145412,0.117711,-0.203984,-1.08115,-0.642033,-1.86655,0.825196,-1.66637,-0.330205,0.724382,-0.510515,0.657153,0.185277,1.93225,0.19784,-0.0585301,-1.57571,-0.679912,-1.43869,1.88701,1.98551,0.912104,-1.35514,-1.6326,-1.78201,-0.0373839,-1.97238,-0.790997,0.0318999,-1.70302,-0.852779,0.26794,-1.92466,-2.6375,-1.15408,-1.25875,0.0331974,0.841972,-1.2247,-0.726303,0.463852,0.582639,0.795825,0.394918,1.22412,-0.0818272,-547.184,-508.299,2761.5,815.011,520.894,-1882.04,-2005.36,-819.359,713.376,4167.89,684.524,-60.5022,-3825.74,-379.508,89.5438,-786.665,-2764.26,-1893.05,-1138.15,1330.48,3721.9,-4549.31,2287.66,267.703,-2638.59,-2872.07,3581.78,-691.08,1559.76,-2665.15,-3407.54,531.827,2745.55,-223.138,-3512.96,4957.76,-1430.38,-3610.6,1490.59,-2808.39,2647.86,134.514,1058.66,-2025.01,485.435,3088.29,-408.039,1755.96,-843.537,223.64,-979.537,157.066,-382.401,-1592.82,146.539,630.355,1663.4,390.568,-1767.98,-422.267,-1066.21,3073.98,426.967,1910.6,-1257.09,-400.344,-1141.72,499.265,-2604.22,-1076.11,-4120.46,-2216.12,-5824.17,-626.233,4606.2,242.817,3643.23,1542.24,2193.71,656.864,865.569,271.498,-601.193,3442.11,1343.81,-669.027,-589.169,-124.323,-568.395,1995.34,2199.27,3168.19,1360.03,-1589.59,215.181,-2315.43,-552.459,2949.46,968.289,-1405.52
-250354,0,1,0,1,1,250404,-0.384764,0.00591807,1.98251,0.65987,0.194549,-1.62464,-1.32884,-0.638008,0.776036,1.76188,-0.149657,0.116447,-1.54277,-0.0636614,0.2482,-1.00728,-1.59481,-1.01706,-0.127135,0.559175,1.40119,-1.61276,1.8305,-0.0898098,-1.26576,-1.76124,1.23195,-0.269686,1.22789,-1.59845,-1.56077,0.458786,1.996,-0.185011,-1.75004,1.38731,-0.797919,-1.56933,0.936032,-1.67351,1.35279,0.444837,1.42627,-1.3104,-0.0724454,0.89088,-0.393547,0.886616,0.0264761,-0.478673,-1.03596,0.226382,0.0675763,-1.26799,0.156639,-0.0321617,0.998724,0.212245,-0.63784,-0.775643,-0.788799,1.94885,1.21166,0.828242,-0.92643,-0.62419,-1.08532,0.0134659,-0.922084,-1.04397,-1.82062,-0.720654,-1.94471,-0.376988,1.76676,-0.594025,1.17955,0.313105,1.16384,0.0323358,0.112372,0.276904,0.173359,1.84303,0.871915,-1.30925,-0.819472,-0.271119,0.144731,1.18899,1.07535,1.68402,1.67163,-0.91779,-0.253471,-1.68299,-0.374937,1.42931,0.855572,-1.19532,0.55824,-0.523989,-1.50505,1.04318,-0.11307,-1.88624,0.0294672,-0.443469,-0.749215,-0.431533,-0.510434,-0.400515,-1.73028,0.0703997,0.655995,-0.774668,-1.09453,-1.75037,0.941765,-1.19051,-0.605478,0.786889,-0.284192,-0.567048,1.75884,-0.201869,-0.242926,0.541923,-0.481077,0.4431,-0.39295,-1.18888,-0.160681,-0.425449,0.278363,1.35328,-0.362066,0.784647,-0.403828,1.40762,-0.140129,-0.768637,0.315264,1.04897,0.0444799,1.71463,0.211254,-0.732975,0.989053,1.82631,0.0556968,-0.537164,1.04445,-0.599549,1.89148,0.227093,0.499361,-1.22221,1.37499,-1.47504,1.27616,-0.23803,-0.938553,0.667058,-0.421479,-0.479457,0.974776,-1.39585,1.45243,-0.229632,1.14181,1.19635,-0.925768,0.634485,-0.975665,-2.46392,-0.851655,1.42872,0.0421686,-0.0270981,-0.644921,0.85825,1.47766,-0.0934786,-1.47801,1.103,0.407764,-2.39834,0.467897,-1.51312,0.417615,-1.33479,0.749005,-0.0393032,1.062,0.35068,-0.799181,-0.495438,1.58413,-1.63001,-547.184,-508.299,2761.5,815.011,520.894,-1882.04,-2005.36,-819.359,713.376,4167.89,684.524,-60.5022,-3825.74,-379.508,89.5438,-786.665,-2764.26,-1893.05,-1138.15,1330.48,3721.9,-4549.31,2287.66,267.703,-2638.59,-2872.07,3581.78,-691.08,1559.76,-2665.15,-3407.54,531.827,2745.55,-223.138,-3512.96,4957.76,-1430.38,-3610.6,1490.59,-2808.39,2647.86,134.514,1058.66,-2025.01,485.435,3088.29,-408.039,1755.96,-843.537,223.64,-979.537,157.066,-382.401,-1592.82,146.539,630.355,1663.4,390.568,-1767.98,-422.267,-1066.21,3073.98,426.967,1910.6,-1257.09,-400.344,-1141.72,499.265,-2604.22,-1076.11,-4120.46,-2216.12,-5824.17,-626.233,4606.2,242.817,3643.23,1542.24,2193.71,656.864,865.569,271.498,-601.193,3442.11,1343.81,-669.027,-589.169,-124.323,-568.395,1995.34,2199.27,3168.19,1360.03,-1589.59,215.181,-2315.43,-552.459,2949.46,968.289,-1405.52
-250354,0,1,0,1,1,250399,-0.384764,0.00591807,1.98251,0.65987,0.194549,-1.62464,-1.32884,-0.638008,0.776036,1.76188,-0.149657,0.116447,-1.54277,-0.0636614,0.2482,-1.00728,-1.59481,-1.01706,-0.127135,0.559175,1.40119,-1.61276,1.8305,-0.0898098,-1.26576,-1.76124,1.23195,-0.269686,1.22789,-1.59845,-1.56077,0.458786,1.996,-0.185011,-1.75004,1.38731,-0.797919,-1.56933,0.936032,-1.67351,1.35279,0.444837,1.42627,-1.3104,-0.0724454,0.89088,-0.393547,0.886616,0.0264761,-0.478673,-1.03596,0.226382,0.0675763,-1.26799,0.156639,-0.0321617,0.998724,0.212245,-0.63784,-0.775643,-0.788799,1.94885,1.21166,0.828242,-0.92643,-0.62419,-1.08532,0.0134659,-0.922084,-1.04397,-1.82062,-0.720654,-1.94471,-0.376988,1.76676,-0.594025,1.17955,0.313105,1.16384,0.0323358,0.112372,0.276904,0.173359,1.84303,0.871915,-1.30925,-0.819472,-0.271119,0.144731,1.18899,1.07535,1.68402,1.67163,-0.91779,-0.253471,-1.68299,-0.374937,1.42931,0.855572,-1.19532,2.22457,0.409031,0.147299,1.66468,0.286207,-0.45008,0.679107,1.12101,-0.591104,1.34184,1.19678,-0.650683,0.0511562,1.03766,0.36886,-0.687001,0.404055,0.0461411,0.94885,1.40488,-0.31728,-0.730454,0.344269,0.237525,-0.648163,1.09297,0.0742129,0.440529,-0.660178,1.0249,-1.09305,1.39343,-0.631795,-1.18072,0.0997322,-0.210432,-1.92571,1.08593,-0.715918,-0.0538886,0.0279266,0.725912,-1.18098,1.33088,0.602349,-0.497769,0.745076,-0.750694,1.00797,-0.276401,-0.61803,-0.21804,0.246514,0.239401,1.51069,-1.56943,-0.700941,3.18416,-1.50722,-0.507022,-0.708001,-0.628622,-0.47384,-0.778968,-0.982384,0.429162,-0.73651,-0.901182,-0.251091,0.381598,0.409505,-0.389061,0.48586,0.74258,1.04787,1.70219,0.251945,-1.04565,-0.469684,0.910093,0.517586,1.29587,0.99543,1.10306,1.4948,0.529063,-0.964625,-0.139292,1.73981,1.54719,0.983302,-0.165709,0.579043,0.51823,-0.351651,-1.11777,0.263467,-1.80298,-0.634857,-0.00729291,-547.184,-508.299,2761.5,815.011,520.894,-1882.04,-2005.36,-819.359,713.376,4167.89,684.524,-60.5022,-3825.74,-379.508,89.5438,-786.665,-2764.26,-1893.05,-1138.15,1330.48,3721.9,-4549.31,2287.66,267.703,-2638.59,-2872.07,3581.78,-691.08,1559.76,-2665.15,-3407.54,531.827,2745.55,-223.138,-3512.96,4957.76,-1430.38,-3610.6,1490.59,-2808.39,2647.86,134.514,1058.66,-2025.01,485.435,3088.29,-408.039,1755.96,-843.537,223.64,-979.537,157.066,-382.401,-1592.82,146.539,630.355,1663.4,390.568,-1767.98,-422.267,-1066.21,3073.98,426.967,1910.6,-1257.09,-400.344,-1141.72,499.265,-2604.22,-1076.11,-4120.46,-2216.12,-5824.17,-626.233,4606.2,242.817,3643.23,1542.24,2193.71,656.864,865.569,271.498,-601.193,3442.11,1343.81,-669.027,-589.169,-124.323,-568.395,1995.34,2199.27,3168.19,1360.03,-1589.59,215.181,-2315.43,-552.459,2949.46,968.289,-1405.52
-250354,0,1,0,1,1,250408,-0.384764,0.00591807,1.98251,0.65987,0.194549,-1.62464,-1.32884,-0.638008,0.776036,1.76188,-0.149657,0.116447,-1.54277,-0.0636614,0.2482,-1.00728,-1.59481,-1.01706,-0.127135,0.559175,1.40119,-1.61276,1.8305,-0.0898098,-1.26576,-1.76124,1.23195,-0.269686,1.22789,-1.59845,-1.56077,0.458786,1.996,-0.185011,-1.75004,1.38731,-0.797919,-1.56933,0.936032,-1.67351,1.35279,0.444837,1.42627,-1.3104,-0.0724454,0.89088,-0.393547,0.886616,0.0264761,-0.478673,-1.03596,0.226382,0.0675763,-1.26799,0.156639,-0.0321617,0.998724,0.212245,-0.63784,-0.775643,-0.788799,1.94885,1.21166,0.828242,-0.92643,-0.62419,-1.08532,0.0134659,-0.922084,-1.04397,-1.82062,-0.720654,-1.94471,-0.376988,1.76676,-0.594025,1.17955,0.313105,1.16384,0.0323358,0.112372,0.276904,0.173359,1.84303,0.871915,-1.30925,-0.819472,-0.271119,0.144731,1.18899,1.07535,1.68402,1.67163,-0.91779,-0.253471,-1.68299,-0.374937,1.42931,0.855572,-1.19532,2.10185,-0.373121,-0.176159,-0.241966,-0.978199,0.438026,-0.611669,-3.2874,1.53284,1.97617,1.39838,-0.642404,-0.36374,-1.42094,1.85936,-1.6267,-0.767418,-0.536219,-0.122068,-0.545158,1.76746,-0.422601,-1.61965,-0.0798949,0.681069,-0.0504669,-0.39999,0.327043,1.86318,-1.33068,0.73281,-1.78015,0.888511,-1.2208,-0.0188098,-0.966137,1.02983,0.236305,0.859425,-0.445232,1.08016,-0.290543,-0.266091,0.35201,-0.924014,-0.18597,-0.465773,0.666095,1.92435,0.329048,-0.882094,1.39306,-0.599711,-1.16226,0.564641,-1.25853,-0.0989931,0.205456,1.22706,-2.17519,0.850701,-0.887353,-0.351155,-0.273414,0.32041,-0.896291,0.131028,0.297169,0.491203,0.722533,0.742646,0.318235,-0.87422,-0.371164,0.911481,2.38632,-1.29357,-0.288134,0.418997,-0.645612,0.90664,1.44836,1.39718,0.992575,-0.21561,0.904641,-0.845602,0.135301,-0.978231,0.803333,1.05258,0.254728,-0.324566,-1.59822,-1.40618,-1.8262,-0.0833767,0.0553296,-0.495106,-0.0382494,-547.184,-508.299,2761.5,815.011,520.894,-1882.04,-2005.36,-819.359,713.376,4167.89,684.524,-60.5022,-3825.74,-379.508,89.5438,-786.665,-2764.26,-1893.05,-1138.15,1330.48,3721.9,-4549.31,2287.66,267.703,-2638.59,-2872.07,3581.78,-691.08,1559.76,-2665.15,-3407.54,531.827,2745.55,-223.138,-3512.96,4957.76,-1430.38,-3610.6,1490.59,-2808.39,2647.86,134.514,1058.66,-2025.01,485.435,3088.29,-408.039,1755.96,-843.537,223.64,-979.537,157.066,-382.401,-1592.82,146.539,630.355,1663.4,390.568,-1767.98,-422.267,-1066.21,3073.98,426.967,1910.6,-1257.09,-400.344,-1141.72,499.265,-2604.22,-1076.11,-4120.46,-2216.12,-5824.17,-626.233,4606.2,242.817,3643.23,1542.24,2193.71,656.864,865.569,271.498,-601.193,3442.11,1343.81,-669.027,-589.169,-124.323,-568.395,1995.34,2199.27,3168.19,1360.03,-1589.59,215.181,-2315.43,-552.459,2949.46,968.289,-1405.52
-250354,0,1,0,1,1,250402,-0.384764,0.00591807,1.98251,0.65987,0.194549,-1.62464,-1.32884,-0.638008,0.776036,1.76188,-0.149657,0.116447,-1.54277,-0.0636614,0.2482,-1.00728,-1.59481,-1.01706,-0.127135,0.559175,1.40119,-1.61276,1.8305,-0.0898098,-1.26576,-1.76124,1.23195,-0.269686,1.22789,-1.59845,-1.56077,0.458786,1.996,-0.185011,-1.75004,1.38731,-0.797919,-1.56933,0.936032,-1.67351,1.35279,0.444837,1.42627,-1.3104,-0.0724454,0.89088,-0.393547,0.886616,0.0264761,-0.478673,-1.03596,0.226382,0.0675763,-1.26799,0.156639,-0.0321617,0.998724,0.212245,-0.63784,-0.775643,-0.788799,1.94885,1.21166,0.828242,-0.92643,-0.62419,-1.08532,0.0134659,-0.922084,-1.04397,-1.82062,-0.720654,-1.94471,-0.376988,1.76676,-0.594025,1.17955,0.313105,1.16384,0.0323358,0.112372,0.276904,0.173359,1.84303,0.871915,-1.30925,-0.819472,-0.271119,0.144731,1.18899,1.07535,1.68402,1.67163,-0.91779,-0.253471,-1.68299,-0.374937,1.42931,0.855572,-1.19532,-0.22476,1.23481,1.30903,0.114459,1.38201,-0.89111,0.280719,0.849496,-0.177323,0.985938,0.741651,-0.426533,-0.381027,-1.34562,0.68545,-0.142996,0.539493,-0.0588426,0.463206,-0.34072,-0.882607,-1.23685,0.189855,-0.0865863,1.09241,1.4792,-0.899112,1.24028,-0.780043,0.936231,-0.398847,0.523901,0.297782,0.407138,-0.20374,-0.930278,0.18567,-1.60345,-1.63065,1.98401,-1.27902,-1.03361,-0.235064,-1.48468,-0.611767,0.7319,-0.674908,0.740029,0.954296,-2.03167,0.760944,-2.48194,-0.0341086,-1.81433,-0.134332,0.472697,0.0733201,0.0669263,-2.14018,-0.209895,-1.58925,-0.651753,0.79911,0.602273,-1.2434,-0.768298,-0.993819,-0.828761,0.0966284,0.807606,-0.851776,-0.106307,1.57645,-0.810321,-1.84305,-0.696511,-1.02427,1.02981,-1.16261,0.386913,0.339592,0.286837,0.0298903,-0.370264,-1.11702,0.986799,1.07214,-0.911219,1.48574,0.596688,1.28785,1.13543,0.515171,-0.528413,1.5727,-1.54127,-0.865338,-0.376354,-1.21979,-0.508909,-547.184,-508.299,2761.5,815.011,520.894,-1882.04,-2005.36,-819.359,713.376,4167.89,684.524,-60.5022,-3825.74,-379.508,89.5438,-786.665,-2764.26,-1893.05,-1138.15,1330.48,3721.9,-4549.31,2287.66,267.703,-2638.59,-2872.07,3581.78,-691.08,1559.76,-2665.15,-3407.54,531.827,2745.55,-223.138,-3512.96,4957.76,-1430.38,-3610.6,1490.59,-2808.39,2647.86,134.514,1058.66,-2025.01,485.435,3088.29,-408.039,1755.96,-843.537,223.64,-979.537,157.066,-382.401,-1592.82,146.539,630.355,1663.4,390.568,-1767.98,-422.267,-1066.21,3073.98,426.967,1910.6,-1257.09,-400.344,-1141.72,499.265,-2604.22,-1076.11,-4120.46,-2216.12,-5824.17,-626.233,4606.2,242.817,3643.23,1542.24,2193.71,656.864,865.569,271.498,-601.193,3442.11,1343.81,-669.027,-589.169,-124.323,-568.395,1995.34,2199.27,3168.19,1360.03,-1589.59,215.181,-2315.43,-552.459,2949.46,968.289,-1405.52
-250354,0,1,0,1,1,250412,-0.384764,0.00591807,1.98251,0.65987,0.194549,-1.62464,-1.32884,-0.638008,0.776036,1.76188,-0.149657,0.116447,-1.54277,-0.0636614,0.2482,-1.00728,-1.59481,-1.01706,-0.127135,0.559175,1.40119,-1.61276,1.8305,-0.0898098,-1.26576,-1.76124,1.23195,-0.269686,1.22789,-1.59845,-1.56077,0.458786,1.996,-0.185011,-1.75004,1.38731,-0.797919,-1.56933,0.936032,-1.67351,1.35279,0.444837,1.42627,-1.3104,-0.0724454,0.89088,-0.393547,0.886616,0.0264761,-0.478673,-1.03596,0.226382,0.0675763,-1.26799,0.156639,-0.0321617,0.998724,0.212245,-0.63784,-0.775643,-0.788799,1.94885,1.21166,0.828242,-0.92643,-0.62419,-1.08532,0.0134659,-0.922084,-1.04397,-1.82062,-0.720654,-1.94471,-0.376988,1.76676,-0.594025,1.17955,0.313105,1.16384,0.0323358,0.112372,0.276904,0.173359,1.84303,0.871915,-1.30925,-0.819472,-0.271119,0.144731,1.18899,1.07535,1.68402,1.67163,-0.91779,-0.253471,-1.68299,-0.374937,1.42931,0.855572,-1.19532,0.505106,1.16967,0.60227,-0.157471,-1.97572,-0.912715,0.434913,0.502644,-1.36895,0.905169,-2.0868,3.76639,0.31737,0.6909,-0.303564,0.948794,0.361856,-0.797307,-0.350522,-0.0522157,-0.425538,0.393939,-1.66714,0.140826,-2.90469,1.36873,-0.155486,1.72505,0.35138,0.130439,-0.809089,1.50816,0.500282,0.353263,0.344928,-0.361823,-1.88871,-2.29786,-0.448296,-0.0234792,-0.61306,1.69794e-05,-0.173981,1.40032,1.33034,0.49258,-0.85409,-0.666265,0.721321,0.130947,0.332728,-1.04392,-0.997803,1.3049,-0.178888,1.71693,0.49286,0.740574,0.892084,-1.90781,-1.39057,0.396541,-0.582379,-0.912106,-1.35731,-0.420946,0.141443,0.930982,0.891711,-1.38219,-0.930715,-0.806032,-0.311599,-1.43931,-0.762452,-1.25479,1.53143,-1.31986,-0.772983,-0.0468588,-0.508279,-0.577589,0.771926,-2.59731,-0.699278,-1.61764,-0.978515,-0.51766,1.53958,-0.535308,0.312401,0.273552,-0.351615,-0.363277,0.300494,0.443981,-0.706618,-0.942905,0.508783,-0.721366,-547.184,-508.299,2761.5,815.011,520.894,-1882.04,-2005.36,-819.359,713.376,4167.89,684.524,-60.5022,-3825.74,-379.508,89.5438,-786.665,-2764.26,-1893.05,-1138.15,1330.48,3721.9,-4549.31,2287.66,267.703,-2638.59,-2872.07,3581.78,-691.08,1559.76,-2665.15,-3407.54,531.827,2745.55,-223.138,-3512.96,4957.76,-1430.38,-3610.6,1490.59,-2808.39,2647.86,134.514,1058.66,-2025.01,485.435,3088.29,-408.039,1755.96,-843.537,223.64,-979.537,157.066,-382.401,-1592.82,146.539,630.355,1663.4,390.568,-1767.98,-422.267,-1066.21,3073.98,426.967,1910.6,-1257.09,-400.344,-1141.72,499.265,-2604.22,-1076.11,-4120.46,-2216.12,-5824.17,-626.233,4606.2,242.817,3643.23,1542.24,2193.71,656.864,865.569,271.498,-601.193,3442.11,1343.81,-669.027,-589.169,-124.323,-568.395,1995.34,2199.27,3168.19,1360.03,-1589.59,215.181,-2315.43,-552.459,2949.46,968.289,-1405.52
-250354,0,1,0,1,1,250410,-0.384764,0.00591807,1.98251,0.65987,0.194549,-1.62464,-1.32884,-0.638008,0.776036,1.76188,-0.149657,0.116447,-1.54277,-0.0636614,0.2482,-1.00728,-1.59481,-1.01706,-0.127135,0.559175,1.40119,-1.61276,1.8305,-0.0898098,-1.26576,-1.76124,1.23195,-0.269686,1.22789,-1.59845,-1.56077,0.458786,1.996,-0.185011,-1.75004,1.38731,-0.797919,-1.56933,0.936032,-1.67351,1.35279,0.444837,1.42627,-1.3104,-0.0724454,0.89088,-0.393547,0.886616,0.0264761,-0.478673,-1.03596,0.226382,0.0675763,-1.26799,0.156639,-0.0321617,0.998724,0.212245,-0.63784,-0.775643,-0.788799,1.94885,1.21166,0.828242,-0.92643,-0.62419,-1.08532,0.0134659,-0.922084,-1.04397,-1.82062,-0.720654,-1.94471,-0.376988,1.76676,-0.594025,1.17955,0.313105,1.16384,0.0323358,0.112372,0.276904,0.173359,1.84303,0.871915,-1.30925,-0.819472,-0.271119,0.144731,1.18899,1.07535,1.68402,1.67163,-0.91779,-0.253471,-1.68299,-0.374937,1.42931,0.855572,-1.19532,1.57731,-1.08904,-0.516288,-0.787454,1.26159,0.844178,-0.663417,0.52518,0.22319,0.510013,-1.46958,1.91066,0.102183,-0.619127,-0.274567,0.245878,-0.949446,-0.0104741,-0.768602,0.286637,-0.256205,-0.509847,0.87633,-0.149101,-0.955261,1.15343,-1.80734,0.608761,-1.19104,2.69801,1.38401,1.29419,1.86991,0.0948309,2.10861,-0.66711,1.56972,0.574479,-0.423429,0.783264,0.695262,-0.901035,1.1589,3.06228,-1.19752,0.0436244,0.739757,-0.23432,-0.689101,0.163449,0.134029,0.0214958,-0.421689,0.0946404,0.121028,0.570182,0.757428,-1.09151,-0.567328,0.0938261,2.29407,-0.986745,1.1002,0.307004,-0.760934,-1.27442,0.101486,1.2214,-0.573268,0.175275,0.0670843,0.171341,2.4753,0.136696,-0.879584,0.0574403,-0.482567,0.229636,-1.35844,-0.848731,-0.421154,0.0064189,1.78742,-1.47461,1.832,-0.947851,1.71954,-2.16069,1.4273,0.613515,-1.18164,-0.0316414,-1.26147,0.0530495,0.484654,-0.0932502,-0.633858,1.37177,-0.0898965,0.253249,-547.184,-508.299,2761.5,815.011,520.894,-1882.04,-2005.36,-819.359,713.376,4167.89,684.524,-60.5022,-3825.74,-379.508,89.5438,-786.665,-2764.26,-1893.05,-1138.15,1330.48,3721.9,-4549.31,2287.66,267.703,-2638.59,-2872.07,3581.78,-691.08,1559.76,-2665.15,-3407.54,531.827,2745.55,-223.138,-3512.96,4957.76,-1430.38,-3610.6,1490.59,-2808.39,2647.86,134.514,1058.66,-2025.01,485.435,3088.29,-408.039,1755.96,-843.537,223.64,-979.537,157.066,-382.401,-1592.82,146.539,630.355,1663.4,390.568,-1767.98,-422.267,-1066.21,3073.98,426.967,1910.6,-1257.09,-400.344,-1141.72,499.265,-2604.22,-1076.11,-4120.46,-2216.12,-5824.17,-626.233,4606.2,242.817,3643.23,1542.24,2193.71,656.864,865.569,271.498,-601.193,3442.11,1343.81,-669.027,-589.169,-124.323,-568.395,1995.34,2199.27,3168.19,1360.03,-1589.59,215.181,-2315.43,-552.459,2949.46,968.289,-1405.52
-250354,0,1,0,1,1,250408,-0.384764,0.00591807,1.98251,0.65987,0.194549,-1.62464,-1.32884,-0.638008,0.776036,1.76188,-0.149657,0.116447,-1.54277,-0.0636614,0.2482,-1.00728,-1.59481,-1.01706,-0.127135,0.559175,1.40119,-1.61276,1.8305,-0.0898098,-1.26576,-1.76124,1.23195,-0.269686,1.22789,-1.59845,-1.56077,0.458786,1.996,-0.185011,-1.75004,1.38731,-0.797919,-1.56933,0.936032,-1.67351,1.35279,0.444837,1.42627,-1.3104,-0.0724454,0.89088,-0.393547,0.886616,0.0264761,-0.478673,-1.03596,0.226382,0.0675763,-1.26799,0.156639,-0.0321617,0.998724,0.212245,-0.63784,-0.775643,-0.788799,1.94885,1.21166,0.828242,-0.92643,-0.62419,-1.08532,0.0134659,-0.922084,-1.04397,-1.82062,-0.720654,-1.94471,-0.376988,1.76676,-0.594025,1.17955,0.313105,1.16384,0.0323358,0.112372,0.276904,0.173359,1.84303,0.871915,-1.30925,-0.819472,-0.271119,0.144731,1.18899,1.07535,1.68402,1.67163,-0.91779,-0.253471,-1.68299,-0.374937,1.42931,0.855572,-1.19532,0.63322,0.537566,-0.187607,-0.629149,1.83794,2.38493,-0.257629,-0.368636,-0.308343,-1.81236,1.20534,-1.38036,0.375483,-1.78011,1.49302,-1.54853,0.167434,0.704344,-2.87416,-0.489891,-0.170889,0.0307323,-2.02601,1.70378,-0.251601,-0.267302,-1.17101,0.0757713,0.720374,0.485855,0.500674,-1.11501,-0.371077,-0.189844,-0.371707,0.287612,0.0690639,-0.762246,1.4953,-0.503065,-0.982826,-1.58085,1.27272,1.91215,-0.215936,-1.86388,-0.151309,-0.0644301,0.499113,0.483916,1.1612,0.533256,-0.449678,1.57605,0.111653,-0.226417,1.02102,-0.850431,-1.48978,0.347128,1.3793,-0.0021384,-0.762193,-0.740617,1.35537,1.33962,1.16153,0.0629116,-0.25168,-0.632467,-0.934686,0.20275,0.646231,-0.0273377,-1.93492,-0.312709,0.0618358,1.02612,0.494616,-0.922231,-0.0469588,-1.3379,0.175796,1.02729,-0.0782866,2.4536,0.427908,0.964385,-1.45442,-0.512938,0.0888392,0.467909,-0.541951,-0.99691,-1.04291,0.992659,0.7875,0.882562,2.06325,-0.782857,-547.184,-508.299,2761.5,815.011,520.894,-1882.04,-2005.36,-819.359,713.376,4167.89,684.524,-60.5022,-3825.74,-379.508,89.5438,-786.665,-2764.26,-1893.05,-1138.15,1330.48,3721.9,-4549.31,2287.66,267.703,-2638.59,-2872.07,3581.78,-691.08,1559.76,-2665.15,-3407.54,531.827,2745.55,-223.138,-3512.96,4957.76,-1430.38,-3610.6,1490.59,-2808.39,2647.86,134.514,1058.66,-2025.01,485.435,3088.29,-408.039,1755.96,-843.537,223.64,-979.537,157.066,-382.401,-1592.82,146.539,630.355,1663.4,390.568,-1767.98,-422.267,-1066.21,3073.98,426.967,1910.6,-1257.09,-400.344,-1141.72,499.265,-2604.22,-1076.11,-4120.46,-2216.12,-5824.17,-626.233,4606.2,242.817,3643.23,1542.24,2193.71,656.864,865.569,271.498,-601.193,3442.11,1343.81,-669.027,-589.169,-124.323,-568.395,1995.34,2199.27,3168.19,1360.03,-1589.59,215.181,-2315.43,-552.459,2949.46,968.289,-1405.52
-250354,0,1,0,1,1,250399,-0.384764,0.00591807,1.98251,0.65987,0.194549,-1.62464,-1.32884,-0.638008,0.776036,1.76188,-0.149657,0.116447,-1.54277,-0.0636614,0.2482,-1.00728,-1.59481,-1.01706,-0.127135,0.559175,1.40119,-1.61276,1.8305,-0.0898098,-1.26576,-1.76124,1.23195,-0.269686,1.22789,-1.59845,-1.56077,0.458786,1.996,-0.185011,-1.75004,1.38731,-0.797919,-1.56933,0.936032,-1.67351,1.35279,0.444837,1.42627,-1.3104,-0.0724454,0.89088,-0.393547,0.886616,0.0264761,-0.478673,-1.03596,0.226382,0.0675763,-1.26799,0.156639,-0.0321617,0.998724,0.212245,-0.63784,-0.775643,-0.788799,1.94885,1.21166,0.828242,-0.92643,-0.62419,-1.08532,0.0134659,-0.922084,-1.04397,-1.82062,-0.720654,-1.94471,-0.376988,1.76676,-0.594025,1.17955,0.313105,1.16384,0.0323358,0.112372,0.276904,0.173359,1.84303,0.871915,-1.30925,-0.819472,-0.271119,0.144731,1.18899,1.07535,1.68402,1.67163,-0.91779,-0.253471,-1.68299,-0.374937,1.42931,0.855572,-1.19532,1.7333,0.877326,-0.182088,-0.417556,-0.266985,0.443153,-0.30009,0.941661,-0.799874,-1.00994,-0.978029,0.947731,0.818929,-0.401754,0.029458,-0.508759,0.503457,-0.3499,0.619727,-0.258111,-0.973074,0.402921,-0.987845,1.07026,0.340014,1.21057,-0.525636,0.743851,1.08647,-1.18605,-1.86759,-1.87288,-0.169666,-0.344293,0.0319033,0.00355391,-0.26749,-1.5899,0.771022,-0.324701,-0.0915615,0.186782,-0.470069,0.741081,-0.180219,-0.689373,-0.571152,0.220491,1.90972,-0.0709158,-1.94993,-0.189745,-0.757029,-1.37157,-0.977688,0.333378,-0.428259,-0.213427,-0.143574,0.290178,-1.65288,2.66162,3.09612,2.69183,0.246772,0.107563,0.325214,-0.374037,0.305614,0.635371,-0.383224,1.06264,1.08706,-0.734632,0.264577,-0.441934,0.454707,-0.316763,-0.542798,-0.344731,0.587619,0.868612,-1.05342,0.402766,0.63185,0.858965,-1.49634,0.870372,0.505669,0.778048,0.782392,1.23944,-0.0287057,0.489154,0.187847,-1.2117,-1.12633,-0.916366,-1.22086,-1.34997,-547.184,-508.299,2761.5,815.011,520.894,-1882.04,-2005.36,-819.359,713.376,4167.89,684.524,-60.5022,-3825.74,-379.508,89.5438,-786.665,-2764.26,-1893.05,-1138.15,1330.48,3721.9,-4549.31,2287.66,267.703,-2638.59,-2872.07,3581.78,-691.08,1559.76,-2665.15,-3407.54,531.827,2745.55,-223.138,-3512.96,4957.76,-1430.38,-3610.6,1490.59,-2808.39,2647.86,134.514,1058.66,-2025.01,485.435,3088.29,-408.039,1755.96,-843.537,223.64,-979.537,157.066,-382.401,-1592.82,146.539,630.355,1663.4,390.568,-1767.98,-422.267,-1066.21,3073.98,426.967,1910.6,-1257.09,-400.344,-1141.72,499.265,-2604.22,-1076.11,-4120.46,-2216.12,-5824.17,-626.233,4606.2,242.817,3643.23,1542.24,2193.71,656.864,865.569,271.498,-601.193,3442.11,1343.81,-669.027,-589.169,-124.323,-568.395,1995.34,2199.27,3168.19,1360.03,-1589.59,215.181,-2315.43,-552.459,2949.46,968.289,-1405.52
-250354,0,1,0,1,1,250399,-0.384764,0.00591807,1.98251,0.65987,0.194549,-1.62464,-1.32884,-0.638008,0.776036,1.76188,-0.149657,0.116447,-1.54277,-0.0636614,0.2482,-1.00728,-1.59481,-1.01706,-0.127135,0.559175,1.40119,-1.61276,1.8305,-0.0898098,-1.26576,-1.76124,1.23195,-0.269686,1.22789,-1.59845,-1.56077,0.458786,1.996,-0.185011,-1.75004,1.38731,-0.797919,-1.56933,0.936032,-1.67351,1.35279,0.444837,1.42627,-1.3104,-0.0724454,0.89088,-0.393547,0.886616,0.0264761,-0.478673,-1.03596,0.226382,0.0675763,-1.26799,0.156639,-0.0321617,0.998724,0.212245,-0.63784,-0.775643,-0.788799,1.94885,1.21166,0.828242,-0.92643,-0.62419,-1.08532,0.0134659,-0.922084,-1.04397,-1.82062,-0.720654,-1.94471,-0.376988,1.76676,-0.594025,1.17955,0.313105,1.16384,0.0323358,0.112372,0.276904,0.173359,1.84303,0.871915,-1.30925,-0.819472,-0.271119,0.144731,1.18899,1.07535,1.68402,1.67163,-0.91779,-0.253471,-1.68299,-0.374937,1.42931,0.855572,-1.19532,-0.225768,-0.494924,-0.86809,-0.0166109,-0.573187,-0.236843,0.267891,-0.231217,-1.55042,1.12747,-0.983337,-0.295136,0.49622,-0.83543,-0.54528,-0.294002,-0.451622,-1.33699,-1.76295,0.140317,0.42768,-0.904474,1.45209,0.353958,-0.552196,1.54239,-0.701789,-0.218878,1.79953,0.567139,1.63831,1.25807,-1.48623,0.0773792,1.1123,-0.27217,-0.210288,-0.636582,-0.384662,0.333426,-0.497986,-0.312038,-0.0350606,-1.85464,-0.0945459,-0.49022,-1.8775,0.701664,0.367391,-0.0555034,1.27931,-1.43579,0.931942,-0.203859,0.095461,0.603761,-0.125886,0.44074,-0.862829,-0.433437,-1.03511,0.245873,-0.285535,0.398847,0.90235,-0.919144,0.953692,0.117405,0.98595,-1.45329,-0.290385,0.0395539,1.33594,0.94216,-0.639635,-1.15705,-0.735235,1.51261,1.15114,0.993471,0.943979,0.812435,0.702471,1.23942,-0.362603,-0.536418,-2.64877,-0.209452,1.55382,1.0975,-1.37199,1.33287,-1.01803,-0.907447,0.276672,0.982374,-0.191357,1.27516,-0.125929,2.11216,-547.184,-508.299,2761.5,815.011,520.894,-1882.04,-2005.36,-819.359,713.376,4167.89,684.524,-60.5022,-3825.74,-379.508,89.5438,-786.665,-2764.26,-1893.05,-1138.15,1330.48,3721.9,-4549.31,2287.66,267.703,-2638.59,-2872.07,3581.78,-691.08,1559.76,-2665.15,-3407.54,531.827,2745.55,-223.138,-3512.96,4957.76,-1430.38,-3610.6,1490.59,-2808.39,2647.86,134.514,1058.66,-2025.01,485.435,3088.29,-408.039,1755.96,-843.537,223.64,-979.537,157.066,-382.401,-1592.82,146.539,630.355,1663.4,390.568,-1767.98,-422.267,-1066.21,3073.98,426.967,1910.6,-1257.09,-400.344,-1141.72,499.265,-2604.22,-1076.11,-4120.46,-2216.12,-5824.17,-626.233,4606.2,242.817,3643.23,1542.24,2193.71,656.864,865.569,271.498,-601.193,3442.11,1343.81,-669.027,-589.169,-124.323,-568.395,1995.34,2199.27,3168.19,1360.03,-1589.59,215.181,-2315.43,-552.459,2949.46,968.289,-1405.52
-250354,0,1,0,1,1,250394,-0.384764,0.00591807,1.98251,0.65987,0.194549,-1.62464,-1.32884,-0.638008,0.776036,1.76188,-0.149657,0.116447,-1.54277,-0.0636614,0.2482,-1.00728,-1.59481,-1.01706,-0.127135,0.559175,1.40119,-1.61276,1.8305,-0.0898098,-1.26576,-1.76124,1.23195,-0.269686,1.22789,-1.59845,-1.56077,0.458786,1.996,-0.185011,-1.75004,1.38731,-0.797919,-1.56933,0.936032,-1.67351,1.35279,0.444837,1.42627,-1.3104,-0.0724454,0.89088,-0.393547,0.886616,0.0264761,-0.478673,-1.03596,0.226382,0.0675763,-1.26799,0.156639,-0.0321617,0.998724,0.212245,-0.63784,-0.775643,-0.788799,1.94885,1.21166,0.828242,-0.92643,-0.62419,-1.08532,0.0134659,-0.922084,-1.04397,-1.82062,-0.720654,-1.94471,-0.376988,1.76676,-0.594025,1.17955,0.313105,1.16384,0.0323358,0.112372,0.276904,0.173359,1.84303,0.871915,-1.30925,-0.819472,-0.271119,0.144731,1.18899,1.07535,1.68402,1.67163,-0.91779,-0.253471,-1.68299,-0.374937,1.42931,0.855572,-1.19532,-0.925235,0.199827,-0.443178,-1.04073,-0.652089,-0.433615,-1.84215,1.21093,-5.56628e-05,1.25023,0.125883,0.420648,-0.889275,-0.19767,-0.516208,-0.691776,-0.498018,-0.787868,-0.197413,0.122561,-3.26252,1.42337,-1.12789,-0.949621,0.83321,-0.394904,-1.13459,0.192687,0.183372,-0.171967,-0.26999,-0.00383198,-0.790359,1.46038,-1.2738,1.46258,1.77149,0.43452,0.557647,1.04345,-1.34675,-0.656094,-0.797332,-1.24909,-0.773084,0.676974,-0.265088,-0.383188,1.19255,1.27347,0.842945,0.78805,-1.28756,-0.955901,0.409531,0.0638668,0.309248,2.3724,-1.33042,0.135073,0.32989,0.209149,-0.972446,0.189645,0.724409,-0.380641,-1.55405,0.0181032,-0.781448,-1.13414,0.0967364,-0.784405,0.557671,0.462945,-0.0603569,0.6543,-0.142496,-0.654713,0.66696,0.870869,1.13893,0.775825,-0.017897,-0.702156,-1.07558,0.253385,0.211324,-1.21416,-1.20181,-0.0170708,0.700306,-0.561173,0.16064,-0.850032,0.641146,0.0723778,-1.25132,-0.66235,0.00139741,0.0527047,-547.184,-508.299,2761.5,815.011,520.894,-1882.04,-2005.36,-819.359,713.376,4167.89,684.524,-60.5022,-3825.74,-379.508,89.5438,-786.665,-2764.26,-1893.05,-1138.15,1330.48,3721.9,-4549.31,2287.66,267.703,-2638.59,-2872.07,3581.78,-691.08,1559.76,-2665.15,-3407.54,531.827,2745.55,-223.138,-3512.96,4957.76,-1430.38,-3610.6,1490.59,-2808.39,2647.86,134.514,1058.66,-2025.01,485.435,3088.29,-408.039,1755.96,-843.537,223.64,-979.537,157.066,-382.401,-1592.82,146.539,630.355,1663.4,390.568,-1767.98,-422.267,-1066.21,3073.98,426.967,1910.6,-1257.09,-400.344,-1141.72,499.265,-2604.22,-1076.11,-4120.46,-2216.12,-5824.17,-626.233,4606.2,242.817,3643.23,1542.24,2193.71,656.864,865.569,271.498,-601.193,3442.11,1343.81,-669.027,-589.169,-124.323,-568.395,1995.34,2199.27,3168.19,1360.03,-1589.59,215.181,-2315.43,-552.459,2949.46,968.289,-1405.52
-250354,0,1,0,1,1,250401,-0.384764,0.00591807,1.98251,0.65987,0.194549,-1.62464,-1.32884,-0.638008,0.776036,1.76188,-0.149657,0.116447,-1.54277,-0.0636614,0.2482,-1.00728,-1.59481,-1.01706,-0.127135,0.559175,1.40119,-1.61276,1.8305,-0.0898098,-1.26576,-1.76124,1.23195,-0.269686,1.22789,-1.59845,-1.56077,0.458786,1.996,-0.185011,-1.75004,1.38731,-0.797919,-1.56933,0.936032,-1.67351,1.35279,0.444837,1.42627,-1.3104,-0.0724454,0.89088,-0.393547,0.886616,0.0264761,-0.478673,-1.03596,0.226382,0.0675763,-1.26799,0.156639,-0.0321617,0.998724,0.212245,-0.63784,-0.775643,-0.788799,1.94885,1.21166,0.828242,-0.92643,-0.62419,-1.08532,0.0134659,-0.922084,-1.04397,-1.82062,-0.720654,-1.94471,-0.376988,1.76676,-0.594025,1.17955,0.313105,1.16384,0.0323358,0.112372,0.276904,0.173359,1.84303,0.871915,-1.30925,-0.819472,-0.271119,0.144731,1.18899,1.07535,1.68402,1.67163,-0.91779,-0.253471,-1.68299,-0.374937,1.42931,0.855572,-1.19532,1.50803,1.01977,-1.00037,-0.341295,0.79388,-0.825885,-0.613545,1.40724,-0.11756,0.223831,-0.154293,-1.63325,0.756751,-0.278753,-1.02593,-0.843492,-0.850967,0.0501515,-0.0562069,-0.8263,0.90828,0.492369,-1.91292,-0.920784,0.121913,0.702487,-0.0162122,0.441437,1.25084,0.29416,0.528776,-0.629461,-0.820821,0.555418,-0.0813197,0.484174,-0.799562,-0.115689,1.94354,0.557723,0.398565,2.16041,-0.223106,-0.0168719,1.73991,-0.110591,0.0705671,0.10999,-0.246654,0.805634,0.527568,0.288184,1.72793,-1.58455,-0.146738,-1.45496,-1.25011,-0.289267,1.10076,-0.00601832,2.81075,0.143219,1.35586,0.485465,0.521711,0.650498,-0.400039,-0.845741,0.296171,-0.731524,-0.120709,0.378083,0.391283,2.55362,0.979999,0.769833,0.648776,0.283246,-0.00719345,-0.149771,0.74838,1.03069,-0.0727549,1.74039,0.0328599,0.804658,-0.201744,0.598434,0.201002,0.84242,-0.195501,1.53076,-1.26229,-1.09884,-3.16531,-0.837502,-0.649394,-0.200351,-0.44305,-0.135764,-547.184,-508.299,2761.5,815.011,520.894,-1882.04,-2005.36,-819.359,713.376,4167.89,684.524,-60.5022,-3825.74,-379.508,89.5438,-786.665,-2764.26,-1893.05,-1138.15,1330.48,3721.9,-4549.31,2287.66,267.703,-2638.59,-2872.07,3581.78,-691.08,1559.76,-2665.15,-3407.54,531.827,2745.55,-223.138,-3512.96,4957.76,-1430.38,-3610.6,1490.59,-2808.39,2647.86,134.514,1058.66,-2025.01,485.435,3088.29,-408.039,1755.96,-843.537,223.64,-979.537,157.066,-382.401,-1592.82,146.539,630.355,1663.4,390.568,-1767.98,-422.267,-1066.21,3073.98,426.967,1910.6,-1257.09,-400.344,-1141.72,499.265,-2604.22,-1076.11,-4120.46,-2216.12,-5824.17,-626.233,4606.2,242.817,3643.23,1542.24,2193.71,656.864,865.569,271.498,-601.193,3442.11,1343.81,-669.027,-589.169,-124.323,-568.395,1995.34,2199.27,3168.19,1360.03,-1589.59,215.181,-2315.43,-552.459,2949.46,968.289,-1405.52
-250354,0,1,0,1,1,250399,-0.384764,0.00591807,1.98251,0.65987,0.194549,-1.62464,-1.32884,-0.638008,0.776036,1.76188,-0.149657,0.116447,-1.54277,-0.0636614,0.2482,-1.00728,-1.59481,-1.01706,-0.127135,0.559175,1.40119,-1.61276,1.8305,-0.0898098,-1.26576,-1.76124,1.23195,-0.269686,1.22789,-1.59845,-1.56077,0.458786,1.996,-0.185011,-1.75004,1.38731,-0.797919,-1.56933,0.936032,-1.67351,1.35279,0.444837,1.42627,-1.3104,-0.0724454,0.89088,-0.393547,0.886616,0.0264761,-0.478673,-1.03596,0.226382,0.0675763,-1.26799,0.156639,-0.0321617,0.998724,0.212245,-0.63784,-0.775643,-0.788799,1.94885,1.21166,0.828242,-0.92643,-0.62419,-1.08532,0.0134659,-0.922084,-1.04397,-1.82062,-0.720654,-1.94471,-0.376988,1.76676,-0.594025,1.17955,0.313105,1.16384,0.0323358,0.112372,0.276904,0.173359,1.84303,0.871915,-1.30925,-0.819472,-0.271119,0.144731,1.18899,1.07535,1.68402,1.67163,-0.91779,-0.253471,-1.68299,-0.374937,1.42931,0.855572,-1.19532,0.338251,1.07389,0.974477,-0.446464,-0.079621,0.595158,0.138329,0.564368,1.46326,-0.110672,-0.105184,-0.35455,-0.962324,-0.64187,-0.441024,0.0396771,-0.11679,2.44278,-0.541416,-1.84596,0.519562,0.109283,-1.06095,-1.37582,1.49332,1.76222,0.375378,-0.43681,-1.23636,-0.8034,1.4054,-0.445061,-1.37156,1.94753,-1.3474,-0.0142593,0.42741,-0.922218,-1.18134,-0.50042,-0.20093,0.35535,-1.48586,1.2047,-0.52333,0.593549,0.714473,0.9631,0.978139,-1.8927,-1.58996,0.168532,0.538044,-1.02599,0.394754,0.852993,-0.327668,-0.742819,0.792597,0.930372,-1.05618,-0.549626,-0.682055,-0.642132,-0.188278,-0.155678,0.459369,0.645351,-0.242553,0.336666,-0.257293,-2.4397,0.275129,1.40198,0.708487,-1.92028,0.182499,-1.78629,-1.57892,0.0670143,1.40716,0.000523616,0.851676,0.19529,0.0705548,1.19839,-0.770625,0.675098,1.10353,1.15408,-0.341229,-0.180453,-0.973533,0.719443,0.432223,0.354704,-0.415209,0.658902,0.326092,-1.30727,-547.184,-508.299,2761.5,815.011,520.894,-1882.04,-2005.36,-819.359,713.376,4167.89,684.524,-60.5022,-3825.74,-379.508,89.5438,-786.665,-2764.26,-1893.05,-1138.15,1330.48,3721.9,-4549.31,2287.66,267.703,-2638.59,-2872.07,3581.78,-691.08,1559.76,-2665.15,-3407.54,531.827,2745.55,-223.138,-3512.96,4957.76,-1430.38,-3610.6,1490.59,-2808.39,2647.86,134.514,1058.66,-2025.01,485.435,3088.29,-408.039,1755.96,-843.537,223.64,-979.537,157.066,-382.401,-1592.82,146.539,630.355,1663.4,390.568,-1767.98,-422.267,-1066.21,3073.98,426.967,1910.6,-1257.09,-400.344,-1141.72,499.265,-2604.22,-1076.11,-4120.46,-2216.12,-5824.17,-626.233,4606.2,242.817,3643.23,1542.24,2193.71,656.864,865.569,271.498,-601.193,3442.11,1343.81,-669.027,-589.169,-124.323,-568.395,1995.34,2199.27,3168.19,1360.03,-1589.59,215.181,-2315.43,-552.459,2949.46,968.289,-1405.52
-250354,0,1,0,1,1,250414,-0.384764,0.00591807,1.98251,0.65987,0.194549,-1.62464,-1.32884,-0.638008,0.776036,1.76188,-0.149657,0.116447,-1.54277,-0.0636614,0.2482,-1.00728,-1.59481,-1.01706,-0.127135,0.559175,1.40119,-1.61276,1.8305,-0.0898098,-1.26576,-1.76124,1.23195,-0.269686,1.22789,-1.59845,-1.56077,0.458786,1.996,-0.185011,-1.75004,1.38731,-0.797919,-1.56933,0.936032,-1.67351,1.35279,0.444837,1.42627,-1.3104,-0.0724454,0.89088,-0.393547,0.886616,0.0264761,-0.478673,-1.03596,0.226382,0.0675763,-1.26799,0.156639,-0.0321617,0.998724,0.212245,-0.63784,-0.775643,-0.788799,1.94885,1.21166,0.828242,-0.92643,-0.62419,-1.08532,0.0134659,-0.922084,-1.04397,-1.82062,-0.720654,-1.94471,-0.376988,1.76676,-0.594025,1.17955,0.313105,1.16384,0.0323358,0.112372,0.276904,0.173359,1.84303,0.871915,-1.30925,-0.819472,-0.271119,0.144731,1.18899,1.07535,1.68402,1.67163,-0.91779,-0.253471,-1.68299,-0.374937,1.42931,0.855572,-1.19532,-0.277604,0.0180833,-0.0772805,0.879732,1.09581,-0.0573625,0.923507,1.6028,-2.36594,-0.689835,-0.991803,-1.3512,-0.262031,1.18195,-0.658134,1.29917,-0.101251,-0.541332,-1.24626,-0.658275,0.943019,-3.15627,0.0446298,0.27306,0.145071,0.563631,-0.321149,0.94169,1.78326,0.405402,-0.341541,0.826194,0.456001,-0.0387996,-1.49451,-0.98923,0.419927,-1.51938,0.463102,1.11919,0.464298,0.529809,-1.44089,0.689531,-0.691267,1.25972,-2.32286,0.0957037,-1.07608,-0.485369,0.115165,1.38994,1.48112,-1.03243,-1.76413,1.79219,-0.190615,0.163331,0.347814,-0.914801,-0.778555,-0.357769,0.297405,-0.582463,-0.155499,1.35893,-0.477394,-0.0563503,0.797034,-1.95231,0.694604,1.33345,-0.00678312,-0.286298,-0.361045,0.0964555,1.63187,0.272949,-0.742102,-1.31259,-0.204336,-0.563358,-1.14459,-0.315298,-0.155356,-3.37678,-0.63842,-1.15422,1.72043,-0.0110152,-0.728329,-0.173467,1.38475,-1.70359,-2.36135,-1.8892,-1.60393,-0.193126,-0.604956,-0.863712,-547.184,-508.299,2761.5,815.011,520.894,-1882.04,-2005.36,-819.359,713.376,4167.89,684.524,-60.5022,-3825.74,-379.508,89.5438,-786.665,-2764.26,-1893.05,-1138.15,1330.48,3721.9,-4549.31,2287.66,267.703,-2638.59,-2872.07,3581.78,-691.08,1559.76,-2665.15,-3407.54,531.827,2745.55,-223.138,-3512.96,4957.76,-1430.38,-3610.6,1490.59,-2808.39,2647.86,134.514,1058.66,-2025.01,485.435,3088.29,-408.039,1755.96,-843.537,223.64,-979.537,157.066,-382.401,-1592.82,146.539,630.355,1663.4,390.568,-1767.98,-422.267,-1066.21,3073.98,426.967,1910.6,-1257.09,-400.344,-1141.72,499.265,-2604.22,-1076.11,-4120.46,-2216.12,-5824.17,-626.233,4606.2,242.817,3643.23,1542.24,2193.71,656.864,865.569,271.498,-601.193,3442.11,1343.81,-669.027,-589.169,-124.323,-568.395,1995.34,2199.27,3168.19,1360.03,-1589.59,215.181,-2315.43,-552.459,2949.46,968.289,-1405.52
-250354,0,1,0,1,1,250399,-0.384764,0.00591807,1.98251,0.65987,0.194549,-1.62464,-1.32884,-0.638008,0.776036,1.76188,-0.149657,0.116447,-1.54277,-0.0636614,0.2482,-1.00728,-1.59481,-1.01706,-0.127135,0.559175,1.40119,-1.61276,1.8305,-0.0898098,-1.26576,-1.76124,1.23195,-0.269686,1.22789,-1.59845,-1.56077,0.458786,1.996,-0.185011,-1.75004,1.38731,-0.797919,-1.56933,0.936032,-1.67351,1.35279,0.444837,1.42627,-1.3104,-0.0724454,0.89088,-0.393547,0.886616,0.0264761,-0.478673,-1.03596,0.226382,0.0675763,-1.26799,0.156639,-0.0321617,0.998724,0.212245,-0.63784,-0.775643,-0.788799,1.94885,1.21166,0.828242,-0.92643,-0.62419,-1.08532,0.0134659,-0.922084,-1.04397,-1.82062,-0.720654,-1.94471,-0.376988,1.76676,-0.594025,1.17955,0.313105,1.16384,0.0323358,0.112372,0.276904,0.173359,1.84303,0.871915,-1.30925,-0.819472,-0.271119,0.144731,1.18899,1.07535,1.68402,1.67163,-0.91779,-0.253471,-1.68299,-0.374937,1.42931,0.855572,-1.19532,-0.644373,0.312036,-0.652713,-1.10039,-0.320494,1.43713,1.67538,0.670058,0.346877,0.929126,-0.865329,-0.556507,0.876577,0.470009,0.667718,1.24401,-0.0396648,-1.70501,1.83773,-2.60261,0.327249,-0.329802,-0.682757,1.11196,0.228839,0.334966,-1.29101,-0.0404877,-0.256296,-0.921918,0.847608,-1.14299,1.43645,0.412826,-0.9821,-1.34106,-1.07885,2.19947,0.110461,-0.559774,0.83447,1.50056,0.368086,-0.134099,-2.02715,-0.172208,-0.582927,-0.568599,-0.783229,0.0785274,-0.178446,0.960381,-0.860147,-0.087675,1.02933,0.707743,0.552035,-1.33227,1.42426,-1.08494,0.715671,-0.428717,1.05885,0.162525,-0.274727,0.0494745,-1.009,-0.458007,-0.62357,-0.494114,-0.825268,0.400707,0.38104,-0.335873,0.30608,-0.171368,-1.18094,-0.700789,1.16396,0.278895,-0.436573,-1.02751,1.38265,0.325891,2.13123,-1.66849,-0.41837,0.806861,1.08785,-0.188755,-0.422263,-0.974647,0.146324,1.07553,-1.67799,-0.00702859,-0.74859,-1.06591,1.15138,-0.0898437,-547.184,-508.299,2761.5,815.011,520.894,-1882.04,-2005.36,-819.359,713.376,4167.89,684.524,-60.5022,-3825.74,-379.508,89.5438,-786.665,-2764.26,-1893.05,-1138.15,1330.48,3721.9,-4549.31,2287.66,267.703,-2638.59,-2872.07,3581.78,-691.08,1559.76,-2665.15,-3407.54,531.827,2745.55,-223.138,-3512.96,4957.76,-1430.38,-3610.6,1490.59,-2808.39,2647.86,134.514,1058.66,-2025.01,485.435,3088.29,-408.039,1755.96,-843.537,223.64,-979.537,157.066,-382.401,-1592.82,146.539,630.355,1663.4,390.568,-1767.98,-422.267,-1066.21,3073.98,426.967,1910.6,-1257.09,-400.344,-1141.72,499.265,-2604.22,-1076.11,-4120.46,-2216.12,-5824.17,-626.233,4606.2,242.817,3643.23,1542.24,2193.71,656.864,865.569,271.498,-601.193,3442.11,1343.81,-669.027,-589.169,-124.323,-568.395,1995.34,2199.27,3168.19,1360.03,-1589.59,215.181,-2315.43,-552.459,2949.46,968.289,-1405.52
-250354,0,1,0,1,1,250394,-0.384764,0.00591807,1.98251,0.65987,0.194549,-1.62464,-1.32884,-0.638008,0.776036,1.76188,-0.149657,0.116447,-1.54277,-0.0636614,0.2482,-1.00728,-1.59481,-1.01706,-0.127135,0.559175,1.40119,-1.61276,1.8305,-0.0898098,-1.26576,-1.76124,1.23195,-0.269686,1.22789,-1.59845,-1.56077,0.458786,1.996,-0.185011,-1.75004,1.38731,-0.797919,-1.56933,0.936032,-1.67351,1.35279,0.444837,1.42627,-1.3104,-0.0724454,0.89088,-0.393547,0.886616,0.0264761,-0.478673,-1.03596,0.226382,0.0675763,-1.26799,0.156639,-0.0321617,0.998724,0.212245,-0.63784,-0.775643,-0.788799,1.94885,1.21166,0.828242,-0.92643,-0.62419,-1.08532,0.0134659,-0.922084,-1.04397,-1.82062,-0.720654,-1.94471,-0.376988,1.76676,-0.594025,1.17955,0.313105,1.16384,0.0323358,0.112372,0.276904,0.173359,1.84303,0.871915,-1.30925,-0.819472,-0.271119,0.144731,1.18899,1.07535,1.68402,1.67163,-0.91779,-0.253471,-1.68299,-0.374937,1.42931,0.855572,-1.19532,2.6081,-0.74455,-2.37005,-0.206791,0.0368712,-0.407347,0.216637,-0.94011,0.624651,0.532574,-0.715336,-0.600116,-1.35708,0.332658,-0.957453,-0.903761,-1.33267,0.745435,0.310462,-0.486334,-0.561013,0.172616,-0.554245,-0.508866,0.720959,-0.827069,1.63311,0.577044,0.413834,0.804358,-0.666695,0.566755,-1.10412,0.130466,0.541147,1.1958,-0.0522196,0.956633,-0.90917,1.20183,-1.19412,0.419262,0.426421,-0.273277,0.500395,1.17296,0.582381,-1.51892,0.117752,0.487702,1.29294,-1.18472,1.29271,0.25387,0.418936,-0.554975,-1.45993,-0.751058,-1.44855,0.501428,-0.123563,-0.070938,0.546634,-0.166227,1.47165,0.453457,-0.56577,-0.16973,-0.88833,0.74742,0.794275,1.85319,0.977405,-0.747718,-0.556022,0.496147,-0.252482,0.955064,-0.40491,0.375108,-0.553413,1.05361,-1.43817,-1.2731,1.27805,0.348098,-0.419099,-0.762142,-1.61013,1.11149,0.628423,0.615171,0.0728699,0.0418795,-0.78834,0.681585,-0.17324,0.001362,0.94735,-1.29899,-547.184,-508.299,2761.5,815.011,520.894,-1882.04,-2005.36,-819.359,713.376,4167.89,684.524,-60.5022,-3825.74,-379.508,89.5438,-786.665,-2764.26,-1893.05,-1138.15,1330.48,3721.9,-4549.31,2287.66,267.703,-2638.59,-2872.07,3581.78,-691.08,1559.76,-2665.15,-3407.54,531.827,2745.55,-223.138,-3512.96,4957.76,-1430.38,-3610.6,1490.59,-2808.39,2647.86,134.514,1058.66,-2025.01,485.435,3088.29,-408.039,1755.96,-843.537,223.64,-979.537,157.066,-382.401,-1592.82,146.539,630.355,1663.4,390.568,-1767.98,-422.267,-1066.21,3073.98,426.967,1910.6,-1257.09,-400.344,-1141.72,499.265,-2604.22,-1076.11,-4120.46,-2216.12,-5824.17,-626.233,4606.2,242.817,3643.23,1542.24,2193.71,656.864,865.569,271.498,-601.193,3442.11,1343.81,-669.027,-589.169,-124.323,-568.395,1995.34,2199.27,3168.19,1360.03,-1589.59,215.181,-2315.43,-552.459,2949.46,968.289,-1405.52
-250354,0,1,0,1,1,250406,-0.384764,0.00591807,1.98251,0.65987,0.194549,-1.62464,-1.32884,-0.638008,0.776036,1.76188,-0.149657,0.116447,-1.54277,-0.0636614,0.2482,-1.00728,-1.59481,-1.01706,-0.127135,0.559175,1.40119,-1.61276,1.8305,-0.0898098,-1.26576,-1.76124,1.23195,-0.269686,1.22789,-1.59845,-1.56077,0.458786,1.996,-0.185011,-1.75004,1.38731,-0.797919,-1.56933,0.936032,-1.67351,1.35279,0.444837,1.42627,-1.3104,-0.0724454,0.89088,-0.393547,0.886616,0.0264761,-0.478673,-1.03596,0.226382,0.0675763,-1.26799,0.156639,-0.0321617,0.998724,0.212245,-0.63784,-0.775643,-0.788799,1.94885,1.21166,0.828242,-0.92643,-0.62419,-1.08532,0.0134659,-0.922084,-1.04397,-1.82062,-0.720654,-1.94471,-0.376988,1.76676,-0.594025,1.17955,0.313105,1.16384,0.0323358,0.112372,0.276904,0.173359,1.84303,0.871915,-1.30925,-0.819472,-0.271119,0.144731,1.18899,1.07535,1.68402,1.67163,-0.91779,-0.253471,-1.68299,-0.374937,1.42931,0.855572,-1.19532,-0.91745,-1.29365,-0.187818,0.825579,0.352097,-0.150291,-0.429708,0.465431,0.898598,-1.05408,-0.328435,1.30216,2.18777,-0.0531624,0.706788,-0.755957,-0.36169,-1.18185,-1.22901,0.325521,-1.13453,-1.20049,-0.309563,-0.254575,-2.05379,1.31799,0.612716,-1.16231,-0.784705,0.383445,0.8519,-0.9643,-2.38901,-1.46048,1.45984,0.153013,-0.0696037,0.518117,0.209767,-0.508868,-0.060788,-1.2843,-0.295308,-0.117256,0.535487,0.232735,-2.03209,-0.454844,-1.24109,-0.357071,-0.841151,0.310165,1.17875,-0.0180157,0.605127,-1.20738,2.07588,-0.895402,0.118896,1.73049,0.944194,0.535676,0.240178,-1.10636,-1.15908,0.190109,2.5367,-1.23891,-0.239284,0.0337933,0.304295,1.85234,0.638486,-0.114611,1.58707,1.10558,0.409542,-1.16541,-1.1578,0.111151,0.150395,0.702966,-0.643443,1.60997,-0.843518,0.781119,1.80951,0.815636,-0.340671,0.78629,-0.510836,-1.04024,-0.0981018,1.60143,-1.56745,0.254014,-1.16736,1.96132,0.668885,-0.159179,-547.184,-508.299,2761.5,815.011,520.894,-1882.04,-2005.36,-819.359,713.376,4167.89,684.524,-60.5022,-3825.74,-379.508,89.5438,-786.665,-2764.26,-1893.05,-1138.15,1330.48,3721.9,-4549.31,2287.66,267.703,-2638.59,-2872.07,3581.78,-691.08,1559.76,-2665.15,-3407.54,531.827,2745.55,-223.138,-3512.96,4957.76,-1430.38,-3610.6,1490.59,-2808.39,2647.86,134.514,1058.66,-2025.01,485.435,3088.29,-408.039,1755.96,-843.537,223.64,-979.537,157.066,-382.401,-1592.82,146.539,630.355,1663.4,390.568,-1767.98,-422.267,-1066.21,3073.98,426.967,1910.6,-1257.09,-400.344,-1141.72,499.265,-2604.22,-1076.11,-4120.46,-2216.12,-5824.17,-626.233,4606.2,242.817,3643.23,1542.24,2193.71,656.864,865.569,271.498,-601.193,3442.11,1343.81,-669.027,-589.169,-124.323,-568.395,1995.34,2199.27,3168.19,1360.03,-1589.59,215.181,-2315.43,-552.459,2949.46,968.289,-1405.52
-250354,0,1,0,1,1,250399,-0.384764,0.00591807,1.98251,0.65987,0.194549,-1.62464,-1.32884,-0.638008,0.776036,1.76188,-0.149657,0.116447,-1.54277,-0.0636614,0.2482,-1.00728,-1.59481,-1.01706,-0.127135,0.559175,1.40119,-1.61276,1.8305,-0.0898098,-1.26576,-1.76124,1.23195,-0.269686,1.22789,-1.59845,-1.56077,0.458786,1.996,-0.185011,-1.75004,1.38731,-0.797919,-1.56933,0.936032,-1.67351,1.35279,0.444837,1.42627,-1.3104,-0.0724454,0.89088,-0.393547,0.886616,0.0264761,-0.478673,-1.03596,0.226382,0.0675763,-1.26799,0.156639,-0.0321617,0.998724,0.212245,-0.63784,-0.775643,-0.788799,1.94885,1.21166,0.828242,-0.92643,-0.62419,-1.08532,0.0134659,-0.922084,-1.04397,-1.82062,-0.720654,-1.94471,-0.376988,1.76676,-0.594025,1.17955,0.313105,1.16384,0.0323358,0.112372,0.276904,0.173359,1.84303,0.871915,-1.30925,-0.819472,-0.271119,0.144731,1.18899,1.07535,1.68402,1.67163,-0.91779,-0.253471,-1.68299,-0.374937,1.42931,0.855572,-1.19532,-0.157309,1.25543,1.1139,0.330323,2.19698,0.270037,1.42985,-0.76707,-0.699905,-0.917509,-0.274763,0.796773,0.513784,-0.362931,2.07752,2.05858,-0.133077,-0.33842,0.884779,-0.0705873,0.257322,0.136609,-0.366326,0.72614,-0.85374,-0.164324,-0.0621741,0.0591828,0.539832,-0.880322,-0.551385,2.01639,1.42382,-0.671416,0.463624,0.349222,0.815902,-0.951962,-0.365039,0.0898566,-1.58028,-0.129333,0.492481,-1.43169,0.0189302,0.212711,-0.861928,0.683378,-0.20367,0.36438,-1.45334,1.08481,0.338937,1.11514,-1.61618,2.12279,1.80202,-0.364604,0.758722,-0.77217,-0.97938,2.18196,0.170299,-1.29993,-0.708861,0.586203,-0.248245,-1.89895,0.0377036,-0.504239,0.222742,-1.02129,-1.10166,-0.640552,0.162434,-0.0725817,1.0273,-0.718956,0.0962902,-0.644429,-0.673677,0.920642,-0.11213,0.741116,-0.177356,1.155,-0.692703,1.29464,0.613073,0.37156,-1.34793,1.18561,-0.734203,-1.02039,0.973926,-0.615338,-0.77733,1.02087,-1.77159,-0.0250013,-547.184,-508.299,2761.5,815.011,520.894,-1882.04,-2005.36,-819.359,713.376,4167.89,684.524,-60.5022,-3825.74,-379.508,89.5438,-786.665,-2764.26,-1893.05,-1138.15,1330.48,3721.9,-4549.31,2287.66,267.703,-2638.59,-2872.07,3581.78,-691.08,1559.76,-2665.15,-3407.54,531.827,2745.55,-223.138,-3512.96,4957.76,-1430.38,-3610.6,1490.59,-2808.39,2647.86,134.514,1058.66,-2025.01,485.435,3088.29,-408.039,1755.96,-843.537,223.64,-979.537,157.066,-382.401,-1592.82,146.539,630.355,1663.4,390.568,-1767.98,-422.267,-1066.21,3073.98,426.967,1910.6,-1257.09,-400.344,-1141.72,499.265,-2604.22,-1076.11,-4120.46,-2216.12,-5824.17,-626.233,4606.2,242.817,3643.23,1542.24,2193.71,656.864,865.569,271.498,-601.193,3442.11,1343.81,-669.027,-589.169,-124.323,-568.395,1995.34,2199.27,3168.19,1360.03,-1589.59,215.181,-2315.43,-552.459,2949.46,968.289,-1405.52
-250354,0,1,0,1,1,250399,-0.384764,0.00591807,1.98251,0.65987,0.194549,-1.62464,-1.32884,-0.638008,0.776036,1.76188,-0.149657,0.116447,-1.54277,-0.0636614,0.2482,-1.00728,-1.59481,-1.01706,-0.127135,0.559175,1.40119,-1.61276,1.8305,-0.0898098,-1.26576,-1.76124,1.23195,-0.269686,1.22789,-1.59845,-1.56077,0.458786,1.996,-0.185011,-1.75004,1.38731,-0.797919,-1.56933,0.936032,-1.67351,1.35279,0.444837,1.42627,-1.3104,-0.0724454,0.89088,-0.393547,0.886616,0.0264761,-0.478673,-1.03596,0.226382,0.0675763,-1.26799,0.156639,-0.0321617,0.998724,0.212245,-0.63784,-0.775643,-0.788799,1.94885,1.21166,0.828242,-0.92643,-0.62419,-1.08532,0.0134659,-0.922084,-1.04397,-1.82062,-0.720654,-1.94471,-0.376988,1.76676,-0.594025,1.17955,0.313105,1.16384,0.0323358,0.112372,0.276904,0.173359,1.84303,0.871915,-1.30925,-0.819472,-0.271119,0.144731,1.18899,1.07535,1.68402,1.67163,-0.91779,-0.253471,-1.68299,-0.374937,1.42931,0.855572,-1.19532,-0.684328,0.637709,0.376481,-0.79415,-1.80157,-0.911518,-0.727584,0.576937,-0.382369,-0.246105,-0.0173319,-0.495142,0.791237,0.0303035,-1.22628,0.20992,-1.04506,0.430411,0.598082,1.61946,-1.42593,0.169917,1.20295,1.28263,-0.901776,-0.988011,-0.896544,0.415024,-0.115814,-0.853619,-0.0613319,-0.771261,-0.644906,-0.528147,-0.0702739,-0.18095,0.402968,0.158116,-0.380147,0.177684,-0.719266,-0.692798,0.522204,-0.949965,-0.164473,-0.993051,1.28219,-0.236611,-0.875549,0.854829,1.32661,0.162725,0.206267,-0.493881,-0.786019,0.767171,-1.31915,0.154739,1.28939,-0.164771,-2.32855,-0.664808,-1.05509,-1.33313,-0.704731,0.483102,-0.533894,-0.653339,-1.53445,-0.642455,-0.443681,0.328961,0.574971,-0.927191,-1.56383,-1.77891,0.260702,-0.0761595,-1.50033,1.00056,0.272271,1.67462,-0.0513519,1.24183,1.64831,1.15748,-0.0483327,0.743265,3.55798,0.987,2.17953,0.899193,-0.626962,0.819052,-0.289721,0.0636512,0.0302328,-0.129112,0.283711,0.099171,-547.184,-508.299,2761.5,815.011,520.894,-1882.04,-2005.36,-819.359,713.376,4167.89,684.524,-60.5022,-3825.74,-379.508,89.5438,-786.665,-2764.26,-1893.05,-1138.15,1330.48,3721.9,-4549.31,2287.66,267.703,-2638.59,-2872.07,3581.78,-691.08,1559.76,-2665.15,-3407.54,531.827,2745.55,-223.138,-3512.96,4957.76,-1430.38,-3610.6,1490.59,-2808.39,2647.86,134.514,1058.66,-2025.01,485.435,3088.29,-408.039,1755.96,-843.537,223.64,-979.537,157.066,-382.401,-1592.82,146.539,630.355,1663.4,390.568,-1767.98,-422.267,-1066.21,3073.98,426.967,1910.6,-1257.09,-400.344,-1141.72,499.265,-2604.22,-1076.11,-4120.46,-2216.12,-5824.17,-626.233,4606.2,242.817,3643.23,1542.24,2193.71,656.864,865.569,271.498,-601.193,3442.11,1343.81,-669.027,-589.169,-124.323,-568.395,1995.34,2199.27,3168.19,1360.03,-1589.59,215.181,-2315.43,-552.459,2949.46,968.289,-1405.52
-250354,0,1,0,1,1,250412,-0.384764,0.00591807,1.98251,0.65987,0.194549,-1.62464,-1.32884,-0.638008,0.776036,1.76188,-0.149657,0.116447,-1.54277,-0.0636614,0.2482,-1.00728,-1.59481,-1.01706,-0.127135,0.559175,1.40119,-1.61276,1.8305,-0.0898098,-1.26576,-1.76124,1.23195,-0.269686,1.22789,-1.59845,-1.56077,0.458786,1.996,-0.185011,-1.75004,1.38731,-0.797919,-1.56933,0.936032,-1.67351,1.35279,0.444837,1.42627,-1.3104,-0.0724454,0.89088,-0.393547,0.886616,0.0264761,-0.478673,-1.03596,0.226382,0.0675763,-1.26799,0.156639,-0.0321617,0.998724,0.212245,-0.63784,-0.775643,-0.788799,1.94885,1.21166,0.828242,-0.92643,-0.62419,-1.08532,0.0134659,-0.922084,-1.04397,-1.82062,-0.720654,-1.94471,-0.376988,1.76676,-0.594025,1.17955,0.313105,1.16384,0.0323358,0.112372,0.276904,0.173359,1.84303,0.871915,-1.30925,-0.819472,-0.271119,0.144731,1.18899,1.07535,1.68402,1.67163,-0.91779,-0.253471,-1.68299,-0.374937,1.42931,0.855572,-1.19532,2.29331,-1.7768,1.65361,1.30445,-0.743467,1.05507,-1.25969,-1.03569,-0.00570625,-0.750637,-0.308873,0.463045,-0.0590511,-1.34852,2.30503,0.836016,-3.02853,-1.03929,0.42903,-0.927141,-0.447909,0.781359,-0.917815,0.0905718,-0.149968,1.19632,-0.773661,0.764894,0.133379,-0.0385259,0.808573,-0.100915,-0.0715315,-0.0841489,-1.05547,-2.37133,-0.644287,-0.830865,1.19077,-0.299226,0.140784,0.108707,-0.829866,0.28252,-0.232757,0.726856,-0.120272,-0.367822,-1.41587,0.872669,3.15806,1.59495,-1.18843,-0.339199,2.09919,-0.191714,-0.140096,1.43131,1.1792,1.04406,-1.36755,0.562667,0.615271,1.18186,0.343076,-0.703419,-0.149266,-0.401856,-0.102023,-0.144108,-0.808576,1.36647,0.562799,0.447608,-0.31128,-0.164955,0.670088,0.414559,2.62685,-1.49085,0.793616,1.57023,-0.06746,0.917834,-0.413214,-0.699757,1.00205,-0.0273336,0.730665,0.422313,-0.820785,-1.53256,1.54621,-0.130178,-0.388904,-0.802172,-1.30955,-0.896069,-1.86801,0.263896,-547.184,-508.299,2761.5,815.011,520.894,-1882.04,-2005.36,-819.359,713.376,4167.89,684.524,-60.5022,-3825.74,-379.508,89.5438,-786.665,-2764.26,-1893.05,-1138.15,1330.48,3721.9,-4549.31,2287.66,267.703,-2638.59,-2872.07,3581.78,-691.08,1559.76,-2665.15,-3407.54,531.827,2745.55,-223.138,-3512.96,4957.76,-1430.38,-3610.6,1490.59,-2808.39,2647.86,134.514,1058.66,-2025.01,485.435,3088.29,-408.039,1755.96,-843.537,223.64,-979.537,157.066,-382.401,-1592.82,146.539,630.355,1663.4,390.568,-1767.98,-422.267,-1066.21,3073.98,426.967,1910.6,-1257.09,-400.344,-1141.72,499.265,-2604.22,-1076.11,-4120.46,-2216.12,-5824.17,-626.233,4606.2,242.817,3643.23,1542.24,2193.71,656.864,865.569,271.498,-601.193,3442.11,1343.81,-669.027,-589.169,-124.323,-568.395,1995.34,2199.27,3168.19,1360.03,-1589.59,215.181,-2315.43,-552.459,2949.46,968.289,-1405.52
-250354,0,1,0,1,1,250394,-0.384764,0.00591807,1.98251,0.65987,0.194549,-1.62464,-1.32884,-0.638008,0.776036,1.76188,-0.149657,0.116447,-1.54277,-0.0636614,0.2482,-1.00728,-1.59481,-1.01706,-0.127135,0.559175,1.40119,-1.61276,1.8305,-0.0898098,-1.26576,-1.76124,1.23195,-0.269686,1.22789,-1.59845,-1.56077,0.458786,1.996,-0.185011,-1.75004,1.38731,-0.797919,-1.56933,0.936032,-1.67351,1.35279,0.444837,1.42627,-1.3104,-0.0724454,0.89088,-0.393547,0.886616,0.0264761,-0.478673,-1.03596,0.226382,0.0675763,-1.26799,0.156639,-0.0321617,0.998724,0.212245,-0.63784,-0.775643,-0.788799,1.94885,1.21166,0.828242,-0.92643,-0.62419,-1.08532,0.0134659,-0.922084,-1.04397,-1.82062,-0.720654,-1.94471,-0.376988,1.76676,-0.594025,1.17955,0.313105,1.16384,0.0323358,0.112372,0.276904,0.173359,1.84303,0.871915,-1.30925,-0.819472,-0.271119,0.144731,1.18899,1.07535,1.68402,1.67163,-0.91779,-0.253471,-1.68299,-0.374937,1.42931,0.855572,-1.19532,-0.29676,-0.752998,-0.889743,-0.480096,-0.0510477,-0.462225,0.186431,1.05457,0.387503,-1.49643,-0.621329,-0.962253,0.53122,-0.135159,-0.0324764,1.54532,0.328687,-1.30181,1.43788,-0.723078,-0.712709,1.20364,0.348079,1.56977,-0.296878,-0.772436,0.677667,1.25856,-0.0615075,1.17893,-0.349993,-1.48323,0.829224,-0.354416,-0.775108,-1.3165,0.342937,-1.2551,0.298708,-0.593961,-0.205337,-1.76451,0.398748,2.11927,0.20901,1.02539,1.20609,-0.402542,0.0693507,1.62976,-0.481853,0.568907,1.28773,1.07215,0.033267,-0.228842,0.615882,-0.159646,-0.26205,2.06825,-0.900683,0.280966,-0.205657,-0.929083,-1.59684,1.25982,0.749505,0.264384,0.0940527,0.0760882,-0.218343,0.268512,-1.04866,0.316683,0.785736,-1.1862,-1.3642,-0.634887,1.72232,0.423128,-1.16806,-1.22947,-0.473185,-0.981736,-0.091747,1.17556,-0.0923498,-0.214899,1.07109,0.390464,-0.452352,-0.117468,-0.296758,-1.00007,-1.83563,0.675946,-0.973524,0.684222,-0.527099,0.162524,-547.184,-508.299,2761.5,815.011,520.894,-1882.04,-2005.36,-819.359,713.376,4167.89,684.524,-60.5022,-3825.74,-379.508,89.5438,-786.665,-2764.26,-1893.05,-1138.15,1330.48,3721.9,-4549.31,2287.66,267.703,-2638.59,-2872.07,3581.78,-691.08,1559.76,-2665.15,-3407.54,531.827,2745.55,-223.138,-3512.96,4957.76,-1430.38,-3610.6,1490.59,-2808.39,2647.86,134.514,1058.66,-2025.01,485.435,3088.29,-408.039,1755.96,-843.537,223.64,-979.537,157.066,-382.401,-1592.82,146.539,630.355,1663.4,390.568,-1767.98,-422.267,-1066.21,3073.98,426.967,1910.6,-1257.09,-400.344,-1141.72,499.265,-2604.22,-1076.11,-4120.46,-2216.12,-5824.17,-626.233,4606.2,242.817,3643.23,1542.24,2193.71,656.864,865.569,271.498,-601.193,3442.11,1343.81,-669.027,-589.169,-124.323,-568.395,1995.34,2199.27,3168.19,1360.03,-1589.59,215.181,-2315.43,-552.459,2949.46,968.289,-1405.52
-250354,0,1,0,1,1,250414,-0.384764,0.00591807,1.98251,0.65987,0.194549,-1.62464,-1.32884,-0.638008,0.776036,1.76188,-0.149657,0.116447,-1.54277,-0.0636614,0.2482,-1.00728,-1.59481,-1.01706,-0.127135,0.559175,1.40119,-1.61276,1.8305,-0.0898098,-1.26576,-1.76124,1.23195,-0.269686,1.22789,-1.59845,-1.56077,0.458786,1.996,-0.185011,-1.75004,1.38731,-0.797919,-1.56933,0.936032,-1.67351,1.35279,0.444837,1.42627,-1.3104,-0.0724454,0.89088,-0.393547,0.886616,0.0264761,-0.478673,-1.03596,0.226382,0.0675763,-1.26799,0.156639,-0.0321617,0.998724,0.212245,-0.63784,-0.775643,-0.788799,1.94885,1.21166,0.828242,-0.92643,-0.62419,-1.08532,0.0134659,-0.922084,-1.04397,-1.82062,-0.720654,-1.94471,-0.376988,1.76676,-0.594025,1.17955,0.313105,1.16384,0.0323358,0.112372,0.276904,0.173359,1.84303,0.871915,-1.30925,-0.819472,-0.271119,0.144731,1.18899,1.07535,1.68402,1.67163,-0.91779,-0.253471,-1.68299,-0.374937,1.42931,0.855572,-1.19532,-0.860931,-1.516,2.77402,-0.357898,-0.44174,1.15397,-1.16526,1.43456,-1.07377,-0.955393,0.0102099,1.59772,-0.0512572,-0.539668,1.96794,-0.570303,-0.306716,1.02424,-0.502804,-0.349947,-2.75477,0.185495,0.377052,-0.823844,0.368492,0.326562,1.97979,-0.149088,2.56944,0.750423,-0.13665,-1.60331,0.752443,0.203359,-0.311225,-1.01019,-0.735446,-0.0808107,-0.126539,-0.812,-1.13966,0.00181401,-0.206881,0.841224,0.916377,-0.566585,1.06246,-1.47182,0.129798,1.78504,-1.78687,0.115096,-0.594293,2.16497,-0.861077,0.718163,0.493027,-0.578948,-0.807042,-0.0125603,1.08575,-0.154204,0.370009,-0.325197,-1.66333,-0.0392485,1.10977,0.972001,-0.908278,-0.971078,-0.022076,0.172415,-1.03553,0.65647,-0.87648,0.756155,1.04242,1.00517,1.92957,-1.97417,-0.639411,2.30805,1.86484,-0.574917,-0.495647,-1.12274,1.31445,-0.194617,1.98711,-1.39394,0.282829,0.848867,0.0804229,0.573379,0.615739,-0.919577,0.8551,-1.91087,0.628845,-0.551405,-547.184,-508.299,2761.5,815.011,520.894,-1882.04,-2005.36,-819.359,713.376,4167.89,684.524,-60.5022,-3825.74,-379.508,89.5438,-786.665,-2764.26,-1893.05,-1138.15,1330.48,3721.9,-4549.31,2287.66,267.703,-2638.59,-2872.07,3581.78,-691.08,1559.76,-2665.15,-3407.54,531.827,2745.55,-223.138,-3512.96,4957.76,-1430.38,-3610.6,1490.59,-2808.39,2647.86,134.514,1058.66,-2025.01,485.435,3088.29,-408.039,1755.96,-843.537,223.64,-979.537,157.066,-382.401,-1592.82,146.539,630.355,1663.4,390.568,-1767.98,-422.267,-1066.21,3073.98,426.967,1910.6,-1257.09,-400.344,-1141.72,499.265,-2604.22,-1076.11,-4120.46,-2216.12,-5824.17,-626.233,4606.2,242.817,3643.23,1542.24,2193.71,656.864,865.569,271.498,-601.193,3442.11,1343.81,-669.027,-589.169,-124.323,-568.395,1995.34,2199.27,3168.19,1360.03,-1589.59,215.181,-2315.43,-552.459,2949.46,968.289,-1405.52
-250354,0,1,0,1,1,250395,-0.384764,0.00591807,1.98251,0.65987,0.194549,-1.62464,-1.32884,-0.638008,0.776036,1.76188,-0.149657,0.116447,-1.54277,-0.0636614,0.2482,-1.00728,-1.59481,-1.01706,-0.127135,0.559175,1.40119,-1.61276,1.8305,-0.0898098,-1.26576,-1.76124,1.23195,-0.269686,1.22789,-1.59845,-1.56077,0.458786,1.996,-0.185011,-1.75004,1.38731,-0.797919,-1.56933,0.936032,-1.67351,1.35279,0.444837,1.42627,-1.3104,-0.0724454,0.89088,-0.393547,0.886616,0.0264761,-0.478673,-1.03596,0.226382,0.0675763,-1.26799,0.156639,-0.0321617,0.998724,0.212245,-0.63784,-0.775643,-0.788799,1.94885,1.21166,0.828242,-0.92643,-0.62419,-1.08532,0.0134659,-0.922084,-1.04397,-1.82062,-0.720654,-1.94471,-0.376988,1.76676,-0.594025,1.17955,0.313105,1.16384,0.0323358,0.112372,0.276904,0.173359,1.84303,0.871915,-1.30925,-0.819472,-0.271119,0.144731,1.18899,1.07535,1.68402,1.67163,-0.91779,-0.253471,-1.68299,-0.374937,1.42931,0.855572,-1.19532,0.23032,0.770048,-0.23864,-0.441283,-0.166428,-0.792332,1.19266,0.456591,-0.265414,-0.994968,-0.162098,2.07178,-0.773974,0.214298,-0.0964402,0.646337,-1.02548,0.647238,0.379819,0.589915,0.433199,-1.21511,-0.470603,-0.25165,2.30511,0.63072,0.710569,0.265013,0.504735,1.33409,-0.860026,-0.350106,0.206332,-1.13524,0.136486,0.503656,-0.40392,0.3679,0.851995,0.185397,0.439681,0.548667,1.51801,1.33059,-0.715574,1.11292,-0.246516,-0.110307,1.28663,-1.40997,0.814387,-0.122815,-1.82759,0.162488,0.0197099,0.00437669,-1.31524,-0.447168,-1.50183,0.982942,-0.418098,-1.20057,1.97344,1.18654,0.686593,-0.686498,-0.416611,0.575995,1.00186,-0.932721,-1.18415,1.32342,0.222134,1.72423,-1.09667,-0.408438,-0.383172,-1.31237,-2.19382,-0.185224,0.234844,-0.453485,1.105,0.321308,0.147358,0.445082,1.36425,-0.783543,0.0376277,-1.70442,-0.256149,-0.885225,0.196699,0.944222,0.317085,-0.740778,-0.133665,1.49279,-1.08891,0.312745,-547.184,-508.299,2761.5,815.011,520.894,-1882.04,-2005.36,-819.359,713.376,4167.89,684.524,-60.5022,-3825.74,-379.508,89.5438,-786.665,-2764.26,-1893.05,-1138.15,1330.48,3721.9,-4549.31,2287.66,267.703,-2638.59,-2872.07,3581.78,-691.08,1559.76,-2665.15,-3407.54,531.827,2745.55,-223.138,-3512.96,4957.76,-1430.38,-3610.6,1490.59,-2808.39,2647.86,134.514,1058.66,-2025.01,485.435,3088.29,-408.039,1755.96,-843.537,223.64,-979.537,157.066,-382.401,-1592.82,146.539,630.355,1663.4,390.568,-1767.98,-422.267,-1066.21,3073.98,426.967,1910.6,-1257.09,-400.344,-1141.72,499.265,-2604.22,-1076.11,-4120.46,-2216.12,-5824.17,-626.233,4606.2,242.817,3643.23,1542.24,2193.71,656.864,865.569,271.498,-601.193,3442.11,1343.81,-669.027,-589.169,-124.323,-568.395,1995.34,2199.27,3168.19,1360.03,-1589.59,215.181,-2315.43,-552.459,2949.46,968.289,-1405.52
-250354,0,1,0,1,1,250406,-0.384764,0.00591807,1.98251,0.65987,0.194549,-1.62464,-1.32884,-0.638008,0.776036,1.76188,-0.149657,0.116447,-1.54277,-0.0636614,0.2482,-1.00728,-1.59481,-1.01706,-0.127135,0.559175,1.40119,-1.61276,1.8305,-0.0898098,-1.26576,-1.76124,1.23195,-0.269686,1.22789,-1.59845,-1.56077,0.458786,1.996,-0.185011,-1.75004,1.38731,-0.797919,-1.56933,0.936032,-1.67351,1.35279,0.444837,1.42627,-1.3104,-0.0724454,0.89088,-0.393547,0.886616,0.0264761,-0.478673,-1.03596,0.226382,0.0675763,-1.26799,0.156639,-0.0321617,0.998724,0.212245,-0.63784,-0.775643,-0.788799,1.94885,1.21166,0.828242,-0.92643,-0.62419,-1.08532,0.0134659,-0.922084,-1.04397,-1.82062,-0.720654,-1.94471,-0.376988,1.76676,-0.594025,1.17955,0.313105,1.16384,0.0323358,0.112372,0.276904,0.173359,1.84303,0.871915,-1.30925,-0.819472,-0.271119,0.144731,1.18899,1.07535,1.68402,1.67163,-0.91779,-0.253471,-1.68299,-0.374937,1.42931,0.855572,-1.19532,0.559517,0.247535,-0.832698,-0.598683,1.14002,0.447554,-1.66451,-0.925725,0.775729,-1.02417,-0.43617,-0.920451,-0.56359,-1.04138,0.726053,-0.159973,-0.942185,-0.0394782,0.77115,1.7196,-0.296805,0.878999,0.31038,-0.0604105,-0.650405,0.651255,0.0401123,1.58598,-0.00173278,1.2389,1.3842,0.930252,1.67198,0.856395,0.677934,-0.87689,-0.783735,0.352357,0.637536,0.278265,1.07149,-0.37593,-0.894474,0.812821,-0.0422701,1.74253,0.685081,-1.60851,-0.367292,-1.3734,1.62761,1.39993,1.73911,1.27472,0.297144,2.00146,-0.73205,-1.122,-0.290452,-0.372327,-3.2625,0.208527,0.171771,-1.53926,-0.0348587,0.428425,-0.378407,0.977257,-1.57229,-0.0221917,-0.696507,0.817646,-0.12027,-0.377053,1.34456,-0.760498,0.885766,0.898119,0.0300664,-0.436755,-0.837094,-0.305914,-0.332856,1.25704,0.21091,-1.06875,-2.29321,0.00355424,-2.2162,1.68767,-0.0915975,-0.0206121,1.58286,-0.598882,-0.0223285,-0.483254,-0.070614,1.30879,-0.184864,2.00607,-547.184,-508.299,2761.5,815.011,520.894,-1882.04,-2005.36,-819.359,713.376,4167.89,684.524,-60.5022,-3825.74,-379.508,89.5438,-786.665,-2764.26,-1893.05,-1138.15,1330.48,3721.9,-4549.31,2287.66,267.703,-2638.59,-2872.07,3581.78,-691.08,1559.76,-2665.15,-3407.54,531.827,2745.55,-223.138,-3512.96,4957.76,-1430.38,-3610.6,1490.59,-2808.39,2647.86,134.514,1058.66,-2025.01,485.435,3088.29,-408.039,1755.96,-843.537,223.64,-979.537,157.066,-382.401,-1592.82,146.539,630.355,1663.4,390.568,-1767.98,-422.267,-1066.21,3073.98,426.967,1910.6,-1257.09,-400.344,-1141.72,499.265,-2604.22,-1076.11,-4120.46,-2216.12,-5824.17,-626.233,4606.2,242.817,3643.23,1542.24,2193.71,656.864,865.569,271.498,-601.193,3442.11,1343.81,-669.027,-589.169,-124.323,-568.395,1995.34,2199.27,3168.19,1360.03,-1589.59,215.181,-2315.43,-552.459,2949.46,968.289,-1405.52
-250354,0,1,0,1,1,250396,-0.384764,0.00591807,1.98251,0.65987,0.194549,-1.62464,-1.32884,-0.638008,0.776036,1.76188,-0.149657,0.116447,-1.54277,-0.0636614,0.2482,-1.00728,-1.59481,-1.01706,-0.127135,0.559175,1.40119,-1.61276,1.8305,-0.0898098,-1.26576,-1.76124,1.23195,-0.269686,1.22789,-1.59845,-1.56077,0.458786,1.996,-0.185011,-1.75004,1.38731,-0.797919,-1.56933,0.936032,-1.67351,1.35279,0.444837,1.42627,-1.3104,-0.0724454,0.89088,-0.393547,0.886616,0.0264761,-0.478673,-1.03596,0.226382,0.0675763,-1.26799,0.156639,-0.0321617,0.998724,0.212245,-0.63784,-0.775643,-0.788799,1.94885,1.21166,0.828242,-0.92643,-0.62419,-1.08532,0.0134659,-0.922084,-1.04397,-1.82062,-0.720654,-1.94471,-0.376988,1.76676,-0.594025,1.17955,0.313105,1.16384,0.0323358,0.112372,0.276904,0.173359,1.84303,0.871915,-1.30925,-0.819472,-0.271119,0.144731,1.18899,1.07535,1.68402,1.67163,-0.91779,-0.253471,-1.68299,-0.374937,1.42931,0.855572,-1.19532,0.00596736,-1.21464,-0.942466,0.142872,-0.522893,-1.1286,2.62275,1.0423,-1.64166,-0.977099,2.23366,0.438326,-0.303596,-0.318791,0.315656,0.397978,-0.533605,0.0274655,0.00570079,1.20069,0.644241,-0.680592,-0.548764,0.827911,-0.0671864,-1.04033,-0.0371591,0.0334559,1.46626,0.764321,-0.53636,0.624856,-1.63711,-0.269444,-0.103451,0.32517,0.0529109,0.895184,0.0456185,-1.41402,-0.196555,1.07583,-0.0258542,1.43004,-0.159392,0.627313,-1.08262,0.156619,-0.909135,-0.571684,1.21464,0.526883,1.43321,-0.179595,1.14497,-0.925329,-1.59676,-0.869352,0.6634,-0.33445,1.79735,-1.19881,-0.688944,-0.148042,0.615919,1.07644,-1.47672,0.251445,0.812365,-0.940011,0.729853,0.537221,-1.27534,0.856352,0.493834,-0.62716,0.34453,0.343077,-1.49085,-1.52964,-0.168312,-0.192125,0.0734964,-0.125282,-0.796998,-0.345388,1.58161,0.915283,-0.572295,0.429659,-0.114871,0.408324,-0.612501,-0.830656,-0.343155,-1.93047,-1.72768,-0.014239,-0.447576,-0.379608,-547.184,-508.299,2761.5,815.011,520.894,-1882.04,-2005.36,-819.359,713.376,4167.89,684.524,-60.5022,-3825.74,-379.508,89.5438,-786.665,-2764.26,-1893.05,-1138.15,1330.48,3721.9,-4549.31,2287.66,267.703,-2638.59,-2872.07,3581.78,-691.08,1559.76,-2665.15,-3407.54,531.827,2745.55,-223.138,-3512.96,4957.76,-1430.38,-3610.6,1490.59,-2808.39,2647.86,134.514,1058.66,-2025.01,485.435,3088.29,-408.039,1755.96,-843.537,223.64,-979.537,157.066,-382.401,-1592.82,146.539,630.355,1663.4,390.568,-1767.98,-422.267,-1066.21,3073.98,426.967,1910.6,-1257.09,-400.344,-1141.72,499.265,-2604.22,-1076.11,-4120.46,-2216.12,-5824.17,-626.233,4606.2,242.817,3643.23,1542.24,2193.71,656.864,865.569,271.498,-601.193,3442.11,1343.81,-669.027,-589.169,-124.323,-568.395,1995.34,2199.27,3168.19,1360.03,-1589.59,215.181,-2315.43,-552.459,2949.46,968.289,-1405.52
-250354,0,1,0,1,1,250408,-0.384764,0.00591807,1.98251,0.65987,0.194549,-1.62464,-1.32884,-0.638008,0.776036,1.76188,-0.149657,0.116447,-1.54277,-0.0636614,0.2482,-1.00728,-1.59481,-1.01706,-0.127135,0.559175,1.40119,-1.61276,1.8305,-0.0898098,-1.26576,-1.76124,1.23195,-0.269686,1.22789,-1.59845,-1.56077,0.458786,1.996,-0.185011,-1.75004,1.38731,-0.797919,-1.56933,0.936032,-1.67351,1.35279,0.444837,1.42627,-1.3104,-0.0724454,0.89088,-0.393547,0.886616,0.0264761,-0.478673,-1.03596,0.226382,0.0675763,-1.26799,0.156639,-0.0321617,0.998724,0.212245,-0.63784,-0.775643,-0.788799,1.94885,1.21166,0.828242,-0.92643,-0.62419,-1.08532,0.0134659,-0.922084,-1.04397,-1.82062,-0.720654,-1.94471,-0.376988,1.76676,-0.594025,1.17955,0.313105,1.16384,0.0323358,0.112372,0.276904,0.173359,1.84303,0.871915,-1.30925,-0.819472,-0.271119,0.144731,1.18899,1.07535,1.68402,1.67163,-0.91779,-0.253471,-1.68299,-0.374937,1.42931,0.855572,-1.19532,-1.5791,0.706254,-1.0066,0.592267,0.337637,0.0897887,-0.390254,0.321724,-2.17187,0.495964,-0.543216,1.11944,-0.407991,-0.276449,-0.356773,-0.340399,0.267319,-0.215006,-0.479915,0.336405,-0.582134,-0.0145708,-1.19158,0.697105,-1.58735,1.06409,-0.00826206,-0.354201,0.854273,0.974726,1.45888,0.120277,-0.918713,0.556358,-1.43719,1.58682,-1.34436,-1.66499,-0.581608,-0.170366,1.57527,0.387548,0.236693,1.20287,-1.16907,0.472178,-0.839174,1.23185,2.38581,-0.768176,1.3081,-0.166362,1.06745,-0.387539,0.964028,-0.794428,0.484498,-0.63714,-1.51752,-0.902816,-2.21029,-1.5763,-0.931785,0.578568,-2.15479,-1.18919,-0.354146,-0.0247415,0.913626,-1.52576,2.18853,-0.359392,-1.33309,0.643249,-1.7471,0.402613,0.13526,0.0908228,-0.209593,0.984606,-0.566658,0.790341,-0.4613,0.232852,-1.21723,1.23515,0.0655262,0.461406,1.45174,0.252967,-0.0897466,1.85,-1.46736,0.143572,0.216179,-0.108105,-1.7574,-1.56707,1.89235,1.21663,-547.184,-508.299,2761.5,815.011,520.894,-1882.04,-2005.36,-819.359,713.376,4167.89,684.524,-60.5022,-3825.74,-379.508,89.5438,-786.665,-2764.26,-1893.05,-1138.15,1330.48,3721.9,-4549.31,2287.66,267.703,-2638.59,-2872.07,3581.78,-691.08,1559.76,-2665.15,-3407.54,531.827,2745.55,-223.138,-3512.96,4957.76,-1430.38,-3610.6,1490.59,-2808.39,2647.86,134.514,1058.66,-2025.01,485.435,3088.29,-408.039,1755.96,-843.537,223.64,-979.537,157.066,-382.401,-1592.82,146.539,630.355,1663.4,390.568,-1767.98,-422.267,-1066.21,3073.98,426.967,1910.6,-1257.09,-400.344,-1141.72,499.265,-2604.22,-1076.11,-4120.46,-2216.12,-5824.17,-626.233,4606.2,242.817,3643.23,1542.24,2193.71,656.864,865.569,271.498,-601.193,3442.11,1343.81,-669.027,-589.169,-124.323,-568.395,1995.34,2199.27,3168.19,1360.03,-1589.59,215.181,-2315.43,-552.459,2949.46,968.289,-1405.52
-250354,0,1,0,1,1,250413,-0.384764,0.00591807,1.98251,0.65987,0.194549,-1.62464,-1.32884,-0.638008,0.776036,1.76188,-0.149657,0.116447,-1.54277,-0.0636614,0.2482,-1.00728,-1.59481,-1.01706,-0.127135,0.559175,1.40119,-1.61276,1.8305,-0.0898098,-1.26576,-1.76124,1.23195,-0.269686,1.22789,-1.59845,-1.56077,0.458786,1.996,-0.185011,-1.75004,1.38731,-0.797919,-1.56933,0.936032,-1.67351,1.35279,0.444837,1.42627,-1.3104,-0.0724454,0.89088,-0.393547,0.886616,0.0264761,-0.478673,-1.03596,0.226382,0.0675763,-1.26799,0.156639,-0.0321617,0.998724,0.212245,-0.63784,-0.775643,-0.788799,1.94885,1.21166,0.828242,-0.92643,-0.62419,-1.08532,0.0134659,-0.922084,-1.04397,-1.82062,-0.720654,-1.94471,-0.376988,1.76676,-0.594025,1.17955,0.313105,1.16384,0.0323358,0.112372,0.276904,0.173359,1.84303,0.871915,-1.30925,-0.819472,-0.271119,0.144731,1.18899,1.07535,1.68402,1.67163,-0.91779,-0.253471,-1.68299,-0.374937,1.42931,0.855572,-1.19532,-1.16166,-1.07471,-0.27231,0.448468,2.57064,0.43951,1.4607,-1.68772,0.52816,-0.567444,-0.651106,0.171407,0.531025,2.44654,1.22982,-0.949128,0.270022,-0.531401,0.980065,1.59148,-1.22636,-1.70281,-0.850105,0.609338,-0.349485,0.526818,-2.23483,0.964161,-0.317104,-0.998402,-0.717206,-0.0118858,-0.518095,-0.398678,-1.00989,-1.13431,-1.59056,1.10292,1.87362,0.0981515,0.531275,-0.523487,1.55424,1.80223,-0.749707,0.922116,0.0891808,-0.422464,0.40747,1.34326,-0.33124,-0.141922,-1.86049,0.436815,2.70065,-0.816145,2.3191,0.586521,0.0621844,0.236811,-0.306746,0.56054,0.546864,-0.583208,1.03926,1.04595,1.26079,0.987756,-0.179476,0.416452,-0.907232,0.765413,-0.081267,1.20981,-0.981971,1.35262,1.11201,1.64346,-1.12281,0.986822,1.04864,-0.14288,2.37303,0.54192,-1.83466,0.540559,0.292313,-0.699585,0.764138,0.120281,1.15932,0.967471,-0.0123206,1.2167,0.289777,1.40514,0.856335,-1.48031,-0.201348,0.384205,-547.184,-508.299,2761.5,815.011,520.894,-1882.04,-2005.36,-819.359,713.376,4167.89,684.524,-60.5022,-3825.74,-379.508,89.5438,-786.665,-2764.26,-1893.05,-1138.15,1330.48,3721.9,-4549.31,2287.66,267.703,-2638.59,-2872.07,3581.78,-691.08,1559.76,-2665.15,-3407.54,531.827,2745.55,-223.138,-3512.96,4957.76,-1430.38,-3610.6,1490.59,-2808.39,2647.86,134.514,1058.66,-2025.01,485.435,3088.29,-408.039,1755.96,-843.537,223.64,-979.537,157.066,-382.401,-1592.82,146.539,630.355,1663.4,390.568,-1767.98,-422.267,-1066.21,3073.98,426.967,1910.6,-1257.09,-400.344,-1141.72,499.265,-2604.22,-1076.11,-4120.46,-2216.12,-5824.17,-626.233,4606.2,242.817,3643.23,1542.24,2193.71,656.864,865.569,271.498,-601.193,3442.11,1343.81,-669.027,-589.169,-124.323,-568.395,1995.34,2199.27,3168.19,1360.03,-1589.59,215.181,-2315.43,-552.459,2949.46,968.289,-1405.52
-250354,0,1,0,1,1,250402,-0.384764,0.00591807,1.98251,0.65987,0.194549,-1.62464,-1.32884,-0.638008,0.776036,1.76188,-0.149657,0.116447,-1.54277,-0.0636614,0.2482,-1.00728,-1.59481,-1.01706,-0.127135,0.559175,1.40119,-1.61276,1.8305,-0.0898098,-1.26576,-1.76124,1.23195,-0.269686,1.22789,-1.59845,-1.56077,0.458786,1.996,-0.185011,-1.75004,1.38731,-0.797919,-1.56933,0.936032,-1.67351,1.35279,0.444837,1.42627,-1.3104,-0.0724454,0.89088,-0.393547,0.886616,0.0264761,-0.478673,-1.03596,0.226382,0.0675763,-1.26799,0.156639,-0.0321617,0.998724,0.212245,-0.63784,-0.775643,-0.788799,1.94885,1.21166,0.828242,-0.92643,-0.62419,-1.08532,0.0134659,-0.922084,-1.04397,-1.82062,-0.720654,-1.94471,-0.376988,1.76676,-0.594025,1.17955,0.313105,1.16384,0.0323358,0.112372,0.276904,0.173359,1.84303,0.871915,-1.30925,-0.819472,-0.271119,0.144731,1.18899,1.07535,1.68402,1.67163,-0.91779,-0.253471,-1.68299,-0.374937,1.42931,0.855572,-1.19532,-0.522467,-1.19073,0.853161,-1.21601,0.311368,1.60887,0.578344,-0.106521,0.116335,-0.647347,-0.559726,-0.321074,-0.645735,-0.229663,-1.14758,-0.1191,0.673284,-1.67178,0.317279,0.822244,0.93207,-0.314953,1.01404,0.921599,-2.17561,1.72152,-0.761593,0.052434,-0.292152,0.316255,0.433216,0.587017,1.38344,-1.45041,-0.639033,0.0599617,0.540827,1.49262,1.83765,0.437405,-0.563386,0.545227,-0.163386,-0.404341,-0.311341,-1.80095,0.179214,0.285404,0.188511,-1.06515,-1.22239,1.00925,-0.393867,1.41277,-0.229065,1.58649,0.890493,-0.756199,0.643044,1.17552,0.250832,-0.774374,2.0764,0.708012,-1.27021,0.490557,-1.05543,-0.691503,0.672708,-1.52818,1.13611,1.12497,0.318182,0.0235306,-0.737974,-0.708715,-0.136609,2.02047,-0.610174,-0.193731,-0.740514,2.90853,-0.340695,-0.773838,-0.860802,1.8714,0.795141,0.195326,-0.232357,1.17639,-0.330606,0.524284,-1.16414,-0.665913,0.980565,-0.420877,0.71733,0.658222,-1.16927,1.41455,-547.184,-508.299,2761.5,815.011,520.894,-1882.04,-2005.36,-819.359,713.376,4167.89,684.524,-60.5022,-3825.74,-379.508,89.5438,-786.665,-2764.26,-1893.05,-1138.15,1330.48,3721.9,-4549.31,2287.66,267.703,-2638.59,-2872.07,3581.78,-691.08,1559.76,-2665.15,-3407.54,531.827,2745.55,-223.138,-3512.96,4957.76,-1430.38,-3610.6,1490.59,-2808.39,2647.86,134.514,1058.66,-2025.01,485.435,3088.29,-408.039,1755.96,-843.537,223.64,-979.537,157.066,-382.401,-1592.82,146.539,630.355,1663.4,390.568,-1767.98,-422.267,-1066.21,3073.98,426.967,1910.6,-1257.09,-400.344,-1141.72,499.265,-2604.22,-1076.11,-4120.46,-2216.12,-5824.17,-626.233,4606.2,242.817,3643.23,1542.24,2193.71,656.864,865.569,271.498,-601.193,3442.11,1343.81,-669.027,-589.169,-124.323,-568.395,1995.34,2199.27,3168.19,1360.03,-1589.59,215.181,-2315.43,-552.459,2949.46,968.289,-1405.52
-250354,0,1,0,1,1,250406,-0.384764,0.00591807,1.98251,0.65987,0.194549,-1.62464,-1.32884,-0.638008,0.776036,1.76188,-0.149657,0.116447,-1.54277,-0.0636614,0.2482,-1.00728,-1.59481,-1.01706,-0.127135,0.559175,1.40119,-1.61276,1.8305,-0.0898098,-1.26576,-1.76124,1.23195,-0.269686,1.22789,-1.59845,-1.56077,0.458786,1.996,-0.185011,-1.75004,1.38731,-0.797919,-1.56933,0.936032,-1.67351,1.35279,0.444837,1.42627,-1.3104,-0.0724454,0.89088,-0.393547,0.886616,0.0264761,-0.478673,-1.03596,0.226382,0.0675763,-1.26799,0.156639,-0.0321617,0.998724,0.212245,-0.63784,-0.775643,-0.788799,1.94885,1.21166,0.828242,-0.92643,-0.62419,-1.08532,0.0134659,-0.922084,-1.04397,-1.82062,-0.720654,-1.94471,-0.376988,1.76676,-0.594025,1.17955,0.313105,1.16384,0.0323358,0.112372,0.276904,0.173359,1.84303,0.871915,-1.30925,-0.819472,-0.271119,0.144731,1.18899,1.07535,1.68402,1.67163,-0.91779,-0.253471,-1.68299,-0.374937,1.42931,0.855572,-1.19532,-0.343377,-0.873855,1.60191,1.10046,0.337184,-0.358913,-1.3868,0.609314,-0.702514,0.077856,0.0713137,-0.200464,-1.52004,-0.693032,1.2051,1.18483,1.57731,0.0894588,-1.3628,-1.83688,0.601339,-0.200928,-0.371031,2.36076,-0.0335156,-1.42859,-0.0614465,1.37145,-0.703544,-0.122202,0.993861,1.62843,0.576567,-0.621298,1.07535,-0.90841,-0.43849,-0.911323,-0.0714697,-0.241639,-1.09134,-1.59481,-0.206464,-1.30101,-0.721303,-0.381304,2.36529,-1.15818,0.423568,0.0181152,-1.06511,-0.415008,0.779887,-0.101921,2.07077,0.596609,1.41113,1.23092,-0.696479,1.14393,1.3276,-1.26849,0.189001,0.774106,1.00646,0.108425,0.0911719,-0.446302,0.331062,-0.154665,-2.80511,1.03181,-0.0793713,0.508134,-0.256613,1.33378,1.1507,0.606572,1.5098,0.571719,0.808009,0.625555,-0.735492,0.599478,-1.56891,-0.332526,-2.20293,0.382959,-0.121991,-1.10649,0.467006,1.00951,1.79262,0.014221,-0.142157,1.27725,-0.355422,-0.822866,0.526175,0.161431,-547.184,-508.299,2761.5,815.011,520.894,-1882.04,-2005.36,-819.359,713.376,4167.89,684.524,-60.5022,-3825.74,-379.508,89.5438,-786.665,-2764.26,-1893.05,-1138.15,1330.48,3721.9,-4549.31,2287.66,267.703,-2638.59,-2872.07,3581.78,-691.08,1559.76,-2665.15,-3407.54,531.827,2745.55,-223.138,-3512.96,4957.76,-1430.38,-3610.6,1490.59,-2808.39,2647.86,134.514,1058.66,-2025.01,485.435,3088.29,-408.039,1755.96,-843.537,223.64,-979.537,157.066,-382.401,-1592.82,146.539,630.355,1663.4,390.568,-1767.98,-422.267,-1066.21,3073.98,426.967,1910.6,-1257.09,-400.344,-1141.72,499.265,-2604.22,-1076.11,-4120.46,-2216.12,-5824.17,-626.233,4606.2,242.817,3643.23,1542.24,2193.71,656.864,865.569,271.498,-601.193,3442.11,1343.81,-669.027,-589.169,-124.323,-568.395,1995.34,2199.27,3168.19,1360.03,-1589.59,215.181,-2315.43,-552.459,2949.46,968.289,-1405.52
-250354,0,1,0,1,1,250407,-0.384764,0.00591807,1.98251,0.65987,0.194549,-1.62464,-1.32884,-0.638008,0.776036,1.76188,-0.149657,0.116447,-1.54277,-0.0636614,0.2482,-1.00728,-1.59481,-1.01706,-0.127135,0.559175,1.40119,-1.61276,1.8305,-0.0898098,-1.26576,-1.76124,1.23195,-0.269686,1.22789,-1.59845,-1.56077,0.458786,1.996,-0.185011,-1.75004,1.38731,-0.797919,-1.56933,0.936032,-1.67351,1.35279,0.444837,1.42627,-1.3104,-0.0724454,0.89088,-0.393547,0.886616,0.0264761,-0.478673,-1.03596,0.226382,0.0675763,-1.26799,0.156639,-0.0321617,0.998724,0.212245,-0.63784,-0.775643,-0.788799,1.94885,1.21166,0.828242,-0.92643,-0.62419,-1.08532,0.0134659,-0.922084,-1.04397,-1.82062,-0.720654,-1.94471,-0.376988,1.76676,-0.594025,1.17955,0.313105,1.16384,0.0323358,0.112372,0.276904,0.173359,1.84303,0.871915,-1.30925,-0.819472,-0.271119,0.144731,1.18899,1.07535,1.68402,1.67163,-0.91779,-0.253471,-1.68299,-0.374937,1.42931,0.855572,-1.19532,-0.0294716,-0.508349,-0.896104,0.163753,1.07023,-0.416373,-0.385843,0.953892,-0.0905943,-1.53337,0.182754,0.423871,0.490268,1.11789,-0.184549,1.21367,0.266909,0.736524,-0.733351,-0.586996,-0.843273,0.520637,0.215263,0.398725,1.23138,0.501248,-2.74763,-0.300455,0.908235,-0.381328,-0.117698,3.05418,-1.79087,0.356642,0.0937889,-0.325842,-2.56316,-0.0815932,1.32455,-0.178472,0.133444,0.640021,-0.841622,-1.00512,-0.0326996,-1.17191,1.05354,-0.634075,1.10791,1.42308,-1.08512,-2.33709,-2.13789,-1.42676,-0.0930106,-0.553152,-0.16234,-2.84056,-0.18321,-0.971435,0.227183,1.54775,-1.22564,0.656001,0.368111,0.19025,-0.180928,-0.327865,0.456575,-0.400593,-0.24261,1.38956,0.316474,-0.0681841,-0.625932,0.993639,0.0514444,0.532825,-0.0746477,-1.31221,1.89049,1.64891,1.72526,-0.29136,1.59659,-0.794239,0.180349,0.145646,0.367319,-0.0792197,0.758162,1.30344,-0.611548,0.868574,-0.95424,-1.02542,-0.64156,-1.43624,0.163864,1.071,-547.184,-508.299,2761.5,815.011,520.894,-1882.04,-2005.36,-819.359,713.376,4167.89,684.524,-60.5022,-3825.74,-379.508,89.5438,-786.665,-2764.26,-1893.05,-1138.15,1330.48,3721.9,-4549.31,2287.66,267.703,-2638.59,-2872.07,3581.78,-691.08,1559.76,-2665.15,-3407.54,531.827,2745.55,-223.138,-3512.96,4957.76,-1430.38,-3610.6,1490.59,-2808.39,2647.86,134.514,1058.66,-2025.01,485.435,3088.29,-408.039,1755.96,-843.537,223.64,-979.537,157.066,-382.401,-1592.82,146.539,630.355,1663.4,390.568,-1767.98,-422.267,-1066.21,3073.98,426.967,1910.6,-1257.09,-400.344,-1141.72,499.265,-2604.22,-1076.11,-4120.46,-2216.12,-5824.17,-626.233,4606.2,242.817,3643.23,1542.24,2193.71,656.864,865.569,271.498,-601.193,3442.11,1343.81,-669.027,-589.169,-124.323,-568.395,1995.34,2199.27,3168.19,1360.03,-1589.59,215.181,-2315.43,-552.459,2949.46,968.289,-1405.52
-250354,0,1,0,1,1,250410,-0.384764,0.00591807,1.98251,0.65987,0.194549,-1.62464,-1.32884,-0.638008,0.776036,1.76188,-0.149657,0.116447,-1.54277,-0.0636614,0.2482,-1.00728,-1.59481,-1.01706,-0.127135,0.559175,1.40119,-1.61276,1.8305,-0.0898098,-1.26576,-1.76124,1.23195,-0.269686,1.22789,-1.59845,-1.56077,0.458786,1.996,-0.185011,-1.75004,1.38731,-0.797919,-1.56933,0.936032,-1.67351,1.35279,0.444837,1.42627,-1.3104,-0.0724454,0.89088,-0.393547,0.886616,0.0264761,-0.478673,-1.03596,0.226382,0.0675763,-1.26799,0.156639,-0.0321617,0.998724,0.212245,-0.63784,-0.775643,-0.788799,1.94885,1.21166,0.828242,-0.92643,-0.62419,-1.08532,0.0134659,-0.922084,-1.04397,-1.82062,-0.720654,-1.94471,-0.376988,1.76676,-0.594025,1.17955,0.313105,1.16384,0.0323358,0.112372,0.276904,0.173359,1.84303,0.871915,-1.30925,-0.819472,-0.271119,0.144731,1.18899,1.07535,1.68402,1.67163,-0.91779,-0.253471,-1.68299,-0.374937,1.42931,0.855572,-1.19532,-0.698621,0.128109,0.155549,1.05161,-0.723016,-0.132141,0.0350586,-0.9149,0.750122,0.787824,-0.718349,-2.43111,0.69374,1.77513,0.639041,3.13465,-0.900544,1.05922,1.37074,0.152294,0.0188143,1.51914,-0.948324,-1.55813,1.46771,-1.07784,-2.64967,-0.390266,1.1566,-0.12442,-0.302439,0.0857623,-1.2562,0.314725,-1.60585,0.423823,-0.538097,0.0133685,1.0252,-0.794974,0.70376,-0.590648,0.393471,0.544708,-2.51006,-0.314228,1.00786,0.868107,0.0548369,0.357528,1.13901,-1.08554,0.718628,1.2997,-1.62549,-0.78296,0.0392147,-1.16117,-1.06425,-1.09351,0.737744,-0.352156,0.183811,-0.726286,-0.514186,-1.94295,0.672889,0.143221,-2.63536,-0.539208,-1.47021,0.313275,0.703407,-0.977214,0.514533,-1.46236,1.42665,1.03169,-0.208491,-0.435641,0.334367,0.474639,0.0597893,-0.0658536,-0.0676514,-0.651558,-0.0842906,-0.603237,-1.08929,1.13039,-0.0741408,1.27265,-0.868696,1.9795,-1.14193,-0.404612,-1.20097,-0.185384,-1.36317,0.975229,-547.184,-508.299,2761.5,815.011,520.894,-1882.04,-2005.36,-819.359,713.376,4167.89,684.524,-60.5022,-3825.74,-379.508,89.5438,-786.665,-2764.26,-1893.05,-1138.15,1330.48,3721.9,-4549.31,2287.66,267.703,-2638.59,-2872.07,3581.78,-691.08,1559.76,-2665.15,-3407.54,531.827,2745.55,-223.138,-3512.96,4957.76,-1430.38,-3610.6,1490.59,-2808.39,2647.86,134.514,1058.66,-2025.01,485.435,3088.29,-408.039,1755.96,-843.537,223.64,-979.537,157.066,-382.401,-1592.82,146.539,630.355,1663.4,390.568,-1767.98,-422.267,-1066.21,3073.98,426.967,1910.6,-1257.09,-400.344,-1141.72,499.265,-2604.22,-1076.11,-4120.46,-2216.12,-5824.17,-626.233,4606.2,242.817,3643.23,1542.24,2193.71,656.864,865.569,271.498,-601.193,3442.11,1343.81,-669.027,-589.169,-124.323,-568.395,1995.34,2199.27,3168.19,1360.03,-1589.59,215.181,-2315.43,-552.459,2949.46,968.289,-1405.52
-250354,0,1,0,1,1,250401,-0.384764,0.00591807,1.98251,0.65987,0.194549,-1.62464,-1.32884,-0.638008,0.776036,1.76188,-0.149657,0.116447,-1.54277,-0.0636614,0.2482,-1.00728,-1.59481,-1.01706,-0.127135,0.559175,1.40119,-1.61276,1.8305,-0.0898098,-1.26576,-1.76124,1.23195,-0.269686,1.22789,-1.59845,-1.56077,0.458786,1.996,-0.185011,-1.75004,1.38731,-0.797919,-1.56933,0.936032,-1.67351,1.35279,0.444837,1.42627,-1.3104,-0.0724454,0.89088,-0.393547,0.886616,0.0264761,-0.478673,-1.03596,0.226382,0.0675763,-1.26799,0.156639,-0.0321617,0.998724,0.212245,-0.63784,-0.775643,-0.788799,1.94885,1.21166,0.828242,-0.92643,-0.62419,-1.08532,0.0134659,-0.922084,-1.04397,-1.82062,-0.720654,-1.94471,-0.376988,1.76676,-0.594025,1.17955,0.313105,1.16384,0.0323358,0.112372,0.276904,0.173359,1.84303,0.871915,-1.30925,-0.819472,-0.271119,0.144731,1.18899,1.07535,1.68402,1.67163,-0.91779,-0.253471,-1.68299,-0.374937,1.42931,0.855572,-1.19532,0.184552,-0.960454,1.26981,-1.13762,-0.235983,0.19657,0.360373,-1.18257,0.902594,-0.732579,0.951636,-0.731473,-0.238702,0.465339,-1.38064,0.816319,-1.01221,-0.528075,1.5098,-0.16097,-0.837695,-0.200716,1.04088,-0.15111,0.972847,-1.64256,-0.894583,-1.35672,0.910421,1.12617,0.5135,-0.598907,-0.116564,-1.68932,-0.309369,-0.0694633,0.680141,0.79706,-0.235168,-1.46363,0.527604,-0.181606,1.80473,-0.908593,-0.303427,-0.531873,0.448661,-0.259142,-0.890949,0.664079,0.485165,-0.680082,0.211193,0.27189,0.765202,1.85575,0.0385508,-0.314239,0.561861,-0.495302,0.588699,0.385523,-0.445647,0.277546,1.51256,0.930713,-2.20755,-0.317891,-0.362773,-0.372233,1.90591,-0.465293,-0.287981,-2.72473,1.15701,0.477239,0.242807,1.4415,0.326801,0.384948,0.287059,-1.02216,1.38816,-1.11049,-0.482191,1.88846,1.29604,-0.918719,-1.08726,-0.120362,0.579966,-2.16343,-0.853616,0.887237,0.279988,-1.44117,-1.1104,-1.8867,-0.564681,-0.0271389,-547.184,-508.299,2761.5,815.011,520.894,-1882.04,-2005.36,-819.359,713.376,4167.89,684.524,-60.5022,-3825.74,-379.508,89.5438,-786.665,-2764.26,-1893.05,-1138.15,1330.48,3721.9,-4549.31,2287.66,267.703,-2638.59,-2872.07,3581.78,-691.08,1559.76,-2665.15,-3407.54,531.827,2745.55,-223.138,-3512.96,4957.76,-1430.38,-3610.6,1490.59,-2808.39,2647.86,134.514,1058.66,-2025.01,485.435,3088.29,-408.039,1755.96,-843.537,223.64,-979.537,157.066,-382.401,-1592.82,146.539,630.355,1663.4,390.568,-1767.98,-422.267,-1066.21,3073.98,426.967,1910.6,-1257.09,-400.344,-1141.72,499.265,-2604.22,-1076.11,-4120.46,-2216.12,-5824.17,-626.233,4606.2,242.817,3643.23,1542.24,2193.71,656.864,865.569,271.498,-601.193,3442.11,1343.81,-669.027,-589.169,-124.323,-568.395,1995.34,2199.27,3168.19,1360.03,-1589.59,215.181,-2315.43,-552.459,2949.46,968.289,-1405.52
-250354,0,1,0,1,1,250393,-0.384764,0.00591807,1.98251,0.65987,0.194549,-1.62464,-1.32884,-0.638008,0.776036,1.76188,-0.149657,0.116447,-1.54277,-0.0636614,0.2482,-1.00728,-1.59481,-1.01706,-0.127135,0.559175,1.40119,-1.61276,1.8305,-0.0898098,-1.26576,-1.76124,1.23195,-0.269686,1.22789,-1.59845,-1.56077,0.458786,1.996,-0.185011,-1.75004,1.38731,-0.797919,-1.56933,0.936032,-1.67351,1.35279,0.444837,1.42627,-1.3104,-0.0724454,0.89088,-0.393547,0.886616,0.0264761,-0.478673,-1.03596,0.226382,0.0675763,-1.26799,0.156639,-0.0321617,0.998724,0.212245,-0.63784,-0.775643,-0.788799,1.94885,1.21166,0.828242,-0.92643,-0.62419,-1.08532,0.0134659,-0.922084,-1.04397,-1.82062,-0.720654,-1.94471,-0.376988,1.76676,-0.594025,1.17955,0.313105,1.16384,0.0323358,0.112372,0.276904,0.173359,1.84303,0.871915,-1.30925,-0.819472,-0.271119,0.144731,1.18899,1.07535,1.68402,1.67163,-0.91779,-0.253471,-1.68299,-0.374937,1.42931,0.855572,-1.19532,-0.549485,-0.229551,-1.07944,-0.320008,0.533889,-0.329531,0.107313,0.0721263,-0.187219,-0.126289,-1.51738,-0.246473,1.44526,0.443192,-0.728384,-0.00732761,1.23208,1.29524,-1.94846,-0.117113,-1.23635,0.353218,1.40479,1.5112,1.50621,0.0363496,1.59705,-0.929863,0.539899,-0.661834,0.176441,1.25078,0.706176,0.743964,-1.58694,-0.858649,-0.165915,-0.058798,-0.637266,1.30588,-1.45604,-0.845657,-0.0211119,0.49348,-1.05668,-1.21701,0.0452223,1.48978,1.14073,-0.300237,-1.12872,1.48748,0.107033,-0.613558,-0.937313,-1.11906,0.310649,-0.00455997,0.276482,-0.514025,-0.948958,-0.666366,1.27748,0.266978,-0.890671,0.335218,1.26683,0.730616,-0.344117,0.0703247,-0.271444,1.35858,0.877233,-0.649444,-0.679208,0.572953,-0.508036,0.504991,1.13904,1.45599,1.20095,-0.65182,1.60641,-0.203474,0.774592,0.76238,-1.24834,0.740521,0.269133,0.535631,-0.722011,-0.548824,-0.0417907,-0.254816,1.70249,0.484707,-0.422201,-0.819615,0.109165,0.810308,-547.184,-508.299,2761.5,815.011,520.894,-1882.04,-2005.36,-819.359,713.376,4167.89,684.524,-60.5022,-3825.74,-379.508,89.5438,-786.665,-2764.26,-1893.05,-1138.15,1330.48,3721.9,-4549.31,2287.66,267.703,-2638.59,-2872.07,3581.78,-691.08,1559.76,-2665.15,-3407.54,531.827,2745.55,-223.138,-3512.96,4957.76,-1430.38,-3610.6,1490.59,-2808.39,2647.86,134.514,1058.66,-2025.01,485.435,3088.29,-408.039,1755.96,-843.537,223.64,-979.537,157.066,-382.401,-1592.82,146.539,630.355,1663.4,390.568,-1767.98,-422.267,-1066.21,3073.98,426.967,1910.6,-1257.09,-400.344,-1141.72,499.265,-2604.22,-1076.11,-4120.46,-2216.12,-5824.17,-626.233,4606.2,242.817,3643.23,1542.24,2193.71,656.864,865.569,271.498,-601.193,3442.11,1343.81,-669.027,-589.169,-124.323,-568.395,1995.34,2199.27,3168.19,1360.03,-1589.59,215.181,-2315.43,-552.459,2949.46,968.289,-1405.52
-250354,0,1,0,1,1,250401,-0.384764,0.00591807,1.98251,0.65987,0.194549,-1.62464,-1.32884,-0.638008,0.776036,1.76188,-0.149657,0.116447,-1.54277,-0.0636614,0.2482,-1.00728,-1.59481,-1.01706,-0.127135,0.559175,1.40119,-1.61276,1.8305,-0.0898098,-1.26576,-1.76124,1.23195,-0.269686,1.22789,-1.59845,-1.56077,0.458786,1.996,-0.185011,-1.75004,1.38731,-0.797919,-1.56933,0.936032,-1.67351,1.35279,0.444837,1.42627,-1.3104,-0.0724454,0.89088,-0.393547,0.886616,0.0264761,-0.478673,-1.03596,0.226382,0.0675763,-1.26799,0.156639,-0.0321617,0.998724,0.212245,-0.63784,-0.775643,-0.788799,1.94885,1.21166,0.828242,-0.92643,-0.62419,-1.08532,0.0134659,-0.922084,-1.04397,-1.82062,-0.720654,-1.94471,-0.376988,1.76676,-0.594025,1.17955,0.313105,1.16384,0.0323358,0.112372,0.276904,0.173359,1.84303,0.871915,-1.30925,-0.819472,-0.271119,0.144731,1.18899,1.07535,1.68402,1.67163,-0.91779,-0.253471,-1.68299,-0.374937,1.42931,0.855572,-1.19532,-0.103041,-0.229652,-0.467621,-0.665839,-1.75243,-0.600873,0.506908,1.73643,-0.67555,0.151454,-1.26687,-0.952475,-0.992299,1.70677,-0.868332,0.883695,-0.456618,1.52388,1.82341,0.221141,0.18451,0.242093,-0.230983,-0.461355,-1.05616,0.914885,1.76557,1.2955,1.23047,0.712945,0.26351,-0.020292,0.674842,0.763,0.571133,0.441868,-1.12381,0.144448,-0.831617,1.11504,0.830218,-1.97907,-0.376005,0.319996,-0.807247,0.776854,0.338598,0.408096,-0.337413,-1.84511,-0.898774,1.14163,1.5559,-0.0134522,-1.32196,-0.577991,-0.287221,1.80438,-0.952588,-0.342945,1.09559,-1.38596,-1.2067,-0.695214,0.998344,-1.30086,-0.220824,0.612457,-1.3357,-0.333712,-1.0624,0.160965,0.362487,0.0303243,1.07571,0.538068,0.842747,1.11236,-0.821454,0.228905,-1.39512,0.267637,-0.441797,-1.00027,-1.16403,1.2058,-1.28537,0.162054,-0.977476,-1.97581,-0.304092,-1.55586,-1.59054,-0.0419972,-1.17705,-0.158758,-0.193468,-0.965399,-1.44465,-0.706436,-547.184,-508.299,2761.5,815.011,520.894,-1882.04,-2005.36,-819.359,713.376,4167.89,684.524,-60.5022,-3825.74,-379.508,89.5438,-786.665,-2764.26,-1893.05,-1138.15,1330.48,3721.9,-4549.31,2287.66,267.703,-2638.59,-2872.07,3581.78,-691.08,1559.76,-2665.15,-3407.54,531.827,2745.55,-223.138,-3512.96,4957.76,-1430.38,-3610.6,1490.59,-2808.39,2647.86,134.514,1058.66,-2025.01,485.435,3088.29,-408.039,1755.96,-843.537,223.64,-979.537,157.066,-382.401,-1592.82,146.539,630.355,1663.4,390.568,-1767.98,-422.267,-1066.21,3073.98,426.967,1910.6,-1257.09,-400.344,-1141.72,499.265,-2604.22,-1076.11,-4120.46,-2216.12,-5824.17,-626.233,4606.2,242.817,3643.23,1542.24,2193.71,656.864,865.569,271.498,-601.193,3442.11,1343.81,-669.027,-589.169,-124.323,-568.395,1995.34,2199.27,3168.19,1360.03,-1589.59,215.181,-2315.43,-552.459,2949.46,968.289,-1405.52
-250354,0,1,0,1,1,250400,-0.384764,0.00591807,1.98251,0.65987,0.194549,-1.62464,-1.32884,-0.638008,0.776036,1.76188,-0.149657,0.116447,-1.54277,-0.0636614,0.2482,-1.00728,-1.59481,-1.01706,-0.127135,0.559175,1.40119,-1.61276,1.8305,-0.0898098,-1.26576,-1.76124,1.23195,-0.269686,1.22789,-1.59845,-1.56077,0.458786,1.996,-0.185011,-1.75004,1.38731,-0.797919,-1.56933,0.936032,-1.67351,1.35279,0.444837,1.42627,-1.3104,-0.0724454,0.89088,-0.393547,0.886616,0.0264761,-0.478673,-1.03596,0.226382,0.0675763,-1.26799,0.156639,-0.0321617,0.998724,0.212245,-0.63784,-0.775643,-0.788799,1.94885,1.21166,0.828242,-0.92643,-0.62419,-1.08532,0.0134659,-0.922084,-1.04397,-1.82062,-0.720654,-1.94471,-0.376988,1.76676,-0.594025,1.17955,0.313105,1.16384,0.0323358,0.112372,0.276904,0.173359,1.84303,0.871915,-1.30925,-0.819472,-0.271119,0.144731,1.18899,1.07535,1.68402,1.67163,-0.91779,-0.253471,-1.68299,-0.374937,1.42931,0.855572,-1.19532,0.068158,1.29919,-1.33119,0.922881,-0.677432,1.2872,-0.606454,0.0587437,-0.344484,-0.303908,-1.90975,1.07857,-0.3629,-0.604818,0.321208,0.277284,0.60053,0.255075,0.601288,0.956595,0.831511,0.458461,-0.238977,2.1273,-0.489408,-1.36933,-0.319642,0.20113,1.41934,-0.539984,-1.43113,0.924377,1.02267,-0.515647,-0.847504,-0.360557,0.507982,0.466449,0.801219,-0.125489,0.600016,-0.268871,0.0421235,-0.520547,1.66715,1.44407,0.4009,1.20721,-0.403484,0.450262,0.551289,-0.533696,-0.353311,0.652125,1.00963,-0.563491,1.34713,-2.39496,-1.40532,1.03746,-0.0280266,1.03954,-0.474262,-0.101708,-0.491429,0.667675,-0.589616,-0.695259,-0.708731,0.0526318,-1.81147,0.336818,0.430406,1.35427,-0.868764,0.328893,-0.160341,-0.181796,1.81809,0.0393216,-0.987564,0.637636,-0.571163,-1.00557,-0.828325,-0.14581,1.09834,0.982395,2.74063,1.88635,-0.414404,0.50275,-0.523542,1.41597,-0.0552857,0.912034,2.471,-0.707913,-1.11954,-0.684737,-547.184,-508.299,2761.5,815.011,520.894,-1882.04,-2005.36,-819.359,713.376,4167.89,684.524,-60.5022,-3825.74,-379.508,89.5438,-786.665,-2764.26,-1893.05,-1138.15,1330.48,3721.9,-4549.31,2287.66,267.703,-2638.59,-2872.07,3581.78,-691.08,1559.76,-2665.15,-3407.54,531.827,2745.55,-223.138,-3512.96,4957.76,-1430.38,-3610.6,1490.59,-2808.39,2647.86,134.514,1058.66,-2025.01,485.435,3088.29,-408.039,1755.96,-843.537,223.64,-979.537,157.066,-382.401,-1592.82,146.539,630.355,1663.4,390.568,-1767.98,-422.267,-1066.21,3073.98,426.967,1910.6,-1257.09,-400.344,-1141.72,499.265,-2604.22,-1076.11,-4120.46,-2216.12,-5824.17,-626.233,4606.2,242.817,3643.23,1542.24,2193.71,656.864,865.569,271.498,-601.193,3442.11,1343.81,-669.027,-589.169,-124.323,-568.395,1995.34,2199.27,3168.19,1360.03,-1589.59,215.181,-2315.43,-552.459,2949.46,968.289,-1405.52
-250354,0,1,0,1,1,250413,-0.384764,0.00591807,1.98251,0.65987,0.194549,-1.62464,-1.32884,-0.638008,0.776036,1.76188,-0.149657,0.116447,-1.54277,-0.0636614,0.2482,-1.00728,-1.59481,-1.01706,-0.127135,0.559175,1.40119,-1.61276,1.8305,-0.0898098,-1.26576,-1.76124,1.23195,-0.269686,1.22789,-1.59845,-1.56077,0.458786,1.996,-0.185011,-1.75004,1.38731,-0.797919,-1.56933,0.936032,-1.67351,1.35279,0.444837,1.42627,-1.3104,-0.0724454,0.89088,-0.393547,0.886616,0.0264761,-0.478673,-1.03596,0.226382,0.0675763,-1.26799,0.156639,-0.0321617,0.998724,0.212245,-0.63784,-0.775643,-0.788799,1.94885,1.21166,0.828242,-0.92643,-0.62419,-1.08532,0.0134659,-0.922084,-1.04397,-1.82062,-0.720654,-1.94471,-0.376988,1.76676,-0.594025,1.17955,0.313105,1.16384,0.0323358,0.112372,0.276904,0.173359,1.84303,0.871915,-1.30925,-0.819472,-0.271119,0.144731,1.18899,1.07535,1.68402,1.67163,-0.91779,-0.253471,-1.68299,-0.374937,1.42931,0.855572,-1.19532,-0.00477677,1.64013,1.36555,0.565266,-0.840462,0.49242,0.565301,-0.517173,0.329551,-0.385946,1.49633,-1.20638,-0.90063,0.999074,-0.519563,0.668654,-0.661513,0.760871,1.41656,0.170726,-0.705927,1.09689,0.0978764,0.545173,-0.532892,1.72433,0.929673,0.905071,-0.747845,-0.313072,2.28335,-2.13403,2.53964,0.844602,0.382021,-1.09261,-0.716182,-0.525468,-0.748501,0.242509,0.668545,-1.27775,0.888856,-0.39448,0.828286,1.16602,-0.946621,0.612873,-0.923424,-1.38131,-1.86413,2.0689,-0.80577,0.226411,2.10472,0.108163,-0.920612,-0.636586,2.49533,0.372744,-0.0813933,-1.18472,1.35302,0.827639,-0.796124,-0.319127,0.00910326,0.476156,-2.0214,-0.691744,1.24091,-0.876355,0.378009,1.56712,-0.492572,-2.26836,0.256954,0.841115,0.100717,-1.41142,3.4367,-0.453272,0.866932,1.04449,0.571093,-0.870626,-0.191317,0.594906,-0.612356,0.72727,0.0700849,0.535685,-1.49014,0.805383,-0.457628,0.441028,-0.635692,-1.11434,0.915514,-0.572365,-547.184,-508.299,2761.5,815.011,520.894,-1882.04,-2005.36,-819.359,713.376,4167.89,684.524,-60.5022,-3825.74,-379.508,89.5438,-786.665,-2764.26,-1893.05,-1138.15,1330.48,3721.9,-4549.31,2287.66,267.703,-2638.59,-2872.07,3581.78,-691.08,1559.76,-2665.15,-3407.54,531.827,2745.55,-223.138,-3512.96,4957.76,-1430.38,-3610.6,1490.59,-2808.39,2647.86,134.514,1058.66,-2025.01,485.435,3088.29,-408.039,1755.96,-843.537,223.64,-979.537,157.066,-382.401,-1592.82,146.539,630.355,1663.4,390.568,-1767.98,-422.267,-1066.21,3073.98,426.967,1910.6,-1257.09,-400.344,-1141.72,499.265,-2604.22,-1076.11,-4120.46,-2216.12,-5824.17,-626.233,4606.2,242.817,3643.23,1542.24,2193.71,656.864,865.569,271.498,-601.193,3442.11,1343.81,-669.027,-589.169,-124.323,-568.395,1995.34,2199.27,3168.19,1360.03,-1589.59,215.181,-2315.43,-552.459,2949.46,968.289,-1405.52
-250354,0,1,0,1,1,250396,-0.384764,0.00591807,1.98251,0.65987,0.194549,-1.62464,-1.32884,-0.638008,0.776036,1.76188,-0.149657,0.116447,-1.54277,-0.0636614,0.2482,-1.00728,-1.59481,-1.01706,-0.127135,0.559175,1.40119,-1.61276,1.8305,-0.0898098,-1.26576,-1.76124,1.23195,-0.269686,1.22789,-1.59845,-1.56077,0.458786,1.996,-0.185011,-1.75004,1.38731,-0.797919,-1.56933,0.936032,-1.67351,1.35279,0.444837,1.42627,-1.3104,-0.0724454,0.89088,-0.393547,0.886616,0.0264761,-0.478673,-1.03596,0.226382,0.0675763,-1.26799,0.156639,-0.0321617,0.998724,0.212245,-0.63784,-0.775643,-0.788799,1.94885,1.21166,0.828242,-0.92643,-0.62419,-1.08532,0.0134659,-0.922084,-1.04397,-1.82062,-0.720654,-1.94471,-0.376988,1.76676,-0.594025,1.17955,0.313105,1.16384,0.0323358,0.112372,0.276904,0.173359,1.84303,0.871915,-1.30925,-0.819472,-0.271119,0.144731,1.18899,1.07535,1.68402,1.67163,-0.91779,-0.253471,-1.68299,-0.374937,1.42931,0.855572,-1.19532,1.28628,0.0431553,-0.172859,2.23059,0.164485,1.57699,1.8339,0.817183,-0.0687297,1.90187,0.27704,0.505528,0.178871,2.11282,-0.275454,0.366564,-0.8277,0.457152,-1.31588,0.793162,0.677159,-0.40717,1.04612,-0.554339,-0.802276,0.908149,0.562542,0.435968,0.31472,0.518954,0.990063,-1.22579,1.2758,0.160408,-2.00638,-0.349829,0.372867,0.732104,1.58552,0.0421114,-0.0521161,-1.09456,0.778695,-0.234203,-0.693616,0.232065,-0.11249,-0.295229,-1.25806,0.254704,0.37594,0.0721226,0.811913,0.213895,0.342079,-0.132955,0.891494,0.226827,-0.0159181,-0.348401,-0.141431,1.09107,-0.947404,0.752584,1.60944,-0.361723,-0.482934,2.18224,0.0778352,1.03757,0.0514741,-0.809969,0.472568,-0.728276,-1.34478,-0.0466067,1.93003,0.355726,0.174545,1.03308,-1.7508,0.776454,1.18999,1.54958,-1.00045,-0.379952,0.0186254,-0.0182578,-0.990876,0.493962,-0.536312,0.377663,1.63105,0.191879,-0.362009,-0.703599,-0.0543074,0.445469,1.50252,-0.236222,-547.184,-508.299,2761.5,815.011,520.894,-1882.04,-2005.36,-819.359,713.376,4167.89,684.524,-60.5022,-3825.74,-379.508,89.5438,-786.665,-2764.26,-1893.05,-1138.15,1330.48,3721.9,-4549.31,2287.66,267.703,-2638.59,-2872.07,3581.78,-691.08,1559.76,-2665.15,-3407.54,531.827,2745.55,-223.138,-3512.96,4957.76,-1430.38,-3610.6,1490.59,-2808.39,2647.86,134.514,1058.66,-2025.01,485.435,3088.29,-408.039,1755.96,-843.537,223.64,-979.537,157.066,-382.401,-1592.82,146.539,630.355,1663.4,390.568,-1767.98,-422.267,-1066.21,3073.98,426.967,1910.6,-1257.09,-400.344,-1141.72,499.265,-2604.22,-1076.11,-4120.46,-2216.12,-5824.17,-626.233,4606.2,242.817,3643.23,1542.24,2193.71,656.864,865.569,271.498,-601.193,3442.11,1343.81,-669.027,-589.169,-124.323,-568.395,1995.34,2199.27,3168.19,1360.03,-1589.59,215.181,-2315.43,-552.459,2949.46,968.289,-1405.52
-250354,0,1,0,1,1,250400,-0.384764,0.00591807,1.98251,0.65987,0.194549,-1.62464,-1.32884,-0.638008,0.776036,1.76188,-0.149657,0.116447,-1.54277,-0.0636614,0.2482,-1.00728,-1.59481,-1.01706,-0.127135,0.559175,1.40119,-1.61276,1.8305,-0.0898098,-1.26576,-1.76124,1.23195,-0.269686,1.22789,-1.59845,-1.56077,0.458786,1.996,-0.185011,-1.75004,1.38731,-0.797919,-1.56933,0.936032,-1.67351,1.35279,0.444837,1.42627,-1.3104,-0.0724454,0.89088,-0.393547,0.886616,0.0264761,-0.478673,-1.03596,0.226382,0.0675763,-1.26799,0.156639,-0.0321617,0.998724,0.212245,-0.63784,-0.775643,-0.788799,1.94885,1.21166,0.828242,-0.92643,-0.62419,-1.08532,0.0134659,-0.922084,-1.04397,-1.82062,-0.720654,-1.94471,-0.376988,1.76676,-0.594025,1.17955,0.313105,1.16384,0.0323358,0.112372,0.276904,0.173359,1.84303,0.871915,-1.30925,-0.819472,-0.271119,0.144731,1.18899,1.07535,1.68402,1.67163,-0.91779,-0.253471,-1.68299,-0.374937,1.42931,0.855572,-1.19532,-0.587065,-0.130784,-0.85346,0.122326,1.11029,0.138406,-0.66985,0.107167,-0.865077,0.342604,-1.98718,-0.453105,0.925568,-1.15832,-0.303645,1.24144,0.0554634,1.55386,0.350938,-1.45063,1.38196,-0.920689,-0.197698,1.24308,0.927407,0.542449,-0.218407,-0.979631,-1.50637,0.375989,3.15004,0.198517,0.276525,-0.727182,-0.669397,0.702011,1.09932,-1.28249,0.658936,-0.326605,-0.915174,-1.40596,0.56527,0.938763,-1.26841,-0.984055,-0.544362,-0.393243,0.886628,-0.191042,1.08472,0.0935554,0.912457,-0.555997,-1.58974,0.494705,-0.856725,-0.615804,0.398213,-0.136326,0.0866559,-1.30472,0.474543,-1.78675,1.11532,-1.30998,1.11979,0.150892,-0.364251,0.222289,0.916197,0.0940938,2.06188,0.656828,-0.221638,1.24782,-1.36816,0.359281,0.481697,2.38513,-0.133112,0.0663604,0.421077,0.0183653,0.299669,0.40416,0.55056,1.55578,-0.672305,-1.35884,-0.667708,-0.286649,-0.485592,0.519782,0.758201,-0.571054,1.26655,1.69103,-0.457655,0.363709,-547.184,-508.299,2761.5,815.011,520.894,-1882.04,-2005.36,-819.359,713.376,4167.89,684.524,-60.5022,-3825.74,-379.508,89.5438,-786.665,-2764.26,-1893.05,-1138.15,1330.48,3721.9,-4549.31,2287.66,267.703,-2638.59,-2872.07,3581.78,-691.08,1559.76,-2665.15,-3407.54,531.827,2745.55,-223.138,-3512.96,4957.76,-1430.38,-3610.6,1490.59,-2808.39,2647.86,134.514,1058.66,-2025.01,485.435,3088.29,-408.039,1755.96,-843.537,223.64,-979.537,157.066,-382.401,-1592.82,146.539,630.355,1663.4,390.568,-1767.98,-422.267,-1066.21,3073.98,426.967,1910.6,-1257.09,-400.344,-1141.72,499.265,-2604.22,-1076.11,-4120.46,-2216.12,-5824.17,-626.233,4606.2,242.817,3643.23,1542.24,2193.71,656.864,865.569,271.498,-601.193,3442.11,1343.81,-669.027,-589.169,-124.323,-568.395,1995.34,2199.27,3168.19,1360.03,-1589.59,215.181,-2315.43,-552.459,2949.46,968.289,-1405.52
-250354,0,1,0,1,1,250405,-0.384764,0.00591807,1.98251,0.65987,0.194549,-1.62464,-1.32884,-0.638008,0.776036,1.76188,-0.149657,0.116447,-1.54277,-0.0636614,0.2482,-1.00728,-1.59481,-1.01706,-0.127135,0.559175,1.40119,-1.61276,1.8305,-0.0898098,-1.26576,-1.76124,1.23195,-0.269686,1.22789,-1.59845,-1.56077,0.458786,1.996,-0.185011,-1.75004,1.38731,-0.797919,-1.56933,0.936032,-1.67351,1.35279,0.444837,1.42627,-1.3104,-0.0724454,0.89088,-0.393547,0.886616,0.0264761,-0.478673,-1.03596,0.226382,0.0675763,-1.26799,0.156639,-0.0321617,0.998724,0.212245,-0.63784,-0.775643,-0.788799,1.94885,1.21166,0.828242,-0.92643,-0.62419,-1.08532,0.0134659,-0.922084,-1.04397,-1.82062,-0.720654,-1.94471,-0.376988,1.76676,-0.594025,1.17955,0.313105,1.16384,0.0323358,0.112372,0.276904,0.173359,1.84303,0.871915,-1.30925,-0.819472,-0.271119,0.144731,1.18899,1.07535,1.68402,1.67163,-0.91779,-0.253471,-1.68299,-0.374937,1.42931,0.855572,-1.19532,0.0213046,-0.431672,-1.04428,0.53295,-0.0356343,-1.15636,-0.758917,0.649061,0.0278901,0.970812,1.16711,0.172907,0.731172,-2.00143,-0.600872,1.22951,-0.208892,-1.19501,1.40442,0.314827,-1.00217,-0.981693,0.576264,0.05393,-0.100113,-1.58977,0.39957,-0.0614153,-0.77695,-1.42058,-0.929292,2.58283,-0.323158,0.672995,0.158359,-0.642577,-0.096536,-0.888632,1.21538,-0.121499,0.390212,0.0747448,-0.0952005,1.69487,-1.89523,-0.991927,1.61425,1.17911,-0.915943,0.466177,-0.112618,1.97051,1.62693,-1.23885,-0.539081,0.58227,-0.441436,0.709914,0.307688,-0.786747,1.23193,-0.179111,-1.6239,0.196804,1.02373,0.658691,1.7969,-1.34442,1.65944,-1.00827,-1.29655,0.374348,-0.89945,1.94765,0.486159,0.270248,0.143823,0.0965757,1.1036,-0.0617045,0.176683,-1.27276,-0.441453,1.47769,-0.309368,0.473856,-1.65968,0.993646,-0.244001,0.429208,-3.05809,-0.264019,-0.144176,-0.880599,0.893273,0.170129,-0.738653,-0.802422,0.211197,0.761888,-547.184,-508.299,2761.5,815.011,520.894,-1882.04,-2005.36,-819.359,713.376,4167.89,684.524,-60.5022,-3825.74,-379.508,89.5438,-786.665,-2764.26,-1893.05,-1138.15,1330.48,3721.9,-4549.31,2287.66,267.703,-2638.59,-2872.07,3581.78,-691.08,1559.76,-2665.15,-3407.54,531.827,2745.55,-223.138,-3512.96,4957.76,-1430.38,-3610.6,1490.59,-2808.39,2647.86,134.514,1058.66,-2025.01,485.435,3088.29,-408.039,1755.96,-843.537,223.64,-979.537,157.066,-382.401,-1592.82,146.539,630.355,1663.4,390.568,-1767.98,-422.267,-1066.21,3073.98,426.967,1910.6,-1257.09,-400.344,-1141.72,499.265,-2604.22,-1076.11,-4120.46,-2216.12,-5824.17,-626.233,4606.2,242.817,3643.23,1542.24,2193.71,656.864,865.569,271.498,-601.193,3442.11,1343.81,-669.027,-589.169,-124.323,-568.395,1995.34,2199.27,3168.19,1360.03,-1589.59,215.181,-2315.43,-552.459,2949.46,968.289,-1405.52
-250354,0,1,0,1,1,250402,-0.384764,0.00591807,1.98251,0.65987,0.194549,-1.62464,-1.32884,-0.638008,0.776036,1.76188,-0.149657,0.116447,-1.54277,-0.0636614,0.2482,-1.00728,-1.59481,-1.01706,-0.127135,0.559175,1.40119,-1.61276,1.8305,-0.0898098,-1.26576,-1.76124,1.23195,-0.269686,1.22789,-1.59845,-1.56077,0.458786,1.996,-0.185011,-1.75004,1.38731,-0.797919,-1.56933,0.936032,-1.67351,1.35279,0.444837,1.42627,-1.3104,-0.0724454,0.89088,-0.393547,0.886616,0.0264761,-0.478673,-1.03596,0.226382,0.0675763,-1.26799,0.156639,-0.0321617,0.998724,0.212245,-0.63784,-0.775643,-0.788799,1.94885,1.21166,0.828242,-0.92643,-0.62419,-1.08532,0.0134659,-0.922084,-1.04397,-1.82062,-0.720654,-1.94471,-0.376988,1.76676,-0.594025,1.17955,0.313105,1.16384,0.0323358,0.112372,0.276904,0.173359,1.84303,0.871915,-1.30925,-0.819472,-0.271119,0.144731,1.18899,1.07535,1.68402,1.67163,-0.91779,-0.253471,-1.68299,-0.374937,1.42931,0.855572,-1.19532,1.02065,0.094298,0.130146,-0.101205,-2.26777,-0.0822278,-0.621746,-1.12002,-1.20782,-0.681247,0.668127,0.649995,0.316846,-1.17363,1.38998,1.46103,-0.281954,-0.702335,0.966537,0.0372296,-0.52287,1.13316,-0.123323,1.11978,-0.815926,-1.01843,-0.146379,0.677872,0.371326,1.19472,-1.01198,1.37727,0.413609,0.347389,1.5968,-0.0542637,0.0403155,-0.190568,-0.280277,0.691348,1.51359,-1.62356,-1.27381,-1.72408,-0.199239,-0.669447,-0.267474,0.355392,0.150894,-1.03727,0.823455,0.530482,-0.2671,-0.759188,-0.00601901,-0.254439,-1.00099,1.19015,1.7319,-0.40025,1.82071,-0.0905034,-1.78793,-0.503127,-0.0659103,-0.262911,-0.894599,0.424357,0.336937,-0.640344,-0.527285,-0.26879,1.54984,0.113177,3.11608,-0.189687,-0.751767,1.94316,-0.227653,1.7673,-0.618969,0.362459,0.0302765,-1.07286,0.382038,-0.331917,0.577942,1.33019,-0.655427,-2.01169,0.724147,0.255726,1.96894,-1.42121,0.822009,0.769544,0.0623158,0.979358,-1.05859,-0.499135,-547.184,-508.299,2761.5,815.011,520.894,-1882.04,-2005.36,-819.359,713.376,4167.89,684.524,-60.5022,-3825.74,-379.508,89.5438,-786.665,-2764.26,-1893.05,-1138.15,1330.48,3721.9,-4549.31,2287.66,267.703,-2638.59,-2872.07,3581.78,-691.08,1559.76,-2665.15,-3407.54,531.827,2745.55,-223.138,-3512.96,4957.76,-1430.38,-3610.6,1490.59,-2808.39,2647.86,134.514,1058.66,-2025.01,485.435,3088.29,-408.039,1755.96,-843.537,223.64,-979.537,157.066,-382.401,-1592.82,146.539,630.355,1663.4,390.568,-1767.98,-422.267,-1066.21,3073.98,426.967,1910.6,-1257.09,-400.344,-1141.72,499.265,-2604.22,-1076.11,-4120.46,-2216.12,-5824.17,-626.233,4606.2,242.817,3643.23,1542.24,2193.71,656.864,865.569,271.498,-601.193,3442.11,1343.81,-669.027,-589.169,-124.323,-568.395,1995.34,2199.27,3168.19,1360.03,-1589.59,215.181,-2315.43,-552.459,2949.46,968.289,-1405.52
-250354,0,1,0,1,1,250411,-0.384764,0.00591807,1.98251,0.65987,0.194549,-1.62464,-1.32884,-0.638008,0.776036,1.76188,-0.149657,0.116447,-1.54277,-0.0636614,0.2482,-1.00728,-1.59481,-1.01706,-0.127135,0.559175,1.40119,-1.61276,1.8305,-0.0898098,-1.26576,-1.76124,1.23195,-0.269686,1.22789,-1.59845,-1.56077,0.458786,1.996,-0.185011,-1.75004,1.38731,-0.797919,-1.56933,0.936032,-1.67351,1.35279,0.444837,1.42627,-1.3104,-0.0724454,0.89088,-0.393547,0.886616,0.0264761,-0.478673,-1.03596,0.226382,0.0675763,-1.26799,0.156639,-0.0321617,0.998724,0.212245,-0.63784,-0.775643,-0.788799,1.94885,1.21166,0.828242,-0.92643,-0.62419,-1.08532,0.0134659,-0.922084,-1.04397,-1.82062,-0.720654,-1.94471,-0.376988,1.76676,-0.594025,1.17955,0.313105,1.16384,0.0323358,0.112372,0.276904,0.173359,1.84303,0.871915,-1.30925,-0.819472,-0.271119,0.144731,1.18899,1.07535,1.68402,1.67163,-0.91779,-0.253471,-1.68299,-0.374937,1.42931,0.855572,-1.19532,0.648474,-0.190416,0.325855,-0.201028,-1.3726,0.555941,-0.854511,1.32351,-2.24553,-0.698056,0.0438151,-0.905933,1.30344,-0.172201,-2.06189,1.08344,2.28998,-0.138106,-0.815825,1.17405,-2.04679,-0.0201393,0.807586,-0.291044,0.695101,-0.544803,1.11635,1.31953,-1.43265,-0.868164,0.536283,-1.20452,0.794386,0.579613,0.396209,-0.857446,1.52019,-0.580384,-0.537004,0.288633,-0.776522,0.0861232,-1.38667,0.764615,-2.48331,-0.97029,-1.04874,-2.32577,1.12637,0.689078,-0.707329,0.793227,0.17886,0.89856,-0.452432,0.97084,0.674497,-0.243704,-1.96115,1.00561,0.0472429,0.267899,0.593249,-0.510218,1.70493,0.774582,1.23456,0.140199,1.41915,1.50016,1.02379,1.4331,0.718862,-0.52993,-0.290609,-1.82436,-2.1219,-0.983186,1.22536,-0.699959,-0.652242,0.707532,0.182246,-0.812292,-1.55548,0.784034,-1.11656,1.2816,-1.01258,0.788362,-0.339569,-0.55046,-0.687336,-1.39015,1.57444,0.384972,0.534254,0.275997,-0.840594,-1.3757,-547.184,-508.299,2761.5,815.011,520.894,-1882.04,-2005.36,-819.359,713.376,4167.89,684.524,-60.5022,-3825.74,-379.508,89.5438,-786.665,-2764.26,-1893.05,-1138.15,1330.48,3721.9,-4549.31,2287.66,267.703,-2638.59,-2872.07,3581.78,-691.08,1559.76,-2665.15,-3407.54,531.827,2745.55,-223.138,-3512.96,4957.76,-1430.38,-3610.6,1490.59,-2808.39,2647.86,134.514,1058.66,-2025.01,485.435,3088.29,-408.039,1755.96,-843.537,223.64,-979.537,157.066,-382.401,-1592.82,146.539,630.355,1663.4,390.568,-1767.98,-422.267,-1066.21,3073.98,426.967,1910.6,-1257.09,-400.344,-1141.72,499.265,-2604.22,-1076.11,-4120.46,-2216.12,-5824.17,-626.233,4606.2,242.817,3643.23,1542.24,2193.71,656.864,865.569,271.498,-601.193,3442.11,1343.81,-669.027,-589.169,-124.323,-568.395,1995.34,2199.27,3168.19,1360.03,-1589.59,215.181,-2315.43,-552.459,2949.46,968.289,-1405.52
-250354,0,1,0,1,1,250403,-0.384764,0.00591807,1.98251,0.65987,0.194549,-1.62464,-1.32884,-0.638008,0.776036,1.76188,-0.149657,0.116447,-1.54277,-0.0636614,0.2482,-1.00728,-1.59481,-1.01706,-0.127135,0.559175,1.40119,-1.61276,1.8305,-0.0898098,-1.26576,-1.76124,1.23195,-0.269686,1.22789,-1.59845,-1.56077,0.458786,1.996,-0.185011,-1.75004,1.38731,-0.797919,-1.56933,0.936032,-1.67351,1.35279,0.444837,1.42627,-1.3104,-0.0724454,0.89088,-0.393547,0.886616,0.0264761,-0.478673,-1.03596,0.226382,0.0675763,-1.26799,0.156639,-0.0321617,0.998724,0.212245,-0.63784,-0.775643,-0.788799,1.94885,1.21166,0.828242,-0.92643,-0.62419,-1.08532,0.0134659,-0.922084,-1.04397,-1.82062,-0.720654,-1.94471,-0.376988,1.76676,-0.594025,1.17955,0.313105,1.16384,0.0323358,0.112372,0.276904,0.173359,1.84303,0.871915,-1.30925,-0.819472,-0.271119,0.144731,1.18899,1.07535,1.68402,1.67163,-0.91779,-0.253471,-1.68299,-0.374937,1.42931,0.855572,-1.19532,1.37126,-0.978552,-1.44444,0.741875,-0.745294,-0.205258,-0.0214129,1.13527,-0.187043,-0.0750568,-0.516991,-1.13279,1.24248,0.438611,-0.247612,0.604395,0.793448,0.904328,0.843898,-0.723538,0.929421,-1.05012,0.327499,-0.178644,-1.49922,-0.648095,1.55012,-0.436475,0.114321,1.63285,1.11377,-3.93125,0.153147,0.909565,-0.38558,0.729058,0.995864,0.665466,0.271582,0.84043,-1.61244,-0.80391,-0.717417,-0.758034,0.715705,-0.18699,-0.933518,-0.409184,-0.728083,-0.562551,1.33989,-1.80361,0.459171,1.90223,2.28892,0.400944,-0.905489,1.38568,-0.168094,0.343514,-0.376037,0.565665,-0.872815,1.05844,-0.334559,2.01335,0.770383,0.231502,-0.104506,0.596964,-0.363206,-0.0741927,-0.0981867,1.25486,0.724499,0.303323,-0.14199,-0.170428,-0.823838,-0.345216,0.122511,-0.143042,-0.840115,0.799249,1.31404,0.274515,0.29082,-1.08849,-1.24982,0.390228,1.59499,-0.183358,-0.128181,0.17781,0.0309931,-0.918909,-0.072406,-0.0923799,-2.77208,1.47629,-547.184,-508.299,2761.5,815.011,520.894,-1882.04,-2005.36,-819.359,713.376,4167.89,684.524,-60.5022,-3825.74,-379.508,89.5438,-786.665,-2764.26,-1893.05,-1138.15,1330.48,3721.9,-4549.31,2287.66,267.703,-2638.59,-2872.07,3581.78,-691.08,1559.76,-2665.15,-3407.54,531.827,2745.55,-223.138,-3512.96,4957.76,-1430.38,-3610.6,1490.59,-2808.39,2647.86,134.514,1058.66,-2025.01,485.435,3088.29,-408.039,1755.96,-843.537,223.64,-979.537,157.066,-382.401,-1592.82,146.539,630.355,1663.4,390.568,-1767.98,-422.267,-1066.21,3073.98,426.967,1910.6,-1257.09,-400.344,-1141.72,499.265,-2604.22,-1076.11,-4120.46,-2216.12,-5824.17,-626.233,4606.2,242.817,3643.23,1542.24,2193.71,656.864,865.569,271.498,-601.193,3442.11,1343.81,-669.027,-589.169,-124.323,-568.395,1995.34,2199.27,3168.19,1360.03,-1589.59,215.181,-2315.43,-552.459,2949.46,968.289,-1405.52
-250354,0,1,0,1,1,250396,-0.384764,0.00591807,1.98251,0.65987,0.194549,-1.62464,-1.32884,-0.638008,0.776036,1.76188,-0.149657,0.116447,-1.54277,-0.0636614,0.2482,-1.00728,-1.59481,-1.01706,-0.127135,0.559175,1.40119,-1.61276,1.8305,-0.0898098,-1.26576,-1.76124,1.23195,-0.269686,1.22789,-1.59845,-1.56077,0.458786,1.996,-0.185011,-1.75004,1.38731,-0.797919,-1.56933,0.936032,-1.67351,1.35279,0.444837,1.42627,-1.3104,-0.0724454,0.89088,-0.393547,0.886616,0.0264761,-0.478673,-1.03596,0.226382,0.0675763,-1.26799,0.156639,-0.0321617,0.998724,0.212245,-0.63784,-0.775643,-0.788799,1.94885,1.21166,0.828242,-0.92643,-0.62419,-1.08532,0.0134659,-0.922084,-1.04397,-1.82062,-0.720654,-1.94471,-0.376988,1.76676,-0.594025,1.17955,0.313105,1.16384,0.0323358,0.112372,0.276904,0.173359,1.84303,0.871915,-1.30925,-0.819472,-0.271119,0.144731,1.18899,1.07535,1.68402,1.67163,-0.91779,-0.253471,-1.68299,-0.374937,1.42931,0.855572,-1.19532,1.71985,-0.0837387,0.286521,-0.000907337,-1.06113,-0.101921,2.14605,0.78641,0.290468,-0.323868,-0.687919,-1.3496,0.283163,-1.01926,0.705797,0.54156,-0.440011,0.639713,-0.725799,0.519107,0.435213,-0.961923,-0.0360789,0.99058,-0.825165,0.174306,-0.668435,0.160865,-0.90722,0.253491,-0.173398,-0.92862,-0.0966932,-0.596275,-1.01822,-0.896501,1.34215,0.936192,-0.269449,-1.04028,0.348391,-0.026466,1.40503,0.647236,-1.58661,-0.435831,-0.941259,-1.41384,0.680559,0.471019,-0.79333,0.0279893,0.380311,-0.160099,-0.42049,0.720933,0.214803,-2.37608,-0.20354,1.40893,0.297089,-0.280394,1.18153,0.642827,-0.0986776,-0.799124,0.0038049,0.713247,-0.671179,0.450602,-2.39143,0.592209,-2.01917,-0.681213,-0.804222,-0.378835,1.31293,-0.235588,1.06872,-0.951761,1.0651,0.826019,-0.550057,0.466662,-0.262035,0.579994,-0.588739,1.32291,-1.80514,0.0516179,-0.805445,-2.3913,-0.502699,-0.551158,-0.756852,-1.35438,-1.33412,1.07469,-0.0458601,0.484149,-547.184,-508.299,2761.5,815.011,520.894,-1882.04,-2005.36,-819.359,713.376,4167.89,684.524,-60.5022,-3825.74,-379.508,89.5438,-786.665,-2764.26,-1893.05,-1138.15,1330.48,3721.9,-4549.31,2287.66,267.703,-2638.59,-2872.07,3581.78,-691.08,1559.76,-2665.15,-3407.54,531.827,2745.55,-223.138,-3512.96,4957.76,-1430.38,-3610.6,1490.59,-2808.39,2647.86,134.514,1058.66,-2025.01,485.435,3088.29,-408.039,1755.96,-843.537,223.64,-979.537,157.066,-382.401,-1592.82,146.539,630.355,1663.4,390.568,-1767.98,-422.267,-1066.21,3073.98,426.967,1910.6,-1257.09,-400.344,-1141.72,499.265,-2604.22,-1076.11,-4120.46,-2216.12,-5824.17,-626.233,4606.2,242.817,3643.23,1542.24,2193.71,656.864,865.569,271.498,-601.193,3442.11,1343.81,-669.027,-589.169,-124.323,-568.395,1995.34,2199.27,3168.19,1360.03,-1589.59,215.181,-2315.43,-552.459,2949.46,968.289,-1405.52
-250354,0,1,0,1,1,250388,-0.384764,0.00591807,1.98251,0.65987,0.194549,-1.62464,-1.32884,-0.638008,0.776036,1.76188,-0.149657,0.116447,-1.54277,-0.0636614,0.2482,-1.00728,-1.59481,-1.01706,-0.127135,0.559175,1.40119,-1.61276,1.8305,-0.0898098,-1.26576,-1.76124,1.23195,-0.269686,1.22789,-1.59845,-1.56077,0.458786,1.996,-0.185011,-1.75004,1.38731,-0.797919,-1.56933,0.936032,-1.67351,1.35279,0.444837,1.42627,-1.3104,-0.0724454,0.89088,-0.393547,0.886616,0.0264761,-0.478673,-1.03596,0.226382,0.0675763,-1.26799,0.156639,-0.0321617,0.998724,0.212245,-0.63784,-0.775643,-0.788799,1.94885,1.21166,0.828242,-0.92643,-0.62419,-1.08532,0.0134659,-0.922084,-1.04397,-1.82062,-0.720654,-1.94471,-0.376988,1.76676,-0.594025,1.17955,0.313105,1.16384,0.0323358,0.112372,0.276904,0.173359,1.84303,0.871915,-1.30925,-0.819472,-0.271119,0.144731,1.18899,1.07535,1.68402,1.67163,-0.91779,-0.253471,-1.68299,-0.374937,1.42931,0.855572,-1.19532,0.582322,-0.820702,1.10149,-0.151517,1.13307,-0.675693,-0.134417,-2.07184,0.302926,-0.70524,0.415365,-0.42674,-0.0758125,0.0754948,1.82901,0.630853,0.462872,0.885605,0.188849,-0.101477,-0.75638,-0.527213,0.383207,-0.0722607,-0.932269,2.47244,0.754054,-0.0100872,-0.602156,-0.070293,-0.653565,0.528581,1.26953,-0.642674,-0.757704,0.540679,-0.395983,-0.110989,-0.583826,-0.527605,-0.95196,0.253033,0.293084,0.282404,-1.12154,-1.01533,0.702619,0.41112,0.880169,0.705118,0.975169,0.0693303,1.17634,0.280753,0.976894,-0.723808,-0.128419,-0.407743,-0.268749,0.474141,-1.16996,-0.577458,0.639715,0.86338,-1.14389,-0.9349,-1.18279,-0.402527,-0.626998,-0.818863,0.649969,-0.445609,-0.871667,0.78907,0.518773,0.120225,-1.22504,0.411336,-0.130687,-0.8698,-0.746741,0.317231,1.43511,-0.728859,-0.273965,0.694669,-0.506999,2.19423,0.63529,-1.41549,-0.357724,-0.962536,0.506307,0.559698,0.597472,-1.84013,1.12119,-0.0680922,0.32368,-0.505376,-547.184,-508.299,2761.5,815.011,520.894,-1882.04,-2005.36,-819.359,713.376,4167.89,684.524,-60.5022,-3825.74,-379.508,89.5438,-786.665,-2764.26,-1893.05,-1138.15,1330.48,3721.9,-4549.31,2287.66,267.703,-2638.59,-2872.07,3581.78,-691.08,1559.76,-2665.15,-3407.54,531.827,2745.55,-223.138,-3512.96,4957.76,-1430.38,-3610.6,1490.59,-2808.39,2647.86,134.514,1058.66,-2025.01,485.435,3088.29,-408.039,1755.96,-843.537,223.64,-979.537,157.066,-382.401,-1592.82,146.539,630.355,1663.4,390.568,-1767.98,-422.267,-1066.21,3073.98,426.967,1910.6,-1257.09,-400.344,-1141.72,499.265,-2604.22,-1076.11,-4120.46,-2216.12,-5824.17,-626.233,4606.2,242.817,3643.23,1542.24,2193.71,656.864,865.569,271.498,-601.193,3442.11,1343.81,-669.027,-589.169,-124.323,-568.395,1995.34,2199.27,3168.19,1360.03,-1589.59,215.181,-2315.43,-552.459,2949.46,968.289,-1405.52
-250354,0,1,0,1,1,250401,-0.384764,0.00591807,1.98251,0.65987,0.194549,-1.62464,-1.32884,-0.638008,0.776036,1.76188,-0.149657,0.116447,-1.54277,-0.0636614,0.2482,-1.00728,-1.59481,-1.01706,-0.127135,0.559175,1.40119,-1.61276,1.8305,-0.0898098,-1.26576,-1.76124,1.23195,-0.269686,1.22789,-1.59845,-1.56077,0.458786,1.996,-0.185011,-1.75004,1.38731,-0.797919,-1.56933,0.936032,-1.67351,1.35279,0.444837,1.42627,-1.3104,-0.0724454,0.89088,-0.393547,0.886616,0.0264761,-0.478673,-1.03596,0.226382,0.0675763,-1.26799,0.156639,-0.0321617,0.998724,0.212245,-0.63784,-0.775643,-0.788799,1.94885,1.21166,0.828242,-0.92643,-0.62419,-1.08532,0.0134659,-0.922084,-1.04397,-1.82062,-0.720654,-1.94471,-0.376988,1.76676,-0.594025,1.17955,0.313105,1.16384,0.0323358,0.112372,0.276904,0.173359,1.84303,0.871915,-1.30925,-0.819472,-0.271119,0.144731,1.18899,1.07535,1.68402,1.67163,-0.91779,-0.253471,-1.68299,-0.374937,1.42931,0.855572,-1.19532,0.739872,-1.17413,-0.907503,0.708566,-2.15468,0.823657,-0.403174,0.314286,0.155305,0.0100922,-0.612353,-0.803504,0.981245,-0.751082,0.685772,-0.995163,1.93689,0.122652,0.132817,-0.0406063,1.74801,-1.40733,-1.3101,-0.437749,1.47784,-0.780356,0.742669,-0.816651,1.01921,0.39788,-1.06344,1.69986,-0.906557,-0.588231,0.259785,-1.49708,0.85924,0.982792,1.84031,0.671637,1.04222,-0.281988,-0.341295,0.181038,-0.771977,0.727141,-0.512692,1.18519,0.180817,-0.435968,0.586399,0.835973,0.856569,0.360108,-0.742654,-0.530255,-0.962389,0.3082,-0.0941404,1.44263,-1.74727,1.34495,-0.940326,-1.69098,0.284545,0.0112448,-0.993976,0.0560985,-0.479399,0.343358,0.667357,-1.3178,-1.00931,0.0330211,-0.813505,-2.02192,1.78475,0.266792,-0.27243,0.455801,-0.429843,0.746781,-0.0851636,-1.20765,0.65951,-0.784625,-2.33527,1.56453,-0.425049,-0.620739,0.150769,0.381437,-0.214158,-0.815631,-1.863,-0.0119289,-0.47561,0.387445,-0.517183,-1.74421,-547.184,-508.299,2761.5,815.011,520.894,-1882.04,-2005.36,-819.359,713.376,4167.89,684.524,-60.5022,-3825.74,-379.508,89.5438,-786.665,-2764.26,-1893.05,-1138.15,1330.48,3721.9,-4549.31,2287.66,267.703,-2638.59,-2872.07,3581.78,-691.08,1559.76,-2665.15,-3407.54,531.827,2745.55,-223.138,-3512.96,4957.76,-1430.38,-3610.6,1490.59,-2808.39,2647.86,134.514,1058.66,-2025.01,485.435,3088.29,-408.039,1755.96,-843.537,223.64,-979.537,157.066,-382.401,-1592.82,146.539,630.355,1663.4,390.568,-1767.98,-422.267,-1066.21,3073.98,426.967,1910.6,-1257.09,-400.344,-1141.72,499.265,-2604.22,-1076.11,-4120.46,-2216.12,-5824.17,-626.233,4606.2,242.817,3643.23,1542.24,2193.71,656.864,865.569,271.498,-601.193,3442.11,1343.81,-669.027,-589.169,-124.323,-568.395,1995.34,2199.27,3168.19,1360.03,-1589.59,215.181,-2315.43,-552.459,2949.46,968.289,-1405.52
-250354,0,1,0,1,1,250395,-0.384764,0.00591807,1.98251,0.65987,0.194549,-1.62464,-1.32884,-0.638008,0.776036,1.76188,-0.149657,0.116447,-1.54277,-0.0636614,0.2482,-1.00728,-1.59481,-1.01706,-0.127135,0.559175,1.40119,-1.61276,1.8305,-0.0898098,-1.26576,-1.76124,1.23195,-0.269686,1.22789,-1.59845,-1.56077,0.458786,1.996,-0.185011,-1.75004,1.38731,-0.797919,-1.56933,0.936032,-1.67351,1.35279,0.444837,1.42627,-1.3104,-0.0724454,0.89088,-0.393547,0.886616,0.0264761,-0.478673,-1.03596,0.226382,0.0675763,-1.26799,0.156639,-0.0321617,0.998724,0.212245,-0.63784,-0.775643,-0.788799,1.94885,1.21166,0.828242,-0.92643,-0.62419,-1.08532,0.0134659,-0.922084,-1.04397,-1.82062,-0.720654,-1.94471,-0.376988,1.76676,-0.594025,1.17955,0.313105,1.16384,0.0323358,0.112372,0.276904,0.173359,1.84303,0.871915,-1.30925,-0.819472,-0.271119,0.144731,1.18899,1.07535,1.68402,1.67163,-0.91779,-0.253471,-1.68299,-0.374937,1.42931,0.855572,-1.19532,1.96953,-0.786519,0.067495,0.529727,1.72813,0.152469,-0.950373,-0.267399,0.90354,0.678767,-0.560586,-0.318341,0.0283517,0.811555,0.49753,-0.664685,-0.579977,-0.274387,-0.995495,1.89214,0.42059,0.206011,1.03338,1.26807,-0.345355,1.57724,0.697701,-0.238834,-0.00393737,-1.4115,0.843739,-1.82155,0.799205,0.878671,1.40037,0.213561,-0.0654024,-1.10496,1.08476,0.569383,-0.349736,-0.262491,-1.58901,-0.433985,1.2881,-1.00301,0.25647,-1.93635,0.0755648,-1.86473,0.603135,0.044436,-0.163452,1.51247,-0.800092,0.538047,-1.12105,1.2797,-0.562448,0.448948,-1.85552,0.312121,0.598032,-0.710301,1.67836,-0.581015,1.05502,0.635964,-1.15726,-0.590946,0.318698,-0.714072,0.842924,-0.841679,-0.0905313,0.866566,-1.38977,0.996038,-0.303124,0.556039,-0.234069,-0.258368,-1.10168,-0.489764,-0.297788,0.418142,0.522254,0.471463,0.0146653,0.755462,-1.4022,-0.180176,-1.03329,0.216394,0.168662,0.687619,0.754061,1.17645,-0.901302,0.334247,-547.184,-508.299,2761.5,815.011,520.894,-1882.04,-2005.36,-819.359,713.376,4167.89,684.524,-60.5022,-3825.74,-379.508,89.5438,-786.665,-2764.26,-1893.05,-1138.15,1330.48,3721.9,-4549.31,2287.66,267.703,-2638.59,-2872.07,3581.78,-691.08,1559.76,-2665.15,-3407.54,531.827,2745.55,-223.138,-3512.96,4957.76,-1430.38,-3610.6,1490.59,-2808.39,2647.86,134.514,1058.66,-2025.01,485.435,3088.29,-408.039,1755.96,-843.537,223.64,-979.537,157.066,-382.401,-1592.82,146.539,630.355,1663.4,390.568,-1767.98,-422.267,-1066.21,3073.98,426.967,1910.6,-1257.09,-400.344,-1141.72,499.265,-2604.22,-1076.11,-4120.46,-2216.12,-5824.17,-626.233,4606.2,242.817,3643.23,1542.24,2193.71,656.864,865.569,271.498,-601.193,3442.11,1343.81,-669.027,-589.169,-124.323,-568.395,1995.34,2199.27,3168.19,1360.03,-1589.59,215.181,-2315.43,-552.459,2949.46,968.289,-1405.52
-250354,0,1,0,1,1,250407,-0.384764,0.00591807,1.98251,0.65987,0.194549,-1.62464,-1.32884,-0.638008,0.776036,1.76188,-0.149657,0.116447,-1.54277,-0.0636614,0.2482,-1.00728,-1.59481,-1.01706,-0.127135,0.559175,1.40119,-1.61276,1.8305,-0.0898098,-1.26576,-1.76124,1.23195,-0.269686,1.22789,-1.59845,-1.56077,0.458786,1.996,-0.185011,-1.75004,1.38731,-0.797919,-1.56933,0.936032,-1.67351,1.35279,0.444837,1.42627,-1.3104,-0.0724454,0.89088,-0.393547,0.886616,0.0264761,-0.478673,-1.03596,0.226382,0.0675763,-1.26799,0.156639,-0.0321617,0.998724,0.212245,-0.63784,-0.775643,-0.788799,1.94885,1.21166,0.828242,-0.92643,-0.62419,-1.08532,0.0134659,-0.922084,-1.04397,-1.82062,-0.720654,-1.94471,-0.376988,1.76676,-0.594025,1.17955,0.313105,1.16384,0.0323358,0.112372,0.276904,0.173359,1.84303,0.871915,-1.30925,-0.819472,-0.271119,0.144731,1.18899,1.07535,1.68402,1.67163,-0.91779,-0.253471,-1.68299,-0.374937,1.42931,0.855572,-1.19532,-0.489289,-0.227325,-0.309932,1.94906,-0.355871,-0.606166,-0.426268,1.54574,0.332842,-0.0892494,-0.197633,0.369473,1.60142,0.314995,0.344132,1.84133,1.70992,0.535929,0.720756,-0.639757,1.5344,1.01098,0.338009,0.181379,-0.24702,-3.84436,-0.150147,1.25775,0.397405,0.974066,0.323998,0.596934,-1.67841,1.4103,-0.751334,0.975098,1.84446,1.32917,-0.736874,-0.4829,0.285746,-0.560441,-0.9895,0.985235,0.594763,-1.43228,0.937822,0.193002,-0.14053,-0.597381,0.10851,0.730841,2.15861,-0.183576,0.146643,0.698187,1.28312,1.78619,-0.185785,-0.165477,0.507541,-0.709726,0.524032,-0.117731,0.558362,-0.683049,0.709739,0.755836,1.89044,-1.58547,-0.445738,0.65543,1.01236,0.346225,-0.0490464,0.892166,-1.10783,0.413561,0.513192,-0.515448,-0.287459,0.160591,-0.973388,-0.661698,-1.12681,-1.07263,-0.571953,0.727753,0.459925,-0.819649,-0.00697215,-1.63531,0.0209843,-0.436973,-0.793795,-0.102784,0.879978,0.0741546,-0.414157,-3.70706,-547.184,-508.299,2761.5,815.011,520.894,-1882.04,-2005.36,-819.359,713.376,4167.89,684.524,-60.5022,-3825.74,-379.508,89.5438,-786.665,-2764.26,-1893.05,-1138.15,1330.48,3721.9,-4549.31,2287.66,267.703,-2638.59,-2872.07,3581.78,-691.08,1559.76,-2665.15,-3407.54,531.827,2745.55,-223.138,-3512.96,4957.76,-1430.38,-3610.6,1490.59,-2808.39,2647.86,134.514,1058.66,-2025.01,485.435,3088.29,-408.039,1755.96,-843.537,223.64,-979.537,157.066,-382.401,-1592.82,146.539,630.355,1663.4,390.568,-1767.98,-422.267,-1066.21,3073.98,426.967,1910.6,-1257.09,-400.344,-1141.72,499.265,-2604.22,-1076.11,-4120.46,-2216.12,-5824.17,-626.233,4606.2,242.817,3643.23,1542.24,2193.71,656.864,865.569,271.498,-601.193,3442.11,1343.81,-669.027,-589.169,-124.323,-568.395,1995.34,2199.27,3168.19,1360.03,-1589.59,215.181,-2315.43,-552.459,2949.46,968.289,-1405.52
-250354,0,1,0,1,1,250401,-0.384764,0.00591807,1.98251,0.65987,0.194549,-1.62464,-1.32884,-0.638008,0.776036,1.76188,-0.149657,0.116447,-1.54277,-0.0636614,0.2482,-1.00728,-1.59481,-1.01706,-0.127135,0.559175,1.40119,-1.61276,1.8305,-0.0898098,-1.26576,-1.76124,1.23195,-0.269686,1.22789,-1.59845,-1.56077,0.458786,1.996,-0.185011,-1.75004,1.38731,-0.797919,-1.56933,0.936032,-1.67351,1.35279,0.444837,1.42627,-1.3104,-0.0724454,0.89088,-0.393547,0.886616,0.0264761,-0.478673,-1.03596,0.226382,0.0675763,-1.26799,0.156639,-0.0321617,0.998724,0.212245,-0.63784,-0.775643,-0.788799,1.94885,1.21166,0.828242,-0.92643,-0.62419,-1.08532,0.0134659,-0.922084,-1.04397,-1.82062,-0.720654,-1.94471,-0.376988,1.76676,-0.594025,1.17955,0.313105,1.16384,0.0323358,0.112372,0.276904,0.173359,1.84303,0.871915,-1.30925,-0.819472,-0.271119,0.144731,1.18899,1.07535,1.68402,1.67163,-0.91779,-0.253471,-1.68299,-0.374937,1.42931,0.855572,-1.19532,0.0116911,0.71028,1.74328,-0.461253,1.44979,-0.804754,0.148231,0.93085,-0.68497,-0.0846851,-1.57051,0.910692,-1.00313,0.235727,1.44218,-0.411954,-0.0257084,-0.465051,-0.350954,1.22064,0.158767,-0.913207,0.0427757,0.492579,0.465236,0.937208,-0.711968,-1.16438,0.519861,-0.475123,0.257288,1.3824,-0.380655,-0.313233,0.528727,1.1509,1.33834,1.20121,-1.25131,-0.175547,1.416,0.88112,-0.170235,0.762125,-2.69429,0.725207,1.18978,0.375877,-1.47738,0.32154,0.16265,-0.415614,1.17271,-0.970411,1.42671,0.561012,-0.499223,1.46594,0.112131,-1.27887,0.204726,0.402468,0.083248,-0.917174,-0.502956,1.67367,0.260673,-0.680426,0.367381,0.7401,0.296879,-0.396193,-0.117948,-0.117655,-0.782444,0.805936,0.966102,1.8952,1.12078,0.166173,-1.26269,0.320182,-0.23112,1.5514,-1.42061,1.01417,-0.541372,2.18614,0.662104,1.52745,-1.81877,1.81937,-0.483443,-0.850795,-1.55595,0.696476,0.534185,0.109083,-1.12341,-1.21976,-547.184,-508.299,2761.5,815.011,520.894,-1882.04,-2005.36,-819.359,713.376,4167.89,684.524,-60.5022,-3825.74,-379.508,89.5438,-786.665,-2764.26,-1893.05,-1138.15,1330.48,3721.9,-4549.31,2287.66,267.703,-2638.59,-2872.07,3581.78,-691.08,1559.76,-2665.15,-3407.54,531.827,2745.55,-223.138,-3512.96,4957.76,-1430.38,-3610.6,1490.59,-2808.39,2647.86,134.514,1058.66,-2025.01,485.435,3088.29,-408.039,1755.96,-843.537,223.64,-979.537,157.066,-382.401,-1592.82,146.539,630.355,1663.4,390.568,-1767.98,-422.267,-1066.21,3073.98,426.967,1910.6,-1257.09,-400.344,-1141.72,499.265,-2604.22,-1076.11,-4120.46,-2216.12,-5824.17,-626.233,4606.2,242.817,3643.23,1542.24,2193.71,656.864,865.569,271.498,-601.193,3442.11,1343.81,-669.027,-589.169,-124.323,-568.395,1995.34,2199.27,3168.19,1360.03,-1589.59,215.181,-2315.43,-552.459,2949.46,968.289,-1405.52
-250354,0,1,0,1,1,250394,-0.384764,0.00591807,1.98251,0.65987,0.194549,-1.62464,-1.32884,-0.638008,0.776036,1.76188,-0.149657,0.116447,-1.54277,-0.0636614,0.2482,-1.00728,-1.59481,-1.01706,-0.127135,0.559175,1.40119,-1.61276,1.8305,-0.0898098,-1.26576,-1.76124,1.23195,-0.269686,1.22789,-1.59845,-1.56077,0.458786,1.996,-0.185011,-1.75004,1.38731,-0.797919,-1.56933,0.936032,-1.67351,1.35279,0.444837,1.42627,-1.3104,-0.0724454,0.89088,-0.393547,0.886616,0.0264761,-0.478673,-1.03596,0.226382,0.0675763,-1.26799,0.156639,-0.0321617,0.998724,0.212245,-0.63784,-0.775643,-0.788799,1.94885,1.21166,0.828242,-0.92643,-0.62419,-1.08532,0.0134659,-0.922084,-1.04397,-1.82062,-0.720654,-1.94471,-0.376988,1.76676,-0.594025,1.17955,0.313105,1.16384,0.0323358,0.112372,0.276904,0.173359,1.84303,0.871915,-1.30925,-0.819472,-0.271119,0.144731,1.18899,1.07535,1.68402,1.67163,-0.91779,-0.253471,-1.68299,-0.374937,1.42931,0.855572,-1.19532,-0.678526,-0.101175,0.574776,-0.899343,0.532913,0.774419,1.0721,0.218417,0.23574,1.34718,1.31816,-1.698,0.150066,-0.230795,-0.323016,-0.977994,0.556314,1.20984,0.814254,2.07498,1.14881,1.62991,0.301306,-1.13763,0.675673,0.944456,-0.623897,1.272,-0.884678,0.497419,-0.683507,-0.367406,0.501351,-0.523557,-0.929696,-0.966914,0.825646,-0.244138,-0.852276,1.43917,-0.422546,1.51107,0.0810761,0.82003,1.34481,-0.808798,0.45828,-0.322473,1.07965,0.956671,0.697205,-0.601782,1.25996,-0.496635,0.472908,0.321478,-2.55524,0.878618,-0.173795,0.97762,-1.04207,-0.942631,-0.743508,0.127194,1.33028,-0.0188976,-0.0986493,0.278924,1.8304,0.357592,0.937378,-0.0904716,1.25736,-0.0564227,-0.182006,0.0596365,-0.633524,-0.609185,-1.14433,0.787121,-1.12384,0.812159,-0.491893,1.76571,0.522452,-0.0103663,-0.825697,0.723907,1.10185,0.918581,-0.40858,-0.230614,-0.818602,-0.442178,1.5607,0.24727,0.960215,-0.459082,0.326391,0.617588,-547.184,-508.299,2761.5,815.011,520.894,-1882.04,-2005.36,-819.359,713.376,4167.89,684.524,-60.5022,-3825.74,-379.508,89.5438,-786.665,-2764.26,-1893.05,-1138.15,1330.48,3721.9,-4549.31,2287.66,267.703,-2638.59,-2872.07,3581.78,-691.08,1559.76,-2665.15,-3407.54,531.827,2745.55,-223.138,-3512.96,4957.76,-1430.38,-3610.6,1490.59,-2808.39,2647.86,134.514,1058.66,-2025.01,485.435,3088.29,-408.039,1755.96,-843.537,223.64,-979.537,157.066,-382.401,-1592.82,146.539,630.355,1663.4,390.568,-1767.98,-422.267,-1066.21,3073.98,426.967,1910.6,-1257.09,-400.344,-1141.72,499.265,-2604.22,-1076.11,-4120.46,-2216.12,-5824.17,-626.233,4606.2,242.817,3643.23,1542.24,2193.71,656.864,865.569,271.498,-601.193,3442.11,1343.81,-669.027,-589.169,-124.323,-568.395,1995.34,2199.27,3168.19,1360.03,-1589.59,215.181,-2315.43,-552.459,2949.46,968.289,-1405.52
-250354,0,1,0,1,1,250396,-0.384764,0.00591807,1.98251,0.65987,0.194549,-1.62464,-1.32884,-0.638008,0.776036,1.76188,-0.149657,0.116447,-1.54277,-0.0636614,0.2482,-1.00728,-1.59481,-1.01706,-0.127135,0.559175,1.40119,-1.61276,1.8305,-0.0898098,-1.26576,-1.76124,1.23195,-0.269686,1.22789,-1.59845,-1.56077,0.458786,1.996,-0.185011,-1.75004,1.38731,-0.797919,-1.56933,0.936032,-1.67351,1.35279,0.444837,1.42627,-1.3104,-0.0724454,0.89088,-0.393547,0.886616,0.0264761,-0.478673,-1.03596,0.226382,0.0675763,-1.26799,0.156639,-0.0321617,0.998724,0.212245,-0.63784,-0.775643,-0.788799,1.94885,1.21166,0.828242,-0.92643,-0.62419,-1.08532,0.0134659,-0.922084,-1.04397,-1.82062,-0.720654,-1.94471,-0.376988,1.76676,-0.594025,1.17955,0.313105,1.16384,0.0323358,0.112372,0.276904,0.173359,1.84303,0.871915,-1.30925,-0.819472,-0.271119,0.144731,1.18899,1.07535,1.68402,1.67163,-0.91779,-0.253471,-1.68299,-0.374937,1.42931,0.855572,-1.19532,-1.08743,-0.641361,-1.58569,-0.480843,-1.54891,-0.422965,-0.229352,-0.0264645,-0.242155,1.11308,0.545372,0.0527799,-0.877135,-2.13796,-0.235827,-1.49525,0.186262,-0.616338,-0.0615193,-0.407538,1.93241,-0.0685123,-0.255236,0.371204,0.13424,0.194428,0.507064,1.51493,1.16168,0.808194,0.386606,0.94904,-1.31088,-0.301336,0.0788289,0.263862,1.73786,0.567277,0.0386303,0.593569,0.0189324,-0.370062,1.3254,0.412408,-0.393928,-0.615829,1.17197,-0.30931,0.266099,1.79982,0.287795,1.17193,0.392193,-0.00116002,-1.07292,1.27146,-0.259283,0.169806,0.419601,-0.982704,-0.120354,-0.767737,0.167038,0.52091,-1.52665,1.96896,-0.193386,-1.27243,-0.0376277,-0.802434,1.62638,-1.19855,-1.14354,-1.24792,-0.715999,1.22007,-0.274162,0.19244,-0.43876,-0.317896,-0.547836,-1.00177,1.22454,0.297342,-1.09193,0.992661,0.193088,0.894102,1.06938,1.83724,0.371434,0.734577,-1.23269,0.157419,1.60557,-1.05424,1.61054,0.777323,0.403689,0.324103,-547.184,-508.299,2761.5,815.011,520.894,-1882.04,-2005.36,-819.359,713.376,4167.89,684.524,-60.5022,-3825.74,-379.508,89.5438,-786.665,-2764.26,-1893.05,-1138.15,1330.48,3721.9,-4549.31,2287.66,267.703,-2638.59,-2872.07,3581.78,-691.08,1559.76,-2665.15,-3407.54,531.827,2745.55,-223.138,-3512.96,4957.76,-1430.38,-3610.6,1490.59,-2808.39,2647.86,134.514,1058.66,-2025.01,485.435,3088.29,-408.039,1755.96,-843.537,223.64,-979.537,157.066,-382.401,-1592.82,146.539,630.355,1663.4,390.568,-1767.98,-422.267,-1066.21,3073.98,426.967,1910.6,-1257.09,-400.344,-1141.72,499.265,-2604.22,-1076.11,-4120.46,-2216.12,-5824.17,-626.233,4606.2,242.817,3643.23,1542.24,2193.71,656.864,865.569,271.498,-601.193,3442.11,1343.81,-669.027,-589.169,-124.323,-568.395,1995.34,2199.27,3168.19,1360.03,-1589.59,215.181,-2315.43,-552.459,2949.46,968.289,-1405.52
-250354,0,1,0,1,1,250405,-0.384764,0.00591807,1.98251,0.65987,0.194549,-1.62464,-1.32884,-0.638008,0.776036,1.76188,-0.149657,0.116447,-1.54277,-0.0636614,0.2482,-1.00728,-1.59481,-1.01706,-0.127135,0.559175,1.40119,-1.61276,1.8305,-0.0898098,-1.26576,-1.76124,1.23195,-0.269686,1.22789,-1.59845,-1.56077,0.458786,1.996,-0.185011,-1.75004,1.38731,-0.797919,-1.56933,0.936032,-1.67351,1.35279,0.444837,1.42627,-1.3104,-0.0724454,0.89088,-0.393547,0.886616,0.0264761,-0.478673,-1.03596,0.226382,0.0675763,-1.26799,0.156639,-0.0321617,0.998724,0.212245,-0.63784,-0.775643,-0.788799,1.94885,1.21166,0.828242,-0.92643,-0.62419,-1.08532,0.0134659,-0.922084,-1.04397,-1.82062,-0.720654,-1.94471,-0.376988,1.76676,-0.594025,1.17955,0.313105,1.16384,0.0323358,0.112372,0.276904,0.173359,1.84303,0.871915,-1.30925,-0.819472,-0.271119,0.144731,1.18899,1.07535,1.68402,1.67163,-0.91779,-0.253471,-1.68299,-0.374937,1.42931,0.855572,-1.19532,1.52115,-1.0229,-0.166976,-1.76772,-0.640165,2.36107,-0.62482,1.46296,-0.97109,0.895791,-0.0326676,-1.548,1.61679,-0.861757,0.0591736,-0.229204,-0.490547,-0.758802,-0.57204,0.0535229,2.41965,-1.095,1.37006,-1.04306,0.148163,-0.135009,0.770862,-1.20366,-0.0741629,0.867673,1.72626,0.0700675,-0.0855764,1.75653,-0.79436,-0.832931,-0.0859232,-1.80585,0.0614833,-1.2248,0.312145,0.826497,0.087468,-0.605945,-0.308923,-0.407078,-0.872226,-1.54149,-0.00786565,-0.77215,0.106183,1.07154,1.64156,-0.528193,-0.825631,0.00784551,0.356057,0.396242,0.374014,-0.821622,0.808466,-0.676223,-0.492186,0.525039,1.30111,0.222283,-0.913418,0.45181,0.843818,0.463655,1.00977,-2.93789,-1.85978,1.2727,-0.518379,-0.464883,0.551602,0.536122,-0.848246,-0.0088312,-1.01457,-1.68843,-0.511945,1.29472,0.151974,1.71272,1.36529,0.9591,-1.15224,0.0685804,-0.800463,0.0663561,1.75037,-1.71708,0.054133,0.245209,-0.316071,-0.269465,-0.634032,-0.00175926,-547.184,-508.299,2761.5,815.011,520.894,-1882.04,-2005.36,-819.359,713.376,4167.89,684.524,-60.5022,-3825.74,-379.508,89.5438,-786.665,-2764.26,-1893.05,-1138.15,1330.48,3721.9,-4549.31,2287.66,267.703,-2638.59,-2872.07,3581.78,-691.08,1559.76,-2665.15,-3407.54,531.827,2745.55,-223.138,-3512.96,4957.76,-1430.38,-3610.6,1490.59,-2808.39,2647.86,134.514,1058.66,-2025.01,485.435,3088.29,-408.039,1755.96,-843.537,223.64,-979.537,157.066,-382.401,-1592.82,146.539,630.355,1663.4,390.568,-1767.98,-422.267,-1066.21,3073.98,426.967,1910.6,-1257.09,-400.344,-1141.72,499.265,-2604.22,-1076.11,-4120.46,-2216.12,-5824.17,-626.233,4606.2,242.817,3643.23,1542.24,2193.71,656.864,865.569,271.498,-601.193,3442.11,1343.81,-669.027,-589.169,-124.323,-568.395,1995.34,2199.27,3168.19,1360.03,-1589.59,215.181,-2315.43,-552.459,2949.46,968.289,-1405.52
-250354,0,1,0,1,1,250406,-0.384764,0.00591807,1.98251,0.65987,0.194549,-1.62464,-1.32884,-0.638008,0.776036,1.76188,-0.149657,0.116447,-1.54277,-0.0636614,0.2482,-1.00728,-1.59481,-1.01706,-0.127135,0.559175,1.40119,-1.61276,1.8305,-0.0898098,-1.26576,-1.76124,1.23195,-0.269686,1.22789,-1.59845,-1.56077,0.458786,1.996,-0.185011,-1.75004,1.38731,-0.797919,-1.56933,0.936032,-1.67351,1.35279,0.444837,1.42627,-1.3104,-0.0724454,0.89088,-0.393547,0.886616,0.0264761,-0.478673,-1.03596,0.226382,0.0675763,-1.26799,0.156639,-0.0321617,0.998724,0.212245,-0.63784,-0.775643,-0.788799,1.94885,1.21166,0.828242,-0.92643,-0.62419,-1.08532,0.0134659,-0.922084,-1.04397,-1.82062,-0.720654,-1.94471,-0.376988,1.76676,-0.594025,1.17955,0.313105,1.16384,0.0323358,0.112372,0.276904,0.173359,1.84303,0.871915,-1.30925,-0.819472,-0.271119,0.144731,1.18899,1.07535,1.68402,1.67163,-0.91779,-0.253471,-1.68299,-0.374937,1.42931,0.855572,-1.19532,-2.16274,-1.29077,-1.64161,-0.0961947,0.698729,0.948223,-0.15661,0.588889,-0.269598,-1.05413,-0.214495,1.18594,-1.04831,-0.427153,0.0194205,0.244532,0.346334,-0.0875836,0.639124,0.0782749,0.382953,-0.300496,-0.787409,1.16569,-0.789555,-1.38278,-1.79322,-1.65923,-1.2254,0.678629,-0.133995,-0.781602,-0.285821,-0.681713,0.301262,1.23758,-0.135168,-1.15547,1.57701,-0.261783,-0.441333,2.83674,0.730229,-0.970646,0.465003,0.267347,-1.50506,-0.858729,-0.185786,0.102354,0.8023,-0.123329,2.39017,-0.194518,0.24889,0.0809189,-1.49844,0.668514,-2.06075,-0.372481,1.42149,-0.44411,-0.924775,-1.12416,2.12063,-0.831548,-1.3063,0.346373,2.40243,-0.326433,-0.558487,0.747753,-1.87056,0.534428,-0.567513,-0.580132,-0.705509,1.27665,-1.59065,-0.325612,-0.539617,0.509722,1.64863,0.638609,-0.889739,0.774072,0.721951,-0.308817,-1.43644,-1.08421,-0.202629,-0.25318,0.20915,-0.515542,-1.02292,-0.297641,0.901154,1.33663,1.06101,1.18661,-547.184,-508.299,2761.5,815.011,520.894,-1882.04,-2005.36,-819.359,713.376,4167.89,684.524,-60.5022,-3825.74,-379.508,89.5438,-786.665,-2764.26,-1893.05,-1138.15,1330.48,3721.9,-4549.31,2287.66,267.703,-2638.59,-2872.07,3581.78,-691.08,1559.76,-2665.15,-3407.54,531.827,2745.55,-223.138,-3512.96,4957.76,-1430.38,-3610.6,1490.59,-2808.39,2647.86,134.514,1058.66,-2025.01,485.435,3088.29,-408.039,1755.96,-843.537,223.64,-979.537,157.066,-382.401,-1592.82,146.539,630.355,1663.4,390.568,-1767.98,-422.267,-1066.21,3073.98,426.967,1910.6,-1257.09,-400.344,-1141.72,499.265,-2604.22,-1076.11,-4120.46,-2216.12,-5824.17,-626.233,4606.2,242.817,3643.23,1542.24,2193.71,656.864,865.569,271.498,-601.193,3442.11,1343.81,-669.027,-589.169,-124.323,-568.395,1995.34,2199.27,3168.19,1360.03,-1589.59,215.181,-2315.43,-552.459,2949.46,968.289,-1405.52
-250354,0,1,0,1,1,250392,-0.384764,0.00591807,1.98251,0.65987,0.194549,-1.62464,-1.32884,-0.638008,0.776036,1.76188,-0.149657,0.116447,-1.54277,-0.0636614,0.2482,-1.00728,-1.59481,-1.01706,-0.127135,0.559175,1.40119,-1.61276,1.8305,-0.0898098,-1.26576,-1.76124,1.23195,-0.269686,1.22789,-1.59845,-1.56077,0.458786,1.996,-0.185011,-1.75004,1.38731,-0.797919,-1.56933,0.936032,-1.67351,1.35279,0.444837,1.42627,-1.3104,-0.0724454,0.89088,-0.393547,0.886616,0.0264761,-0.478673,-1.03596,0.226382,0.0675763,-1.26799,0.156639,-0.0321617,0.998724,0.212245,-0.63784,-0.775643,-0.788799,1.94885,1.21166,0.828242,-0.92643,-0.62419,-1.08532,0.0134659,-0.922084,-1.04397,-1.82062,-0.720654,-1.94471,-0.376988,1.76676,-0.594025,1.17955,0.313105,1.16384,0.0323358,0.112372,0.276904,0.173359,1.84303,0.871915,-1.30925,-0.819472,-0.271119,0.144731,1.18899,1.07535,1.68402,1.67163,-0.91779,-0.253471,-1.68299,-0.374937,1.42931,0.855572,-1.19532,1.79913,1.81884,0.664104,0.324803,0.172411,-1.16081,0.491692,0.702763,-0.213012,0.400019,0.611242,-0.517922,-0.115242,-1.97478,0.71421,-0.0192566,-0.0866907,0.150804,-0.302948,-0.36535,0.0904511,1.49622,1.608,1.28966,-0.130877,-1.38344,-0.0877042,0.541693,0.521988,-0.237972,-0.858938,0.19931,-0.861049,-0.672106,1.17189,-1.67436,0.460778,0.418578,0.73025,0.987962,-0.560949,0.82429,2.51695,0.337397,0.493744,-0.467408,0.600452,-1.24105,-0.969679,0.846322,-1.2106,0.915601,0.838174,0.761308,-1.43252,-0.199674,-1.03511,0.716774,-0.264672,-1.01591,-0.696289,-0.316903,-0.32794,0.186668,0.398747,-0.285158,0.692637,1.69382,0.324652,-1.23969,0.604229,-0.0461016,0.905458,1.28813,-1.02181,1.46377,0.531333,-0.510108,-0.92891,0.0940118,0.0871087,-0.525938,-0.84776,1.2768,-0.877941,0.340687,-0.59682,0.25425,-0.417922,0.918685,0.808297,0.903315,-0.0653845,0.116833,0.051337,-1.0817,-0.870352,0.400591,-0.624849,-1.02025,-547.184,-508.299,2761.5,815.011,520.894,-1882.04,-2005.36,-819.359,713.376,4167.89,684.524,-60.5022,-3825.74,-379.508,89.5438,-786.665,-2764.26,-1893.05,-1138.15,1330.48,3721.9,-4549.31,2287.66,267.703,-2638.59,-2872.07,3581.78,-691.08,1559.76,-2665.15,-3407.54,531.827,2745.55,-223.138,-3512.96,4957.76,-1430.38,-3610.6,1490.59,-2808.39,2647.86,134.514,1058.66,-2025.01,485.435,3088.29,-408.039,1755.96,-843.537,223.64,-979.537,157.066,-382.401,-1592.82,146.539,630.355,1663.4,390.568,-1767.98,-422.267,-1066.21,3073.98,426.967,1910.6,-1257.09,-400.344,-1141.72,499.265,-2604.22,-1076.11,-4120.46,-2216.12,-5824.17,-626.233,4606.2,242.817,3643.23,1542.24,2193.71,656.864,865.569,271.498,-601.193,3442.11,1343.81,-669.027,-589.169,-124.323,-568.395,1995.34,2199.27,3168.19,1360.03,-1589.59,215.181,-2315.43,-552.459,2949.46,968.289,-1405.52
-250354,0,1,0,1,1,250402,-0.384764,0.00591807,1.98251,0.65987,0.194549,-1.62464,-1.32884,-0.638008,0.776036,1.76188,-0.149657,0.116447,-1.54277,-0.0636614,0.2482,-1.00728,-1.59481,-1.01706,-0.127135,0.559175,1.40119,-1.61276,1.8305,-0.0898098,-1.26576,-1.76124,1.23195,-0.269686,1.22789,-1.59845,-1.56077,0.458786,1.996,-0.185011,-1.75004,1.38731,-0.797919,-1.56933,0.936032,-1.67351,1.35279,0.444837,1.42627,-1.3104,-0.0724454,0.89088,-0.393547,0.886616,0.0264761,-0.478673,-1.03596,0.226382,0.0675763,-1.26799,0.156639,-0.0321617,0.998724,0.212245,-0.63784,-0.775643,-0.788799,1.94885,1.21166,0.828242,-0.92643,-0.62419,-1.08532,0.0134659,-0.922084,-1.04397,-1.82062,-0.720654,-1.94471,-0.376988,1.76676,-0.594025,1.17955,0.313105,1.16384,0.0323358,0.112372,0.276904,0.173359,1.84303,0.871915,-1.30925,-0.819472,-0.271119,0.144731,1.18899,1.07535,1.68402,1.67163,-0.91779,-0.253471,-1.68299,-0.374937,1.42931,0.855572,-1.19532,-0.260495,1.37016,-0.143515,-0.19468,-0.026385,-2.01383,1.32902,0.452526,0.370175,0.311212,1.25015,0.101322,-0.254756,-0.695944,0.344892,0.0791149,0.0124808,0.322273,0.439158,-0.209967,-1.25131,-0.217055,-0.0628628,-0.151842,0.199177,-2.36217,-0.146195,0.351681,0.968985,-0.456741,-0.325059,1.77785,2.31005,0.660474,0.905883,-0.589759,-1.48895,0.595546,-0.884144,0.00586171,-0.697246,-1.99443,1.26178,1.93658,0.315435,-0.00947325,1.33711,2.231,0.235176,-0.65643,1.24978,-1.62618,0.818946,0.155622,0.55947,-1.28349,1.3409,0.776179,-2.19048,-0.172709,1.10823,0.346267,0.715653,0.591472,-1.02262,1.91518,0.207181,-0.800911,-0.0736353,-1.25279,-0.215677,0.859674,-0.0144653,0.00682425,0.869277,0.474976,0.56762,-2.4394,-0.326527,-1.00862,-0.498812,-0.871149,-0.800788,-0.408349,-0.256084,-0.0408364,-0.753582,-0.132001,-0.324903,1.38259,0.169067,0.594395,-0.91813,0.116823,0.280789,-0.800552,0.0929214,2.05414,0.805703,1.22051,-547.184,-508.299,2761.5,815.011,520.894,-1882.04,-2005.36,-819.359,713.376,4167.89,684.524,-60.5022,-3825.74,-379.508,89.5438,-786.665,-2764.26,-1893.05,-1138.15,1330.48,3721.9,-4549.31,2287.66,267.703,-2638.59,-2872.07,3581.78,-691.08,1559.76,-2665.15,-3407.54,531.827,2745.55,-223.138,-3512.96,4957.76,-1430.38,-3610.6,1490.59,-2808.39,2647.86,134.514,1058.66,-2025.01,485.435,3088.29,-408.039,1755.96,-843.537,223.64,-979.537,157.066,-382.401,-1592.82,146.539,630.355,1663.4,390.568,-1767.98,-422.267,-1066.21,3073.98,426.967,1910.6,-1257.09,-400.344,-1141.72,499.265,-2604.22,-1076.11,-4120.46,-2216.12,-5824.17,-626.233,4606.2,242.817,3643.23,1542.24,2193.71,656.864,865.569,271.498,-601.193,3442.11,1343.81,-669.027,-589.169,-124.323,-568.395,1995.34,2199.27,3168.19,1360.03,-1589.59,215.181,-2315.43,-552.459,2949.46,968.289,-1405.52
-250354,0,1,0,1,1,250406,-0.384764,0.00591807,1.98251,0.65987,0.194549,-1.62464,-1.32884,-0.638008,0.776036,1.76188,-0.149657,0.116447,-1.54277,-0.0636614,0.2482,-1.00728,-1.59481,-1.01706,-0.127135,0.559175,1.40119,-1.61276,1.8305,-0.0898098,-1.26576,-1.76124,1.23195,-0.269686,1.22789,-1.59845,-1.56077,0.458786,1.996,-0.185011,-1.75004,1.38731,-0.797919,-1.56933,0.936032,-1.67351,1.35279,0.444837,1.42627,-1.3104,-0.0724454,0.89088,-0.393547,0.886616,0.0264761,-0.478673,-1.03596,0.226382,0.0675763,-1.26799,0.156639,-0.0321617,0.998724,0.212245,-0.63784,-0.775643,-0.788799,1.94885,1.21166,0.828242,-0.92643,-0.62419,-1.08532,0.0134659,-0.922084,-1.04397,-1.82062,-0.720654,-1.94471,-0.376988,1.76676,-0.594025,1.17955,0.313105,1.16384,0.0323358,0.112372,0.276904,0.173359,1.84303,0.871915,-1.30925,-0.819472,-0.271119,0.144731,1.18899,1.07535,1.68402,1.67163,-0.91779,-0.253471,-1.68299,-0.374937,1.42931,0.855572,-1.19532,0.0609283,0.440744,0.364777,-0.336189,-0.813689,-1.85815,-1.32035,-0.620912,-1.71655,-1.91126,0.953395,0.794659,-0.576111,0.859421,-0.767788,0.285826,-0.15109,-0.370361,-1.12554,-0.629579,0.159397,-1.1457,-1.20015,-0.0663926,-0.611752,-0.722787,0.359849,-1.23841,-0.187008,1.55649,1.06566,1.39834,-0.645185,1.34967,-1.47894,1.38117,0.0773385,0.596726,-1.02762,0.950915,-0.765143,0.019223,-0.746188,3.29073,-0.396243,0.584816,-1.89883,-0.71861,-0.0187585,0.507379,-0.823804,-0.848655,-0.157753,-0.0533761,-1.79594,-0.138078,0.440327,0.352366,-0.437729,0.902661,0.55054,-1.49355,-1.25434,-0.832913,-0.764974,1.18449,1.07639,1.13943,-1.26864,-0.526479,-1.60934,0.956584,1.88086,-0.703223,0.702527,0.470584,-0.289036,-0.342905,-1.49555,0.742993,0.816267,0.124318,0.934512,0.159224,-0.583633,-0.418244,-0.841553,0.129576,2.64529,-1.65282,-0.0052696,-0.401332,1.23005,0.356451,1.2614,0.101848,-0.479145,-0.59455,0.461788,2.07059,-547.184,-508.299,2761.5,815.011,520.894,-1882.04,-2005.36,-819.359,713.376,4167.89,684.524,-60.5022,-3825.74,-379.508,89.5438,-786.665,-2764.26,-1893.05,-1138.15,1330.48,3721.9,-4549.31,2287.66,267.703,-2638.59,-2872.07,3581.78,-691.08,1559.76,-2665.15,-3407.54,531.827,2745.55,-223.138,-3512.96,4957.76,-1430.38,-3610.6,1490.59,-2808.39,2647.86,134.514,1058.66,-2025.01,485.435,3088.29,-408.039,1755.96,-843.537,223.64,-979.537,157.066,-382.401,-1592.82,146.539,630.355,1663.4,390.568,-1767.98,-422.267,-1066.21,3073.98,426.967,1910.6,-1257.09,-400.344,-1141.72,499.265,-2604.22,-1076.11,-4120.46,-2216.12,-5824.17,-626.233,4606.2,242.817,3643.23,1542.24,2193.71,656.864,865.569,271.498,-601.193,3442.11,1343.81,-669.027,-589.169,-124.323,-568.395,1995.34,2199.27,3168.19,1360.03,-1589.59,215.181,-2315.43,-552.459,2949.46,968.289,-1405.52
-250354,0,1,0,1,1,250401,-0.384764,0.00591807,1.98251,0.65987,0.194549,-1.62464,-1.32884,-0.638008,0.776036,1.76188,-0.149657,0.116447,-1.54277,-0.0636614,0.2482,-1.00728,-1.59481,-1.01706,-0.127135,0.559175,1.40119,-1.61276,1.8305,-0.0898098,-1.26576,-1.76124,1.23195,-0.269686,1.22789,-1.59845,-1.56077,0.458786,1.996,-0.185011,-1.75004,1.38731,-0.797919,-1.56933,0.936032,-1.67351,1.35279,0.444837,1.42627,-1.3104,-0.0724454,0.89088,-0.393547,0.886616,0.0264761,-0.478673,-1.03596,0.226382,0.0675763,-1.26799,0.156639,-0.0321617,0.998724,0.212245,-0.63784,-0.775643,-0.788799,1.94885,1.21166,0.828242,-0.92643,-0.62419,-1.08532,0.0134659,-0.922084,-1.04397,-1.82062,-0.720654,-1.94471,-0.376988,1.76676,-0.594025,1.17955,0.313105,1.16384,0.0323358,0.112372,0.276904,0.173359,1.84303,0.871915,-1.30925,-0.819472,-0.271119,0.144731,1.18899,1.07535,1.68402,1.67163,-0.91779,-0.253471,-1.68299,-0.374937,1.42931,0.855572,-1.19532,1.6085,2.23928,-0.156975,-0.000833466,0.975721,-0.114788,0.998313,1.29315,0.354161,-0.413203,0.89901,-1.17285,0.534948,2.1187,0.0993269,-1.47299,0.270619,-2.27288,-0.227435,-0.746841,0.115536,0.259137,0.00970056,0.984262,0.826851,0.209415,0.470595,-0.355186,1.6476,1.56954,-1.69638,0.338393,-0.113713,0.724082,-0.878979,-0.529763,-0.388192,-0.487151,-0.865863,-0.100395,-2.46392,1.07926,1.33373,0.879105,0.468133,1.04161,-0.584493,0.902804,1.52587,1.10839,-0.255437,0.703255,0.103806,0.838636,1.01187,-0.936656,-0.00539159,1.73308,-0.324078,0.190983,-0.0958847,-0.178337,0.0227025,0.448444,1.11979,-0.66979,-1.01714,-0.515574,1.72776,1.73193,-1.64978,0.972962,0.493788,-0.696313,-0.374722,-0.0434068,1.43765,-1.11543,0.80362,-0.412523,0.467541,-0.267868,2.30098,0.237973,-0.571006,-1.04701,-1.2695,-0.0751587,0.564397,0.16236,0.107043,0.00510159,-0.219387,-0.452933,-0.210205,1.22571,-1.02727,0.716833,0.192161,1.57651,-547.184,-508.299,2761.5,815.011,520.894,-1882.04,-2005.36,-819.359,713.376,4167.89,684.524,-60.5022,-3825.74,-379.508,89.5438,-786.665,-2764.26,-1893.05,-1138.15,1330.48,3721.9,-4549.31,2287.66,267.703,-2638.59,-2872.07,3581.78,-691.08,1559.76,-2665.15,-3407.54,531.827,2745.55,-223.138,-3512.96,4957.76,-1430.38,-3610.6,1490.59,-2808.39,2647.86,134.514,1058.66,-2025.01,485.435,3088.29,-408.039,1755.96,-843.537,223.64,-979.537,157.066,-382.401,-1592.82,146.539,630.355,1663.4,390.568,-1767.98,-422.267,-1066.21,3073.98,426.967,1910.6,-1257.09,-400.344,-1141.72,499.265,-2604.22,-1076.11,-4120.46,-2216.12,-5824.17,-626.233,4606.2,242.817,3643.23,1542.24,2193.71,656.864,865.569,271.498,-601.193,3442.11,1343.81,-669.027,-589.169,-124.323,-568.395,1995.34,2199.27,3168.19,1360.03,-1589.59,215.181,-2315.43,-552.459,2949.46,968.289,-1405.52
-250354,0,1,0,1,1,250413,-0.384764,0.00591807,1.98251,0.65987,0.194549,-1.62464,-1.32884,-0.638008,0.776036,1.76188,-0.149657,0.116447,-1.54277,-0.0636614,0.2482,-1.00728,-1.59481,-1.01706,-0.127135,0.559175,1.40119,-1.61276,1.8305,-0.0898098,-1.26576,-1.76124,1.23195,-0.269686,1.22789,-1.59845,-1.56077,0.458786,1.996,-0.185011,-1.75004,1.38731,-0.797919,-1.56933,0.936032,-1.67351,1.35279,0.444837,1.42627,-1.3104,-0.0724454,0.89088,-0.393547,0.886616,0.0264761,-0.478673,-1.03596,0.226382,0.0675763,-1.26799,0.156639,-0.0321617,0.998724,0.212245,-0.63784,-0.775643,-0.788799,1.94885,1.21166,0.828242,-0.92643,-0.62419,-1.08532,0.0134659,-0.922084,-1.04397,-1.82062,-0.720654,-1.94471,-0.376988,1.76676,-0.594025,1.17955,0.313105,1.16384,0.0323358,0.112372,0.276904,0.173359,1.84303,0.871915,-1.30925,-0.819472,-0.271119,0.144731,1.18899,1.07535,1.68402,1.67163,-0.91779,-0.253471,-1.68299,-0.374937,1.42931,0.855572,-1.19532,0.165218,0.0199555,1.80342,-0.582404,-0.542233,-0.326285,2.02759,-1.45065,-2.29551,0.169168,1.41943,1.42339,0.334869,0.56348,0.422019,-1.62901,1.14478,1.08616,-0.70368,0.823949,1.46393,-2.7186,1.46702,-0.389038,-2.40742,-1.86977,0.0748618,-1.67311,0.0505797,-0.863833,0.920036,-0.874284,1.70298,-0.421519,-0.426537,-1.22689,0.879166,2.10504,-1.29987,-1.35595,-0.726417,-1.62729,0.432825,-0.751331,-0.486792,-0.0309122,-0.890172,-1.49367,-0.923407,0.179605,0.0494306,0.0249512,0.50791,-0.174608,-0.103113,-1.01035,0.0857501,1.06205,-0.617572,-1.2856,0.331632,0.646742,1.30328,-0.229923,-1.18834,-0.416771,-0.766171,-1.2112,1.23365,0.622161,0.46492,0.592104,1.35572,2.31211,-0.179671,-0.798618,1.28537,-1.66467,-0.984919,-0.991628,-0.582356,-1.60677,1.00342,-0.479191,-1.14879,0.159636,1.57884,-1.70661,-0.681328,-0.164138,-0.228723,-0.0308186,-0.238756,1.04462,0.654588,0.0780786,-0.699215,-1.20675,1.39334,0.411704,-547.184,-508.299,2761.5,815.011,520.894,-1882.04,-2005.36,-819.359,713.376,4167.89,684.524,-60.5022,-3825.74,-379.508,89.5438,-786.665,-2764.26,-1893.05,-1138.15,1330.48,3721.9,-4549.31,2287.66,267.703,-2638.59,-2872.07,3581.78,-691.08,1559.76,-2665.15,-3407.54,531.827,2745.55,-223.138,-3512.96,4957.76,-1430.38,-3610.6,1490.59,-2808.39,2647.86,134.514,1058.66,-2025.01,485.435,3088.29,-408.039,1755.96,-843.537,223.64,-979.537,157.066,-382.401,-1592.82,146.539,630.355,1663.4,390.568,-1767.98,-422.267,-1066.21,3073.98,426.967,1910.6,-1257.09,-400.344,-1141.72,499.265,-2604.22,-1076.11,-4120.46,-2216.12,-5824.17,-626.233,4606.2,242.817,3643.23,1542.24,2193.71,656.864,865.569,271.498,-601.193,3442.11,1343.81,-669.027,-589.169,-124.323,-568.395,1995.34,2199.27,3168.19,1360.03,-1589.59,215.181,-2315.43,-552.459,2949.46,968.289,-1405.52
-250354,0,1,0,1,1,250411,-0.384764,0.00591807,1.98251,0.65987,0.194549,-1.62464,-1.32884,-0.638008,0.776036,1.76188,-0.149657,0.116447,-1.54277,-0.0636614,0.2482,-1.00728,-1.59481,-1.01706,-0.127135,0.559175,1.40119,-1.61276,1.8305,-0.0898098,-1.26576,-1.76124,1.23195,-0.269686,1.22789,-1.59845,-1.56077,0.458786,1.996,-0.185011,-1.75004,1.38731,-0.797919,-1.56933,0.936032,-1.67351,1.35279,0.444837,1.42627,-1.3104,-0.0724454,0.89088,-0.393547,0.886616,0.0264761,-0.478673,-1.03596,0.226382,0.0675763,-1.26799,0.156639,-0.0321617,0.998724,0.212245,-0.63784,-0.775643,-0.788799,1.94885,1.21166,0.828242,-0.92643,-0.62419,-1.08532,0.0134659,-0.922084,-1.04397,-1.82062,-0.720654,-1.94471,-0.376988,1.76676,-0.594025,1.17955,0.313105,1.16384,0.0323358,0.112372,0.276904,0.173359,1.84303,0.871915,-1.30925,-0.819472,-0.271119,0.144731,1.18899,1.07535,1.68402,1.67163,-0.91779,-0.253471,-1.68299,-0.374937,1.42931,0.855572,-1.19532,-0.209993,-1.61273,2.41542,0.625941,1.35022,0.288803,-1.39126,-0.546979,0.561691,-1.75137,0.854534,0.872652,-0.963427,1.73154,-0.623029,-0.179753,-0.452368,1.83613,-0.251974,-1.57395,-1.68833,0.274445,-1.74424,-0.83201,1.17689,-1.23874,-1.87724,0.769147,-1.13522,0.313084,0.810696,-0.83477,0.459034,-2.84831,-1.65879,-0.203431,-0.393933,-0.826644,0.608837,0.398114,-0.492222,1.39384,0.0385516,1.33243,-0.800528,0.510848,1.97273,-0.307696,1.1463,-0.33057,-0.851727,0.445239,0.459074,-1.52754,-1.87679,0.355025,0.32159,-0.640193,-1.37301,0.455706,-0.807909,-0.682277,-0.705818,0.440538,0.0893577,-1.70712,-1.16315,-1.58226,1.63017,-0.0119853,-0.532022,0.949564,0.339606,0.0106032,0.261668,-0.211098,0.592118,-0.277872,-0.467539,-1.4533,-1.8847,0.559974,1.55806,-0.0622354,1.29371,2.04656,-0.799758,1.18454,0.270352,-1.7022,0.0012804,-0.766372,0.374979,-0.557258,-0.0387729,-0.313233,-0.759958,0.489449,0.377507,-0.961151,-547.184,-508.299,2761.5,815.011,520.894,-1882.04,-2005.36,-819.359,713.376,4167.89,684.524,-60.5022,-3825.74,-379.508,89.5438,-786.665,-2764.26,-1893.05,-1138.15,1330.48,3721.9,-4549.31,2287.66,267.703,-2638.59,-2872.07,3581.78,-691.08,1559.76,-2665.15,-3407.54,531.827,2745.55,-223.138,-3512.96,4957.76,-1430.38,-3610.6,1490.59,-2808.39,2647.86,134.514,1058.66,-2025.01,485.435,3088.29,-408.039,1755.96,-843.537,223.64,-979.537,157.066,-382.401,-1592.82,146.539,630.355,1663.4,390.568,-1767.98,-422.267,-1066.21,3073.98,426.967,1910.6,-1257.09,-400.344,-1141.72,499.265,-2604.22,-1076.11,-4120.46,-2216.12,-5824.17,-626.233,4606.2,242.817,3643.23,1542.24,2193.71,656.864,865.569,271.498,-601.193,3442.11,1343.81,-669.027,-589.169,-124.323,-568.395,1995.34,2199.27,3168.19,1360.03,-1589.59,215.181,-2315.43,-552.459,2949.46,968.289,-1405.52
-250354,0,1,0,1,1,250410,-0.384764,0.00591807,1.98251,0.65987,0.194549,-1.62464,-1.32884,-0.638008,0.776036,1.76188,-0.149657,0.116447,-1.54277,-0.0636614,0.2482,-1.00728,-1.59481,-1.01706,-0.127135,0.559175,1.40119,-1.61276,1.8305,-0.0898098,-1.26576,-1.76124,1.23195,-0.269686,1.22789,-1.59845,-1.56077,0.458786,1.996,-0.185011,-1.75004,1.38731,-0.797919,-1.56933,0.936032,-1.67351,1.35279,0.444837,1.42627,-1.3104,-0.0724454,0.89088,-0.393547,0.886616,0.0264761,-0.478673,-1.03596,0.226382,0.0675763,-1.26799,0.156639,-0.0321617,0.998724,0.212245,-0.63784,-0.775643,-0.788799,1.94885,1.21166,0.828242,-0.92643,-0.62419,-1.08532,0.0134659,-0.922084,-1.04397,-1.82062,-0.720654,-1.94471,-0.376988,1.76676,-0.594025,1.17955,0.313105,1.16384,0.0323358,0.112372,0.276904,0.173359,1.84303,0.871915,-1.30925,-0.819472,-0.271119,0.144731,1.18899,1.07535,1.68402,1.67163,-0.91779,-0.253471,-1.68299,-0.374937,1.42931,0.855572,-1.19532,0.785907,-0.532423,1.16863,0.393923,0.25597,-0.974796,0.49688,-1.22696,-0.490896,0.0793723,1.77972,0.447041,-0.611172,-1.02528,1.45871,1.49069,0.559222,-0.991802,-3.41207,-0.554277,0.00176559,-0.429353,-1.2185,-0.300343,0.521725,0.409479,1.09172,0.626061,-0.909604,-0.357547,-1.88368,-0.109474,-0.989739,-0.788854,-0.107548,-0.987448,-0.405788,0.369248,-1.63275,-0.573366,-0.242065,1.44222,-0.125366,-0.182333,-0.137022,1.07146,0.384394,0.664936,-2.84019,-0.836385,-1.68792,0.508251,0.190803,0.328957,0.784564,-0.423071,-0.471261,1.20553,-0.999255,0.275021,0.14061,-1.41444,-1.77596,-1.60952,2.20146,-0.514823,0.805258,-0.634132,1.24674,-1.17025,0.125438,-0.624001,-0.436805,0.0550726,0.618583,-1.02725,0.09931,-2.08875,-1.1109,-1.19068,-0.742821,-1.02678,1.56565,0.135031,-1.69847,-1.34274,-0.650785,0.350186,-1.55419,0.309033,-0.991195,0.976715,0.402216,-0.969373,-1.26851,0.629011,0.503748,-2.27293,-0.402957,-1.28812,-547.184,-508.299,2761.5,815.011,520.894,-1882.04,-2005.36,-819.359,713.376,4167.89,684.524,-60.5022,-3825.74,-379.508,89.5438,-786.665,-2764.26,-1893.05,-1138.15,1330.48,3721.9,-4549.31,2287.66,267.703,-2638.59,-2872.07,3581.78,-691.08,1559.76,-2665.15,-3407.54,531.827,2745.55,-223.138,-3512.96,4957.76,-1430.38,-3610.6,1490.59,-2808.39,2647.86,134.514,1058.66,-2025.01,485.435,3088.29,-408.039,1755.96,-843.537,223.64,-979.537,157.066,-382.401,-1592.82,146.539,630.355,1663.4,390.568,-1767.98,-422.267,-1066.21,3073.98,426.967,1910.6,-1257.09,-400.344,-1141.72,499.265,-2604.22,-1076.11,-4120.46,-2216.12,-5824.17,-626.233,4606.2,242.817,3643.23,1542.24,2193.71,656.864,865.569,271.498,-601.193,3442.11,1343.81,-669.027,-589.169,-124.323,-568.395,1995.34,2199.27,3168.19,1360.03,-1589.59,215.181,-2315.43,-552.459,2949.46,968.289,-1405.52
-250354,0,1,0,1,1,250405,-0.384764,0.00591807,1.98251,0.65987,0.194549,-1.62464,-1.32884,-0.638008,0.776036,1.76188,-0.149657,0.116447,-1.54277,-0.0636614,0.2482,-1.00728,-1.59481,-1.01706,-0.127135,0.559175,1.40119,-1.61276,1.8305,-0.0898098,-1.26576,-1.76124,1.23195,-0.269686,1.22789,-1.59845,-1.56077,0.458786,1.996,-0.185011,-1.75004,1.38731,-0.797919,-1.56933,0.936032,-1.67351,1.35279,0.444837,1.42627,-1.3104,-0.0724454,0.89088,-0.393547,0.886616,0.0264761,-0.478673,-1.03596,0.226382,0.0675763,-1.26799,0.156639,-0.0321617,0.998724,0.212245,-0.63784,-0.775643,-0.788799,1.94885,1.21166,0.828242,-0.92643,-0.62419,-1.08532,0.0134659,-0.922084,-1.04397,-1.82062,-0.720654,-1.94471,-0.376988,1.76676,-0.594025,1.17955,0.313105,1.16384,0.0323358,0.112372,0.276904,0.173359,1.84303,0.871915,-1.30925,-0.819472,-0.271119,0.144731,1.18899,1.07535,1.68402,1.67163,-0.91779,-0.253471,-1.68299,-0.374937,1.42931,0.855572,-1.19532,-1.02762,0.978034,0.217208,2.52202,0.539449,0.54018,-1.11171,-0.189607,-0.143937,-0.552598,0.0313214,-1.24133,0.820015,1.08507,0.293095,-0.961403,-1.15554,0.106907,0.626815,1.70506,0.956201,-0.356892,-0.364814,0.262802,-1.08932,-1.76879,0.0749335,0.162213,-1.49602,-0.839301,-0.204483,-3.20925,0.380209,0.310633,-0.584827,-0.0390256,-0.262594,-1.07277,-1.06734,0.0141445,-0.812954,0.374124,0.597511,-0.699654,-0.402222,-1.40948,0.794467,-1.20914,-1.57737,-0.682913,-0.0162952,-1.61779,0.522567,-0.17157,-1.79228,0.189807,-0.96298,-0.224197,0.517343,0.106975,1.30932,1.47507,0.775926,0.390052,-0.501105,-1.91431,-2.05142,-0.0744857,2.12351,0.308464,0.676909,-1.71888,0.363309,-1.37947,-0.305841,-1.47839,1.17083,0.075606,-0.337301,-1.00982,0.265097,-1.05356,0.0625612,-1.23758,0.952334,-0.057134,-1.26546,-1.3651,-0.965234,0.784009,0.253205,0.0584408,0.587488,2.07912,-0.219683,0.254023,-1.41036,0.384844,0.646566,0.396487,-547.184,-508.299,2761.5,815.011,520.894,-1882.04,-2005.36,-819.359,713.376,4167.89,684.524,-60.5022,-3825.74,-379.508,89.5438,-786.665,-2764.26,-1893.05,-1138.15,1330.48,3721.9,-4549.31,2287.66,267.703,-2638.59,-2872.07,3581.78,-691.08,1559.76,-2665.15,-3407.54,531.827,2745.55,-223.138,-3512.96,4957.76,-1430.38,-3610.6,1490.59,-2808.39,2647.86,134.514,1058.66,-2025.01,485.435,3088.29,-408.039,1755.96,-843.537,223.64,-979.537,157.066,-382.401,-1592.82,146.539,630.355,1663.4,390.568,-1767.98,-422.267,-1066.21,3073.98,426.967,1910.6,-1257.09,-400.344,-1141.72,499.265,-2604.22,-1076.11,-4120.46,-2216.12,-5824.17,-626.233,4606.2,242.817,3643.23,1542.24,2193.71,656.864,865.569,271.498,-601.193,3442.11,1343.81,-669.027,-589.169,-124.323,-568.395,1995.34,2199.27,3168.19,1360.03,-1589.59,215.181,-2315.43,-552.459,2949.46,968.289,-1405.52
-250354,0,1,0,1,1,250401,-0.384764,0.00591807,1.98251,0.65987,0.194549,-1.62464,-1.32884,-0.638008,0.776036,1.76188,-0.149657,0.116447,-1.54277,-0.0636614,0.2482,-1.00728,-1.59481,-1.01706,-0.127135,0.559175,1.40119,-1.61276,1.8305,-0.0898098,-1.26576,-1.76124,1.23195,-0.269686,1.22789,-1.59845,-1.56077,0.458786,1.996,-0.185011,-1.75004,1.38731,-0.797919,-1.56933,0.936032,-1.67351,1.35279,0.444837,1.42627,-1.3104,-0.0724454,0.89088,-0.393547,0.886616,0.0264761,-0.478673,-1.03596,0.226382,0.0675763,-1.26799,0.156639,-0.0321617,0.998724,0.212245,-0.63784,-0.775643,-0.788799,1.94885,1.21166,0.828242,-0.92643,-0.62419,-1.08532,0.0134659,-0.922084,-1.04397,-1.82062,-0.720654,-1.94471,-0.376988,1.76676,-0.594025,1.17955,0.313105,1.16384,0.0323358,0.112372,0.276904,0.173359,1.84303,0.871915,-1.30925,-0.819472,-0.271119,0.144731,1.18899,1.07535,1.68402,1.67163,-0.91779,-0.253471,-1.68299,-0.374937,1.42931,0.855572,-1.19532,-0.625616,-0.663118,0.892777,1.02891,0.99828,0.0733205,1.32377,0.672805,0.873756,0.83708,-0.209147,-0.302714,-0.251541,0.756208,0.957742,-0.906019,-1.10496,0.590236,-0.691971,0.552319,-0.742115,1.1703,0.226073,-0.715089,1.23461,0.734881,-0.590897,-0.231028,-0.085737,-0.991369,0.787152,1.33707,-0.678866,-0.0514525,1.41941,1.06461,-0.27596,1.64866,-1.01459,-0.987971,1.16674,-2.47951,1.16592,-1.98369,-0.973464,0.309212,0.462053,0.549347,-1.70034,-0.136598,2.42575,0.360326,1.03208,0.504087,-0.460381,-0.671515,-2.01441,-0.977209,-0.00533212,1.26591,-1.39114,0.337468,0.756521,1.622,0.118777,0.41956,-0.851709,0.693375,-0.136241,-0.350192,-0.852131,-1.78009,-2.05049,0.364541,-0.0850114,-0.268909,-0.217618,1.34014,1.01606,-0.0287699,-0.623692,-0.155998,-0.702373,-0.453079,-0.190998,-1.71038,0.648342,-0.603601,0.561164,2.13998,1.04351,-1.47718,1.12557,0.0741486,-0.125684,0.226032,-0.555632,-0.204277,0.622289,0.804849,-547.184,-508.299,2761.5,815.011,520.894,-1882.04,-2005.36,-819.359,713.376,4167.89,684.524,-60.5022,-3825.74,-379.508,89.5438,-786.665,-2764.26,-1893.05,-1138.15,1330.48,3721.9,-4549.31,2287.66,267.703,-2638.59,-2872.07,3581.78,-691.08,1559.76,-2665.15,-3407.54,531.827,2745.55,-223.138,-3512.96,4957.76,-1430.38,-3610.6,1490.59,-2808.39,2647.86,134.514,1058.66,-2025.01,485.435,3088.29,-408.039,1755.96,-843.537,223.64,-979.537,157.066,-382.401,-1592.82,146.539,630.355,1663.4,390.568,-1767.98,-422.267,-1066.21,3073.98,426.967,1910.6,-1257.09,-400.344,-1141.72,499.265,-2604.22,-1076.11,-4120.46,-2216.12,-5824.17,-626.233,4606.2,242.817,3643.23,1542.24,2193.71,656.864,865.569,271.498,-601.193,3442.11,1343.81,-669.027,-589.169,-124.323,-568.395,1995.34,2199.27,3168.19,1360.03,-1589.59,215.181,-2315.43,-552.459,2949.46,968.289,-1405.52
-250354,0,1,0,1,1,250408,-0.384764,0.00591807,1.98251,0.65987,0.194549,-1.62464,-1.32884,-0.638008,0.776036,1.76188,-0.149657,0.116447,-1.54277,-0.0636614,0.2482,-1.00728,-1.59481,-1.01706,-0.127135,0.559175,1.40119,-1.61276,1.8305,-0.0898098,-1.26576,-1.76124,1.23195,-0.269686,1.22789,-1.59845,-1.56077,0.458786,1.996,-0.185011,-1.75004,1.38731,-0.797919,-1.56933,0.936032,-1.67351,1.35279,0.444837,1.42627,-1.3104,-0.0724454,0.89088,-0.393547,0.886616,0.0264761,-0.478673,-1.03596,0.226382,0.0675763,-1.26799,0.156639,-0.0321617,0.998724,0.212245,-0.63784,-0.775643,-0.788799,1.94885,1.21166,0.828242,-0.92643,-0.62419,-1.08532,0.0134659,-0.922084,-1.04397,-1.82062,-0.720654,-1.94471,-0.376988,1.76676,-0.594025,1.17955,0.313105,1.16384,0.0323358,0.112372,0.276904,0.173359,1.84303,0.871915,-1.30925,-0.819472,-0.271119,0.144731,1.18899,1.07535,1.68402,1.67163,-0.91779,-0.253471,-1.68299,-0.374937,1.42931,0.855572,-1.19532,-1.58955,-2.28601,0.397415,1.49526,0.276576,1.66064,-3.12083,-0.832694,0.372818,0.386236,0.496253,0.402549,0.216383,-0.674386,-0.468571,-2.05985,-0.11158,1.16563,-1.1692,0.431143,0.163971,-1.4143,0.7581,0.759085,-1.6699,-1.10834,0.0747942,0.540936,1.65875,1.85656,-0.84715,-1.03761,1.05418,-0.138674,1.64907,-0.971309,-0.419927,1.26861,0.677847,0.255206,-0.293856,0.28588,-0.608713,-1.6236,-0.490089,-0.385738,-0.394912,-0.200502,-0.291842,-0.627937,0.799001,-0.451194,1.33919,-0.738369,0.188882,-0.499517,-0.860425,-0.937034,-0.449971,-1.11818,-0.416813,1.619,-0.369307,0.798396,1.14858,-0.440907,0.798312,0.518909,-1.03822,1.06582,-0.636735,-1.33132,0.597848,1.18177,0.744116,-0.0453983,-0.853654,-1.84791,-0.17921,-1.54109,1.68455,-0.437049,-1.51575,-0.966981,1.04057,-0.748256,-0.0739207,-0.300975,0.609402,-0.434001,-0.722207,-1.86685,0.521073,-1.98403,0.729452,0.532305,-0.47095,0.0213746,2.10643,-0.16816,-547.184,-508.299,2761.5,815.011,520.894,-1882.04,-2005.36,-819.359,713.376,4167.89,684.524,-60.5022,-3825.74,-379.508,89.5438,-786.665,-2764.26,-1893.05,-1138.15,1330.48,3721.9,-4549.31,2287.66,267.703,-2638.59,-2872.07,3581.78,-691.08,1559.76,-2665.15,-3407.54,531.827,2745.55,-223.138,-3512.96,4957.76,-1430.38,-3610.6,1490.59,-2808.39,2647.86,134.514,1058.66,-2025.01,485.435,3088.29,-408.039,1755.96,-843.537,223.64,-979.537,157.066,-382.401,-1592.82,146.539,630.355,1663.4,390.568,-1767.98,-422.267,-1066.21,3073.98,426.967,1910.6,-1257.09,-400.344,-1141.72,499.265,-2604.22,-1076.11,-4120.46,-2216.12,-5824.17,-626.233,4606.2,242.817,3643.23,1542.24,2193.71,656.864,865.569,271.498,-601.193,3442.11,1343.81,-669.027,-589.169,-124.323,-568.395,1995.34,2199.27,3168.19,1360.03,-1589.59,215.181,-2315.43,-552.459,2949.46,968.289,-1405.52
-250354,0,1,0,1,1,250408,-0.384764,0.00591807,1.98251,0.65987,0.194549,-1.62464,-1.32884,-0.638008,0.776036,1.76188,-0.149657,0.116447,-1.54277,-0.0636614,0.2482,-1.00728,-1.59481,-1.01706,-0.127135,0.559175,1.40119,-1.61276,1.8305,-0.0898098,-1.26576,-1.76124,1.23195,-0.269686,1.22789,-1.59845,-1.56077,0.458786,1.996,-0.185011,-1.75004,1.38731,-0.797919,-1.56933,0.936032,-1.67351,1.35279,0.444837,1.42627,-1.3104,-0.0724454,0.89088,-0.393547,0.886616,0.0264761,-0.478673,-1.03596,0.226382,0.0675763,-1.26799,0.156639,-0.0321617,0.998724,0.212245,-0.63784,-0.775643,-0.788799,1.94885,1.21166,0.828242,-0.92643,-0.62419,-1.08532,0.0134659,-0.922084,-1.04397,-1.82062,-0.720654,-1.94471,-0.376988,1.76676,-0.594025,1.17955,0.313105,1.16384,0.0323358,0.112372,0.276904,0.173359,1.84303,0.871915,-1.30925,-0.819472,-0.271119,0.144731,1.18899,1.07535,1.68402,1.67163,-0.91779,-0.253471,-1.68299,-0.374937,1.42931,0.855572,-1.19532,2.73656,-0.404315,0.47221,0.404627,-0.820188,1.03382,-0.870425,-0.492501,-1.84346,-0.553088,-2.04519,-0.11561,2.01604,-0.830214,-0.64951,-0.833596,-1.11149,0.141453,-0.401448,0.424055,-0.778247,-0.504581,-2.27229,-0.29073,0.193172,0.240361,-0.0781099,0.126357,0.441691,0.694011,0.976895,1.25512,0.987719,0.380471,0.585957,-0.201663,-0.319163,0.186847,-0.292282,-0.886729,-1.34471,0.502931,1.56713,-1.48795,0.0131259,0.0691181,0.347672,-1.7842,-0.649642,-0.667804,0.693804,0.469463,1.21074,-1.73376,2.2093,0.874238,-0.187525,-1.57012,0.87361,0.305855,-0.241163,0.830766,-0.337062,1.38111,-0.42791,-1.04326,-0.364519,0.367334,-0.663441,-1.6295,-1.28994,1.30785,0.424136,1.97639,-0.886862,-0.151744,1.95017,0.0324544,-0.39655,-0.38006,-0.9984,-0.391202,-0.78232,-1.11736,1.2017,0.290352,-1.07947,0.316162,-2.02175,1.25176,1.41111,-0.801776,0.198278,1.19785,-1.13942,-1.06456,-2.09486,0.194902,1.36254,-0.955836,-547.184,-508.299,2761.5,815.011,520.894,-1882.04,-2005.36,-819.359,713.376,4167.89,684.524,-60.5022,-3825.74,-379.508,89.5438,-786.665,-2764.26,-1893.05,-1138.15,1330.48,3721.9,-4549.31,2287.66,267.703,-2638.59,-2872.07,3581.78,-691.08,1559.76,-2665.15,-3407.54,531.827,2745.55,-223.138,-3512.96,4957.76,-1430.38,-3610.6,1490.59,-2808.39,2647.86,134.514,1058.66,-2025.01,485.435,3088.29,-408.039,1755.96,-843.537,223.64,-979.537,157.066,-382.401,-1592.82,146.539,630.355,1663.4,390.568,-1767.98,-422.267,-1066.21,3073.98,426.967,1910.6,-1257.09,-400.344,-1141.72,499.265,-2604.22,-1076.11,-4120.46,-2216.12,-5824.17,-626.233,4606.2,242.817,3643.23,1542.24,2193.71,656.864,865.569,271.498,-601.193,3442.11,1343.81,-669.027,-589.169,-124.323,-568.395,1995.34,2199.27,3168.19,1360.03,-1589.59,215.181,-2315.43,-552.459,2949.46,968.289,-1405.52
-250354,0,1,0,1,1,250410,-0.384764,0.00591807,1.98251,0.65987,0.194549,-1.62464,-1.32884,-0.638008,0.776036,1.76188,-0.149657,0.116447,-1.54277,-0.0636614,0.2482,-1.00728,-1.59481,-1.01706,-0.127135,0.559175,1.40119,-1.61276,1.8305,-0.0898098,-1.26576,-1.76124,1.23195,-0.269686,1.22789,-1.59845,-1.56077,0.458786,1.996,-0.185011,-1.75004,1.38731,-0.797919,-1.56933,0.936032,-1.67351,1.35279,0.444837,1.42627,-1.3104,-0.0724454,0.89088,-0.393547,0.886616,0.0264761,-0.478673,-1.03596,0.226382,0.0675763,-1.26799,0.156639,-0.0321617,0.998724,0.212245,-0.63784,-0.775643,-0.788799,1.94885,1.21166,0.828242,-0.92643,-0.62419,-1.08532,0.0134659,-0.922084,-1.04397,-1.82062,-0.720654,-1.94471,-0.376988,1.76676,-0.594025,1.17955,0.313105,1.16384,0.0323358,0.112372,0.276904,0.173359,1.84303,0.871915,-1.30925,-0.819472,-0.271119,0.144731,1.18899,1.07535,1.68402,1.67163,-0.91779,-0.253471,-1.68299,-0.374937,1.42931,0.855572,-1.19532,0.695326,-0.288941,0.676669,1.41061,-1.14032,-1.04362,-0.029827,-1.6266,0.439019,0.0457324,0.239449,-0.0491892,-0.681306,-0.328581,1.022,0.985772,-0.634643,-0.268162,-1.26621,-1.62506,0.128475,-0.0627538,-0.207884,-1.5023,1.58077,-1.20864,0.557843,0.933028,-0.0436689,1.53049,1.43345,0.600585,-0.239123,0.292221,1.41997,1.50166,-1.29981,-0.833489,-0.544987,0.030756,-1.42672,-1.08546,0.390407,-0.479446,0.253731,0.143117,-1.95211,-2.70749,0.556444,-2.06772,-0.240903,1.42752,-0.252931,0.984943,-0.404439,-0.0521991,-0.615603,-2.50946,-0.774304,-0.872951,0.338936,0.595359,0.902688,0.611892,0.190114,-0.942613,0.405452,-0.294841,-0.125462,-0.139456,-1.56424,1.6916,-0.345584,-1.5225,0.114088,-0.557303,1.90563,0.256622,0.162168,-0.954399,0.441158,-1.50165,-1.39219,0.973183,2.93972,-0.641422,0.96605,0.991095,-0.964898,0.24622,-0.653905,0.104569,1.81333,0.00199054,0.519317,-0.600346,-2.03908,-1.66003,1.13863,0.361034,-547.184,-508.299,2761.5,815.011,520.894,-1882.04,-2005.36,-819.359,713.376,4167.89,684.524,-60.5022,-3825.74,-379.508,89.5438,-786.665,-2764.26,-1893.05,-1138.15,1330.48,3721.9,-4549.31,2287.66,267.703,-2638.59,-2872.07,3581.78,-691.08,1559.76,-2665.15,-3407.54,531.827,2745.55,-223.138,-3512.96,4957.76,-1430.38,-3610.6,1490.59,-2808.39,2647.86,134.514,1058.66,-2025.01,485.435,3088.29,-408.039,1755.96,-843.537,223.64,-979.537,157.066,-382.401,-1592.82,146.539,630.355,1663.4,390.568,-1767.98,-422.267,-1066.21,3073.98,426.967,1910.6,-1257.09,-400.344,-1141.72,499.265,-2604.22,-1076.11,-4120.46,-2216.12,-5824.17,-626.233,4606.2,242.817,3643.23,1542.24,2193.71,656.864,865.569,271.498,-601.193,3442.11,1343.81,-669.027,-589.169,-124.323,-568.395,1995.34,2199.27,3168.19,1360.03,-1589.59,215.181,-2315.43,-552.459,2949.46,968.289,-1405.52
-250354,0,1,0,1,1,250406,-0.384764,0.00591807,1.98251,0.65987,0.194549,-1.62464,-1.32884,-0.638008,0.776036,1.76188,-0.149657,0.116447,-1.54277,-0.0636614,0.2482,-1.00728,-1.59481,-1.01706,-0.127135,0.559175,1.40119,-1.61276,1.8305,-0.0898098,-1.26576,-1.76124,1.23195,-0.269686,1.22789,-1.59845,-1.56077,0.458786,1.996,-0.185011,-1.75004,1.38731,-0.797919,-1.56933,0.936032,-1.67351,1.35279,0.444837,1.42627,-1.3104,-0.0724454,0.89088,-0.393547,0.886616,0.0264761,-0.478673,-1.03596,0.226382,0.0675763,-1.26799,0.156639,-0.0321617,0.998724,0.212245,-0.63784,-0.775643,-0.788799,1.94885,1.21166,0.828242,-0.92643,-0.62419,-1.08532,0.0134659,-0.922084,-1.04397,-1.82062,-0.720654,-1.94471,-0.376988,1.76676,-0.594025,1.17955,0.313105,1.16384,0.0323358,0.112372,0.276904,0.173359,1.84303,0.871915,-1.30925,-0.819472,-0.271119,0.144731,1.18899,1.07535,1.68402,1.67163,-0.91779,-0.253471,-1.68299,-0.374937,1.42931,0.855572,-1.19532,-0.861917,-1.07092,-0.161183,-0.0376315,0.0468057,0.846739,0.377611,-0.715818,-0.765578,0.40905,-0.737037,0.3066,-0.746045,0.978684,-1.15981,1.17291,-0.021691,0.162793,-0.0462039,-1.80824,-1.36636,0.321483,0.135988,1.04131,-0.800911,2.84695,-0.0806304,0.498956,1.88885,1.08501,-1.83896,-0.636662,0.713919,-0.446256,0.064641,-0.747738,-0.560084,0.563812,-0.0781494,-0.0418243,-0.198382,0.557619,-2.314,0.981234,-0.262021,0.702416,0.255717,-0.958865,-0.708927,0.636581,-0.806002,-1.26012,1.22131,-1.90484,-0.555643,-1.87347,-0.558743,-3.0422,-0.239217,0.88203,-1.20675,0.652888,-0.0518511,-0.701394,1.1395,1.62934,-0.516689,1.21054,-0.203702,0.774569,-0.591573,0.191039,-1.29215,-1.89489,1.04252,0.63873,-0.321009,-0.558328,-0.439886,0.8373,-0.138428,1.14858,1.07578,1.4896,0.549078,1.68294,-0.71434,-0.322111,-2.39021,-0.385074,-0.637301,-0.329094,0.594171,-1.57243,0.141243,-0.129752,0.991372,-0.946641,-0.982442,0.573464,-547.184,-508.299,2761.5,815.011,520.894,-1882.04,-2005.36,-819.359,713.376,4167.89,684.524,-60.5022,-3825.74,-379.508,89.5438,-786.665,-2764.26,-1893.05,-1138.15,1330.48,3721.9,-4549.31,2287.66,267.703,-2638.59,-2872.07,3581.78,-691.08,1559.76,-2665.15,-3407.54,531.827,2745.55,-223.138,-3512.96,4957.76,-1430.38,-3610.6,1490.59,-2808.39,2647.86,134.514,1058.66,-2025.01,485.435,3088.29,-408.039,1755.96,-843.537,223.64,-979.537,157.066,-382.401,-1592.82,146.539,630.355,1663.4,390.568,-1767.98,-422.267,-1066.21,3073.98,426.967,1910.6,-1257.09,-400.344,-1141.72,499.265,-2604.22,-1076.11,-4120.46,-2216.12,-5824.17,-626.233,4606.2,242.817,3643.23,1542.24,2193.71,656.864,865.569,271.498,-601.193,3442.11,1343.81,-669.027,-589.169,-124.323,-568.395,1995.34,2199.27,3168.19,1360.03,-1589.59,215.181,-2315.43,-552.459,2949.46,968.289,-1405.52
-250354,0,1,0,1,1,250396,-0.384764,0.00591807,1.98251,0.65987,0.194549,-1.62464,-1.32884,-0.638008,0.776036,1.76188,-0.149657,0.116447,-1.54277,-0.0636614,0.2482,-1.00728,-1.59481,-1.01706,-0.127135,0.559175,1.40119,-1.61276,1.8305,-0.0898098,-1.26576,-1.76124,1.23195,-0.269686,1.22789,-1.59845,-1.56077,0.458786,1.996,-0.185011,-1.75004,1.38731,-0.797919,-1.56933,0.936032,-1.67351,1.35279,0.444837,1.42627,-1.3104,-0.0724454,0.89088,-0.393547,0.886616,0.0264761,-0.478673,-1.03596,0.226382,0.0675763,-1.26799,0.156639,-0.0321617,0.998724,0.212245,-0.63784,-0.775643,-0.788799,1.94885,1.21166,0.828242,-0.92643,-0.62419,-1.08532,0.0134659,-0.922084,-1.04397,-1.82062,-0.720654,-1.94471,-0.376988,1.76676,-0.594025,1.17955,0.313105,1.16384,0.0323358,0.112372,0.276904,0.173359,1.84303,0.871915,-1.30925,-0.819472,-0.271119,0.144731,1.18899,1.07535,1.68402,1.67163,-0.91779,-0.253471,-1.68299,-0.374937,1.42931,0.855572,-1.19532,0.759365,1.27128,1.77694,-0.469544,2.52155,-0.535245,-0.131052,-2.40115,0.246201,0.61253,-0.0992845,-0.956698,0.692249,0.134629,1.78666,0.150631,0.767712,-0.70175,-1.46645,-0.65718,-0.864,-0.181993,-1.44316,-0.176001,0.769402,0.0285898,1.12521,1.45869,1.80255,-1.051,1.07449,-1.41547,-1.23437,0.896171,0.349388,-0.581211,-0.419937,1.6795,-0.821078,0.0900652,0.265775,0.525225,-0.238973,-0.489876,-0.212474,-0.194709,-0.640402,-1.03152,1.01642,0.404674,1.90484,-0.691628,-0.241575,-0.710243,0.763346,-0.926563,0.762007,0.99171,-0.00891321,-0.0800049,0.902573,-0.41461,-0.0528089,1.63125,-0.685273,0.510265,-0.888379,0.790696,0.27027,0.855777,0.433294,-1.29356,0.920781,-0.622731,-0.405677,1.64729,0.762515,-0.260386,1.11784,-0.600631,0.278057,-0.183947,0.670891,-0.488894,0.0039663,0.436939,-1.4465,-0.558694,1.10324,-0.317867,0.433581,0.609144,-0.450594,0.568145,-0.289633,0.670407,1.2768,-1.21491,-0.497273,0.700075,-547.184,-508.299,2761.5,815.011,520.894,-1882.04,-2005.36,-819.359,713.376,4167.89,684.524,-60.5022,-3825.74,-379.508,89.5438,-786.665,-2764.26,-1893.05,-1138.15,1330.48,3721.9,-4549.31,2287.66,267.703,-2638.59,-2872.07,3581.78,-691.08,1559.76,-2665.15,-3407.54,531.827,2745.55,-223.138,-3512.96,4957.76,-1430.38,-3610.6,1490.59,-2808.39,2647.86,134.514,1058.66,-2025.01,485.435,3088.29,-408.039,1755.96,-843.537,223.64,-979.537,157.066,-382.401,-1592.82,146.539,630.355,1663.4,390.568,-1767.98,-422.267,-1066.21,3073.98,426.967,1910.6,-1257.09,-400.344,-1141.72,499.265,-2604.22,-1076.11,-4120.46,-2216.12,-5824.17,-626.233,4606.2,242.817,3643.23,1542.24,2193.71,656.864,865.569,271.498,-601.193,3442.11,1343.81,-669.027,-589.169,-124.323,-568.395,1995.34,2199.27,3168.19,1360.03,-1589.59,215.181,-2315.43,-552.459,2949.46,968.289,-1405.52
-250354,0,1,0,1,1,250395,-0.384764,0.00591807,1.98251,0.65987,0.194549,-1.62464,-1.32884,-0.638008,0.776036,1.76188,-0.149657,0.116447,-1.54277,-0.0636614,0.2482,-1.00728,-1.59481,-1.01706,-0.127135,0.559175,1.40119,-1.61276,1.8305,-0.0898098,-1.26576,-1.76124,1.23195,-0.269686,1.22789,-1.59845,-1.56077,0.458786,1.996,-0.185011,-1.75004,1.38731,-0.797919,-1.56933,0.936032,-1.67351,1.35279,0.444837,1.42627,-1.3104,-0.0724454,0.89088,-0.393547,0.886616,0.0264761,-0.478673,-1.03596,0.226382,0.0675763,-1.26799,0.156639,-0.0321617,0.998724,0.212245,-0.63784,-0.775643,-0.788799,1.94885,1.21166,0.828242,-0.92643,-0.62419,-1.08532,0.0134659,-0.922084,-1.04397,-1.82062,-0.720654,-1.94471,-0.376988,1.76676,-0.594025,1.17955,0.313105,1.16384,0.0323358,0.112372,0.276904,0.173359,1.84303,0.871915,-1.30925,-0.819472,-0.271119,0.144731,1.18899,1.07535,1.68402,1.67163,-0.91779,-0.253471,-1.68299,-0.374937,1.42931,0.855572,-1.19532,-1.35386,-0.653181,0.382835,0.354905,0.511189,-1.35121,0.149803,-0.567807,2.66513,0.588239,0.0193496,-0.559408,0.100895,0.212128,1.10017,-0.0454647,0.843219,0.529367,1.0645,-2.36608,0.651224,1.41646,-1.02366,-0.501093,-0.296697,0.588144,-1.23498,-0.65603,-0.517525,0.531105,-0.439852,-0.163089,-0.147871,-0.059851,0.953766,1.39356,-0.34164,0.978037,0.463315,-0.416905,-1.79756,-0.0779965,-0.514064,-0.384553,0.0957476,-0.390676,0.0179395,-1.01237,-1.01802,-1.08123,0.625776,0.57792,0.374619,1.14165,0.722424,-1.01138,-1.64165,-0.493668,-0.339445,-1.63962,-1.1898,0.721472,-0.954789,0.501004,0.718414,0.818665,0.589418,0.472462,0.263997,0.0778253,0.237848,1.15736,0.745929,0.116672,-0.740026,-0.938702,0.425796,0.162183,-1.44755,-2.2242,-0.889857,-0.302133,-0.161986,0.536472,1.92823,-0.0358026,0.0781224,-0.241973,-0.730759,-0.0816759,1.36465,2.28517,-0.138677,1.2375,0.454709,0.994119,0.167496,1.4069,0.461584,-0.324348,-547.184,-508.299,2761.5,815.011,520.894,-1882.04,-2005.36,-819.359,713.376,4167.89,684.524,-60.5022,-3825.74,-379.508,89.5438,-786.665,-2764.26,-1893.05,-1138.15,1330.48,3721.9,-4549.31,2287.66,267.703,-2638.59,-2872.07,3581.78,-691.08,1559.76,-2665.15,-3407.54,531.827,2745.55,-223.138,-3512.96,4957.76,-1430.38,-3610.6,1490.59,-2808.39,2647.86,134.514,1058.66,-2025.01,485.435,3088.29,-408.039,1755.96,-843.537,223.64,-979.537,157.066,-382.401,-1592.82,146.539,630.355,1663.4,390.568,-1767.98,-422.267,-1066.21,3073.98,426.967,1910.6,-1257.09,-400.344,-1141.72,499.265,-2604.22,-1076.11,-4120.46,-2216.12,-5824.17,-626.233,4606.2,242.817,3643.23,1542.24,2193.71,656.864,865.569,271.498,-601.193,3442.11,1343.81,-669.027,-589.169,-124.323,-568.395,1995.34,2199.27,3168.19,1360.03,-1589.59,215.181,-2315.43,-552.459,2949.46,968.289,-1405.52
-250354,0,1,0,1,1,250401,-0.384764,0.00591807,1.98251,0.65987,0.194549,-1.62464,-1.32884,-0.638008,0.776036,1.76188,-0.149657,0.116447,-1.54277,-0.0636614,0.2482,-1.00728,-1.59481,-1.01706,-0.127135,0.559175,1.40119,-1.61276,1.8305,-0.0898098,-1.26576,-1.76124,1.23195,-0.269686,1.22789,-1.59845,-1.56077,0.458786,1.996,-0.185011,-1.75004,1.38731,-0.797919,-1.56933,0.936032,-1.67351,1.35279,0.444837,1.42627,-1.3104,-0.0724454,0.89088,-0.393547,0.886616,0.0264761,-0.478673,-1.03596,0.226382,0.0675763,-1.26799,0.156639,-0.0321617,0.998724,0.212245,-0.63784,-0.775643,-0.788799,1.94885,1.21166,0.828242,-0.92643,-0.62419,-1.08532,0.0134659,-0.922084,-1.04397,-1.82062,-0.720654,-1.94471,-0.376988,1.76676,-0.594025,1.17955,0.313105,1.16384,0.0323358,0.112372,0.276904,0.173359,1.84303,0.871915,-1.30925,-0.819472,-0.271119,0.144731,1.18899,1.07535,1.68402,1.67163,-0.91779,-0.253471,-1.68299,-0.374937,1.42931,0.855572,-1.19532,0.400962,0.750923,-1.30813,-0.225231,-0.612133,-1.42615,-1.13766,-0.0300063,1.09163,0.661502,-0.354243,-1.15773,0.104997,-0.560884,0.472552,1.28336,0.176462,2.93527,0.211006,-0.314439,1.06386,0.494073,-1.22524,0.714162,0.472906,-1.53171,0.00395911,1.22457,-0.850139,0.115293,-0.934528,1.00517,-0.269125,1.74308,-0.736832,-0.7953,0.397269,1.02262,-0.0380631,2.43214,-3.11837,-0.523295,-0.497154,0.558323,0.455329,-0.797018,0.904392,-0.373921,-1.66168,-0.00725113,-0.424333,0.363981,0.526632,0.773995,-0.566748,-0.885181,-0.407073,1.41491,0.258805,0.0983952,-0.581109,0.692001,0.0221359,0.162255,0.25508,-0.325057,-0.920242,-0.641821,1.27076,2.43387,1.00406,-1.34503,-0.6455,-0.632334,1.09562,-0.344274,0.303075,0.328526,-0.674466,1.0093,1.109,-0.164151,-0.149768,-1.13996,-0.565177,0.760617,-0.0823438,2.78373,-0.0278706,-0.600717,0.418673,0.117197,1.66619,0.250354,0.279721,-0.53435,-0.660728,-0.7974,0.0430056,0.395553,-547.184,-508.299,2761.5,815.011,520.894,-1882.04,-2005.36,-819.359,713.376,4167.89,684.524,-60.5022,-3825.74,-379.508,89.5438,-786.665,-2764.26,-1893.05,-1138.15,1330.48,3721.9,-4549.31,2287.66,267.703,-2638.59,-2872.07,3581.78,-691.08,1559.76,-2665.15,-3407.54,531.827,2745.55,-223.138,-3512.96,4957.76,-1430.38,-3610.6,1490.59,-2808.39,2647.86,134.514,1058.66,-2025.01,485.435,3088.29,-408.039,1755.96,-843.537,223.64,-979.537,157.066,-382.401,-1592.82,146.539,630.355,1663.4,390.568,-1767.98,-422.267,-1066.21,3073.98,426.967,1910.6,-1257.09,-400.344,-1141.72,499.265,-2604.22,-1076.11,-4120.46,-2216.12,-5824.17,-626.233,4606.2,242.817,3643.23,1542.24,2193.71,656.864,865.569,271.498,-601.193,3442.11,1343.81,-669.027,-589.169,-124.323,-568.395,1995.34,2199.27,3168.19,1360.03,-1589.59,215.181,-2315.43,-552.459,2949.46,968.289,-1405.52
-250354,0,1,0,1,1,250408,-0.384764,0.00591807,1.98251,0.65987,0.194549,-1.62464,-1.32884,-0.638008,0.776036,1.76188,-0.149657,0.116447,-1.54277,-0.0636614,0.2482,-1.00728,-1.59481,-1.01706,-0.127135,0.559175,1.40119,-1.61276,1.8305,-0.0898098,-1.26576,-1.76124,1.23195,-0.269686,1.22789,-1.59845,-1.56077,0.458786,1.996,-0.185011,-1.75004,1.38731,-0.797919,-1.56933,0.936032,-1.67351,1.35279,0.444837,1.42627,-1.3104,-0.0724454,0.89088,-0.393547,0.886616,0.0264761,-0.478673,-1.03596,0.226382,0.0675763,-1.26799,0.156639,-0.0321617,0.998724,0.212245,-0.63784,-0.775643,-0.788799,1.94885,1.21166,0.828242,-0.92643,-0.62419,-1.08532,0.0134659,-0.922084,-1.04397,-1.82062,-0.720654,-1.94471,-0.376988,1.76676,-0.594025,1.17955,0.313105,1.16384,0.0323358,0.112372,0.276904,0.173359,1.84303,0.871915,-1.30925,-0.819472,-0.271119,0.144731,1.18899,1.07535,1.68402,1.67163,-0.91779,-0.253471,-1.68299,-0.374937,1.42931,0.855572,-1.19532,-0.332686,0.946076,0.0930538,-0.498193,-0.611654,1.64196,0.619991,-2.35207,-0.0155211,0.132528,-0.323253,-0.921898,0.452367,-1.19544,0.859221,0.333784,0.0987756,0.655684,0.393976,-0.126395,-0.800585,-0.601388,-0.443013,-1.11054,-1.51178,0.737375,1.79942,0.28385,-0.400303,0.793103,-1.91042,-0.627603,1.42644,0.735811,-2.455,0.266634,-0.206263,1.87829,1.15762,-0.195267,-1.83367,0.46521,-0.415103,-2.13305,-0.308342,-0.135001,2.30641,-1.15054,0.831587,-1.34682,-0.508455,-0.794826,0.312003,-0.0629416,0.612395,-0.285077,0.0610413,0.239063,-0.136554,-2.50383,-0.791343,-0.543853,-1.72518,1.37201,-1.27129,0.157739,1.18552,-0.862589,0.701803,-0.0672513,-0.0643857,-1.09266,-0.224992,1.21085,2.15357,0.993179,1.20076,-1.23383,0.557908,-0.6827,-0.623799,-0.320791,0.29717,-0.719888,0.00945575,3.21826,0.376412,-0.852674,0.711907,1.04547,-1.29389,-0.525631,0.780592,0.299101,-0.299212,-0.661065,-0.424583,1.11612,-0.725832,0.0564735,-547.184,-508.299,2761.5,815.011,520.894,-1882.04,-2005.36,-819.359,713.376,4167.89,684.524,-60.5022,-3825.74,-379.508,89.5438,-786.665,-2764.26,-1893.05,-1138.15,1330.48,3721.9,-4549.31,2287.66,267.703,-2638.59,-2872.07,3581.78,-691.08,1559.76,-2665.15,-3407.54,531.827,2745.55,-223.138,-3512.96,4957.76,-1430.38,-3610.6,1490.59,-2808.39,2647.86,134.514,1058.66,-2025.01,485.435,3088.29,-408.039,1755.96,-843.537,223.64,-979.537,157.066,-382.401,-1592.82,146.539,630.355,1663.4,390.568,-1767.98,-422.267,-1066.21,3073.98,426.967,1910.6,-1257.09,-400.344,-1141.72,499.265,-2604.22,-1076.11,-4120.46,-2216.12,-5824.17,-626.233,4606.2,242.817,3643.23,1542.24,2193.71,656.864,865.569,271.498,-601.193,3442.11,1343.81,-669.027,-589.169,-124.323,-568.395,1995.34,2199.27,3168.19,1360.03,-1589.59,215.181,-2315.43,-552.459,2949.46,968.289,-1405.52
-250354,0,1,0,1,1,250410,-0.384764,0.00591807,1.98251,0.65987,0.194549,-1.62464,-1.32884,-0.638008,0.776036,1.76188,-0.149657,0.116447,-1.54277,-0.0636614,0.2482,-1.00728,-1.59481,-1.01706,-0.127135,0.559175,1.40119,-1.61276,1.8305,-0.0898098,-1.26576,-1.76124,1.23195,-0.269686,1.22789,-1.59845,-1.56077,0.458786,1.996,-0.185011,-1.75004,1.38731,-0.797919,-1.56933,0.936032,-1.67351,1.35279,0.444837,1.42627,-1.3104,-0.0724454,0.89088,-0.393547,0.886616,0.0264761,-0.478673,-1.03596,0.226382,0.0675763,-1.26799,0.156639,-0.0321617,0.998724,0.212245,-0.63784,-0.775643,-0.788799,1.94885,1.21166,0.828242,-0.92643,-0.62419,-1.08532,0.0134659,-0.922084,-1.04397,-1.82062,-0.720654,-1.94471,-0.376988,1.76676,-0.594025,1.17955,0.313105,1.16384,0.0323358,0.112372,0.276904,0.173359,1.84303,0.871915,-1.30925,-0.819472,-0.271119,0.144731,1.18899,1.07535,1.68402,1.67163,-0.91779,-0.253471,-1.68299,-0.374937,1.42931,0.855572,-1.19532,0.802827,-0.950582,0.545824,1.25782,0.642943,-0.0733524,-2.19918,-0.0869462,-1.03778,-1.36171,-1.59882,1.63025,-1.19347,-0.245636,-0.911235,1.12939,-0.820734,-1.00731,1.14531,0.54241,0.0746202,0.0156668,1.93079,1.55899,-1.31619,0.525291,-0.0901893,0.974637,-0.68622,2.23844,1.33554,-1.00006,-0.0800487,1.30929,0.641175,-0.734264,-0.577395,1.75229,0.558727,-0.325837,-0.713394,0.84056,0.374252,-0.93496,0.515477,-0.853611,-1.96678,-0.246842,0.52288,0.746082,-0.223464,-0.858518,0.949639,-0.23001,0.0715027,0.464055,2.46841,0.862318,2.62327,-0.847262,-0.2655,1.58361,-2.61737,-0.342737,1.41732,-0.0421353,-0.167725,-0.541108,0.886807,0.0337535,-0.557985,0.611431,-0.157709,0.541602,0.0517253,0.725216,-0.376973,0.63486,0.129228,-1.50204,2.33299,0.549933,1.12119,0.81827,0.00235246,0.0738234,-1.59302,0.168805,0.571463,1.82869,0.160383,-0.947579,0.979742,-0.45063,0.827387,-0.826578,-0.584157,0.399974,1.62191,1.19351,-547.184,-508.299,2761.5,815.011,520.894,-1882.04,-2005.36,-819.359,713.376,4167.89,684.524,-60.5022,-3825.74,-379.508,89.5438,-786.665,-2764.26,-1893.05,-1138.15,1330.48,3721.9,-4549.31,2287.66,267.703,-2638.59,-2872.07,3581.78,-691.08,1559.76,-2665.15,-3407.54,531.827,2745.55,-223.138,-3512.96,4957.76,-1430.38,-3610.6,1490.59,-2808.39,2647.86,134.514,1058.66,-2025.01,485.435,3088.29,-408.039,1755.96,-843.537,223.64,-979.537,157.066,-382.401,-1592.82,146.539,630.355,1663.4,390.568,-1767.98,-422.267,-1066.21,3073.98,426.967,1910.6,-1257.09,-400.344,-1141.72,499.265,-2604.22,-1076.11,-4120.46,-2216.12,-5824.17,-626.233,4606.2,242.817,3643.23,1542.24,2193.71,656.864,865.569,271.498,-601.193,3442.11,1343.81,-669.027,-589.169,-124.323,-568.395,1995.34,2199.27,3168.19,1360.03,-1589.59,215.181,-2315.43,-552.459,2949.46,968.289,-1405.52
-250354,0,1,0,1,1,250395,-0.384764,0.00591807,1.98251,0.65987,0.194549,-1.62464,-1.32884,-0.638008,0.776036,1.76188,-0.149657,0.116447,-1.54277,-0.0636614,0.2482,-1.00728,-1.59481,-1.01706,-0.127135,0.559175,1.40119,-1.61276,1.8305,-0.0898098,-1.26576,-1.76124,1.23195,-0.269686,1.22789,-1.59845,-1.56077,0.458786,1.996,-0.185011,-1.75004,1.38731,-0.797919,-1.56933,0.936032,-1.67351,1.35279,0.444837,1.42627,-1.3104,-0.0724454,0.89088,-0.393547,0.886616,0.0264761,-0.478673,-1.03596,0.226382,0.0675763,-1.26799,0.156639,-0.0321617,0.998724,0.212245,-0.63784,-0.775643,-0.788799,1.94885,1.21166,0.828242,-0.92643,-0.62419,-1.08532,0.0134659,-0.922084,-1.04397,-1.82062,-0.720654,-1.94471,-0.376988,1.76676,-0.594025,1.17955,0.313105,1.16384,0.0323358,0.112372,0.276904,0.173359,1.84303,0.871915,-1.30925,-0.819472,-0.271119,0.144731,1.18899,1.07535,1.68402,1.67163,-0.91779,-0.253471,-1.68299,-0.374937,1.42931,0.855572,-1.19532,0.146468,1.30809,-0.467357,-1.21081,0.51446,-0.547407,-1.90474,0.0164027,0.776495,0.867504,0.0304834,0.174602,-0.469664,0.88408,-0.466023,-0.739906,0.546604,0.56827,0.707066,0.741371,-0.682677,0.518298,1.71716,0.977859,-0.537443,1.14514,-0.0787726,-2.25076,1.55318,-0.742565,-0.81567,0.211572,-2.05976,1.28465,0.281971,-0.0190551,0.570319,-0.51764,0.243737,0.0610213,-0.25006,-1.09532,0.902721,0.541247,0.143158,0.139785,-0.871198,-0.423988,-0.660089,0.946188,-1.41705,-0.236778,-2.46907,0.379333,1.06203,-1.43343,0.977713,0.229359,-0.484755,-0.227728,-1.49704,0.906185,-0.673991,2.4469,-0.718208,0.213604,-0.206228,0.706098,-0.403548,-0.767046,-0.0407124,0.393004,0.290308,-1.1548,0.44263,0.705189,1.13404,-1.05588,0.735483,0.785685,-0.0453953,1.13863,0.320435,-0.0426452,-0.031666,0.980293,-0.690355,-0.911817,-0.370919,-0.308908,0.11127,-0.834588,-0.93271,0.740517,-0.175708,0.875127,0.369897,-1.64189,-1.04978,-1.42522,-547.184,-508.299,2761.5,815.011,520.894,-1882.04,-2005.36,-819.359,713.376,4167.89,684.524,-60.5022,-3825.74,-379.508,89.5438,-786.665,-2764.26,-1893.05,-1138.15,1330.48,3721.9,-4549.31,2287.66,267.703,-2638.59,-2872.07,3581.78,-691.08,1559.76,-2665.15,-3407.54,531.827,2745.55,-223.138,-3512.96,4957.76,-1430.38,-3610.6,1490.59,-2808.39,2647.86,134.514,1058.66,-2025.01,485.435,3088.29,-408.039,1755.96,-843.537,223.64,-979.537,157.066,-382.401,-1592.82,146.539,630.355,1663.4,390.568,-1767.98,-422.267,-1066.21,3073.98,426.967,1910.6,-1257.09,-400.344,-1141.72,499.265,-2604.22,-1076.11,-4120.46,-2216.12,-5824.17,-626.233,4606.2,242.817,3643.23,1542.24,2193.71,656.864,865.569,271.498,-601.193,3442.11,1343.81,-669.027,-589.169,-124.323,-568.395,1995.34,2199.27,3168.19,1360.03,-1589.59,215.181,-2315.43,-552.459,2949.46,968.289,-1405.52
-250354,0,1,0,1,1,250404,-0.384764,0.00591807,1.98251,0.65987,0.194549,-1.62464,-1.32884,-0.638008,0.776036,1.76188,-0.149657,0.116447,-1.54277,-0.0636614,0.2482,-1.00728,-1.59481,-1.01706,-0.127135,0.559175,1.40119,-1.61276,1.8305,-0.0898098,-1.26576,-1.76124,1.23195,-0.269686,1.22789,-1.59845,-1.56077,0.458786,1.996,-0.185011,-1.75004,1.38731,-0.797919,-1.56933,0.936032,-1.67351,1.35279,0.444837,1.42627,-1.3104,-0.0724454,0.89088,-0.393547,0.886616,0.0264761,-0.478673,-1.03596,0.226382,0.0675763,-1.26799,0.156639,-0.0321617,0.998724,0.212245,-0.63784,-0.775643,-0.788799,1.94885,1.21166,0.828242,-0.92643,-0.62419,-1.08532,0.0134659,-0.922084,-1.04397,-1.82062,-0.720654,-1.94471,-0.376988,1.76676,-0.594025,1.17955,0.313105,1.16384,0.0323358,0.112372,0.276904,0.173359,1.84303,0.871915,-1.30925,-0.819472,-0.271119,0.144731,1.18899,1.07535,1.68402,1.67163,-0.91779,-0.253471,-1.68299,-0.374937,1.42931,0.855572,-1.19532,-0.585732,-1.60982,-1.50864,0.268448,-2.18766,-0.274431,0.924547,-0.628996,-0.667572,-1.62669,-0.993119,0.776126,0.678423,0.25286,0.276556,-0.773374,-0.0587505,-1.6246,-1.09036,-0.410028,1.02992,-0.16966,-0.456895,-0.386722,-0.420599,0.601798,0.187426,1.53443,0.993358,-0.386065,1.06533,0.357091,-0.792993,-2.74839,0.573575,-0.247775,-1.04168,0.792687,-0.0544432,-0.129512,1.49617,-0.200841,-0.457847,0.512146,-0.383562,0.804574,0.126813,-0.00619848,-1.55952,0.8408,-0.296191,-0.451993,-0.0001225,0.205716,1.26088,-1.69281,1.37412,0.866299,-1.05393,-1.3755,0.95479,-1.12563,-0.995535,-0.971198,-1.74683,-0.0470533,1.50893,0.0846554,-0.727569,-0.60257,-0.629799,-0.282685,-0.0913186,2.00353,0.169006,-1.00029,0.701352,-0.922776,-1.66126,-1.71159,0.382496,-1.05008,-1.39536,0.538366,1.03593,1.29474,0.890002,1.05017,-0.188935,-0.282298,-0.383276,-1.05728,1.35151,-1.28436,-1.38792,0.773212,1.04678,-0.502261,-1.7241,-0.812153,-547.184,-508.299,2761.5,815.011,520.894,-1882.04,-2005.36,-819.359,713.376,4167.89,684.524,-60.5022,-3825.74,-379.508,89.5438,-786.665,-2764.26,-1893.05,-1138.15,1330.48,3721.9,-4549.31,2287.66,267.703,-2638.59,-2872.07,3581.78,-691.08,1559.76,-2665.15,-3407.54,531.827,2745.55,-223.138,-3512.96,4957.76,-1430.38,-3610.6,1490.59,-2808.39,2647.86,134.514,1058.66,-2025.01,485.435,3088.29,-408.039,1755.96,-843.537,223.64,-979.537,157.066,-382.401,-1592.82,146.539,630.355,1663.4,390.568,-1767.98,-422.267,-1066.21,3073.98,426.967,1910.6,-1257.09,-400.344,-1141.72,499.265,-2604.22,-1076.11,-4120.46,-2216.12,-5824.17,-626.233,4606.2,242.817,3643.23,1542.24,2193.71,656.864,865.569,271.498,-601.193,3442.11,1343.81,-669.027,-589.169,-124.323,-568.395,1995.34,2199.27,3168.19,1360.03,-1589.59,215.181,-2315.43,-552.459,2949.46,968.289,-1405.52
-250354,0,1,0,1,1,250400,-0.384764,0.00591807,1.98251,0.65987,0.194549,-1.62464,-1.32884,-0.638008,0.776036,1.76188,-0.149657,0.116447,-1.54277,-0.0636614,0.2482,-1.00728,-1.59481,-1.01706,-0.127135,0.559175,1.40119,-1.61276,1.8305,-0.0898098,-1.26576,-1.76124,1.23195,-0.269686,1.22789,-1.59845,-1.56077,0.458786,1.996,-0.185011,-1.75004,1.38731,-0.797919,-1.56933,0.936032,-1.67351,1.35279,0.444837,1.42627,-1.3104,-0.0724454,0.89088,-0.393547,0.886616,0.0264761,-0.478673,-1.03596,0.226382,0.0675763,-1.26799,0.156639,-0.0321617,0.998724,0.212245,-0.63784,-0.775643,-0.788799,1.94885,1.21166,0.828242,-0.92643,-0.62419,-1.08532,0.0134659,-0.922084,-1.04397,-1.82062,-0.720654,-1.94471,-0.376988,1.76676,-0.594025,1.17955,0.313105,1.16384,0.0323358,0.112372,0.276904,0.173359,1.84303,0.871915,-1.30925,-0.819472,-0.271119,0.144731,1.18899,1.07535,1.68402,1.67163,-0.91779,-0.253471,-1.68299,-0.374937,1.42931,0.855572,-1.19532,0.476515,-1.25065,-0.32874,1.46819,0.559145,0.397632,0.899167,0.0342727,-0.853001,1.21774,0.224204,2.19752,1.0959,1.8301,1.41225,0.585735,1.26012,-1.531,0.0730374,2.09649,1.5224,-0.405365,-0.0921465,-0.408713,0.133487,0.0156485,-0.0664154,-0.986171,1.69043,0.44041,-0.352677,0.373491,-1.26962,0.220829,0.924729,-0.163942,0.233086,-0.660767,0.260058,0.0209638,-0.431532,0.0546366,-0.79691,0.510659,-2.33438,0.235372,0.195118,-0.807944,0.521559,-1.41361,1.49804,-0.226168,-0.6493,-0.501038,-1.1043,0.177103,-0.908602,1.51525,0.575857,-1.29804,-1.28226,-0.0399143,0.346979,-1.00195,-0.328619,1.20969,-0.509109,0.310469,0.292452,-0.256658,0.663188,-1.20317,-0.606086,-0.352043,-0.493011,1.76107,0.21278,0.679194,0.0810533,-1.29731,-0.0167786,-0.515881,0.0661374,-0.275389,0.905852,0.904863,-1.21826,0.397787,0.829439,-2.36968,2.64478,-1.32225,-1.05211,-1.0728,-0.358536,-0.162725,-0.939657,-0.00367031,1.09587,0.304087,-547.184,-508.299,2761.5,815.011,520.894,-1882.04,-2005.36,-819.359,713.376,4167.89,684.524,-60.5022,-3825.74,-379.508,89.5438,-786.665,-2764.26,-1893.05,-1138.15,1330.48,3721.9,-4549.31,2287.66,267.703,-2638.59,-2872.07,3581.78,-691.08,1559.76,-2665.15,-3407.54,531.827,2745.55,-223.138,-3512.96,4957.76,-1430.38,-3610.6,1490.59,-2808.39,2647.86,134.514,1058.66,-2025.01,485.435,3088.29,-408.039,1755.96,-843.537,223.64,-979.537,157.066,-382.401,-1592.82,146.539,630.355,1663.4,390.568,-1767.98,-422.267,-1066.21,3073.98,426.967,1910.6,-1257.09,-400.344,-1141.72,499.265,-2604.22,-1076.11,-4120.46,-2216.12,-5824.17,-626.233,4606.2,242.817,3643.23,1542.24,2193.71,656.864,865.569,271.498,-601.193,3442.11,1343.81,-669.027,-589.169,-124.323,-568.395,1995.34,2199.27,3168.19,1360.03,-1589.59,215.181,-2315.43,-552.459,2949.46,968.289,-1405.52
-250354,0,1,0,1,1,250403,-0.384764,0.00591807,1.98251,0.65987,0.194549,-1.62464,-1.32884,-0.638008,0.776036,1.76188,-0.149657,0.116447,-1.54277,-0.0636614,0.2482,-1.00728,-1.59481,-1.01706,-0.127135,0.559175,1.40119,-1.61276,1.8305,-0.0898098,-1.26576,-1.76124,1.23195,-0.269686,1.22789,-1.59845,-1.56077,0.458786,1.996,-0.185011,-1.75004,1.38731,-0.797919,-1.56933,0.936032,-1.67351,1.35279,0.444837,1.42627,-1.3104,-0.0724454,0.89088,-0.393547,0.886616,0.0264761,-0.478673,-1.03596,0.226382,0.0675763,-1.26799,0.156639,-0.0321617,0.998724,0.212245,-0.63784,-0.775643,-0.788799,1.94885,1.21166,0.828242,-0.92643,-0.62419,-1.08532,0.0134659,-0.922084,-1.04397,-1.82062,-0.720654,-1.94471,-0.376988,1.76676,-0.594025,1.17955,0.313105,1.16384,0.0323358,0.112372,0.276904,0.173359,1.84303,0.871915,-1.30925,-0.819472,-0.271119,0.144731,1.18899,1.07535,1.68402,1.67163,-0.91779,-0.253471,-1.68299,-0.374937,1.42931,0.855572,-1.19532,0.301733,0.981509,-1.00399,1.35083,-1.25819,0.805767,0.160364,0.344679,-0.353106,-0.356108,-0.270872,-0.899356,-0.222776,-0.30271,-0.839228,0.122387,0.578062,-0.775649,-1.47966,1.13734,0.256913,-1.30826,1.1128,-0.194362,0.189468,0.312242,-1.75818,-1.14336,-0.268074,0.940733,-0.364084,1.043,-0.964415,-0.259243,-0.533739,-0.886154,1.28113,-0.753289,0.105446,-0.563678,-0.346011,0.554594,-1.11884,0.194424,-0.981197,-0.692948,-0.27831,1.30678,-1.35236,-1.41776,-1.20851,-0.1292,0.268889,0.951416,0.141154,-1.44984,-0.82386,-0.0255636,0.362025,-1.62308,0.621843,1.61447,-2.3516,-0.831003,-0.110353,-0.726313,2.07396,0.51205,0.0473858,2.13863,1.7623,0.923158,0.847576,0.99703,1.26857,0.196736,0.821176,-0.411319,-1.84461,-1.23765,1.73039,-1.07917,0.78279,-0.110635,-0.466133,0.704011,0.322837,1.6656,-1.98503,-0.657521,0.316009,-0.314098,1.17026,0.108256,-0.174642,1.39622,-2.16631,-0.404771,0.482101,0.428469,-547.184,-508.299,2761.5,815.011,520.894,-1882.04,-2005.36,-819.359,713.376,4167.89,684.524,-60.5022,-3825.74,-379.508,89.5438,-786.665,-2764.26,-1893.05,-1138.15,1330.48,3721.9,-4549.31,2287.66,267.703,-2638.59,-2872.07,3581.78,-691.08,1559.76,-2665.15,-3407.54,531.827,2745.55,-223.138,-3512.96,4957.76,-1430.38,-3610.6,1490.59,-2808.39,2647.86,134.514,1058.66,-2025.01,485.435,3088.29,-408.039,1755.96,-843.537,223.64,-979.537,157.066,-382.401,-1592.82,146.539,630.355,1663.4,390.568,-1767.98,-422.267,-1066.21,3073.98,426.967,1910.6,-1257.09,-400.344,-1141.72,499.265,-2604.22,-1076.11,-4120.46,-2216.12,-5824.17,-626.233,4606.2,242.817,3643.23,1542.24,2193.71,656.864,865.569,271.498,-601.193,3442.11,1343.81,-669.027,-589.169,-124.323,-568.395,1995.34,2199.27,3168.19,1360.03,-1589.59,215.181,-2315.43,-552.459,2949.46,968.289,-1405.52
-250354,0,1,0,1,1,250410,-0.384764,0.00591807,1.98251,0.65987,0.194549,-1.62464,-1.32884,-0.638008,0.776036,1.76188,-0.149657,0.116447,-1.54277,-0.0636614,0.2482,-1.00728,-1.59481,-1.01706,-0.127135,0.559175,1.40119,-1.61276,1.8305,-0.0898098,-1.26576,-1.76124,1.23195,-0.269686,1.22789,-1.59845,-1.56077,0.458786,1.996,-0.185011,-1.75004,1.38731,-0.797919,-1.56933,0.936032,-1.67351,1.35279,0.444837,1.42627,-1.3104,-0.0724454,0.89088,-0.393547,0.886616,0.0264761,-0.478673,-1.03596,0.226382,0.0675763,-1.26799,0.156639,-0.0321617,0.998724,0.212245,-0.63784,-0.775643,-0.788799,1.94885,1.21166,0.828242,-0.92643,-0.62419,-1.08532,0.0134659,-0.922084,-1.04397,-1.82062,-0.720654,-1.94471,-0.376988,1.76676,-0.594025,1.17955,0.313105,1.16384,0.0323358,0.112372,0.276904,0.173359,1.84303,0.871915,-1.30925,-0.819472,-0.271119,0.144731,1.18899,1.07535,1.68402,1.67163,-0.91779,-0.253471,-1.68299,-0.374937,1.42931,0.855572,-1.19532,0.52546,-0.26488,0.597467,0.712791,-0.000525912,-0.84429,-0.0258094,0.753082,-0.818883,-0.59566,0.293895,-0.909189,1.19203,0.0610888,0.131141,0.00373038,-0.982729,1.04304,-0.260582,0.0665862,-0.426618,0.280728,0.559767,-0.588304,0.246201,1.48305,-1.75926,2.44046,0.329592,0.677718,-2.27585,0.963296,-0.176283,0.98758,0.72823,0.44585,1.11582,2.01597,0.348626,-0.892687,-0.459466,1.19849,1.31979,-0.740124,-0.774204,-2.28489,0.929422,0.946536,-0.353829,1.92746,1.96236,0.89433,0.171145,-0.499456,-1.16356,-0.131433,-1.88087,-0.526035,-1.34724,2.43952,1.49347,1.22844,0.713325,0.7669,0.526839,-0.00641628,1.43259,0.671668,-0.107304,1.6443,1.73897,0.14764,-2.12722,1.32723,-0.308152,1.37183,0.0294774,-0.0999123,1.29955,0.482482,1.36684,0.620206,2.0999,0.815796,1.47965,-1.91305,0.352859,0.432355,-1.1436,0.666138,0.125354,-0.13711,-0.40324,-1.15108,0.326259,1.36195,0.600197,0.325454,0.415329,-0.588404,-547.184,-508.299,2761.5,815.011,520.894,-1882.04,-2005.36,-819.359,713.376,4167.89,684.524,-60.5022,-3825.74,-379.508,89.5438,-786.665,-2764.26,-1893.05,-1138.15,1330.48,3721.9,-4549.31,2287.66,267.703,-2638.59,-2872.07,3581.78,-691.08,1559.76,-2665.15,-3407.54,531.827,2745.55,-223.138,-3512.96,4957.76,-1430.38,-3610.6,1490.59,-2808.39,2647.86,134.514,1058.66,-2025.01,485.435,3088.29,-408.039,1755.96,-843.537,223.64,-979.537,157.066,-382.401,-1592.82,146.539,630.355,1663.4,390.568,-1767.98,-422.267,-1066.21,3073.98,426.967,1910.6,-1257.09,-400.344,-1141.72,499.265,-2604.22,-1076.11,-4120.46,-2216.12,-5824.17,-626.233,4606.2,242.817,3643.23,1542.24,2193.71,656.864,865.569,271.498,-601.193,3442.11,1343.81,-669.027,-589.169,-124.323,-568.395,1995.34,2199.27,3168.19,1360.03,-1589.59,215.181,-2315.43,-552.459,2949.46,968.289,-1405.52
-250354,0,1,0,1,1,250405,-0.384764,0.00591807,1.98251,0.65987,0.194549,-1.62464,-1.32884,-0.638008,0.776036,1.76188,-0.149657,0.116447,-1.54277,-0.0636614,0.2482,-1.00728,-1.59481,-1.01706,-0.127135,0.559175,1.40119,-1.61276,1.8305,-0.0898098,-1.26576,-1.76124,1.23195,-0.269686,1.22789,-1.59845,-1.56077,0.458786,1.996,-0.185011,-1.75004,1.38731,-0.797919,-1.56933,0.936032,-1.67351,1.35279,0.444837,1.42627,-1.3104,-0.0724454,0.89088,-0.393547,0.886616,0.0264761,-0.478673,-1.03596,0.226382,0.0675763,-1.26799,0.156639,-0.0321617,0.998724,0.212245,-0.63784,-0.775643,-0.788799,1.94885,1.21166,0.828242,-0.92643,-0.62419,-1.08532,0.0134659,-0.922084,-1.04397,-1.82062,-0.720654,-1.94471,-0.376988,1.76676,-0.594025,1.17955,0.313105,1.16384,0.0323358,0.112372,0.276904,0.173359,1.84303,0.871915,-1.30925,-0.819472,-0.271119,0.144731,1.18899,1.07535,1.68402,1.67163,-0.91779,-0.253471,-1.68299,-0.374937,1.42931,0.855572,-1.19532,0.184539,-0.315998,-0.893465,0.501058,1.30747,0.146257,-0.253383,0.987587,-0.372859,-0.362997,0.00178056,-0.43146,1.06048,0.990818,2.5519,-1.01228,-0.187621,-0.287221,-0.601401,-0.847356,-0.854399,-0.0178531,0.515041,0.0777892,-0.867757,-1.24308,-0.0890869,0.748298,2.34368,-0.598143,-0.653833,-0.0370564,0.488475,-0.176197,1.39497,-0.702612,-0.913114,-0.247116,0.070271,-0.448491,1.8131,-1.55267,-0.0285897,1.7583,2.45097,-0.747767,0.702253,1.50008,0.2717,-0.780337,-0.644095,0.765781,2.54935,-1.44049,1.20674,-0.0851838,0.57057,0.18938,-1.25991,1.32253,-0.141107,-0.10257,0.561988,1.93401,0.329962,-0.596198,-0.245416,0.503526,0.0947615,-0.790825,0.638519,-1.06265,0.114293,-0.11973,0.161706,0.430309,0.750908,0.164094,0.545485,-1.63094,1.37099,1.24085,1.81087,1.01931,-1.05993,0.136249,1.40098,-0.355046,0.229611,0.368555,1.20493,-1.33846,2.16872,-0.0678332,1.97873,-0.458724,0.476636,0.796881,-1.7622,-0.432383,-547.184,-508.299,2761.5,815.011,520.894,-1882.04,-2005.36,-819.359,713.376,4167.89,684.524,-60.5022,-3825.74,-379.508,89.5438,-786.665,-2764.26,-1893.05,-1138.15,1330.48,3721.9,-4549.31,2287.66,267.703,-2638.59,-2872.07,3581.78,-691.08,1559.76,-2665.15,-3407.54,531.827,2745.55,-223.138,-3512.96,4957.76,-1430.38,-3610.6,1490.59,-2808.39,2647.86,134.514,1058.66,-2025.01,485.435,3088.29,-408.039,1755.96,-843.537,223.64,-979.537,157.066,-382.401,-1592.82,146.539,630.355,1663.4,390.568,-1767.98,-422.267,-1066.21,3073.98,426.967,1910.6,-1257.09,-400.344,-1141.72,499.265,-2604.22,-1076.11,-4120.46,-2216.12,-5824.17,-626.233,4606.2,242.817,3643.23,1542.24,2193.71,656.864,865.569,271.498,-601.193,3442.11,1343.81,-669.027,-589.169,-124.323,-568.395,1995.34,2199.27,3168.19,1360.03,-1589.59,215.181,-2315.43,-552.459,2949.46,968.289,-1405.52
-250354,0,1,0,1,1,250401,-0.384764,0.00591807,1.98251,0.65987,0.194549,-1.62464,-1.32884,-0.638008,0.776036,1.76188,-0.149657,0.116447,-1.54277,-0.0636614,0.2482,-1.00728,-1.59481,-1.01706,-0.127135,0.559175,1.40119,-1.61276,1.8305,-0.0898098,-1.26576,-1.76124,1.23195,-0.269686,1.22789,-1.59845,-1.56077,0.458786,1.996,-0.185011,-1.75004,1.38731,-0.797919,-1.56933,0.936032,-1.67351,1.35279,0.444837,1.42627,-1.3104,-0.0724454,0.89088,-0.393547,0.886616,0.0264761,-0.478673,-1.03596,0.226382,0.0675763,-1.26799,0.156639,-0.0321617,0.998724,0.212245,-0.63784,-0.775643,-0.788799,1.94885,1.21166,0.828242,-0.92643,-0.62419,-1.08532,0.0134659,-0.922084,-1.04397,-1.82062,-0.720654,-1.94471,-0.376988,1.76676,-0.594025,1.17955,0.313105,1.16384,0.0323358,0.112372,0.276904,0.173359,1.84303,0.871915,-1.30925,-0.819472,-0.271119,0.144731,1.18899,1.07535,1.68402,1.67163,-0.91779,-0.253471,-1.68299,-0.374937,1.42931,0.855572,-1.19532,0.435069,2.4064,-1.89465,1.85535,-2.01283,1.60645,0.610726,0.535287,-1.92643,-0.311667,-0.355591,-1.0184,-1.41145,1.24274,0.0167549,-1.08714,-0.69952,0.0269054,0.914974,0.210762,1.31504,0.377054,0.804641,0.446318,0.392964,0.640932,0.599823,-0.26883,-0.714387,-0.595673,1.82391,0.384347,0.0155299,0.447959,-0.480654,0.377155,0.0547505,0.666762,1.27042,0.0896785,2.0315,-0.934983,-0.286735,0.138718,1.31116,2.20317,0.902907,-0.271564,0.15999,-0.658456,-0.305067,-0.19691,-0.8091,0.0866125,0.22749,-1.36054,-1.4019,-0.846813,-1.3093,-0.300019,1.3833,0.239992,0.440068,1.76743,0.60209,0.662638,0.335571,0.259487,1.01505,1.17449,-0.453405,0.189586,-0.180203,0.733586,0.464102,0.542167,0.712573,0.00507518,0.513795,-1.4376,-0.752705,-0.304785,-1.33358,0.454717,0.303841,1.18783,0.448912,-1.04542,1.04125,-1.09661,1.07323,-1.0531,-0.582186,-1.4023,-0.561172,1.06257,-0.609098,0.430661,1.53779,-1.59962,-547.184,-508.299,2761.5,815.011,520.894,-1882.04,-2005.36,-819.359,713.376,4167.89,684.524,-60.5022,-3825.74,-379.508,89.5438,-786.665,-2764.26,-1893.05,-1138.15,1330.48,3721.9,-4549.31,2287.66,267.703,-2638.59,-2872.07,3581.78,-691.08,1559.76,-2665.15,-3407.54,531.827,2745.55,-223.138,-3512.96,4957.76,-1430.38,-3610.6,1490.59,-2808.39,2647.86,134.514,1058.66,-2025.01,485.435,3088.29,-408.039,1755.96,-843.537,223.64,-979.537,157.066,-382.401,-1592.82,146.539,630.355,1663.4,390.568,-1767.98,-422.267,-1066.21,3073.98,426.967,1910.6,-1257.09,-400.344,-1141.72,499.265,-2604.22,-1076.11,-4120.46,-2216.12,-5824.17,-626.233,4606.2,242.817,3643.23,1542.24,2193.71,656.864,865.569,271.498,-601.193,3442.11,1343.81,-669.027,-589.169,-124.323,-568.395,1995.34,2199.27,3168.19,1360.03,-1589.59,215.181,-2315.43,-552.459,2949.46,968.289,-1405.52
-250354,0,1,0,1,1,250407,-0.384764,0.00591807,1.98251,0.65987,0.194549,-1.62464,-1.32884,-0.638008,0.776036,1.76188,-0.149657,0.116447,-1.54277,-0.0636614,0.2482,-1.00728,-1.59481,-1.01706,-0.127135,0.559175,1.40119,-1.61276,1.8305,-0.0898098,-1.26576,-1.76124,1.23195,-0.269686,1.22789,-1.59845,-1.56077,0.458786,1.996,-0.185011,-1.75004,1.38731,-0.797919,-1.56933,0.936032,-1.67351,1.35279,0.444837,1.42627,-1.3104,-0.0724454,0.89088,-0.393547,0.886616,0.0264761,-0.478673,-1.03596,0.226382,0.0675763,-1.26799,0.156639,-0.0321617,0.998724,0.212245,-0.63784,-0.775643,-0.788799,1.94885,1.21166,0.828242,-0.92643,-0.62419,-1.08532,0.0134659,-0.922084,-1.04397,-1.82062,-0.720654,-1.94471,-0.376988,1.76676,-0.594025,1.17955,0.313105,1.16384,0.0323358,0.112372,0.276904,0.173359,1.84303,0.871915,-1.30925,-0.819472,-0.271119,0.144731,1.18899,1.07535,1.68402,1.67163,-0.91779,-0.253471,-1.68299,-0.374937,1.42931,0.855572,-1.19532,-0.57513,-0.0962696,2.1798,-0.30544,1.083,-0.714566,2.29837,0.247547,0.209199,0.237832,-0.100418,0.794932,-0.467719,2.67268,0.913621,-1.2325,-1.15708,0.724497,-1.66585,0.838662,0.875158,0.337091,-0.324459,-0.295121,-0.834575,0.512946,0.347563,-1.61591,-1.13611,-3.09128,-2.14134,1.02409,1.40289,0.695078,0.18622,-1.11608,-0.557561,-1.26936,-0.987302,-0.112384,0.687973,2.15129,-0.953511,0.914437,1.24181,-0.470482,0.736912,-1.63548,-0.0630685,0.750087,0.427038,-0.475847,-0.366169,-0.32447,-0.640973,-1.0132,-1.97234,0.582713,-0.776336,-0.437833,0.668925,-1.43104,-0.494115,0.221985,0.197626,-0.597326,1.069,0.411848,0.204546,-0.29864,-1.57798,-0.228027,-0.875722,-0.330379,0.900109,-0.261217,0.927028,-0.433168,-0.825905,-0.7093,-1.0286,-0.751288,-1.05789,-1.00024,-0.794834,-0.286156,-1.08117,-1.28952,-1.63488,-1.60401,-0.282244,0.956787,-0.220244,-0.473988,0.218433,-0.645617,-1.56234,-0.735555,-0.764598,1.29391,-547.184,-508.299,2761.5,815.011,520.894,-1882.04,-2005.36,-819.359,713.376,4167.89,684.524,-60.5022,-3825.74,-379.508,89.5438,-786.665,-2764.26,-1893.05,-1138.15,1330.48,3721.9,-4549.31,2287.66,267.703,-2638.59,-2872.07,3581.78,-691.08,1559.76,-2665.15,-3407.54,531.827,2745.55,-223.138,-3512.96,4957.76,-1430.38,-3610.6,1490.59,-2808.39,2647.86,134.514,1058.66,-2025.01,485.435,3088.29,-408.039,1755.96,-843.537,223.64,-979.537,157.066,-382.401,-1592.82,146.539,630.355,1663.4,390.568,-1767.98,-422.267,-1066.21,3073.98,426.967,1910.6,-1257.09,-400.344,-1141.72,499.265,-2604.22,-1076.11,-4120.46,-2216.12,-5824.17,-626.233,4606.2,242.817,3643.23,1542.24,2193.71,656.864,865.569,271.498,-601.193,3442.11,1343.81,-669.027,-589.169,-124.323,-568.395,1995.34,2199.27,3168.19,1360.03,-1589.59,215.181,-2315.43,-552.459,2949.46,968.289,-1405.52
-250354,0,1,0,1,1,250412,-0.384764,0.00591807,1.98251,0.65987,0.194549,-1.62464,-1.32884,-0.638008,0.776036,1.76188,-0.149657,0.116447,-1.54277,-0.0636614,0.2482,-1.00728,-1.59481,-1.01706,-0.127135,0.559175,1.40119,-1.61276,1.8305,-0.0898098,-1.26576,-1.76124,1.23195,-0.269686,1.22789,-1.59845,-1.56077,0.458786,1.996,-0.185011,-1.75004,1.38731,-0.797919,-1.56933,0.936032,-1.67351,1.35279,0.444837,1.42627,-1.3104,-0.0724454,0.89088,-0.393547,0.886616,0.0264761,-0.478673,-1.03596,0.226382,0.0675763,-1.26799,0.156639,-0.0321617,0.998724,0.212245,-0.63784,-0.775643,-0.788799,1.94885,1.21166,0.828242,-0.92643,-0.62419,-1.08532,0.0134659,-0.922084,-1.04397,-1.82062,-0.720654,-1.94471,-0.376988,1.76676,-0.594025,1.17955,0.313105,1.16384,0.0323358,0.112372,0.276904,0.173359,1.84303,0.871915,-1.30925,-0.819472,-0.271119,0.144731,1.18899,1.07535,1.68402,1.67163,-0.91779,-0.253471,-1.68299,-0.374937,1.42931,0.855572,-1.19532,-1.17698,-0.628561,0.863857,-0.00230044,-0.491518,1.12844,-1.92541,-0.944414,0.143067,-2.54892,0.0825537,0.260549,-0.810956,0.0693458,2.0491,1.00532,-0.949481,1.21204,-0.587569,-0.191466,0.160857,-0.215588,0.479244,0.647116,-1.80541,-0.921502,-0.103665,-0.580139,-0.541427,-0.616318,-1.78303,0.747034,-0.562077,0.675517,-0.487928,0.053143,-0.597244,-2.62678,-0.102112,0.298119,-0.875311,-2.05576,-0.181053,-0.447259,0.0384461,0.154767,-0.137835,-1.61878,-0.465811,-1.02375,-0.880431,-1.14516,-0.706453,-0.293643,0.436215,-0.338683,0.240436,-1.90254,-0.242851,1.01936,0.28389,0.687858,-0.57403,-0.537185,-1.33598,-0.693946,-0.371479,0.233294,0.838703,-0.218543,-1.10854,1.36514,-0.218923,2.16775,2.75166,-1.33428,0.613182,-0.515655,-1.80531,-1.48851,-1.56658,-0.597482,-2.25997,-0.527601,-0.544047,-2.42344,-0.947639,-0.591824,-1.67189,-0.0608624,-0.0584825,0.130724,0.261607,-1.54813,0.617325,-1.28916,1.70103,1.09933,1.29375,-0.460261,-547.184,-508.299,2761.5,815.011,520.894,-1882.04,-2005.36,-819.359,713.376,4167.89,684.524,-60.5022,-3825.74,-379.508,89.5438,-786.665,-2764.26,-1893.05,-1138.15,1330.48,3721.9,-4549.31,2287.66,267.703,-2638.59,-2872.07,3581.78,-691.08,1559.76,-2665.15,-3407.54,531.827,2745.55,-223.138,-3512.96,4957.76,-1430.38,-3610.6,1490.59,-2808.39,2647.86,134.514,1058.66,-2025.01,485.435,3088.29,-408.039,1755.96,-843.537,223.64,-979.537,157.066,-382.401,-1592.82,146.539,630.355,1663.4,390.568,-1767.98,-422.267,-1066.21,3073.98,426.967,1910.6,-1257.09,-400.344,-1141.72,499.265,-2604.22,-1076.11,-4120.46,-2216.12,-5824.17,-626.233,4606.2,242.817,3643.23,1542.24,2193.71,656.864,865.569,271.498,-601.193,3442.11,1343.81,-669.027,-589.169,-124.323,-568.395,1995.34,2199.27,3168.19,1360.03,-1589.59,215.181,-2315.43,-552.459,2949.46,968.289,-1405.52
-250354,0,1,0,1,1,250396,-0.384764,0.00591807,1.98251,0.65987,0.194549,-1.62464,-1.32884,-0.638008,0.776036,1.76188,-0.149657,0.116447,-1.54277,-0.0636614,0.2482,-1.00728,-1.59481,-1.01706,-0.127135,0.559175,1.40119,-1.61276,1.8305,-0.0898098,-1.26576,-1.76124,1.23195,-0.269686,1.22789,-1.59845,-1.56077,0.458786,1.996,-0.185011,-1.75004,1.38731,-0.797919,-1.56933,0.936032,-1.67351,1.35279,0.444837,1.42627,-1.3104,-0.0724454,0.89088,-0.393547,0.886616,0.0264761,-0.478673,-1.03596,0.226382,0.0675763,-1.26799,0.156639,-0.0321617,0.998724,0.212245,-0.63784,-0.775643,-0.788799,1.94885,1.21166,0.828242,-0.92643,-0.62419,-1.08532,0.0134659,-0.922084,-1.04397,-1.82062,-0.720654,-1.94471,-0.376988,1.76676,-0.594025,1.17955,0.313105,1.16384,0.0323358,0.112372,0.276904,0.173359,1.84303,0.871915,-1.30925,-0.819472,-0.271119,0.144731,1.18899,1.07535,1.68402,1.67163,-0.91779,-0.253471,-1.68299,-0.374937,1.42931,0.855572,-1.19532,0.101698,-0.443034,1.83865,-0.50981,1.00754,-1.08789,-0.031095,-0.284667,0.110727,-0.986968,-0.480805,0.483501,0.389666,0.580155,-1.11417,0.297428,-1.67297,1.52551,0.406123,-1.16172,-2.10592,1.29375,-1.29772,-0.377277,0.114212,0.00461225,0.417168,0.442408,0.522207,0.429509,0.154759,1.90262,-0.187319,0.00552334,-0.185956,-0.959558,2.67173,-0.428401,0.195413,-0.613228,1.35447,-0.262328,-0.440858,-1.03687,0.150606,0.693876,-1.87308,-0.188092,-0.676092,-0.347874,-0.624614,-0.661457,-1.50525,0.682662,0.21045,1.00277,0.115636,-0.467268,1.57996,0.591434,-0.580599,1.14954,-1.87865,0.662419,0.227182,0.222344,0.689079,-1.34491,-0.345273,-0.751244,-0.876044,-0.71889,-0.656562,0.179107,-1.04703,0.242525,1.33202,-1.78641,-0.506739,0.197164,0.293523,-0.611026,1.84496,-1.21171,0.43784,-0.496729,-0.21442,0.101205,-0.385615,-0.238912,-1.60441,1.92518,0.937275,0.183798,0.516262,-0.411649,-0.414609,0.440692,0.310542,0.749981,-547.184,-508.299,2761.5,815.011,520.894,-1882.04,-2005.36,-819.359,713.376,4167.89,684.524,-60.5022,-3825.74,-379.508,89.5438,-786.665,-2764.26,-1893.05,-1138.15,1330.48,3721.9,-4549.31,2287.66,267.703,-2638.59,-2872.07,3581.78,-691.08,1559.76,-2665.15,-3407.54,531.827,2745.55,-223.138,-3512.96,4957.76,-1430.38,-3610.6,1490.59,-2808.39,2647.86,134.514,1058.66,-2025.01,485.435,3088.29,-408.039,1755.96,-843.537,223.64,-979.537,157.066,-382.401,-1592.82,146.539,630.355,1663.4,390.568,-1767.98,-422.267,-1066.21,3073.98,426.967,1910.6,-1257.09,-400.344,-1141.72,499.265,-2604.22,-1076.11,-4120.46,-2216.12,-5824.17,-626.233,4606.2,242.817,3643.23,1542.24,2193.71,656.864,865.569,271.498,-601.193,3442.11,1343.81,-669.027,-589.169,-124.323,-568.395,1995.34,2199.27,3168.19,1360.03,-1589.59,215.181,-2315.43,-552.459,2949.46,968.289,-1405.52
-250354,0,1,0,1,1,250409,-0.384764,0.00591807,1.98251,0.65987,0.194549,-1.62464,-1.32884,-0.638008,0.776036,1.76188,-0.149657,0.116447,-1.54277,-0.0636614,0.2482,-1.00728,-1.59481,-1.01706,-0.127135,0.559175,1.40119,-1.61276,1.8305,-0.0898098,-1.26576,-1.76124,1.23195,-0.269686,1.22789,-1.59845,-1.56077,0.458786,1.996,-0.185011,-1.75004,1.38731,-0.797919,-1.56933,0.936032,-1.67351,1.35279,0.444837,1.42627,-1.3104,-0.0724454,0.89088,-0.393547,0.886616,0.0264761,-0.478673,-1.03596,0.226382,0.0675763,-1.26799,0.156639,-0.0321617,0.998724,0.212245,-0.63784,-0.775643,-0.788799,1.94885,1.21166,0.828242,-0.92643,-0.62419,-1.08532,0.0134659,-0.922084,-1.04397,-1.82062,-0.720654,-1.94471,-0.376988,1.76676,-0.594025,1.17955,0.313105,1.16384,0.0323358,0.112372,0.276904,0.173359,1.84303,0.871915,-1.30925,-0.819472,-0.271119,0.144731,1.18899,1.07535,1.68402,1.67163,-0.91779,-0.253471,-1.68299,-0.374937,1.42931,0.855572,-1.19532,-0.281113,-1.39986,1.23448,1.29463,0.0745497,1.84401,-1.72589,-0.733208,-1.44501,0.225251,1.37392,-1.07774,0.520278,-0.789751,0.885054,-1.72365,-0.954185,0.00590053,-0.397044,-0.444673,0.939062,0.118172,0.359676,-0.314966,0.109666,-0.847003,-1.70748,-0.778463,-1.21872,1.68093,0.996491,0.537237,0.424691,0.989848,-0.675127,-0.353599,-0.0647439,-1.88605,-1.5486,0.836748,0.517763,0.259152,-0.0455947,0.620251,0.0813701,-1.23095,0.742544,-1.44076,0.93328,-2.7057,-0.70808,0.36592,-2.06885,-0.699458,-1.13012,0.844933,-0.0375831,-1.70885,-0.637409,1.43444,0.449986,1.33536,0.82946,-0.217255,2.25778,-0.794529,-0.418456,0.387941,1.76769,1.06195,0.997952,-0.372076,0.678663,0.260154,1.15839,-1.11674,-0.543256,-0.4978,-1.13877,-0.40099,-1.28756,-0.537656,-1.47774,0.257394,-0.804316,0.607111,-1.18667,0.262832,-0.322755,-1.06486,0.922054,-0.525836,1.34635,0.592421,-0.671758,1.45076,-0.913459,-2.36949,0.830637,0.990724,-547.184,-508.299,2761.5,815.011,520.894,-1882.04,-2005.36,-819.359,713.376,4167.89,684.524,-60.5022,-3825.74,-379.508,89.5438,-786.665,-2764.26,-1893.05,-1138.15,1330.48,3721.9,-4549.31,2287.66,267.703,-2638.59,-2872.07,3581.78,-691.08,1559.76,-2665.15,-3407.54,531.827,2745.55,-223.138,-3512.96,4957.76,-1430.38,-3610.6,1490.59,-2808.39,2647.86,134.514,1058.66,-2025.01,485.435,3088.29,-408.039,1755.96,-843.537,223.64,-979.537,157.066,-382.401,-1592.82,146.539,630.355,1663.4,390.568,-1767.98,-422.267,-1066.21,3073.98,426.967,1910.6,-1257.09,-400.344,-1141.72,499.265,-2604.22,-1076.11,-4120.46,-2216.12,-5824.17,-626.233,4606.2,242.817,3643.23,1542.24,2193.71,656.864,865.569,271.498,-601.193,3442.11,1343.81,-669.027,-589.169,-124.323,-568.395,1995.34,2199.27,3168.19,1360.03,-1589.59,215.181,-2315.43,-552.459,2949.46,968.289,-1405.52
-250354,0,1,0,1,1,250427,-0.384764,0.00591807,1.98251,0.65987,0.194549,-1.62464,-1.32884,-0.638008,0.776036,1.76188,-0.149657,0.116447,-1.54277,-0.0636614,0.2482,-1.00728,-1.59481,-1.01706,-0.127135,0.559175,1.40119,-1.61276,1.8305,-0.0898098,-1.26576,-1.76124,1.23195,-0.269686,1.22789,-1.59845,-1.56077,0.458786,1.996,-0.185011,-1.75004,1.38731,-0.797919,-1.56933,0.936032,-1.67351,1.35279,0.444837,1.42627,-1.3104,-0.0724454,0.89088,-0.393547,0.886616,0.0264761,-0.478673,-1.03596,0.226382,0.0675763,-1.26799,0.156639,-0.0321617,0.998724,0.212245,-0.63784,-0.775643,-0.788799,1.94885,1.21166,0.828242,-0.92643,-0.62419,-1.08532,0.0134659,-0.922084,-1.04397,-1.82062,-0.720654,-1.94471,-0.376988,1.76676,-0.594025,1.17955,0.313105,1.16384,0.0323358,0.112372,0.276904,0.173359,1.84303,0.871915,-1.30925,-0.819472,-0.271119,0.144731,1.18899,1.07535,1.68402,1.67163,-0.91779,-0.253471,-1.68299,-0.374937,1.42931,0.855572,-1.19532,-2.18853,1.67783,-0.187121,-1.70851,0.492423,0.298633,-0.911053,0.865414,-0.481843,-0.161364,1.10245,0.0822506,-0.635271,-2.734,-0.701343,-0.450058,-0.264749,1.15072,0.683097,-2.27857,-0.0196751,-1.37447,-0.249577,-1.5961,0.317404,-2.07638,1.26204,0.509126,-1.10435,0.36837,0.503216,-0.580429,1.36216,0.781349,-0.532596,-0.0745663,0.678004,-2.11115,1.23241,0.69577,-1.07285,-1.17277,1.54515,0.835437,0.282878,-0.842145,-0.1306,3.45719,0.374681,-0.675303,-0.435409,-1.12078,1.51287,0.101076,-0.285324,-1.65164,1.93494,1.20602,-2.86849,0.413075,-0.0232921,2.85598,-1.45988,1.52461,0.124942,-1.14964,-0.313886,0.43264,-1.38935,-0.587067,0.757519,1.07729,-0.898791,-0.814996,-0.957527,-1.75047,0.801744,0.611833,0.425501,-0.778307,0.126592,-0.102223,-1.25936,0.124574,0.149283,2.58693,0.330205,1.29103,0.0421511,0.0980021,1.49248,-0.122979,-0.625694,-1.56841,2.58968,-0.703647,2.03614,-0.0537105,0.341689,-1.45974,-547.184,-508.299,2761.5,815.011,520.894,-1882.04,-2005.36,-819.359,713.376,4167.89,684.524,-60.5022,-3825.74,-379.508,89.5438,-786.665,-2764.26,-1893.05,-1138.15,1330.48,3721.9,-4549.31,2287.66,267.703,-2638.59,-2872.07,3581.78,-691.08,1559.76,-2665.15,-3407.54,531.827,2745.55,-223.138,-3512.96,4957.76,-1430.38,-3610.6,1490.59,-2808.39,2647.86,134.514,1058.66,-2025.01,485.435,3088.29,-408.039,1755.96,-843.537,223.64,-979.537,157.066,-382.401,-1592.82,146.539,630.355,1663.4,390.568,-1767.98,-422.267,-1066.21,3073.98,426.967,1910.6,-1257.09,-400.344,-1141.72,499.265,-2604.22,-1076.11,-4120.46,-2216.12,-5824.17,-626.233,4606.2,242.817,3643.23,1542.24,2193.71,656.864,865.569,271.498,-601.193,3442.11,1343.81,-669.027,-589.169,-124.323,-568.395,1995.34,2199.27,3168.19,1360.03,-1589.59,215.181,-2315.43,-552.459,2949.46,968.289,-1405.52
-250354,0,1,0,1,1,250402,-0.384764,0.00591807,1.98251,0.65987,0.194549,-1.62464,-1.32884,-0.638008,0.776036,1.76188,-0.149657,0.116447,-1.54277,-0.0636614,0.2482,-1.00728,-1.59481,-1.01706,-0.127135,0.559175,1.40119,-1.61276,1.8305,-0.0898098,-1.26576,-1.76124,1.23195,-0.269686,1.22789,-1.59845,-1.56077,0.458786,1.996,-0.185011,-1.75004,1.38731,-0.797919,-1.56933,0.936032,-1.67351,1.35279,0.444837,1.42627,-1.3104,-0.0724454,0.89088,-0.393547,0.886616,0.0264761,-0.478673,-1.03596,0.226382,0.0675763,-1.26799,0.156639,-0.0321617,0.998724,0.212245,-0.63784,-0.775643,-0.788799,1.94885,1.21166,0.828242,-0.92643,-0.62419,-1.08532,0.0134659,-0.922084,-1.04397,-1.82062,-0.720654,-1.94471,-0.376988,1.76676,-0.594025,1.17955,0.313105,1.16384,0.0323358,0.112372,0.276904,0.173359,1.84303,0.871915,-1.30925,-0.819472,-0.271119,0.144731,1.18899,1.07535,1.68402,1.67163,-0.91779,-0.253471,-1.68299,-0.374937,1.42931,0.855572,-1.19532,-0.567204,-1.44152,-1.19889,-0.684342,1.34068,-0.798706,1.16347,1.35977,-1.75353,-1.02911,-0.0718228,-0.470089,-0.777554,-0.00566,0.00195721,0.53808,0.226276,-0.509688,1.23355,0.485631,-0.0290175,0.728628,-0.377641,1.42255,-0.126094,2.46734,1.16268,0.790304,0.584402,0.982566,-0.316803,-0.00608258,0.0958694,0.21718,-1.54355,-0.686183,-0.869892,-1.6422,0.0187708,0.102383,-1.56669,0.0285037,-0.39098,0.189834,-0.230165,1.23419,0.409635,-0.325063,1.50915,0.337088,-0.910845,-1.01221,0.0296241,-1.50001,1.50208,0.336464,-0.472625,0.88691,-1.59462,-0.83365,-0.215233,-1.3018,0.0888918,0.304498,0.893906,1.54171,-0.328425,-0.294121,0.436703,-0.581019,1.51259,-0.241691,-1.11405,-0.724507,3.20976,1.56883,-1.04658,0.424753,1.35726,-1.05109,-0.830549,0.00622205,0.252069,0.331387,-0.194612,-0.170127,0.499643,-0.572531,0.994336,-0.244774,0.52116,0.295476,-0.17907,-0.441505,1.52173,-1.92803,0.212967,0.89741,-1.82445,1.37891,-547.184,-508.299,2761.5,815.011,520.894,-1882.04,-2005.36,-819.359,713.376,4167.89,684.524,-60.5022,-3825.74,-379.508,89.5438,-786.665,-2764.26,-1893.05,-1138.15,1330.48,3721.9,-4549.31,2287.66,267.703,-2638.59,-2872.07,3581.78,-691.08,1559.76,-2665.15,-3407.54,531.827,2745.55,-223.138,-3512.96,4957.76,-1430.38,-3610.6,1490.59,-2808.39,2647.86,134.514,1058.66,-2025.01,485.435,3088.29,-408.039,1755.96,-843.537,223.64,-979.537,157.066,-382.401,-1592.82,146.539,630.355,1663.4,390.568,-1767.98,-422.267,-1066.21,3073.98,426.967,1910.6,-1257.09,-400.344,-1141.72,499.265,-2604.22,-1076.11,-4120.46,-2216.12,-5824.17,-626.233,4606.2,242.817,3643.23,1542.24,2193.71,656.864,865.569,271.498,-601.193,3442.11,1343.81,-669.027,-589.169,-124.323,-568.395,1995.34,2199.27,3168.19,1360.03,-1589.59,215.181,-2315.43,-552.459,2949.46,968.289,-1405.52
-250354,0,1,0,1,1,250394,-0.384764,0.00591807,1.98251,0.65987,0.194549,-1.62464,-1.32884,-0.638008,0.776036,1.76188,-0.149657,0.116447,-1.54277,-0.0636614,0.2482,-1.00728,-1.59481,-1.01706,-0.127135,0.559175,1.40119,-1.61276,1.8305,-0.0898098,-1.26576,-1.76124,1.23195,-0.269686,1.22789,-1.59845,-1.56077,0.458786,1.996,-0.185011,-1.75004,1.38731,-0.797919,-1.56933,0.936032,-1.67351,1.35279,0.444837,1.42627,-1.3104,-0.0724454,0.89088,-0.393547,0.886616,0.0264761,-0.478673,-1.03596,0.226382,0.0675763,-1.26799,0.156639,-0.0321617,0.998724,0.212245,-0.63784,-0.775643,-0.788799,1.94885,1.21166,0.828242,-0.92643,-0.62419,-1.08532,0.0134659,-0.922084,-1.04397,-1.82062,-0.720654,-1.94471,-0.376988,1.76676,-0.594025,1.17955,0.313105,1.16384,0.0323358,0.112372,0.276904,0.173359,1.84303,0.871915,-1.30925,-0.819472,-0.271119,0.144731,1.18899,1.07535,1.68402,1.67163,-0.91779,-0.253471,-1.68299,-0.374937,1.42931,0.855572,-1.19532,0.758319,-0.270536,-0.396773,-0.716771,0.689175,-1.00833,0.703626,-0.34977,-0.743043,0.909832,1.20769,-0.533404,-0.662827,0.221975,0.445501,0.0760897,1.09114,1.04735,0.491182,-0.496474,1.15658,-0.79177,-0.66607,0.538735,-2.15187,-0.144094,0.195488,0.22014,-0.457611,0.380324,0.0657827,-0.551437,-0.870036,-0.405241,0.848987,-0.907333,2.39694,-0.16114,0.142804,-1.07052,0.543819,-0.94019,1.02165,2.4368,-1.6798,-1.40585,-0.494647,-0.0403284,0.0314871,-2.42226,0.0111261,-0.292258,-0.591644,0.434096,0.573682,0.474465,-0.552027,-2.05685,-0.0244335,1.36786,-0.698803,0.830862,0.378547,-1.28039,-1.22833,-0.980846,0.515136,0.725244,-0.538579,-1.60943,-0.497803,-1.22788,-1.00791,-2.49776,0.0712053,0.0539846,-0.231968,0.142545,1.27992,-0.496252,0.656429,-0.132176,0.423668,0.049963,-0.0461872,-0.559195,-0.0660649,0.828841,1.09256,0.350114,-0.0610425,-0.708187,0.784624,0.187101,0.526884,0.297544,-0.350255,0.262148,-0.107742,0.285839,-547.184,-508.299,2761.5,815.011,520.894,-1882.04,-2005.36,-819.359,713.376,4167.89,684.524,-60.5022,-3825.74,-379.508,89.5438,-786.665,-2764.26,-1893.05,-1138.15,1330.48,3721.9,-4549.31,2287.66,267.703,-2638.59,-2872.07,3581.78,-691.08,1559.76,-2665.15,-3407.54,531.827,2745.55,-223.138,-3512.96,4957.76,-1430.38,-3610.6,1490.59,-2808.39,2647.86,134.514,1058.66,-2025.01,485.435,3088.29,-408.039,1755.96,-843.537,223.64,-979.537,157.066,-382.401,-1592.82,146.539,630.355,1663.4,390.568,-1767.98,-422.267,-1066.21,3073.98,426.967,1910.6,-1257.09,-400.344,-1141.72,499.265,-2604.22,-1076.11,-4120.46,-2216.12,-5824.17,-626.233,4606.2,242.817,3643.23,1542.24,2193.71,656.864,865.569,271.498,-601.193,3442.11,1343.81,-669.027,-589.169,-124.323,-568.395,1995.34,2199.27,3168.19,1360.03,-1589.59,215.181,-2315.43,-552.459,2949.46,968.289,-1405.52
-250354,0,1,0,1,1,250411,-0.384764,0.00591807,1.98251,0.65987,0.194549,-1.62464,-1.32884,-0.638008,0.776036,1.76188,-0.149657,0.116447,-1.54277,-0.0636614,0.2482,-1.00728,-1.59481,-1.01706,-0.127135,0.559175,1.40119,-1.61276,1.8305,-0.0898098,-1.26576,-1.76124,1.23195,-0.269686,1.22789,-1.59845,-1.56077,0.458786,1.996,-0.185011,-1.75004,1.38731,-0.797919,-1.56933,0.936032,-1.67351,1.35279,0.444837,1.42627,-1.3104,-0.0724454,0.89088,-0.393547,0.886616,0.0264761,-0.478673,-1.03596,0.226382,0.0675763,-1.26799,0.156639,-0.0321617,0.998724,0.212245,-0.63784,-0.775643,-0.788799,1.94885,1.21166,0.828242,-0.92643,-0.62419,-1.08532,0.0134659,-0.922084,-1.04397,-1.82062,-0.720654,-1.94471,-0.376988,1.76676,-0.594025,1.17955,0.313105,1.16384,0.0323358,0.112372,0.276904,0.173359,1.84303,0.871915,-1.30925,-0.819472,-0.271119,0.144731,1.18899,1.07535,1.68402,1.67163,-0.91779,-0.253471,-1.68299,-0.374937,1.42931,0.855572,-1.19532,0.633998,-1.25184,1.85015,-0.115419,-0.597131,1.33298,0.213584,-0.809405,-1.33981,2.85862,0.771945,-0.372219,0.456536,0.541701,0.553627,1.12367,0.884955,-0.394516,-1.78892,0.234389,-0.0968574,1.50414,-0.927503,-1.51458,0.209107,0.223536,0.856075,-0.825763,-0.316707,0.556232,-0.27629,0.855457,1.13208,0.150375,-0.330821,0.830184,-1.4053,-2.71065,0.368853,-1.15602,-0.0147782,-0.173054,-0.46353,-0.102985,-1.34905,1.43611,-1.47599,0.399172,0.878565,1.79012,0.951507,0.106141,1.90453,-0.224513,-0.012422,0.854813,0.244345,-0.00945705,-0.321693,-0.0548932,-0.660388,1.44344,0.833562,-0.773726,1.37654,-0.654496,-0.56414,1.02956,-0.86121,-0.0562665,1.86597,-0.162804,0.215036,1.11401,-0.398317,-0.259906,-3.09964,1.40431,-0.0924815,-0.940481,0.987841,-1.2204,1.40143,-0.506179,2.37424,0.197915,-0.517591,1.31124,0.904043,-0.247653,-1.05841,0.924938,-0.185163,1.52503,-2.09847,-0.910494,-1.02703,-0.740859,0.40909,1.11635,-547.184,-508.299,2761.5,815.011,520.894,-1882.04,-2005.36,-819.359,713.376,4167.89,684.524,-60.5022,-3825.74,-379.508,89.5438,-786.665,-2764.26,-1893.05,-1138.15,1330.48,3721.9,-4549.31,2287.66,267.703,-2638.59,-2872.07,3581.78,-691.08,1559.76,-2665.15,-3407.54,531.827,2745.55,-223.138,-3512.96,4957.76,-1430.38,-3610.6,1490.59,-2808.39,2647.86,134.514,1058.66,-2025.01,485.435,3088.29,-408.039,1755.96,-843.537,223.64,-979.537,157.066,-382.401,-1592.82,146.539,630.355,1663.4,390.568,-1767.98,-422.267,-1066.21,3073.98,426.967,1910.6,-1257.09,-400.344,-1141.72,499.265,-2604.22,-1076.11,-4120.46,-2216.12,-5824.17,-626.233,4606.2,242.817,3643.23,1542.24,2193.71,656.864,865.569,271.498,-601.193,3442.11,1343.81,-669.027,-589.169,-124.323,-568.395,1995.34,2199.27,3168.19,1360.03,-1589.59,215.181,-2315.43,-552.459,2949.46,968.289,-1405.52
-250354,0,1,0,1,1,250401,-0.384764,0.00591807,1.98251,0.65987,0.194549,-1.62464,-1.32884,-0.638008,0.776036,1.76188,-0.149657,0.116447,-1.54277,-0.0636614,0.2482,-1.00728,-1.59481,-1.01706,-0.127135,0.559175,1.40119,-1.61276,1.8305,-0.0898098,-1.26576,-1.76124,1.23195,-0.269686,1.22789,-1.59845,-1.56077,0.458786,1.996,-0.185011,-1.75004,1.38731,-0.797919,-1.56933,0.936032,-1.67351,1.35279,0.444837,1.42627,-1.3104,-0.0724454,0.89088,-0.393547,0.886616,0.0264761,-0.478673,-1.03596,0.226382,0.0675763,-1.26799,0.156639,-0.0321617,0.998724,0.212245,-0.63784,-0.775643,-0.788799,1.94885,1.21166,0.828242,-0.92643,-0.62419,-1.08532,0.0134659,-0.922084,-1.04397,-1.82062,-0.720654,-1.94471,-0.376988,1.76676,-0.594025,1.17955,0.313105,1.16384,0.0323358,0.112372,0.276904,0.173359,1.84303,0.871915,-1.30925,-0.819472,-0.271119,0.144731,1.18899,1.07535,1.68402,1.67163,-0.91779,-0.253471,-1.68299,-0.374937,1.42931,0.855572,-1.19532,0.639756,0.10164,-0.0790747,0.720465,0.165482,-0.824016,0.280334,-1.19764,1.85091,0.106616,0.198815,0.430834,-1.35508,0.789819,-0.948259,-0.329055,-0.0261726,-0.00251457,0.565483,1.07343,-0.201179,0.227784,-0.192248,0.994698,-0.454817,0.0693023,0.669779,-0.184001,0.74094,-1.2062,1.49378,0.466028,1.65279,-0.126537,0.772286,0.889232,0.98256,-2.93124,-0.634511,-0.569335,-0.117156,1.96642,1.40103,0.347565,-1.39905,-0.121491,-0.910044,2.18539,-1.34182,-0.720384,0.397819,0.269019,-1.09979,-2.46621,2.2292,0.791455,-1.58149,-0.214528,-1.48161,-1.21559,0.902583,0.502645,0.126862,0.824279,0.495736,-1.49934,-0.971834,0.730214,-1.46432,0.403745,0.627566,0.0691586,-0.0943155,-0.200686,-0.418199,0.409301,-0.612809,-0.567844,-0.027271,-1.25984,-0.172747,-0.430957,-0.298191,-0.496202,0.734494,-1.15551,-0.275639,0.177788,-0.807698,-0.348842,0.899249,-2.40988,0.559853,-1.14912,-1.5784,-0.209504,1.02601,0.292045,0.312639,-0.193532,-547.184,-508.299,2761.5,815.011,520.894,-1882.04,-2005.36,-819.359,713.376,4167.89,684.524,-60.5022,-3825.74,-379.508,89.5438,-786.665,-2764.26,-1893.05,-1138.15,1330.48,3721.9,-4549.31,2287.66,267.703,-2638.59,-2872.07,3581.78,-691.08,1559.76,-2665.15,-3407.54,531.827,2745.55,-223.138,-3512.96,4957.76,-1430.38,-3610.6,1490.59,-2808.39,2647.86,134.514,1058.66,-2025.01,485.435,3088.29,-408.039,1755.96,-843.537,223.64,-979.537,157.066,-382.401,-1592.82,146.539,630.355,1663.4,390.568,-1767.98,-422.267,-1066.21,3073.98,426.967,1910.6,-1257.09,-400.344,-1141.72,499.265,-2604.22,-1076.11,-4120.46,-2216.12,-5824.17,-626.233,4606.2,242.817,3643.23,1542.24,2193.71,656.864,865.569,271.498,-601.193,3442.11,1343.81,-669.027,-589.169,-124.323,-568.395,1995.34,2199.27,3168.19,1360.03,-1589.59,215.181,-2315.43,-552.459,2949.46,968.289,-1405.52
-250354,0,1,0,1,1,250401,-0.384764,0.00591807,1.98251,0.65987,0.194549,-1.62464,-1.32884,-0.638008,0.776036,1.76188,-0.149657,0.116447,-1.54277,-0.0636614,0.2482,-1.00728,-1.59481,-1.01706,-0.127135,0.559175,1.40119,-1.61276,1.8305,-0.0898098,-1.26576,-1.76124,1.23195,-0.269686,1.22789,-1.59845,-1.56077,0.458786,1.996,-0.185011,-1.75004,1.38731,-0.797919,-1.56933,0.936032,-1.67351,1.35279,0.444837,1.42627,-1.3104,-0.0724454,0.89088,-0.393547,0.886616,0.0264761,-0.478673,-1.03596,0.226382,0.0675763,-1.26799,0.156639,-0.0321617,0.998724,0.212245,-0.63784,-0.775643,-0.788799,1.94885,1.21166,0.828242,-0.92643,-0.62419,-1.08532,0.0134659,-0.922084,-1.04397,-1.82062,-0.720654,-1.94471,-0.376988,1.76676,-0.594025,1.17955,0.313105,1.16384,0.0323358,0.112372,0.276904,0.173359,1.84303,0.871915,-1.30925,-0.819472,-0.271119,0.144731,1.18899,1.07535,1.68402,1.67163,-0.91779,-0.253471,-1.68299,-0.374937,1.42931,0.855572,-1.19532,-0.814008,0.350319,0.334345,1.4101,2.0043,-0.187513,-0.27766,0.0769758,-1.30055,-0.105945,-1.01388,1.90643,0.840618,0.25309,0.729973,1.29232,-2.20011,-0.986832,-1.39422,-1.67078,-0.662603,-0.8595,1.87579,0.0894437,1.37516,0.683647,0.431912,-1.55416,1.18725,0.0603266,0.801622,-0.0102379,-1.88549,-0.186243,-1.82822,0.525328,0.637469,0.435007,-1.50901,-0.755088,-0.29297,1.76875,-0.146667,0.240947,0.986325,-1.44737,-0.706242,-1.03754,-0.0098639,-0.836821,-0.28988,0.453038,-1.24728,1.53638,0.793196,-0.148579,0.55669,-0.325934,1.81552,-0.240791,0.0527811,0.153176,0.143118,0.843433,-0.759404,0.943166,0.266778,-1.32515,-0.265147,0.108448,0.0917629,0.634961,0.0416962,-0.549743,-0.780225,-0.0552165,-0.852153,0.246609,-0.506616,0.141847,-0.458704,-0.0463254,-0.0652033,2.35831,-0.440355,-0.316557,0.0312712,-0.59806,1.14042,-1.98687,0.585507,0.49857,0.970257,-0.616102,-1.88117,-0.342035,1.30686,-0.516893,0.924134,0.961084,-547.184,-508.299,2761.5,815.011,520.894,-1882.04,-2005.36,-819.359,713.376,4167.89,684.524,-60.5022,-3825.74,-379.508,89.5438,-786.665,-2764.26,-1893.05,-1138.15,1330.48,3721.9,-4549.31,2287.66,267.703,-2638.59,-2872.07,3581.78,-691.08,1559.76,-2665.15,-3407.54,531.827,2745.55,-223.138,-3512.96,4957.76,-1430.38,-3610.6,1490.59,-2808.39,2647.86,134.514,1058.66,-2025.01,485.435,3088.29,-408.039,1755.96,-843.537,223.64,-979.537,157.066,-382.401,-1592.82,146.539,630.355,1663.4,390.568,-1767.98,-422.267,-1066.21,3073.98,426.967,1910.6,-1257.09,-400.344,-1141.72,499.265,-2604.22,-1076.11,-4120.46,-2216.12,-5824.17,-626.233,4606.2,242.817,3643.23,1542.24,2193.71,656.864,865.569,271.498,-601.193,3442.11,1343.81,-669.027,-589.169,-124.323,-568.395,1995.34,2199.27,3168.19,1360.03,-1589.59,215.181,-2315.43,-552.459,2949.46,968.289,-1405.52
-250354,0,1,0,1,1,250397,-0.384764,0.00591807,1.98251,0.65987,0.194549,-1.62464,-1.32884,-0.638008,0.776036,1.76188,-0.149657,0.116447,-1.54277,-0.0636614,0.2482,-1.00728,-1.59481,-1.01706,-0.127135,0.559175,1.40119,-1.61276,1.8305,-0.0898098,-1.26576,-1.76124,1.23195,-0.269686,1.22789,-1.59845,-1.56077,0.458786,1.996,-0.185011,-1.75004,1.38731,-0.797919,-1.56933,0.936032,-1.67351,1.35279,0.444837,1.42627,-1.3104,-0.0724454,0.89088,-0.393547,0.886616,0.0264761,-0.478673,-1.03596,0.226382,0.0675763,-1.26799,0.156639,-0.0321617,0.998724,0.212245,-0.63784,-0.775643,-0.788799,1.94885,1.21166,0.828242,-0.92643,-0.62419,-1.08532,0.0134659,-0.922084,-1.04397,-1.82062,-0.720654,-1.94471,-0.376988,1.76676,-0.594025,1.17955,0.313105,1.16384,0.0323358,0.112372,0.276904,0.173359,1.84303,0.871915,-1.30925,-0.819472,-0.271119,0.144731,1.18899,1.07535,1.68402,1.67163,-0.91779,-0.253471,-1.68299,-0.374937,1.42931,0.855572,-1.19532,1.36888,0.188007,0.747529,-0.823904,0.0218774,1.00545,0.83762,-1.49106,-0.106687,-0.321726,0.342307,-0.291905,-0.380851,-0.183882,-0.82118,0.31411,-1.36377,-0.992129,-1.95589,-0.194577,-0.226977,-0.796374,-1.23798,0.087473,0.0549779,1.61888,1.38889,0.578687,0.606263,-0.114948,-0.626251,0.42562,-0.887744,1.57779,0.906179,-0.853961,-0.599961,0.17365,1.36835,0.030307,0.475673,-1.78272,1.43141,1.43187,-0.00703484,-0.421211,-0.224404,-0.511407,0.844159,0.59805,-0.920692,-1.45033,0.48282,0.820492,1.3982,0.661396,-0.3039,-0.208178,-0.655687,0.532933,0.133231,0.126412,-0.570948,-0.775093,0.221724,0.23438,0.24441,0.417881,-2.32078,0.360354,2.18025,-1.87552,-0.452934,0.552797,0.503005,-0.610782,-0.523967,-0.634,0.891289,0.672644,1.80939,0.825869,1.02325,0.276257,2.37456,-0.583841,-0.474677,-0.298063,0.423368,-1.30922,1.72125,-0.229978,-0.492131,0.156716,-0.0841077,1.49746,0.120808,-0.182394,-1.39843,-0.00612862,-547.184,-508.299,2761.5,815.011,520.894,-1882.04,-2005.36,-819.359,713.376,4167.89,684.524,-60.5022,-3825.74,-379.508,89.5438,-786.665,-2764.26,-1893.05,-1138.15,1330.48,3721.9,-4549.31,2287.66,267.703,-2638.59,-2872.07,3581.78,-691.08,1559.76,-2665.15,-3407.54,531.827,2745.55,-223.138,-3512.96,4957.76,-1430.38,-3610.6,1490.59,-2808.39,2647.86,134.514,1058.66,-2025.01,485.435,3088.29,-408.039,1755.96,-843.537,223.64,-979.537,157.066,-382.401,-1592.82,146.539,630.355,1663.4,390.568,-1767.98,-422.267,-1066.21,3073.98,426.967,1910.6,-1257.09,-400.344,-1141.72,499.265,-2604.22,-1076.11,-4120.46,-2216.12,-5824.17,-626.233,4606.2,242.817,3643.23,1542.24,2193.71,656.864,865.569,271.498,-601.193,3442.11,1343.81,-669.027,-589.169,-124.323,-568.395,1995.34,2199.27,3168.19,1360.03,-1589.59,215.181,-2315.43,-552.459,2949.46,968.289,-1405.52
-250354,0,1,0,1,1,250390,-0.384764,0.00591807,1.98251,0.65987,0.194549,-1.62464,-1.32884,-0.638008,0.776036,1.76188,-0.149657,0.116447,-1.54277,-0.0636614,0.2482,-1.00728,-1.59481,-1.01706,-0.127135,0.559175,1.40119,-1.61276,1.8305,-0.0898098,-1.26576,-1.76124,1.23195,-0.269686,1.22789,-1.59845,-1.56077,0.458786,1.996,-0.185011,-1.75004,1.38731,-0.797919,-1.56933,0.936032,-1.67351,1.35279,0.444837,1.42627,-1.3104,-0.0724454,0.89088,-0.393547,0.886616,0.0264761,-0.478673,-1.03596,0.226382,0.0675763,-1.26799,0.156639,-0.0321617,0.998724,0.212245,-0.63784,-0.775643,-0.788799,1.94885,1.21166,0.828242,-0.92643,-0.62419,-1.08532,0.0134659,-0.922084,-1.04397,-1.82062,-0.720654,-1.94471,-0.376988,1.76676,-0.594025,1.17955,0.313105,1.16384,0.0323358,0.112372,0.276904,0.173359,1.84303,0.871915,-1.30925,-0.819472,-0.271119,0.144731,1.18899,1.07535,1.68402,1.67163,-0.91779,-0.253471,-1.68299,-0.374937,1.42931,0.855572,-1.19532,-0.334946,0.547244,-0.511617,0.440604,-0.434944,0.592153,-0.0589476,-0.746764,0.295897,1.3186,0.0197294,0.379311,1.67514,-0.131707,-0.200247,-0.0880346,0.861649,-0.530091,0.038701,0.891168,0.531256,2.37675,0.0640354,-0.0219355,-1.33501,0.310935,1.61109,1.4987,-0.427379,0.890921,0.219435,0.232627,0.629389,-0.586997,0.0330192,-0.0242249,0.668372,-1.44834,-0.713566,-1.30084,1.57653,-0.529583,0.659124,0.985457,-1.23698,1.89379,1.43249,0.405785,-0.613112,0.576069,0.87509,0.390826,1.00409,-1.09437,-1.0399,0.038254,-0.11231,0.909555,-0.115753,-0.0339035,-0.109751,0.886169,-0.882265,-0.732439,0.318226,2.13078,-0.776956,-0.0967408,-0.726739,0.0767575,0.163507,1.14794,-0.46241,0.0449464,-0.507007,1.88431,-0.452782,0.219251,-0.185621,0.810083,-0.421836,0.445452,0.738639,-0.704837,-0.513798,0.141863,1.44898,0.0317405,1.31117,-0.802799,-0.0198456,0.298849,1.40208,-1.34509,0.54843,0.109492,-0.384152,-0.233801,0.919198,0.65127,-547.184,-508.299,2761.5,815.011,520.894,-1882.04,-2005.36,-819.359,713.376,4167.89,684.524,-60.5022,-3825.74,-379.508,89.5438,-786.665,-2764.26,-1893.05,-1138.15,1330.48,3721.9,-4549.31,2287.66,267.703,-2638.59,-2872.07,3581.78,-691.08,1559.76,-2665.15,-3407.54,531.827,2745.55,-223.138,-3512.96,4957.76,-1430.38,-3610.6,1490.59,-2808.39,2647.86,134.514,1058.66,-2025.01,485.435,3088.29,-408.039,1755.96,-843.537,223.64,-979.537,157.066,-382.401,-1592.82,146.539,630.355,1663.4,390.568,-1767.98,-422.267,-1066.21,3073.98,426.967,1910.6,-1257.09,-400.344,-1141.72,499.265,-2604.22,-1076.11,-4120.46,-2216.12,-5824.17,-626.233,4606.2,242.817,3643.23,1542.24,2193.71,656.864,865.569,271.498,-601.193,3442.11,1343.81,-669.027,-589.169,-124.323,-568.395,1995.34,2199.27,3168.19,1360.03,-1589.59,215.181,-2315.43,-552.459,2949.46,968.289,-1405.52
-250354,0,1,0,1,1,250399,-0.384764,0.00591807,1.98251,0.65987,0.194549,-1.62464,-1.32884,-0.638008,0.776036,1.76188,-0.149657,0.116447,-1.54277,-0.0636614,0.2482,-1.00728,-1.59481,-1.01706,-0.127135,0.559175,1.40119,-1.61276,1.8305,-0.0898098,-1.26576,-1.76124,1.23195,-0.269686,1.22789,-1.59845,-1.56077,0.458786,1.996,-0.185011,-1.75004,1.38731,-0.797919,-1.56933,0.936032,-1.67351,1.35279,0.444837,1.42627,-1.3104,-0.0724454,0.89088,-0.393547,0.886616,0.0264761,-0.478673,-1.03596,0.226382,0.0675763,-1.26799,0.156639,-0.0321617,0.998724,0.212245,-0.63784,-0.775643,-0.788799,1.94885,1.21166,0.828242,-0.92643,-0.62419,-1.08532,0.0134659,-0.922084,-1.04397,-1.82062,-0.720654,-1.94471,-0.376988,1.76676,-0.594025,1.17955,0.313105,1.16384,0.0323358,0.112372,0.276904,0.173359,1.84303,0.871915,-1.30925,-0.819472,-0.271119,0.144731,1.18899,1.07535,1.68402,1.67163,-0.91779,-0.253471,-1.68299,-0.374937,1.42931,0.855572,-1.19532,0.4179,1.32403,0.694325,0.00107139,0.316087,0.0464696,-0.824032,-0.88334,0.301209,0.156473,0.506533,0.437127,0.286967,-1.22564,-0.743117,0.138325,-0.307228,2.4429,0.658154,0.349669,1.44704,-0.974053,-2.38722,0.742828,1.48811,0.620472,-0.458966,1.57823,0.910792,0.329546,0.239634,-0.989832,0.512433,0.12307,0.799217,-0.085223,-0.643756,1.2309,1.09629,0.643785,-0.121789,0.258934,-0.791287,0.0230263,2.18699,-1.59143,-0.0978272,0.972553,0.395318,-0.650251,1.66349,-1.18797,0.00826743,-0.0389134,-0.0128336,1.4285,-0.200134,1.08249,0.661301,-0.593413,0.325126,1.52635,0.480475,0.213799,-0.425144,0.533749,-0.867322,1.51485,-0.55723,-0.768234,0.311622,-0.480258,0.172272,-0.0266811,-0.67576,-0.118602,0.706483,0.545397,-0.0391679,-0.56284,0.919557,-1.54066,-0.582909,-0.504669,0.3464,-0.820393,-0.846739,-0.502705,-0.257282,1.3862,-1.29641,-1.5987,-1.87039,-0.797701,1.03547,0.107698,-2.3701,0.0271501,-2.19948,0.603895,-547.184,-508.299,2761.5,815.011,520.894,-1882.04,-2005.36,-819.359,713.376,4167.89,684.524,-60.5022,-3825.74,-379.508,89.5438,-786.665,-2764.26,-1893.05,-1138.15,1330.48,3721.9,-4549.31,2287.66,267.703,-2638.59,-2872.07,3581.78,-691.08,1559.76,-2665.15,-3407.54,531.827,2745.55,-223.138,-3512.96,4957.76,-1430.38,-3610.6,1490.59,-2808.39,2647.86,134.514,1058.66,-2025.01,485.435,3088.29,-408.039,1755.96,-843.537,223.64,-979.537,157.066,-382.401,-1592.82,146.539,630.355,1663.4,390.568,-1767.98,-422.267,-1066.21,3073.98,426.967,1910.6,-1257.09,-400.344,-1141.72,499.265,-2604.22,-1076.11,-4120.46,-2216.12,-5824.17,-626.233,4606.2,242.817,3643.23,1542.24,2193.71,656.864,865.569,271.498,-601.193,3442.11,1343.81,-669.027,-589.169,-124.323,-568.395,1995.34,2199.27,3168.19,1360.03,-1589.59,215.181,-2315.43,-552.459,2949.46,968.289,-1405.52
-250354,0,1,0,1,1,250404,-0.384764,0.00591807,1.98251,0.65987,0.194549,-1.62464,-1.32884,-0.638008,0.776036,1.76188,-0.149657,0.116447,-1.54277,-0.0636614,0.2482,-1.00728,-1.59481,-1.01706,-0.127135,0.559175,1.40119,-1.61276,1.8305,-0.0898098,-1.26576,-1.76124,1.23195,-0.269686,1.22789,-1.59845,-1.56077,0.458786,1.996,-0.185011,-1.75004,1.38731,-0.797919,-1.56933,0.936032,-1.67351,1.35279,0.444837,1.42627,-1.3104,-0.0724454,0.89088,-0.393547,0.886616,0.0264761,-0.478673,-1.03596,0.226382,0.0675763,-1.26799,0.156639,-0.0321617,0.998724,0.212245,-0.63784,-0.775643,-0.788799,1.94885,1.21166,0.828242,-0.92643,-0.62419,-1.08532,0.0134659,-0.922084,-1.04397,-1.82062,-0.720654,-1.94471,-0.376988,1.76676,-0.594025,1.17955,0.313105,1.16384,0.0323358,0.112372,0.276904,0.173359,1.84303,0.871915,-1.30925,-0.819472,-0.271119,0.144731,1.18899,1.07535,1.68402,1.67163,-0.91779,-0.253471,-1.68299,-0.374937,1.42931,0.855572,-1.19532,0.0727654,-0.0996175,1.42369,0.577051,-0.372822,0.151797,1.56119,2.18225,0.572052,-1.65862,0.857298,0.313114,-0.944205,-0.566684,0.901619,0.140575,-1.45483,-0.280329,-0.958294,1.28441,-0.390328,-0.405756,-1.43828,-0.708717,1.49875,0.118334,0.250612,-0.272896,-0.707887,-0.595478,0.904153,0.0458198,0.422718,-0.421036,-0.89124,-1.40352,0.0117039,-1.139,1.77965,1.84505,-1.53013,1.18107,1.34815,1.65661,-0.347856,0.0399422,0.0731356,-0.999127,-0.66517,-1.62809,0.361078,-1.79284,-0.528196,1.01413,0.0909424,-0.642365,2.19755,1.21158,-1.49098,-0.264931,-0.603697,-1.7957,1.19857,0.227214,-1.23635,0.537532,1.04671,-0.320973,-2.04846,0.572532,-0.463951,-0.372223,1.49636,0.543027,-0.20959,-0.438933,0.252954,1.98452,0.5924,-0.18094,0.335649,0.113683,0.495715,0.217897,0.058261,0.114318,0.104902,-1.00899,0.486446,1.95023,-0.0339296,0.0312276,0.574154,1.53145,-0.798368,0.236511,2.17776,-0.222419,-0.969497,0.277337,-547.184,-508.299,2761.5,815.011,520.894,-1882.04,-2005.36,-819.359,713.376,4167.89,684.524,-60.5022,-3825.74,-379.508,89.5438,-786.665,-2764.26,-1893.05,-1138.15,1330.48,3721.9,-4549.31,2287.66,267.703,-2638.59,-2872.07,3581.78,-691.08,1559.76,-2665.15,-3407.54,531.827,2745.55,-223.138,-3512.96,4957.76,-1430.38,-3610.6,1490.59,-2808.39,2647.86,134.514,1058.66,-2025.01,485.435,3088.29,-408.039,1755.96,-843.537,223.64,-979.537,157.066,-382.401,-1592.82,146.539,630.355,1663.4,390.568,-1767.98,-422.267,-1066.21,3073.98,426.967,1910.6,-1257.09,-400.344,-1141.72,499.265,-2604.22,-1076.11,-4120.46,-2216.12,-5824.17,-626.233,4606.2,242.817,3643.23,1542.24,2193.71,656.864,865.569,271.498,-601.193,3442.11,1343.81,-669.027,-589.169,-124.323,-568.395,1995.34,2199.27,3168.19,1360.03,-1589.59,215.181,-2315.43,-552.459,2949.46,968.289,-1405.52
-250354,0,1,0,1,1,250422,-0.384764,0.00591807,1.98251,0.65987,0.194549,-1.62464,-1.32884,-0.638008,0.776036,1.76188,-0.149657,0.116447,-1.54277,-0.0636614,0.2482,-1.00728,-1.59481,-1.01706,-0.127135,0.559175,1.40119,-1.61276,1.8305,-0.0898098,-1.26576,-1.76124,1.23195,-0.269686,1.22789,-1.59845,-1.56077,0.458786,1.996,-0.185011,-1.75004,1.38731,-0.797919,-1.56933,0.936032,-1.67351,1.35279,0.444837,1.42627,-1.3104,-0.0724454,0.89088,-0.393547,0.886616,0.0264761,-0.478673,-1.03596,0.226382,0.0675763,-1.26799,0.156639,-0.0321617,0.998724,0.212245,-0.63784,-0.775643,-0.788799,1.94885,1.21166,0.828242,-0.92643,-0.62419,-1.08532,0.0134659,-0.922084,-1.04397,-1.82062,-0.720654,-1.94471,-0.376988,1.76676,-0.594025,1.17955,0.313105,1.16384,0.0323358,0.112372,0.276904,0.173359,1.84303,0.871915,-1.30925,-0.819472,-0.271119,0.144731,1.18899,1.07535,1.68402,1.67163,-0.91779,-0.253471,-1.68299,-0.374937,1.42931,0.855572,-1.19532,-0.0544255,0.918645,-0.344839,0.260921,0.736552,1.82121,0.992724,-1.23355,0.0557251,1.33035,0.675347,3.05958,0.667353,0.47169,-0.33029,1.00592,-0.817237,1.28864,0.291949,0.593864,-0.468964,-0.0938003,-0.0949709,0.354989,-0.00972265,0.120906,2.5394,0.1692,0.93177,-0.950801,0.295722,1.25968,1.03836,-0.348391,2.04644,0.384752,-0.480231,1.40597,1.19157,-2.38537,1.89449,-0.969554,0.798745,1.07989,-0.270986,0.757461,-0.960391,-1.38104,-0.603371,-1.01217,0.308132,-2.28928,-0.878334,0.470459,1.12489,0.460893,1.55321,-0.680459,-2.04762,-2.76766,0.0269816,0.326143,0.567041,-2.33105,0.353512,-1.43494,1.56272,-0.624807,-0.0731669,-1.37225,1.25235,0.470913,-0.26736,-0.25295,1.95104,1.60554,-2.7545,-1.85011,1.13841,-0.100149,0.385617,-1.30836,1.10493,0.221701,1.51311,-0.395287,0.571495,-0.483669,-0.0427421,-0.328637,0.621162,0.69525,-0.0419312,2.60511,-0.286579,0.335687,0.793132,-0.552316,-0.0505447,-2.10612,-547.184,-508.299,2761.5,815.011,520.894,-1882.04,-2005.36,-819.359,713.376,4167.89,684.524,-60.5022,-3825.74,-379.508,89.5438,-786.665,-2764.26,-1893.05,-1138.15,1330.48,3721.9,-4549.31,2287.66,267.703,-2638.59,-2872.07,3581.78,-691.08,1559.76,-2665.15,-3407.54,531.827,2745.55,-223.138,-3512.96,4957.76,-1430.38,-3610.6,1490.59,-2808.39,2647.86,134.514,1058.66,-2025.01,485.435,3088.29,-408.039,1755.96,-843.537,223.64,-979.537,157.066,-382.401,-1592.82,146.539,630.355,1663.4,390.568,-1767.98,-422.267,-1066.21,3073.98,426.967,1910.6,-1257.09,-400.344,-1141.72,499.265,-2604.22,-1076.11,-4120.46,-2216.12,-5824.17,-626.233,4606.2,242.817,3643.23,1542.24,2193.71,656.864,865.569,271.498,-601.193,3442.11,1343.81,-669.027,-589.169,-124.323,-568.395,1995.34,2199.27,3168.19,1360.03,-1589.59,215.181,-2315.43,-552.459,2949.46,968.289,-1405.52
-250354,0,1,0,1,1,250399,-0.384764,0.00591807,1.98251,0.65987,0.194549,-1.62464,-1.32884,-0.638008,0.776036,1.76188,-0.149657,0.116447,-1.54277,-0.0636614,0.2482,-1.00728,-1.59481,-1.01706,-0.127135,0.559175,1.40119,-1.61276,1.8305,-0.0898098,-1.26576,-1.76124,1.23195,-0.269686,1.22789,-1.59845,-1.56077,0.458786,1.996,-0.185011,-1.75004,1.38731,-0.797919,-1.56933,0.936032,-1.67351,1.35279,0.444837,1.42627,-1.3104,-0.0724454,0.89088,-0.393547,0.886616,0.0264761,-0.478673,-1.03596,0.226382,0.0675763,-1.26799,0.156639,-0.0321617,0.998724,0.212245,-0.63784,-0.775643,-0.788799,1.94885,1.21166,0.828242,-0.92643,-0.62419,-1.08532,0.0134659,-0.922084,-1.04397,-1.82062,-0.720654,-1.94471,-0.376988,1.76676,-0.594025,1.17955,0.313105,1.16384,0.0323358,0.112372,0.276904,0.173359,1.84303,0.871915,-1.30925,-0.819472,-0.271119,0.144731,1.18899,1.07535,1.68402,1.67163,-0.91779,-0.253471,-1.68299,-0.374937,1.42931,0.855572,-1.19532,-1.72286,1.40912,0.300315,-1.41231,-0.796396,-1.39253,1.01105,0.929328,-0.0865397,-1.15584,-0.12856,0.87728,0.466255,1.42976,0.864551,-0.0423543,-0.0728163,1.16195,-1.54324,-0.328029,0.932635,0.111605,-0.810293,-0.427911,0.600394,-1.14024,0.89048,-0.257059,-1.03857,-1.60368,-0.96588,-1.15021,0.433213,-0.0809819,-0.0903176,-0.369011,0.316781,1.2377,-0.619575,-1.77445,-0.384604,-0.373791,-0.600241,0.708794,-0.110616,-0.220678,1.11863,-0.45525,-0.00394788,-1.92757,-1.61823,0.482073,1.01389,0.301389,-0.346408,-0.0596491,-0.85598,-0.812319,-1.86737,0.732638,-0.668034,0.709168,0.0409829,0.295738,-1.12206,0.754874,-0.315959,0.347519,1.81952,2.17229,0.599903,-0.642469,-0.0423103,1.78545,-0.897165,0.858184,1.44224,1.17785,-0.90817,0.268126,-0.602321,0.115111,2.00187,-0.595293,-0.897559,-0.00157042,1.38308,-1.07578,-1.11392,-0.580296,-0.457461,-0.96922,1.50761,1.72779,0.0129737,-0.213761,-0.0954536,0.0865177,-0.916345,0.324006,-547.184,-508.299,2761.5,815.011,520.894,-1882.04,-2005.36,-819.359,713.376,4167.89,684.524,-60.5022,-3825.74,-379.508,89.5438,-786.665,-2764.26,-1893.05,-1138.15,1330.48,3721.9,-4549.31,2287.66,267.703,-2638.59,-2872.07,3581.78,-691.08,1559.76,-2665.15,-3407.54,531.827,2745.55,-223.138,-3512.96,4957.76,-1430.38,-3610.6,1490.59,-2808.39,2647.86,134.514,1058.66,-2025.01,485.435,3088.29,-408.039,1755.96,-843.537,223.64,-979.537,157.066,-382.401,-1592.82,146.539,630.355,1663.4,390.568,-1767.98,-422.267,-1066.21,3073.98,426.967,1910.6,-1257.09,-400.344,-1141.72,499.265,-2604.22,-1076.11,-4120.46,-2216.12,-5824.17,-626.233,4606.2,242.817,3643.23,1542.24,2193.71,656.864,865.569,271.498,-601.193,3442.11,1343.81,-669.027,-589.169,-124.323,-568.395,1995.34,2199.27,3168.19,1360.03,-1589.59,215.181,-2315.43,-552.459,2949.46,968.289,-1405.52
-250354,0,1,0,1,1,250392,-0.384764,0.00591807,1.98251,0.65987,0.194549,-1.62464,-1.32884,-0.638008,0.776036,1.76188,-0.149657,0.116447,-1.54277,-0.0636614,0.2482,-1.00728,-1.59481,-1.01706,-0.127135,0.559175,1.40119,-1.61276,1.8305,-0.0898098,-1.26576,-1.76124,1.23195,-0.269686,1.22789,-1.59845,-1.56077,0.458786,1.996,-0.185011,-1.75004,1.38731,-0.797919,-1.56933,0.936032,-1.67351,1.35279,0.444837,1.42627,-1.3104,-0.0724454,0.89088,-0.393547,0.886616,0.0264761,-0.478673,-1.03596,0.226382,0.0675763,-1.26799,0.156639,-0.0321617,0.998724,0.212245,-0.63784,-0.775643,-0.788799,1.94885,1.21166,0.828242,-0.92643,-0.62419,-1.08532,0.0134659,-0.922084,-1.04397,-1.82062,-0.720654,-1.94471,-0.376988,1.76676,-0.594025,1.17955,0.313105,1.16384,0.0323358,0.112372,0.276904,0.173359,1.84303,0.871915,-1.30925,-0.819472,-0.271119,0.144731,1.18899,1.07535,1.68402,1.67163,-0.91779,-0.253471,-1.68299,-0.374937,1.42931,0.855572,-1.19532,0.53669,0.46852,-1.08764,0.624777,1.26613,-0.424563,0.516233,1.11291,-0.099123,-1.5234,0.409267,-0.693406,-0.386057,-1.00508,-0.233265,0.310217,-1.48056,-1.48412,1.11951,-0.898298,-1.35865,-0.312734,-0.80057,-1.39206,0.886495,0.116956,-0.380772,0.351155,1.09367,0.0538543,1.20436,-0.051994,0.647918,-0.680215,-0.125574,-0.535909,-1.48883,0.722495,0.0818353,0.657324,-0.281079,0.505855,0.447233,1.04253,-0.0140752,0.111888,0.356236,0.550706,0.281235,1.19347,-0.882826,-0.639361,-0.48197,1.01153,-0.473803,1.07486,1.41761,1.61636,1.72562,-0.279465,-0.661291,1.40619,-0.628321,-1.92306,-0.729416,0.395309,0.746703,-1.43977,-0.836571,0.816186,0.160274,0.354016,-0.155087,-0.318638,-0.59221,0.276863,0.0976705,0.0420731,0.53204,0.554004,-1.36862,-0.820439,-0.813595,1.46346,-1.38062,2.2877,0.628938,-0.345296,0.367398,-0.467705,-0.468188,0.0654732,0.239261,-0.372813,-0.655491,-2.04385,-0.333911,-0.332879,0.442259,-1.21218,-547.184,-508.299,2761.5,815.011,520.894,-1882.04,-2005.36,-819.359,713.376,4167.89,684.524,-60.5022,-3825.74,-379.508,89.5438,-786.665,-2764.26,-1893.05,-1138.15,1330.48,3721.9,-4549.31,2287.66,267.703,-2638.59,-2872.07,3581.78,-691.08,1559.76,-2665.15,-3407.54,531.827,2745.55,-223.138,-3512.96,4957.76,-1430.38,-3610.6,1490.59,-2808.39,2647.86,134.514,1058.66,-2025.01,485.435,3088.29,-408.039,1755.96,-843.537,223.64,-979.537,157.066,-382.401,-1592.82,146.539,630.355,1663.4,390.568,-1767.98,-422.267,-1066.21,3073.98,426.967,1910.6,-1257.09,-400.344,-1141.72,499.265,-2604.22,-1076.11,-4120.46,-2216.12,-5824.17,-626.233,4606.2,242.817,3643.23,1542.24,2193.71,656.864,865.569,271.498,-601.193,3442.11,1343.81,-669.027,-589.169,-124.323,-568.395,1995.34,2199.27,3168.19,1360.03,-1589.59,215.181,-2315.43,-552.459,2949.46,968.289,-1405.52
-250354,0,1,0,1,1,250410,-0.384764,0.00591807,1.98251,0.65987,0.194549,-1.62464,-1.32884,-0.638008,0.776036,1.76188,-0.149657,0.116447,-1.54277,-0.0636614,0.2482,-1.00728,-1.59481,-1.01706,-0.127135,0.559175,1.40119,-1.61276,1.8305,-0.0898098,-1.26576,-1.76124,1.23195,-0.269686,1.22789,-1.59845,-1.56077,0.458786,1.996,-0.185011,-1.75004,1.38731,-0.797919,-1.56933,0.936032,-1.67351,1.35279,0.444837,1.42627,-1.3104,-0.0724454,0.89088,-0.393547,0.886616,0.0264761,-0.478673,-1.03596,0.226382,0.0675763,-1.26799,0.156639,-0.0321617,0.998724,0.212245,-0.63784,-0.775643,-0.788799,1.94885,1.21166,0.828242,-0.92643,-0.62419,-1.08532,0.0134659,-0.922084,-1.04397,-1.82062,-0.720654,-1.94471,-0.376988,1.76676,-0.594025,1.17955,0.313105,1.16384,0.0323358,0.112372,0.276904,0.173359,1.84303,0.871915,-1.30925,-0.819472,-0.271119,0.144731,1.18899,1.07535,1.68402,1.67163,-0.91779,-0.253471,-1.68299,-0.374937,1.42931,0.855572,-1.19532,0.808648,-0.950386,0.427064,0.458514,-1.84052,0.298259,1.74416,1.14432,-1.23299,-0.959461,-1.31284,0.37705,-0.147365,0.679339,-0.689351,-0.237213,-0.537371,-1.39006,0.545696,-0.737426,-0.445791,-0.725914,0.771506,-0.307079,1.05992,-0.312562,1.69837,-0.588473,-1.8645,1.36286,-0.0862212,1.24572,0.328319,0.0530855,0.209561,-1.15285,-1.27615,-0.0749348,-0.252987,0.747905,0.107887,1.64409,0.840791,-0.695286,-1.33937,1.65851,-0.442059,-1.26713,0.511374,0.178265,0.440351,1.40519,-0.500145,0.0232066,-0.185119,1.70448,-0.944987,-0.848629,-1.29096,-0.68257,0.922522,0.502313,-0.319903,-0.541373,1.42929,-0.772854,0.446801,0.998993,0.938619,-0.812004,-2.58165,-2.11842,-0.0454105,1.47259,0.0745405,0.749424,-0.544077,-1.48679,0.959402,0.19702,-0.173463,-1.32623,0.332132,-0.183722,-0.612722,-0.978006,0.440196,1.43592,2.4543,-1.09354,1.2222,-3.26157,0.568847,-1.89295,-1.72303,0.211953,0.48691,-0.558624,-0.390984,1.23515,-547.184,-508.299,2761.5,815.011,520.894,-1882.04,-2005.36,-819.359,713.376,4167.89,684.524,-60.5022,-3825.74,-379.508,89.5438,-786.665,-2764.26,-1893.05,-1138.15,1330.48,3721.9,-4549.31,2287.66,267.703,-2638.59,-2872.07,3581.78,-691.08,1559.76,-2665.15,-3407.54,531.827,2745.55,-223.138,-3512.96,4957.76,-1430.38,-3610.6,1490.59,-2808.39,2647.86,134.514,1058.66,-2025.01,485.435,3088.29,-408.039,1755.96,-843.537,223.64,-979.537,157.066,-382.401,-1592.82,146.539,630.355,1663.4,390.568,-1767.98,-422.267,-1066.21,3073.98,426.967,1910.6,-1257.09,-400.344,-1141.72,499.265,-2604.22,-1076.11,-4120.46,-2216.12,-5824.17,-626.233,4606.2,242.817,3643.23,1542.24,2193.71,656.864,865.569,271.498,-601.193,3442.11,1343.81,-669.027,-589.169,-124.323,-568.395,1995.34,2199.27,3168.19,1360.03,-1589.59,215.181,-2315.43,-552.459,2949.46,968.289,-1405.52
-250354,0,1,0,1,1,250412,-0.384764,0.00591807,1.98251,0.65987,0.194549,-1.62464,-1.32884,-0.638008,0.776036,1.76188,-0.149657,0.116447,-1.54277,-0.0636614,0.2482,-1.00728,-1.59481,-1.01706,-0.127135,0.559175,1.40119,-1.61276,1.8305,-0.0898098,-1.26576,-1.76124,1.23195,-0.269686,1.22789,-1.59845,-1.56077,0.458786,1.996,-0.185011,-1.75004,1.38731,-0.797919,-1.56933,0.936032,-1.67351,1.35279,0.444837,1.42627,-1.3104,-0.0724454,0.89088,-0.393547,0.886616,0.0264761,-0.478673,-1.03596,0.226382,0.0675763,-1.26799,0.156639,-0.0321617,0.998724,0.212245,-0.63784,-0.775643,-0.788799,1.94885,1.21166,0.828242,-0.92643,-0.62419,-1.08532,0.0134659,-0.922084,-1.04397,-1.82062,-0.720654,-1.94471,-0.376988,1.76676,-0.594025,1.17955,0.313105,1.16384,0.0323358,0.112372,0.276904,0.173359,1.84303,0.871915,-1.30925,-0.819472,-0.271119,0.144731,1.18899,1.07535,1.68402,1.67163,-0.91779,-0.253471,-1.68299,-0.374937,1.42931,0.855572,-1.19532,1.14429,0.160015,0.450909,-0.0931865,-0.657065,-1.91378,0.559284,2.18491,-2.66839,-0.585419,0.436198,-1.13698,-0.862849,-0.526943,0.784793,0.617016,-0.0090029,-0.875722,-0.134258,-0.592838,1.28378,-1.69106,-0.154401,0.127311,-0.452652,-1.05996,-0.833171,0.759762,-0.154735,0.971983,0.571331,1.24392,0.0642111,-2.05691,0.523489,-0.525845,0.091157,-0.47403,-0.0921283,-0.789937,1.00313,0.182706,0.499012,0.388161,0.28448,-0.6712,-0.823705,1.00312,-0.496535,-2.74794,0.851844,1.44455,1.74281,0.829421,2.89561,-0.222841,0.5003,1.35219,0.536592,-1.83226,-0.437166,0.779567,0.614474,-2.44414,0.202832,-2.12443,0.25171,1.00808,0.647144,-1.82268,1.86309,-0.992271,0.307693,-1.05123,0.546171,-1.01184,-0.634196,-0.337867,0.985128,-1.92315,1.74684,-1.6888,0.981019,1.11356,0.320167,0.611516,0.516531,0.162075,-0.826762,1.68644,-0.118355,-0.138212,-0.231988,-0.774862,-0.0198844,-0.117305,-1.47392,0.647446,-0.278923,-1.11777,-547.184,-508.299,2761.5,815.011,520.894,-1882.04,-2005.36,-819.359,713.376,4167.89,684.524,-60.5022,-3825.74,-379.508,89.5438,-786.665,-2764.26,-1893.05,-1138.15,1330.48,3721.9,-4549.31,2287.66,267.703,-2638.59,-2872.07,3581.78,-691.08,1559.76,-2665.15,-3407.54,531.827,2745.55,-223.138,-3512.96,4957.76,-1430.38,-3610.6,1490.59,-2808.39,2647.86,134.514,1058.66,-2025.01,485.435,3088.29,-408.039,1755.96,-843.537,223.64,-979.537,157.066,-382.401,-1592.82,146.539,630.355,1663.4,390.568,-1767.98,-422.267,-1066.21,3073.98,426.967,1910.6,-1257.09,-400.344,-1141.72,499.265,-2604.22,-1076.11,-4120.46,-2216.12,-5824.17,-626.233,4606.2,242.817,3643.23,1542.24,2193.71,656.864,865.569,271.498,-601.193,3442.11,1343.81,-669.027,-589.169,-124.323,-568.395,1995.34,2199.27,3168.19,1360.03,-1589.59,215.181,-2315.43,-552.459,2949.46,968.289,-1405.52
-250354,0,1,0,1,1,250407,-0.384764,0.00591807,1.98251,0.65987,0.194549,-1.62464,-1.32884,-0.638008,0.776036,1.76188,-0.149657,0.116447,-1.54277,-0.0636614,0.2482,-1.00728,-1.59481,-1.01706,-0.127135,0.559175,1.40119,-1.61276,1.8305,-0.0898098,-1.26576,-1.76124,1.23195,-0.269686,1.22789,-1.59845,-1.56077,0.458786,1.996,-0.185011,-1.75004,1.38731,-0.797919,-1.56933,0.936032,-1.67351,1.35279,0.444837,1.42627,-1.3104,-0.0724454,0.89088,-0.393547,0.886616,0.0264761,-0.478673,-1.03596,0.226382,0.0675763,-1.26799,0.156639,-0.0321617,0.998724,0.212245,-0.63784,-0.775643,-0.788799,1.94885,1.21166,0.828242,-0.92643,-0.62419,-1.08532,0.0134659,-0.922084,-1.04397,-1.82062,-0.720654,-1.94471,-0.376988,1.76676,-0.594025,1.17955,0.313105,1.16384,0.0323358,0.112372,0.276904,0.173359,1.84303,0.871915,-1.30925,-0.819472,-0.271119,0.144731,1.18899,1.07535,1.68402,1.67163,-0.91779,-0.253471,-1.68299,-0.374937,1.42931,0.855572,-1.19532,-0.756548,1.36269,-0.0865734,0.941559,-3.5011,0.589681,-0.441887,0.10114,-0.502291,-1.0563,1.81358,-0.139029,-0.505619,0.316228,0.974182,0.695553,0.109603,0.650648,-0.483705,-0.789001,1.66848,-0.447775,-0.277469,0.0767165,0.0178882,1.33828,0.601984,-0.41647,0.748189,-2.32114,-0.0757775,2.1072,0.393328,0.0115056,0.867532,0.457168,-0.101886,0.544626,-1.74818,0.360813,1.31768,1.24909,0.497793,-0.830552,0.788876,-0.808535,1.37991,-2.22972,0.494363,0.0850301,-0.407772,0.428837,1.23349,-0.316063,-0.0822587,1.25468,0.282846,0.00351091,0.643508,0.386562,-1.41284,0.0204123,1.16775,1.97074,0.77995,0.249148,2.60469,-1.65054,-0.957535,0.945888,1.0898,2.84697,-0.079359,0.300267,-1.14929,0.661663,0.145526,-0.104677,-0.469346,-1.83503,-0.493577,1.1097,0.1669,1.68182,0.0747437,-0.121061,1.43643,-0.851989,-0.784649,0.158753,0.542109,-0.73918,0.0993892,0.297104,-0.309391,0.775402,0.187658,0.496007,-1.10782,0.0309705,-547.184,-508.299,2761.5,815.011,520.894,-1882.04,-2005.36,-819.359,713.376,4167.89,684.524,-60.5022,-3825.74,-379.508,89.5438,-786.665,-2764.26,-1893.05,-1138.15,1330.48,3721.9,-4549.31,2287.66,267.703,-2638.59,-2872.07,3581.78,-691.08,1559.76,-2665.15,-3407.54,531.827,2745.55,-223.138,-3512.96,4957.76,-1430.38,-3610.6,1490.59,-2808.39,2647.86,134.514,1058.66,-2025.01,485.435,3088.29,-408.039,1755.96,-843.537,223.64,-979.537,157.066,-382.401,-1592.82,146.539,630.355,1663.4,390.568,-1767.98,-422.267,-1066.21,3073.98,426.967,1910.6,-1257.09,-400.344,-1141.72,499.265,-2604.22,-1076.11,-4120.46,-2216.12,-5824.17,-626.233,4606.2,242.817,3643.23,1542.24,2193.71,656.864,865.569,271.498,-601.193,3442.11,1343.81,-669.027,-589.169,-124.323,-568.395,1995.34,2199.27,3168.19,1360.03,-1589.59,215.181,-2315.43,-552.459,2949.46,968.289,-1405.52
-250354,0,1,0,1,1,250406,-0.384764,0.00591807,1.98251,0.65987,0.194549,-1.62464,-1.32884,-0.638008,0.776036,1.76188,-0.149657,0.116447,-1.54277,-0.0636614,0.2482,-1.00728,-1.59481,-1.01706,-0.127135,0.559175,1.40119,-1.61276,1.8305,-0.0898098,-1.26576,-1.76124,1.23195,-0.269686,1.22789,-1.59845,-1.56077,0.458786,1.996,-0.185011,-1.75004,1.38731,-0.797919,-1.56933,0.936032,-1.67351,1.35279,0.444837,1.42627,-1.3104,-0.0724454,0.89088,-0.393547,0.886616,0.0264761,-0.478673,-1.03596,0.226382,0.0675763,-1.26799,0.156639,-0.0321617,0.998724,0.212245,-0.63784,-0.775643,-0.788799,1.94885,1.21166,0.828242,-0.92643,-0.62419,-1.08532,0.0134659,-0.922084,-1.04397,-1.82062,-0.720654,-1.94471,-0.376988,1.76676,-0.594025,1.17955,0.313105,1.16384,0.0323358,0.112372,0.276904,0.173359,1.84303,0.871915,-1.30925,-0.819472,-0.271119,0.144731,1.18899,1.07535,1.68402,1.67163,-0.91779,-0.253471,-1.68299,-0.374937,1.42931,0.855572,-1.19532,0.0377606,-1.03761,0.834926,0.209498,-2.28071,-0.085072,-0.569818,0.486945,0.792571,-0.383845,0.116019,-0.482119,-0.529389,-1.82778,1.0426,-0.539352,0.104469,-0.81811,0.482571,1.09355,0.591725,1.55298,0.221928,-0.0181113,1.50194,1.90495,1.02517,-0.234497,2.7551,0.0164708,0.471913,0.317963,-0.993173,-1.6952,-1.42285,-0.363112,-0.567335,-0.052047,-0.627979,0.377968,-0.0820073,-0.387296,1.90428,0.763147,0.491421,0.890026,-0.102129,2.361,0.189574,-2.051,-0.0994805,0.882474,0.952212,-0.74712,0.556137,-0.677847,0.450702,-0.332556,0.820702,-0.99993,0.267545,0.250836,0.953462,0.961106,1.67067,0.00833005,0.556418,0.380415,0.0386126,0.67459,0.141672,0.368326,-1.88247,-1.01453,1.38497,-0.199285,-0.102944,1.5816,-0.912542,1.53526,0.120453,-1.80619,-0.0665668,0.557085,1.11337,0.74839,-0.110037,0.0253783,-1.534,-0.448122,1.90478,-0.460814,-0.405135,-1.25159,0.746639,-1.1774,0.625708,-2.62449,-0.598236,-1.35067,-547.184,-508.299,2761.5,815.011,520.894,-1882.04,-2005.36,-819.359,713.376,4167.89,684.524,-60.5022,-3825.74,-379.508,89.5438,-786.665,-2764.26,-1893.05,-1138.15,1330.48,3721.9,-4549.31,2287.66,267.703,-2638.59,-2872.07,3581.78,-691.08,1559.76,-2665.15,-3407.54,531.827,2745.55,-223.138,-3512.96,4957.76,-1430.38,-3610.6,1490.59,-2808.39,2647.86,134.514,1058.66,-2025.01,485.435,3088.29,-408.039,1755.96,-843.537,223.64,-979.537,157.066,-382.401,-1592.82,146.539,630.355,1663.4,390.568,-1767.98,-422.267,-1066.21,3073.98,426.967,1910.6,-1257.09,-400.344,-1141.72,499.265,-2604.22,-1076.11,-4120.46,-2216.12,-5824.17,-626.233,4606.2,242.817,3643.23,1542.24,2193.71,656.864,865.569,271.498,-601.193,3442.11,1343.81,-669.027,-589.169,-124.323,-568.395,1995.34,2199.27,3168.19,1360.03,-1589.59,215.181,-2315.43,-552.459,2949.46,968.289,-1405.52
-250354,0,1,0,1,1,250401,-0.384764,0.00591807,1.98251,0.65987,0.194549,-1.62464,-1.32884,-0.638008,0.776036,1.76188,-0.149657,0.116447,-1.54277,-0.0636614,0.2482,-1.00728,-1.59481,-1.01706,-0.127135,0.559175,1.40119,-1.61276,1.8305,-0.0898098,-1.26576,-1.76124,1.23195,-0.269686,1.22789,-1.59845,-1.56077,0.458786,1.996,-0.185011,-1.75004,1.38731,-0.797919,-1.56933,0.936032,-1.67351,1.35279,0.444837,1.42627,-1.3104,-0.0724454,0.89088,-0.393547,0.886616,0.0264761,-0.478673,-1.03596,0.226382,0.0675763,-1.26799,0.156639,-0.0321617,0.998724,0.212245,-0.63784,-0.775643,-0.788799,1.94885,1.21166,0.828242,-0.92643,-0.62419,-1.08532,0.0134659,-0.922084,-1.04397,-1.82062,-0.720654,-1.94471,-0.376988,1.76676,-0.594025,1.17955,0.313105,1.16384,0.0323358,0.112372,0.276904,0.173359,1.84303,0.871915,-1.30925,-0.819472,-0.271119,0.144731,1.18899,1.07535,1.68402,1.67163,-0.91779,-0.253471,-1.68299,-0.374937,1.42931,0.855572,-1.19532,-0.891046,-0.128344,-0.605529,-1.23071,-2.42297,-0.822639,-1.11346,-0.365122,1.79225,0.437513,0.0293074,0.740675,-0.0743095,0.156023,-0.673867,0.00209422,-0.00756035,-0.809489,-0.3158,0.153333,-1.85137,-0.593437,1.67387,-1.21697,-1.28915,-0.639514,0.00688931,-1.17536,-0.663177,0.582688,0.68363,-0.504075,0.398583,0.169805,0.688177,0.257584,-0.692053,0.684879,0.15347,-0.0990991,1.12419,0.0567191,-2.261,0.73544,1.22121,-0.336385,-0.947544,-0.467809,1.03997,-0.125974,-0.184393,0.555169,-0.0735214,-0.0941972,-0.634887,-0.848978,-1.58479,-0.396536,-1.08654,-2.12939,0.572153,-1.83774,-1.59503,0.0362568,-0.0161509,-0.566321,-0.44515,-0.757409,-0.788061,-0.557585,2.23977,-2.51073,0.56679,0.352914,0.68756,-1.32551,0.0384199,-0.614992,-0.168586,-1.91805,0.265887,-0.33509,0.217772,0.100925,-0.704307,0.271535,-0.438507,1.19963,-1.74925,1.27443,-2.43697,0.52417,-0.458831,0.0483629,-0.18219,-0.138042,-0.233546,0.73648,-0.230045,1.08448,-547.184,-508.299,2761.5,815.011,520.894,-1882.04,-2005.36,-819.359,713.376,4167.89,684.524,-60.5022,-3825.74,-379.508,89.5438,-786.665,-2764.26,-1893.05,-1138.15,1330.48,3721.9,-4549.31,2287.66,267.703,-2638.59,-2872.07,3581.78,-691.08,1559.76,-2665.15,-3407.54,531.827,2745.55,-223.138,-3512.96,4957.76,-1430.38,-3610.6,1490.59,-2808.39,2647.86,134.514,1058.66,-2025.01,485.435,3088.29,-408.039,1755.96,-843.537,223.64,-979.537,157.066,-382.401,-1592.82,146.539,630.355,1663.4,390.568,-1767.98,-422.267,-1066.21,3073.98,426.967,1910.6,-1257.09,-400.344,-1141.72,499.265,-2604.22,-1076.11,-4120.46,-2216.12,-5824.17,-626.233,4606.2,242.817,3643.23,1542.24,2193.71,656.864,865.569,271.498,-601.193,3442.11,1343.81,-669.027,-589.169,-124.323,-568.395,1995.34,2199.27,3168.19,1360.03,-1589.59,215.181,-2315.43,-552.459,2949.46,968.289,-1405.52
-250354,0,1,0,1,1,250409,-0.384764,0.00591807,1.98251,0.65987,0.194549,-1.62464,-1.32884,-0.638008,0.776036,1.76188,-0.149657,0.116447,-1.54277,-0.0636614,0.2482,-1.00728,-1.59481,-1.01706,-0.127135,0.559175,1.40119,-1.61276,1.8305,-0.0898098,-1.26576,-1.76124,1.23195,-0.269686,1.22789,-1.59845,-1.56077,0.458786,1.996,-0.185011,-1.75004,1.38731,-0.797919,-1.56933,0.936032,-1.67351,1.35279,0.444837,1.42627,-1.3104,-0.0724454,0.89088,-0.393547,0.886616,0.0264761,-0.478673,-1.03596,0.226382,0.0675763,-1.26799,0.156639,-0.0321617,0.998724,0.212245,-0.63784,-0.775643,-0.788799,1.94885,1.21166,0.828242,-0.92643,-0.62419,-1.08532,0.0134659,-0.922084,-1.04397,-1.82062,-0.720654,-1.94471,-0.376988,1.76676,-0.594025,1.17955,0.313105,1.16384,0.0323358,0.112372,0.276904,0.173359,1.84303,0.871915,-1.30925,-0.819472,-0.271119,0.144731,1.18899,1.07535,1.68402,1.67163,-0.91779,-0.253471,-1.68299,-0.374937,1.42931,0.855572,-1.19532,-0.732495,-1.37133,-1.55573,1.69042,-1.49978,1.04551,1.02818,-1.02026,0.256882,-0.0927776,-0.0850232,-1.78508,0.0666479,0.540585,-2.12946,-0.716272,-0.978489,1.62625,-1.49166,-0.57831,1.12014,1.51234,-1.29782,0.943195,0.491715,0.685603,0.297864,1.44945,-0.375141,1.04571,0.747279,-1.775,0.457425,0.377097,0.976877,2.41634,-0.262257,-0.613089,0.68499,2.62932,-1.16337,0.00529625,0.894889,0.0736715,1.47363,-0.325705,-1.37865,0.0540643,-0.0521611,1.13973,1.30093,-0.107127,-0.332202,-0.106077,0.562284,-0.167974,-1.12303,-0.200545,0.700432,-0.05063,-0.565057,0.593357,1.15735,0.946577,0.639864,-1.54641,0.0669896,0.339323,2.0287,0.717102,-0.428486,0.0137152,0.539234,0.0298546,-0.709543,-1.60263,-0.921374,0.568348,-1.10598,-0.581568,0.202765,1.55416,-0.32637,-1.51029,-0.530476,-1.27772,0.572858,-0.578223,-0.15356,1.5911,-0.153104,0.0424971,1.34193,0.550253,-0.605847,-0.253247,2.43622,1.49322,0.0776953,-1.94057,-547.184,-508.299,2761.5,815.011,520.894,-1882.04,-2005.36,-819.359,713.376,4167.89,684.524,-60.5022,-3825.74,-379.508,89.5438,-786.665,-2764.26,-1893.05,-1138.15,1330.48,3721.9,-4549.31,2287.66,267.703,-2638.59,-2872.07,3581.78,-691.08,1559.76,-2665.15,-3407.54,531.827,2745.55,-223.138,-3512.96,4957.76,-1430.38,-3610.6,1490.59,-2808.39,2647.86,134.514,1058.66,-2025.01,485.435,3088.29,-408.039,1755.96,-843.537,223.64,-979.537,157.066,-382.401,-1592.82,146.539,630.355,1663.4,390.568,-1767.98,-422.267,-1066.21,3073.98,426.967,1910.6,-1257.09,-400.344,-1141.72,499.265,-2604.22,-1076.11,-4120.46,-2216.12,-5824.17,-626.233,4606.2,242.817,3643.23,1542.24,2193.71,656.864,865.569,271.498,-601.193,3442.11,1343.81,-669.027,-589.169,-124.323,-568.395,1995.34,2199.27,3168.19,1360.03,-1589.59,215.181,-2315.43,-552.459,2949.46,968.289,-1405.52
-250354,0,1,0,1,1,250403,-0.384764,0.00591807,1.98251,0.65987,0.194549,-1.62464,-1.32884,-0.638008,0.776036,1.76188,-0.149657,0.116447,-1.54277,-0.0636614,0.2482,-1.00728,-1.59481,-1.01706,-0.127135,0.559175,1.40119,-1.61276,1.8305,-0.0898098,-1.26576,-1.76124,1.23195,-0.269686,1.22789,-1.59845,-1.56077,0.458786,1.996,-0.185011,-1.75004,1.38731,-0.797919,-1.56933,0.936032,-1.67351,1.35279,0.444837,1.42627,-1.3104,-0.0724454,0.89088,-0.393547,0.886616,0.0264761,-0.478673,-1.03596,0.226382,0.0675763,-1.26799,0.156639,-0.0321617,0.998724,0.212245,-0.63784,-0.775643,-0.788799,1.94885,1.21166,0.828242,-0.92643,-0.62419,-1.08532,0.0134659,-0.922084,-1.04397,-1.82062,-0.720654,-1.94471,-0.376988,1.76676,-0.594025,1.17955,0.313105,1.16384,0.0323358,0.112372,0.276904,0.173359,1.84303,0.871915,-1.30925,-0.819472,-0.271119,0.144731,1.18899,1.07535,1.68402,1.67163,-0.91779,-0.253471,-1.68299,-0.374937,1.42931,0.855572,-1.19532,1.82798,-0.872026,-0.956788,0.0455722,1.30457,1.49071,0.191509,-0.228181,-0.287754,0.0393858,-1.26911,-1.76722,1.85935,0.70243,-1.26683,-0.725863,0.229538,-0.174554,1.89412,-0.548086,-1.25409,0.470897,1.59821,-0.00686388,-1.1936,0.38835,-0.678689,0.398626,0.309089,-0.868859,-0.179258,-1.05685,0.384089,0.177135,0.965787,0.322607,1.45583,-0.23969,-0.47647,1.28676,-0.17064,-0.700778,1.68529,0.391199,-1.12054,0.555283,1.17131,-0.864615,-0.285444,0.652964,-0.41438,0.854518,0.154081,1.62683,-0.226961,-1.42388,-1.01562,0.503812,0.419585,1.04111,-2.13037,0.524549,-0.380944,0.0198908,1.89829,0.283152,0.540703,-1.0263,-0.886316,1.25833,0.29397,1.34831,-0.892621,0.0976514,-0.400998,-0.603095,-1.42068,1.1954,0.374329,-1.11095,-0.486531,-2.36294,-0.488826,-0.698872,2.03536,0.513516,-1.08244,0.147856,-1.64286,-2.03703,-1.18123,0.433347,-0.0578533,-0.419115,-0.123326,-1.04208,-0.171448,0.484287,0.0861247,1.07765,-547.184,-508.299,2761.5,815.011,520.894,-1882.04,-2005.36,-819.359,713.376,4167.89,684.524,-60.5022,-3825.74,-379.508,89.5438,-786.665,-2764.26,-1893.05,-1138.15,1330.48,3721.9,-4549.31,2287.66,267.703,-2638.59,-2872.07,3581.78,-691.08,1559.76,-2665.15,-3407.54,531.827,2745.55,-223.138,-3512.96,4957.76,-1430.38,-3610.6,1490.59,-2808.39,2647.86,134.514,1058.66,-2025.01,485.435,3088.29,-408.039,1755.96,-843.537,223.64,-979.537,157.066,-382.401,-1592.82,146.539,630.355,1663.4,390.568,-1767.98,-422.267,-1066.21,3073.98,426.967,1910.6,-1257.09,-400.344,-1141.72,499.265,-2604.22,-1076.11,-4120.46,-2216.12,-5824.17,-626.233,4606.2,242.817,3643.23,1542.24,2193.71,656.864,865.569,271.498,-601.193,3442.11,1343.81,-669.027,-589.169,-124.323,-568.395,1995.34,2199.27,3168.19,1360.03,-1589.59,215.181,-2315.43,-552.459,2949.46,968.289,-1405.52
-250354,0,1,0,1,1,250410,-0.384764,0.00591807,1.98251,0.65987,0.194549,-1.62464,-1.32884,-0.638008,0.776036,1.76188,-0.149657,0.116447,-1.54277,-0.0636614,0.2482,-1.00728,-1.59481,-1.01706,-0.127135,0.559175,1.40119,-1.61276,1.8305,-0.0898098,-1.26576,-1.76124,1.23195,-0.269686,1.22789,-1.59845,-1.56077,0.458786,1.996,-0.185011,-1.75004,1.38731,-0.797919,-1.56933,0.936032,-1.67351,1.35279,0.444837,1.42627,-1.3104,-0.0724454,0.89088,-0.393547,0.886616,0.0264761,-0.478673,-1.03596,0.226382,0.0675763,-1.26799,0.156639,-0.0321617,0.998724,0.212245,-0.63784,-0.775643,-0.788799,1.94885,1.21166,0.828242,-0.92643,-0.62419,-1.08532,0.0134659,-0.922084,-1.04397,-1.82062,-0.720654,-1.94471,-0.376988,1.76676,-0.594025,1.17955,0.313105,1.16384,0.0323358,0.112372,0.276904,0.173359,1.84303,0.871915,-1.30925,-0.819472,-0.271119,0.144731,1.18899,1.07535,1.68402,1.67163,-0.91779,-0.253471,-1.68299,-0.374937,1.42931,0.855572,-1.19532,0.552655,2.30791,-0.0797568,0.991442,0.758414,-1.0078,0.819798,0.328548,-0.180934,0.865476,-0.492167,-0.166661,1.0422,0.533324,1.28315,-1.3521,-0.208296,-0.899084,0.475088,1.84806,0.949594,-0.820495,0.549012,-0.798429,-0.0741912,-0.386104,-0.856329,0.0882117,-1.57564,-0.0469558,2.015,-0.328234,0.897249,-0.0898804,1.01648,-0.485655,0.503793,1.8653,0.482831,0.765337,1.2714,-1.08129,-0.135328,0.679121,-0.0685057,-1.0339,1.03217,2.26649,0.765687,0.096281,0.276192,1.83453,-1.43329,0.515289,2.26072,0.3635,0.485922,-0.147649,-0.647879,1.89963,-0.43424,0.179305,-0.268331,0.0370502,-1.25409,-1.8357,-0.386235,-1.35107,-0.290982,0.173013,0.695189,0.276753,-0.0685124,-0.207442,-0.0630529,-1.37186,-0.273094,0.470865,-0.787256,2.70699,-1.29063,-0.777152,-0.0185693,1.07672,0.0662115,2.42243,-0.376207,-0.822051,-0.70049,1.08883,1.56371,-0.478289,0.516414,-1.60518,-1.76685,-1.84462,0.362697,1.08654,-1.90409,1.28546,-547.184,-508.299,2761.5,815.011,520.894,-1882.04,-2005.36,-819.359,713.376,4167.89,684.524,-60.5022,-3825.74,-379.508,89.5438,-786.665,-2764.26,-1893.05,-1138.15,1330.48,3721.9,-4549.31,2287.66,267.703,-2638.59,-2872.07,3581.78,-691.08,1559.76,-2665.15,-3407.54,531.827,2745.55,-223.138,-3512.96,4957.76,-1430.38,-3610.6,1490.59,-2808.39,2647.86,134.514,1058.66,-2025.01,485.435,3088.29,-408.039,1755.96,-843.537,223.64,-979.537,157.066,-382.401,-1592.82,146.539,630.355,1663.4,390.568,-1767.98,-422.267,-1066.21,3073.98,426.967,1910.6,-1257.09,-400.344,-1141.72,499.265,-2604.22,-1076.11,-4120.46,-2216.12,-5824.17,-626.233,4606.2,242.817,3643.23,1542.24,2193.71,656.864,865.569,271.498,-601.193,3442.11,1343.81,-669.027,-589.169,-124.323,-568.395,1995.34,2199.27,3168.19,1360.03,-1589.59,215.181,-2315.43,-552.459,2949.46,968.289,-1405.52
-250354,0,1,0,1,1,250400,-0.384764,0.00591807,1.98251,0.65987,0.194549,-1.62464,-1.32884,-0.638008,0.776036,1.76188,-0.149657,0.116447,-1.54277,-0.0636614,0.2482,-1.00728,-1.59481,-1.01706,-0.127135,0.559175,1.40119,-1.61276,1.8305,-0.0898098,-1.26576,-1.76124,1.23195,-0.269686,1.22789,-1.59845,-1.56077,0.458786,1.996,-0.185011,-1.75004,1.38731,-0.797919,-1.56933,0.936032,-1.67351,1.35279,0.444837,1.42627,-1.3104,-0.0724454,0.89088,-0.393547,0.886616,0.0264761,-0.478673,-1.03596,0.226382,0.0675763,-1.26799,0.156639,-0.0321617,0.998724,0.212245,-0.63784,-0.775643,-0.788799,1.94885,1.21166,0.828242,-0.92643,-0.62419,-1.08532,0.0134659,-0.922084,-1.04397,-1.82062,-0.720654,-1.94471,-0.376988,1.76676,-0.594025,1.17955,0.313105,1.16384,0.0323358,0.112372,0.276904,0.173359,1.84303,0.871915,-1.30925,-0.819472,-0.271119,0.144731,1.18899,1.07535,1.68402,1.67163,-0.91779,-0.253471,-1.68299,-0.374937,1.42931,0.855572,-1.19532,0.512336,-0.646267,-0.128923,0.149297,2.25414,-1.35269,-1.51939,1.32769,-0.79616,-1.35821,-0.207122,-0.0876548,-0.82576,0.256058,-1.24004,0.834554,-1.41086,1.11787,-1.08086,-0.694173,1.71114,-1.38359,-0.267224,-0.371301,0.647517,1.01715,0.284137,-0.690447,-0.261678,-1.05145,0.671789,0.505413,-0.153814,-1.60928,-0.315237,-0.963564,-0.845214,-0.915954,-1.23423,2.21405,-0.258406,1.3255,0.143215,-0.01145,2.27233,0.23936,-1.26018,0.26866,-0.374983,0.458365,-0.265056,0.848474,-2.10616,-0.224322,0.377177,0.339586,0.00173062,-0.832319,1.00689,-0.453025,0.879944,0.484749,-0.431684,0.529011,-0.525994,0.869756,-0.506514,0.8718,1.70312,0.418025,0.625569,0.243714,1.247,-1.13016,0.601009,0.94698,0.280611,0.703519,0.954808,-0.348164,0.54891,1.09295,-1.3505,-0.253087,-0.446301,-0.689682,-0.0585571,0.723734,-0.53756,-3.10762,-0.564628,-0.473843,-0.361933,-0.625801,0.454419,-0.95658,1.07311,-1.02371,-1.25166,0.404703,-547.184,-508.299,2761.5,815.011,520.894,-1882.04,-2005.36,-819.359,713.376,4167.89,684.524,-60.5022,-3825.74,-379.508,89.5438,-786.665,-2764.26,-1893.05,-1138.15,1330.48,3721.9,-4549.31,2287.66,267.703,-2638.59,-2872.07,3581.78,-691.08,1559.76,-2665.15,-3407.54,531.827,2745.55,-223.138,-3512.96,4957.76,-1430.38,-3610.6,1490.59,-2808.39,2647.86,134.514,1058.66,-2025.01,485.435,3088.29,-408.039,1755.96,-843.537,223.64,-979.537,157.066,-382.401,-1592.82,146.539,630.355,1663.4,390.568,-1767.98,-422.267,-1066.21,3073.98,426.967,1910.6,-1257.09,-400.344,-1141.72,499.265,-2604.22,-1076.11,-4120.46,-2216.12,-5824.17,-626.233,4606.2,242.817,3643.23,1542.24,2193.71,656.864,865.569,271.498,-601.193,3442.11,1343.81,-669.027,-589.169,-124.323,-568.395,1995.34,2199.27,3168.19,1360.03,-1589.59,215.181,-2315.43,-552.459,2949.46,968.289,-1405.52
-250354,0,1,0,1,1,250407,-0.384764,0.00591807,1.98251,0.65987,0.194549,-1.62464,-1.32884,-0.638008,0.776036,1.76188,-0.149657,0.116447,-1.54277,-0.0636614,0.2482,-1.00728,-1.59481,-1.01706,-0.127135,0.559175,1.40119,-1.61276,1.8305,-0.0898098,-1.26576,-1.76124,1.23195,-0.269686,1.22789,-1.59845,-1.56077,0.458786,1.996,-0.185011,-1.75004,1.38731,-0.797919,-1.56933,0.936032,-1.67351,1.35279,0.444837,1.42627,-1.3104,-0.0724454,0.89088,-0.393547,0.886616,0.0264761,-0.478673,-1.03596,0.226382,0.0675763,-1.26799,0.156639,-0.0321617,0.998724,0.212245,-0.63784,-0.775643,-0.788799,1.94885,1.21166,0.828242,-0.92643,-0.62419,-1.08532,0.0134659,-0.922084,-1.04397,-1.82062,-0.720654,-1.94471,-0.376988,1.76676,-0.594025,1.17955,0.313105,1.16384,0.0323358,0.112372,0.276904,0.173359,1.84303,0.871915,-1.30925,-0.819472,-0.271119,0.144731,1.18899,1.07535,1.68402,1.67163,-0.91779,-0.253471,-1.68299,-0.374937,1.42931,0.855572,-1.19532,1.02726,0.893161,-1.08429,0.408977,-0.221675,0.0503467,1.37254,1.15854,-0.428334,-0.330903,0.325694,1.33505,-0.527475,-0.866851,-0.635925,1.95515,-0.380512,-1.62955,0.278405,-1.46767,0.687085,0.383517,0.940316,-0.996634,-0.651238,0.46989,0.653321,-0.262025,-0.637727,1.4969,0.0603769,-0.922379,-1.37301,-0.915466,-0.747818,0.477694,-0.502911,-1.91091,-0.850045,-1.15557,-0.108139,0.181427,1.83845,-0.649661,-0.597204,-0.63251,2.22697,-0.306273,-0.156904,-0.184854,-0.348671,0.444415,-0.31213,-0.812207,1.25213,0.467447,0.219693,-0.644405,-0.891044,0.246707,-0.609043,-1.14149,2.44181,2.14261,0.455309,2.45463,0.230977,0.347718,1.27947,-0.341947,-1.0396,0.236979,1.17993,2.58637,2.24815,-0.874288,-0.0453067,1.76188,-0.133923,-0.45085,-1.57101,-0.678324,0.329245,-0.361434,-0.0422518,-2.44293,0.0631203,-0.816644,-0.33284,-0.860819,-1.19254,-0.292306,-0.291205,-0.0467304,-1.1805,0.457309,0.00904731,0.947993,0.0539134,1.58525,-547.184,-508.299,2761.5,815.011,520.894,-1882.04,-2005.36,-819.359,713.376,4167.89,684.524,-60.5022,-3825.74,-379.508,89.5438,-786.665,-2764.26,-1893.05,-1138.15,1330.48,3721.9,-4549.31,2287.66,267.703,-2638.59,-2872.07,3581.78,-691.08,1559.76,-2665.15,-3407.54,531.827,2745.55,-223.138,-3512.96,4957.76,-1430.38,-3610.6,1490.59,-2808.39,2647.86,134.514,1058.66,-2025.01,485.435,3088.29,-408.039,1755.96,-843.537,223.64,-979.537,157.066,-382.401,-1592.82,146.539,630.355,1663.4,390.568,-1767.98,-422.267,-1066.21,3073.98,426.967,1910.6,-1257.09,-400.344,-1141.72,499.265,-2604.22,-1076.11,-4120.46,-2216.12,-5824.17,-626.233,4606.2,242.817,3643.23,1542.24,2193.71,656.864,865.569,271.498,-601.193,3442.11,1343.81,-669.027,-589.169,-124.323,-568.395,1995.34,2199.27,3168.19,1360.03,-1589.59,215.181,-2315.43,-552.459,2949.46,968.289,-1405.52
-250354,0,1,0,1,1,250406,-0.384764,0.00591807,1.98251,0.65987,0.194549,-1.62464,-1.32884,-0.638008,0.776036,1.76188,-0.149657,0.116447,-1.54277,-0.0636614,0.2482,-1.00728,-1.59481,-1.01706,-0.127135,0.559175,1.40119,-1.61276,1.8305,-0.0898098,-1.26576,-1.76124,1.23195,-0.269686,1.22789,-1.59845,-1.56077,0.458786,1.996,-0.185011,-1.75004,1.38731,-0.797919,-1.56933,0.936032,-1.67351,1.35279,0.444837,1.42627,-1.3104,-0.0724454,0.89088,-0.393547,0.886616,0.0264761,-0.478673,-1.03596,0.226382,0.0675763,-1.26799,0.156639,-0.0321617,0.998724,0.212245,-0.63784,-0.775643,-0.788799,1.94885,1.21166,0.828242,-0.92643,-0.62419,-1.08532,0.0134659,-0.922084,-1.04397,-1.82062,-0.720654,-1.94471,-0.376988,1.76676,-0.594025,1.17955,0.313105,1.16384,0.0323358,0.112372,0.276904,0.173359,1.84303,0.871915,-1.30925,-0.819472,-0.271119,0.144731,1.18899,1.07535,1.68402,1.67163,-0.91779,-0.253471,-1.68299,-0.374937,1.42931,0.855572,-1.19532,-0.108362,0.0978603,-0.27388,1.36363,0.153795,0.257248,0.0693618,-1.78804,-0.807672,0.737997,0.273533,0.942861,-0.0291935,-0.270489,-0.504255,1.07071,1.1682,-0.983952,0.765355,-0.85078,-1.11445,0.155472,0.648201,-0.584893,-0.120803,-1.26168,-0.259913,2.68354,1.8365,-0.17975,0.127925,0.429555,-0.930438,0.591643,-0.36555,-1.38194,-0.525872,-0.268618,-0.41171,-0.178781,1.46475,-0.49793,-1.19569,1.22371,0.59714,0.634104,-1.18845,-0.406567,-1.0768,-1.72892,0.356921,0.203274,0.0981109,-1.80874,0.18819,-1.01816,-0.463511,1.19572,0.7682,0.791052,-1.63894,0.273885,0.302635,-0.0182426,0.151393,-0.444149,0.2962,-0.460675,1.19926,-0.0657802,0.146084,-1.19143,0.65152,1.84617,0.716635,-1.18884,0.475797,3.13799,0.251439,1.07363,-1.6555,-0.491178,-0.933674,-1.44218,-1.43297,-1.93419,1.24912,0.106039,0.284318,-0.596135,2.1568,-0.836697,0.0313037,-0.282692,-2.58207,-0.250628,0.172276,1.86531,0.57476,-0.0420767,-547.184,-508.299,2761.5,815.011,520.894,-1882.04,-2005.36,-819.359,713.376,4167.89,684.524,-60.5022,-3825.74,-379.508,89.5438,-786.665,-2764.26,-1893.05,-1138.15,1330.48,3721.9,-4549.31,2287.66,267.703,-2638.59,-2872.07,3581.78,-691.08,1559.76,-2665.15,-3407.54,531.827,2745.55,-223.138,-3512.96,4957.76,-1430.38,-3610.6,1490.59,-2808.39,2647.86,134.514,1058.66,-2025.01,485.435,3088.29,-408.039,1755.96,-843.537,223.64,-979.537,157.066,-382.401,-1592.82,146.539,630.355,1663.4,390.568,-1767.98,-422.267,-1066.21,3073.98,426.967,1910.6,-1257.09,-400.344,-1141.72,499.265,-2604.22,-1076.11,-4120.46,-2216.12,-5824.17,-626.233,4606.2,242.817,3643.23,1542.24,2193.71,656.864,865.569,271.498,-601.193,3442.11,1343.81,-669.027,-589.169,-124.323,-568.395,1995.34,2199.27,3168.19,1360.03,-1589.59,215.181,-2315.43,-552.459,2949.46,968.289,-1405.52
-250354,0,1,0,1,1,250401,-0.384764,0.00591807,1.98251,0.65987,0.194549,-1.62464,-1.32884,-0.638008,0.776036,1.76188,-0.149657,0.116447,-1.54277,-0.0636614,0.2482,-1.00728,-1.59481,-1.01706,-0.127135,0.559175,1.40119,-1.61276,1.8305,-0.0898098,-1.26576,-1.76124,1.23195,-0.269686,1.22789,-1.59845,-1.56077,0.458786,1.996,-0.185011,-1.75004,1.38731,-0.797919,-1.56933,0.936032,-1.67351,1.35279,0.444837,1.42627,-1.3104,-0.0724454,0.89088,-0.393547,0.886616,0.0264761,-0.478673,-1.03596,0.226382,0.0675763,-1.26799,0.156639,-0.0321617,0.998724,0.212245,-0.63784,-0.775643,-0.788799,1.94885,1.21166,0.828242,-0.92643,-0.62419,-1.08532,0.0134659,-0.922084,-1.04397,-1.82062,-0.720654,-1.94471,-0.376988,1.76676,-0.594025,1.17955,0.313105,1.16384,0.0323358,0.112372,0.276904,0.173359,1.84303,0.871915,-1.30925,-0.819472,-0.271119,0.144731,1.18899,1.07535,1.68402,1.67163,-0.91779,-0.253471,-1.68299,-0.374937,1.42931,0.855572,-1.19532,0.331517,-0.881345,0.859804,0.719837,-1.79811,-0.991669,1.39683,-0.597359,-0.216181,-1.324,-1.60927,0.248406,-1.38205,1.01742,0.539358,0.891339,0.978806,0.575042,0.524524,-0.587288,1.1883,-0.433177,0.0237505,0.735582,0.989756,1.35948,0.879015,-2.63816,0.772885,0.107008,-0.852626,-1.09426,0.159658,-1.18147,-0.752987,-1.2243,-1.09553,0.155917,1.48887,-0.94548,-0.162692,-0.95626,0.413844,0.0602881,0.390506,-0.690514,1.09249,0.647356,0.247934,0.656619,-1.35518,0.241524,0.669776,0.678889,-1.13279,-0.642473,0.238122,1.11399,1.51485,0.956124,-0.64239,0.0880215,-0.509335,-0.988766,1.85357,-1.95147,-0.786363,-0.461757,-1.16122,-1.18847,-1.28225,-1.03246,-0.165022,1.84345,0.487285,-0.541047,0.348438,-0.67966,-1.02508,-1.35039,0.79363,2.52819,-0.0393657,0.651739,-0.337886,0.387632,-0.314364,-0.77157,0.540176,0.766046,-1.21691,-0.416483,-0.930224,-0.141184,0.99509,-0.295476,1.20445,1.21109,0.28715,0.09603,-547.184,-508.299,2761.5,815.011,520.894,-1882.04,-2005.36,-819.359,713.376,4167.89,684.524,-60.5022,-3825.74,-379.508,89.5438,-786.665,-2764.26,-1893.05,-1138.15,1330.48,3721.9,-4549.31,2287.66,267.703,-2638.59,-2872.07,3581.78,-691.08,1559.76,-2665.15,-3407.54,531.827,2745.55,-223.138,-3512.96,4957.76,-1430.38,-3610.6,1490.59,-2808.39,2647.86,134.514,1058.66,-2025.01,485.435,3088.29,-408.039,1755.96,-843.537,223.64,-979.537,157.066,-382.401,-1592.82,146.539,630.355,1663.4,390.568,-1767.98,-422.267,-1066.21,3073.98,426.967,1910.6,-1257.09,-400.344,-1141.72,499.265,-2604.22,-1076.11,-4120.46,-2216.12,-5824.17,-626.233,4606.2,242.817,3643.23,1542.24,2193.71,656.864,865.569,271.498,-601.193,3442.11,1343.81,-669.027,-589.169,-124.323,-568.395,1995.34,2199.27,3168.19,1360.03,-1589.59,215.181,-2315.43,-552.459,2949.46,968.289,-1405.52
-250354,0,1,0,1,1,250405,-0.384764,0.00591807,1.98251,0.65987,0.194549,-1.62464,-1.32884,-0.638008,0.776036,1.76188,-0.149657,0.116447,-1.54277,-0.0636614,0.2482,-1.00728,-1.59481,-1.01706,-0.127135,0.559175,1.40119,-1.61276,1.8305,-0.0898098,-1.26576,-1.76124,1.23195,-0.269686,1.22789,-1.59845,-1.56077,0.458786,1.996,-0.185011,-1.75004,1.38731,-0.797919,-1.56933,0.936032,-1.67351,1.35279,0.444837,1.42627,-1.3104,-0.0724454,0.89088,-0.393547,0.886616,0.0264761,-0.478673,-1.03596,0.226382,0.0675763,-1.26799,0.156639,-0.0321617,0.998724,0.212245,-0.63784,-0.775643,-0.788799,1.94885,1.21166,0.828242,-0.92643,-0.62419,-1.08532,0.0134659,-0.922084,-1.04397,-1.82062,-0.720654,-1.94471,-0.376988,1.76676,-0.594025,1.17955,0.313105,1.16384,0.0323358,0.112372,0.276904,0.173359,1.84303,0.871915,-1.30925,-0.819472,-0.271119,0.144731,1.18899,1.07535,1.68402,1.67163,-0.91779,-0.253471,-1.68299,-0.374937,1.42931,0.855572,-1.19532,-0.679269,0.122442,0.40207,-1.12267,-1.40938,-0.762233,-0.650199,-0.221792,-1.3557,-1.17847,-0.433636,-0.623502,-1.14292,0.1363,0.485184,0.893254,0.50494,-0.690134,-0.719062,-2.04215,1.17686,-0.0897049,0.611252,0.121496,0.555901,0.884476,-0.0258563,-1.54764,0.573403,0.848369,-0.254773,-0.278831,-0.37072,0.310689,0.316663,0.471538,0.472313,0.511049,-0.128219,-1.80033,0.523137,2.39696,0.275659,1.66583,-0.729189,-0.897748,-0.604152,-0.686944,-0.313121,-0.19141,-0.32539,-1.00057,-0.768466,-0.411312,0.348265,-0.149539,-0.449,-0.898573,-0.539543,-0.11813,1.89988,-0.605507,-3.13073,-0.463158,0.459084,1.6754,-0.255784,-1.9162,-1.32357,-1.60339,-2.211,-1.32884,-0.108585,-0.539112,-0.22491,0.692801,-0.20521,-1.08356,-1.35506,-0.475112,-1.44692,1.18174,0.783182,-2.1108,0.625581,-0.00529189,1.90613,1.06385,-0.425481,0.0979307,0.665922,-0.108293,-1.5891,-0.866825,0.68635,0.106918,0.588981,1.64638,-0.991684,-1.66551,-547.184,-508.299,2761.5,815.011,520.894,-1882.04,-2005.36,-819.359,713.376,4167.89,684.524,-60.5022,-3825.74,-379.508,89.5438,-786.665,-2764.26,-1893.05,-1138.15,1330.48,3721.9,-4549.31,2287.66,267.703,-2638.59,-2872.07,3581.78,-691.08,1559.76,-2665.15,-3407.54,531.827,2745.55,-223.138,-3512.96,4957.76,-1430.38,-3610.6,1490.59,-2808.39,2647.86,134.514,1058.66,-2025.01,485.435,3088.29,-408.039,1755.96,-843.537,223.64,-979.537,157.066,-382.401,-1592.82,146.539,630.355,1663.4,390.568,-1767.98,-422.267,-1066.21,3073.98,426.967,1910.6,-1257.09,-400.344,-1141.72,499.265,-2604.22,-1076.11,-4120.46,-2216.12,-5824.17,-626.233,4606.2,242.817,3643.23,1542.24,2193.71,656.864,865.569,271.498,-601.193,3442.11,1343.81,-669.027,-589.169,-124.323,-568.395,1995.34,2199.27,3168.19,1360.03,-1589.59,215.181,-2315.43,-552.459,2949.46,968.289,-1405.52
-250354,0,1,0,1,1,250394,-0.384764,0.00591807,1.98251,0.65987,0.194549,-1.62464,-1.32884,-0.638008,0.776036,1.76188,-0.149657,0.116447,-1.54277,-0.0636614,0.2482,-1.00728,-1.59481,-1.01706,-0.127135,0.559175,1.40119,-1.61276,1.8305,-0.0898098,-1.26576,-1.76124,1.23195,-0.269686,1.22789,-1.59845,-1.56077,0.458786,1.996,-0.185011,-1.75004,1.38731,-0.797919,-1.56933,0.936032,-1.67351,1.35279,0.444837,1.42627,-1.3104,-0.0724454,0.89088,-0.393547,0.886616,0.0264761,-0.478673,-1.03596,0.226382,0.0675763,-1.26799,0.156639,-0.0321617,0.998724,0.212245,-0.63784,-0.775643,-0.788799,1.94885,1.21166,0.828242,-0.92643,-0.62419,-1.08532,0.0134659,-0.922084,-1.04397,-1.82062,-0.720654,-1.94471,-0.376988,1.76676,-0.594025,1.17955,0.313105,1.16384,0.0323358,0.112372,0.276904,0.173359,1.84303,0.871915,-1.30925,-0.819472,-0.271119,0.144731,1.18899,1.07535,1.68402,1.67163,-0.91779,-0.253471,-1.68299,-0.374937,1.42931,0.855572,-1.19532,0.135261,-0.0736822,-0.922036,-1.24542,0.27504,-0.227823,-0.0697979,-1.67031,0.158096,0.667879,-0.0297547,-0.808441,-0.0390593,-0.756987,-0.95508,0.167321,-0.972814,0.907537,-0.219916,0.500492,0.188581,0.00705383,-0.222683,2.07662,-0.182167,-0.702507,-0.0505327,1.25337,-0.989733,-0.16129,-0.0459468,-1.09854,-0.42229,-0.858417,0.55729,-0.422996,0.731131,0.788417,-1.14381,-0.904169,-1.11598,1.47937,0.996576,-0.0238318,-0.380895,0.335029,-0.402987,-1.83617,1.65976,0.00231485,-0.248202,0.450729,-0.663508,-0.515535,0.74326,0.568926,-0.713051,0.256013,0.894907,1.24047,0.475958,-1.98928,0.661327,0.483843,0.659594,-0.228448,1.59026,0.653632,1.38003,-0.272552,0.260801,-1.09116,-0.208163,1.1461,-0.376814,-1.12994,0.233056,-0.624526,0.929633,1.70676,1.172,-1.15864,-0.452933,1.19958,1.37856,-0.650625,0.590673,-0.354958,1.456,-0.181603,0.730154,0.208106,-0.299713,-1.4491,2.53645,2.05398,0.307621,-0.126868,-0.322006,0.151167,-547.184,-508.299,2761.5,815.011,520.894,-1882.04,-2005.36,-819.359,713.376,4167.89,684.524,-60.5022,-3825.74,-379.508,89.5438,-786.665,-2764.26,-1893.05,-1138.15,1330.48,3721.9,-4549.31,2287.66,267.703,-2638.59,-2872.07,3581.78,-691.08,1559.76,-2665.15,-3407.54,531.827,2745.55,-223.138,-3512.96,4957.76,-1430.38,-3610.6,1490.59,-2808.39,2647.86,134.514,1058.66,-2025.01,485.435,3088.29,-408.039,1755.96,-843.537,223.64,-979.537,157.066,-382.401,-1592.82,146.539,630.355,1663.4,390.568,-1767.98,-422.267,-1066.21,3073.98,426.967,1910.6,-1257.09,-400.344,-1141.72,499.265,-2604.22,-1076.11,-4120.46,-2216.12,-5824.17,-626.233,4606.2,242.817,3643.23,1542.24,2193.71,656.864,865.569,271.498,-601.193,3442.11,1343.81,-669.027,-589.169,-124.323,-568.395,1995.34,2199.27,3168.19,1360.03,-1589.59,215.181,-2315.43,-552.459,2949.46,968.289,-1405.52
-250354,0,1,0,1,1,250412,-0.384764,0.00591807,1.98251,0.65987,0.194549,-1.62464,-1.32884,-0.638008,0.776036,1.76188,-0.149657,0.116447,-1.54277,-0.0636614,0.2482,-1.00728,-1.59481,-1.01706,-0.127135,0.559175,1.40119,-1.61276,1.8305,-0.0898098,-1.26576,-1.76124,1.23195,-0.269686,1.22789,-1.59845,-1.56077,0.458786,1.996,-0.185011,-1.75004,1.38731,-0.797919,-1.56933,0.936032,-1.67351,1.35279,0.444837,1.42627,-1.3104,-0.0724454,0.89088,-0.393547,0.886616,0.0264761,-0.478673,-1.03596,0.226382,0.0675763,-1.26799,0.156639,-0.0321617,0.998724,0.212245,-0.63784,-0.775643,-0.788799,1.94885,1.21166,0.828242,-0.92643,-0.62419,-1.08532,0.0134659,-0.922084,-1.04397,-1.82062,-0.720654,-1.94471,-0.376988,1.76676,-0.594025,1.17955,0.313105,1.16384,0.0323358,0.112372,0.276904,0.173359,1.84303,0.871915,-1.30925,-0.819472,-0.271119,0.144731,1.18899,1.07535,1.68402,1.67163,-0.91779,-0.253471,-1.68299,-0.374937,1.42931,0.855572,-1.19532,-0.488791,-2.16307,-3.11765,-0.431199,0.0886007,0.806087,0.726809,-0.586069,-1.16446,0.233326,1.18633,0.44424,-0.970636,1.99832,-1.10794,2.16226,0.292526,0.144376,-1.61289,-0.634397,1.97327,-0.431252,-0.653043,-1.01408,-1.33558,0.577659,0.122473,-0.695037,-0.706457,-1.17122,-0.983808,-0.380155,1.53113,1.29123,0.968152,0.737643,0.524217,-0.414998,-0.76933,0.829411,-1.27759,-1.11449,0.854516,0.322644,0.26929,-0.951832,1.57369,0.361902,0.455005,0.893965,0.0336218,0.143605,-0.361604,1.84156,0.583606,2.3535,-0.00116898,0.890731,0.270557,-0.928573,1.72337,-0.45616,0.801604,-0.530417,-1.59166,-1.53476,0.169351,1.14708,0.220582,-2.12268,-0.163131,0.411651,2.33786,-0.351598,-1.24276,-1.22569,0.65943,-1.7988,-0.311237,-0.817046,-0.177048,1.12403,0.470871,-0.738627,-1.54068,-0.0347711,-0.30641,0.204839,0.317885,-0.057927,-0.0825079,-0.776633,-1.1295,-0.353721,-2.05703,-0.529363,1.92158,-0.578019,-0.0204055,1.37543,-547.184,-508.299,2761.5,815.011,520.894,-1882.04,-2005.36,-819.359,713.376,4167.89,684.524,-60.5022,-3825.74,-379.508,89.5438,-786.665,-2764.26,-1893.05,-1138.15,1330.48,3721.9,-4549.31,2287.66,267.703,-2638.59,-2872.07,3581.78,-691.08,1559.76,-2665.15,-3407.54,531.827,2745.55,-223.138,-3512.96,4957.76,-1430.38,-3610.6,1490.59,-2808.39,2647.86,134.514,1058.66,-2025.01,485.435,3088.29,-408.039,1755.96,-843.537,223.64,-979.537,157.066,-382.401,-1592.82,146.539,630.355,1663.4,390.568,-1767.98,-422.267,-1066.21,3073.98,426.967,1910.6,-1257.09,-400.344,-1141.72,499.265,-2604.22,-1076.11,-4120.46,-2216.12,-5824.17,-626.233,4606.2,242.817,3643.23,1542.24,2193.71,656.864,865.569,271.498,-601.193,3442.11,1343.81,-669.027,-589.169,-124.323,-568.395,1995.34,2199.27,3168.19,1360.03,-1589.59,215.181,-2315.43,-552.459,2949.46,968.289,-1405.52
-250354,0,1,0,1,1,250403,-0.384764,0.00591807,1.98251,0.65987,0.194549,-1.62464,-1.32884,-0.638008,0.776036,1.76188,-0.149657,0.116447,-1.54277,-0.0636614,0.2482,-1.00728,-1.59481,-1.01706,-0.127135,0.559175,1.40119,-1.61276,1.8305,-0.0898098,-1.26576,-1.76124,1.23195,-0.269686,1.22789,-1.59845,-1.56077,0.458786,1.996,-0.185011,-1.75004,1.38731,-0.797919,-1.56933,0.936032,-1.67351,1.35279,0.444837,1.42627,-1.3104,-0.0724454,0.89088,-0.393547,0.886616,0.0264761,-0.478673,-1.03596,0.226382,0.0675763,-1.26799,0.156639,-0.0321617,0.998724,0.212245,-0.63784,-0.775643,-0.788799,1.94885,1.21166,0.828242,-0.92643,-0.62419,-1.08532,0.0134659,-0.922084,-1.04397,-1.82062,-0.720654,-1.94471,-0.376988,1.76676,-0.594025,1.17955,0.313105,1.16384,0.0323358,0.112372,0.276904,0.173359,1.84303,0.871915,-1.30925,-0.819472,-0.271119,0.144731,1.18899,1.07535,1.68402,1.67163,-0.91779,-0.253471,-1.68299,-0.374937,1.42931,0.855572,-1.19532,-0.023784,-1.43537,-0.561537,-0.0663641,-0.602844,-1.30049,-0.228179,1.45116,-2.16598,-0.0591398,-0.854466,-0.956928,-0.366303,-0.373019,-0.359111,1.30847,-0.303894,-1.45343,-0.576362,-3.48563,-0.536579,-0.353641,-1.29239,-0.555746,-1.14154,0.929762,-0.31752,1.67065,-0.894333,0.902444,0.0660261,0.83181,-0.74059,0.0845672,-2.4069,0.760545,1.3523,-0.831104,-0.496152,0.504622,-0.331644,1.49877,-0.0852994,0.25354,-0.423476,-1.33416,0.0495797,0.812248,0.962027,0.0827863,0.393646,1.27146,0.893622,-0.210216,-0.344584,-0.546074,0.816532,-0.809544,-0.495496,-0.138149,-0.0515482,1.92041,-0.722124,0.184246,0.511428,-1.79107,-1.27299,1.90534,0.501467,-0.928311,0.605384,-0.309431,1.38217,2.22397,-0.21519,-0.373477,-0.0913103,-1.84733,-0.532218,0.982078,0.815223,-0.392777,-1.19698,-0.843579,-1.17342,-0.144897,0.528215,0.555144,-1.65291,-0.325973,-0.238385,-0.551787,-0.491596,-0.508973,-0.644524,-0.445307,0.732141,-0.969151,-0.405736,-0.885354,-547.184,-508.299,2761.5,815.011,520.894,-1882.04,-2005.36,-819.359,713.376,4167.89,684.524,-60.5022,-3825.74,-379.508,89.5438,-786.665,-2764.26,-1893.05,-1138.15,1330.48,3721.9,-4549.31,2287.66,267.703,-2638.59,-2872.07,3581.78,-691.08,1559.76,-2665.15,-3407.54,531.827,2745.55,-223.138,-3512.96,4957.76,-1430.38,-3610.6,1490.59,-2808.39,2647.86,134.514,1058.66,-2025.01,485.435,3088.29,-408.039,1755.96,-843.537,223.64,-979.537,157.066,-382.401,-1592.82,146.539,630.355,1663.4,390.568,-1767.98,-422.267,-1066.21,3073.98,426.967,1910.6,-1257.09,-400.344,-1141.72,499.265,-2604.22,-1076.11,-4120.46,-2216.12,-5824.17,-626.233,4606.2,242.817,3643.23,1542.24,2193.71,656.864,865.569,271.498,-601.193,3442.11,1343.81,-669.027,-589.169,-124.323,-568.395,1995.34,2199.27,3168.19,1360.03,-1589.59,215.181,-2315.43,-552.459,2949.46,968.289,-1405.52
-250354,0,1,0,1,1,250407,-0.384764,0.00591807,1.98251,0.65987,0.194549,-1.62464,-1.32884,-0.638008,0.776036,1.76188,-0.149657,0.116447,-1.54277,-0.0636614,0.2482,-1.00728,-1.59481,-1.01706,-0.127135,0.559175,1.40119,-1.61276,1.8305,-0.0898098,-1.26576,-1.76124,1.23195,-0.269686,1.22789,-1.59845,-1.56077,0.458786,1.996,-0.185011,-1.75004,1.38731,-0.797919,-1.56933,0.936032,-1.67351,1.35279,0.444837,1.42627,-1.3104,-0.0724454,0.89088,-0.393547,0.886616,0.0264761,-0.478673,-1.03596,0.226382,0.0675763,-1.26799,0.156639,-0.0321617,0.998724,0.212245,-0.63784,-0.775643,-0.788799,1.94885,1.21166,0.828242,-0.92643,-0.62419,-1.08532,0.0134659,-0.922084,-1.04397,-1.82062,-0.720654,-1.94471,-0.376988,1.76676,-0.594025,1.17955,0.313105,1.16384,0.0323358,0.112372,0.276904,0.173359,1.84303,0.871915,-1.30925,-0.819472,-0.271119,0.144731,1.18899,1.07535,1.68402,1.67163,-0.91779,-0.253471,-1.68299,-0.374937,1.42931,0.855572,-1.19532,-0.743518,-0.934421,-1.2207,0.134431,-0.543103,0.864985,0.678625,-0.391617,-0.974344,1.47986,-0.753084,-0.838842,-0.0791651,0.237122,0.860605,-1.27696,-1.17065,-1.39652,2.25714,0.506403,-0.58099,-0.41283,1.90314,-0.976683,-0.708826,0.201922,-0.216398,-2.36133,-0.825555,1.84229,-2.15018,0.293537,-0.776553,0.217398,-0.820366,0.299196,1.2266,-1.30675,0.142397,-0.0378013,-1.08262,0.534936,0.0278714,-1.10105,-0.245442,-0.603444,-1.2592,0.942967,0.337629,0.295019,1.57894,1.06754,-1.53318,0.321218,-1.04725,-0.86942,1.3435,-0.0594244,0.174637,1.19967,-0.942658,0.785319,-0.333712,0.341301,-1.24049,-0.0935531,1.7931,-1.43144,-0.831671,-0.339662,0.594646,0.579659,-1.99527,-0.608047,-0.629102,0.200858,0.564179,1.81312,0.333386,-0.712228,0.849042,1.83719,-1.2962,1.53737,-0.50125,-2.27354,-0.18724,-0.268018,0.511581,1.77574,-1.12079,1.21596,-0.248541,0.145007,-0.290682,2.1354,0.607661,0.0292934,-0.279813,-0.499845,-547.184,-508.299,2761.5,815.011,520.894,-1882.04,-2005.36,-819.359,713.376,4167.89,684.524,-60.5022,-3825.74,-379.508,89.5438,-786.665,-2764.26,-1893.05,-1138.15,1330.48,3721.9,-4549.31,2287.66,267.703,-2638.59,-2872.07,3581.78,-691.08,1559.76,-2665.15,-3407.54,531.827,2745.55,-223.138,-3512.96,4957.76,-1430.38,-3610.6,1490.59,-2808.39,2647.86,134.514,1058.66,-2025.01,485.435,3088.29,-408.039,1755.96,-843.537,223.64,-979.537,157.066,-382.401,-1592.82,146.539,630.355,1663.4,390.568,-1767.98,-422.267,-1066.21,3073.98,426.967,1910.6,-1257.09,-400.344,-1141.72,499.265,-2604.22,-1076.11,-4120.46,-2216.12,-5824.17,-626.233,4606.2,242.817,3643.23,1542.24,2193.71,656.864,865.569,271.498,-601.193,3442.11,1343.81,-669.027,-589.169,-124.323,-568.395,1995.34,2199.27,3168.19,1360.03,-1589.59,215.181,-2315.43,-552.459,2949.46,968.289,-1405.52
-250354,0,1,0,1,1,250409,-0.384764,0.00591807,1.98251,0.65987,0.194549,-1.62464,-1.32884,-0.638008,0.776036,1.76188,-0.149657,0.116447,-1.54277,-0.0636614,0.2482,-1.00728,-1.59481,-1.01706,-0.127135,0.559175,1.40119,-1.61276,1.8305,-0.0898098,-1.26576,-1.76124,1.23195,-0.269686,1.22789,-1.59845,-1.56077,0.458786,1.996,-0.185011,-1.75004,1.38731,-0.797919,-1.56933,0.936032,-1.67351,1.35279,0.444837,1.42627,-1.3104,-0.0724454,0.89088,-0.393547,0.886616,0.0264761,-0.478673,-1.03596,0.226382,0.0675763,-1.26799,0.156639,-0.0321617,0.998724,0.212245,-0.63784,-0.775643,-0.788799,1.94885,1.21166,0.828242,-0.92643,-0.62419,-1.08532,0.0134659,-0.922084,-1.04397,-1.82062,-0.720654,-1.94471,-0.376988,1.76676,-0.594025,1.17955,0.313105,1.16384,0.0323358,0.112372,0.276904,0.173359,1.84303,0.871915,-1.30925,-0.819472,-0.271119,0.144731,1.18899,1.07535,1.68402,1.67163,-0.91779,-0.253471,-1.68299,-0.374937,1.42931,0.855572,-1.19532,-0.357141,-0.944905,0.925494,-0.628859,0.157892,0.538737,0.199012,-1.31191,-0.32704,-0.319415,0.109835,0.00129374,0.663738,0.000798794,0.340716,2.4683,0.765439,2.99097,-0.590878,-1.53853,1.28412,-1.40326,0.384582,0.912423,1.66354,1.28561,0.990284,0.389741,1.66991,1.45592,-0.0765706,-0.654384,0.587669,-0.391644,-1.06533,-1.09996,1.21532,-0.525654,-1.31455,-0.0962187,-0.537575,-1.07021,-0.218634,0.597594,0.463252,-2.18729,1.68811,1.34745,1.16706,0.578157,-0.389315,0.568131,0.0578098,0.629159,0.490663,-0.870361,0.305156,0.302649,0.183548,0.986214,-0.941001,-0.50207,-1.47886,-0.565944,0.0792362,0.244471,-0.528351,-2.06903,1.52971,1.35673,1.91363,1.42928,-0.425449,-0.714289,-0.226769,-0.513429,0.541255,-0.270718,-0.378669,-1.83154,0.930364,-1.21158,0.250045,1.07393,-0.338626,0.840202,0.525933,-0.315477,-1.24985,-1.03399,0.513184,-1.40987,2.18723,-0.120967,2.5999,-0.853962,0.972457,-0.170221,1.17589,-0.83152,-547.184,-508.299,2761.5,815.011,520.894,-1882.04,-2005.36,-819.359,713.376,4167.89,684.524,-60.5022,-3825.74,-379.508,89.5438,-786.665,-2764.26,-1893.05,-1138.15,1330.48,3721.9,-4549.31,2287.66,267.703,-2638.59,-2872.07,3581.78,-691.08,1559.76,-2665.15,-3407.54,531.827,2745.55,-223.138,-3512.96,4957.76,-1430.38,-3610.6,1490.59,-2808.39,2647.86,134.514,1058.66,-2025.01,485.435,3088.29,-408.039,1755.96,-843.537,223.64,-979.537,157.066,-382.401,-1592.82,146.539,630.355,1663.4,390.568,-1767.98,-422.267,-1066.21,3073.98,426.967,1910.6,-1257.09,-400.344,-1141.72,499.265,-2604.22,-1076.11,-4120.46,-2216.12,-5824.17,-626.233,4606.2,242.817,3643.23,1542.24,2193.71,656.864,865.569,271.498,-601.193,3442.11,1343.81,-669.027,-589.169,-124.323,-568.395,1995.34,2199.27,3168.19,1360.03,-1589.59,215.181,-2315.43,-552.459,2949.46,968.289,-1405.52
-250354,0,1,0,1,1,250416,-0.384764,0.00591807,1.98251,0.65987,0.194549,-1.62464,-1.32884,-0.638008,0.776036,1.76188,-0.149657,0.116447,-1.54277,-0.0636614,0.2482,-1.00728,-1.59481,-1.01706,-0.127135,0.559175,1.40119,-1.61276,1.8305,-0.0898098,-1.26576,-1.76124,1.23195,-0.269686,1.22789,-1.59845,-1.56077,0.458786,1.996,-0.185011,-1.75004,1.38731,-0.797919,-1.56933,0.936032,-1.67351,1.35279,0.444837,1.42627,-1.3104,-0.0724454,0.89088,-0.393547,0.886616,0.0264761,-0.478673,-1.03596,0.226382,0.0675763,-1.26799,0.156639,-0.0321617,0.998724,0.212245,-0.63784,-0.775643,-0.788799,1.94885,1.21166,0.828242,-0.92643,-0.62419,-1.08532,0.0134659,-0.922084,-1.04397,-1.82062,-0.720654,-1.94471,-0.376988,1.76676,-0.594025,1.17955,0.313105,1.16384,0.0323358,0.112372,0.276904,0.173359,1.84303,0.871915,-1.30925,-0.819472,-0.271119,0.144731,1.18899,1.07535,1.68402,1.67163,-0.91779,-0.253471,-1.68299,-0.374937,1.42931,0.855572,-1.19532,1.0162,1.30686,1.08157,-0.7236,0.2522,1.62171,2.03281,-1.39315,2.03702,-0.624014,0.277603,0.328783,-0.855017,-0.542312,1.14015,1.68776,-0.0338097,0.0178925,-1.73937,-1.85328,-1.08343,-0.323703,0.854111,-0.785095,-0.93563,1.03387,1.55656,1.18643,0.765678,0.691997,-0.733707,0.905093,2.90986,0.60168,2.03587,0.636898,-0.329867,0.44927,0.867044,0.590573,-0.341986,2.03611,0.830338,0.681229,1.25894,-0.515085,-1.20187,-0.370778,0.558017,2.10084,-0.548382,-0.585653,1.40768,-0.0166007,0.132696,-0.515532,-0.468582,1.58008,0.155219,-0.2926,0.241072,-1.39879,-0.0346122,0.405158,-0.57318,-0.70109,-0.750625,-0.0983556,0.0659179,-1.50269,-2.15257,-0.135366,-0.203296,0.772797,1.09923,0.957454,-0.554718,-1.66873,1.27182,0.00649237,0.653127,1.40915,0.0414536,0.822578,0.832993,0.614854,-2.29581,1.05359,-0.0350344,-0.143142,0.887151,-2.95286,1.55759,-1.94342,0.954849,-0.356846,1.15086,0.883531,1.00218,-0.429254,-547.184,-508.299,2761.5,815.011,520.894,-1882.04,-2005.36,-819.359,713.376,4167.89,684.524,-60.5022,-3825.74,-379.508,89.5438,-786.665,-2764.26,-1893.05,-1138.15,1330.48,3721.9,-4549.31,2287.66,267.703,-2638.59,-2872.07,3581.78,-691.08,1559.76,-2665.15,-3407.54,531.827,2745.55,-223.138,-3512.96,4957.76,-1430.38,-3610.6,1490.59,-2808.39,2647.86,134.514,1058.66,-2025.01,485.435,3088.29,-408.039,1755.96,-843.537,223.64,-979.537,157.066,-382.401,-1592.82,146.539,630.355,1663.4,390.568,-1767.98,-422.267,-1066.21,3073.98,426.967,1910.6,-1257.09,-400.344,-1141.72,499.265,-2604.22,-1076.11,-4120.46,-2216.12,-5824.17,-626.233,4606.2,242.817,3643.23,1542.24,2193.71,656.864,865.569,271.498,-601.193,3442.11,1343.81,-669.027,-589.169,-124.323,-568.395,1995.34,2199.27,3168.19,1360.03,-1589.59,215.181,-2315.43,-552.459,2949.46,968.289,-1405.52
-250354,0,1,0,1,1,250426,-0.384764,0.00591807,1.98251,0.65987,0.194549,-1.62464,-1.32884,-0.638008,0.776036,1.76188,-0.149657,0.116447,-1.54277,-0.0636614,0.2482,-1.00728,-1.59481,-1.01706,-0.127135,0.559175,1.40119,-1.61276,1.8305,-0.0898098,-1.26576,-1.76124,1.23195,-0.269686,1.22789,-1.59845,-1.56077,0.458786,1.996,-0.185011,-1.75004,1.38731,-0.797919,-1.56933,0.936032,-1.67351,1.35279,0.444837,1.42627,-1.3104,-0.0724454,0.89088,-0.393547,0.886616,0.0264761,-0.478673,-1.03596,0.226382,0.0675763,-1.26799,0.156639,-0.0321617,0.998724,0.212245,-0.63784,-0.775643,-0.788799,1.94885,1.21166,0.828242,-0.92643,-0.62419,-1.08532,0.0134659,-0.922084,-1.04397,-1.82062,-0.720654,-1.94471,-0.376988,1.76676,-0.594025,1.17955,0.313105,1.16384,0.0323358,0.112372,0.276904,0.173359,1.84303,0.871915,-1.30925,-0.819472,-0.271119,0.144731,1.18899,1.07535,1.68402,1.67163,-0.91779,-0.253471,-1.68299,-0.374937,1.42931,0.855572,-1.19532,-0.565474,1.68161,-0.0290689,1.59168,1.93082,-1.20235,-1.49679,-1.34816,-0.14641,-0.510729,-0.671704,1.41123,-0.870241,-1.13868,0.933631,0.127503,-1.63304,-0.785424,-1.13102,0.137066,-0.133284,-1.47012,-0.633514,0.231546,-0.202659,-0.319115,0.306633,0.310913,0.115407,-0.919163,0.460031,2.14531,-1.48098,-0.595826,0.782264,1.37061,-2.16993,-0.0382541,-0.181978,-1.51103,-2.50408,0.89223,-0.35556,0.908491,-1.2945,-0.576136,1.18241,-1.31745,0.395842,-1.90112,-1.53377,1.30719,0.643409,0.226591,-1.97272,0.810257,0.477844,2.01148,-2.20944,-2.92007,-0.553897,-1.00857,1.73992,1.09411,-0.792608,0.92465,0.0236431,1.61398,-0.193411,2.98655,-0.40518,-0.578978,0.968384,-0.734029,0.740578,-1.84164,-1.50055,1.53125,0.106991,-0.236841,-0.494147,-0.915005,-1.15674,0.633749,-1.40537,-0.721417,0.439132,0.920831,0.492719,-0.161828,0.755716,-0.0312498,0.140304,2.33714,0.555833,2.03908,-1.72149,-2.2274,0.532448,0.279515,-547.184,-508.299,2761.5,815.011,520.894,-1882.04,-2005.36,-819.359,713.376,4167.89,684.524,-60.5022,-3825.74,-379.508,89.5438,-786.665,-2764.26,-1893.05,-1138.15,1330.48,3721.9,-4549.31,2287.66,267.703,-2638.59,-2872.07,3581.78,-691.08,1559.76,-2665.15,-3407.54,531.827,2745.55,-223.138,-3512.96,4957.76,-1430.38,-3610.6,1490.59,-2808.39,2647.86,134.514,1058.66,-2025.01,485.435,3088.29,-408.039,1755.96,-843.537,223.64,-979.537,157.066,-382.401,-1592.82,146.539,630.355,1663.4,390.568,-1767.98,-422.267,-1066.21,3073.98,426.967,1910.6,-1257.09,-400.344,-1141.72,499.265,-2604.22,-1076.11,-4120.46,-2216.12,-5824.17,-626.233,4606.2,242.817,3643.23,1542.24,2193.71,656.864,865.569,271.498,-601.193,3442.11,1343.81,-669.027,-589.169,-124.323,-568.395,1995.34,2199.27,3168.19,1360.03,-1589.59,215.181,-2315.43,-552.459,2949.46,968.289,-1405.52
-250354,0,1,0,1,1,250411,-0.384764,0.00591807,1.98251,0.65987,0.194549,-1.62464,-1.32884,-0.638008,0.776036,1.76188,-0.149657,0.116447,-1.54277,-0.0636614,0.2482,-1.00728,-1.59481,-1.01706,-0.127135,0.559175,1.40119,-1.61276,1.8305,-0.0898098,-1.26576,-1.76124,1.23195,-0.269686,1.22789,-1.59845,-1.56077,0.458786,1.996,-0.185011,-1.75004,1.38731,-0.797919,-1.56933,0.936032,-1.67351,1.35279,0.444837,1.42627,-1.3104,-0.0724454,0.89088,-0.393547,0.886616,0.0264761,-0.478673,-1.03596,0.226382,0.0675763,-1.26799,0.156639,-0.0321617,0.998724,0.212245,-0.63784,-0.775643,-0.788799,1.94885,1.21166,0.828242,-0.92643,-0.62419,-1.08532,0.0134659,-0.922084,-1.04397,-1.82062,-0.720654,-1.94471,-0.376988,1.76676,-0.594025,1.17955,0.313105,1.16384,0.0323358,0.112372,0.276904,0.173359,1.84303,0.871915,-1.30925,-0.819472,-0.271119,0.144731,1.18899,1.07535,1.68402,1.67163,-0.91779,-0.253471,-1.68299,-0.374937,1.42931,0.855572,-1.19532,-0.91362,0.561288,-0.946614,-0.13494,2.10109,-1.16864,-0.837395,-2.70822,1.21551,-1.83132,0.734471,0.0705093,1.40721,1.3265,-0.182583,1.71594,1.08137,0.409321,0.0912179,0.0963914,-1.22947,0.323244,-0.621213,-0.319412,-0.994198,-1.562,0.937714,-0.0689986,-0.474165,-1.31573,-1.31493,0.983466,0.408643,-1.6917,0.578062,-1.24696,-0.838189,-1.84964,0.189994,-1.16451,-0.909153,-0.0791089,0.356385,0.834539,-0.843656,-1.62751,-0.365142,1.05532,-1.22856,-0.179404,2.10634,-0.0352027,-0.554333,1.24554,-0.492547,0.534847,0.24705,-1.39924,-0.312347,0.753771,0.560985,0.478445,-1.31443,1.29377,-0.666447,-1.3184,0.624023,-0.1606,-0.96937,-0.503179,0.950801,-0.135309,0.409163,1.76635,0.852216,1.64921,-0.17576,-0.288336,-0.861505,2.32077,-0.609847,0.227566,-1.25221,0.149573,0.810169,1.06841,1.14618,-0.529721,-0.846655,1.31578,-0.00199823,0.302671,1.88046,0.35428,-0.0730753,2.46984,0.703325,0.113891,-0.563652,-2.20244,-547.184,-508.299,2761.5,815.011,520.894,-1882.04,-2005.36,-819.359,713.376,4167.89,684.524,-60.5022,-3825.74,-379.508,89.5438,-786.665,-2764.26,-1893.05,-1138.15,1330.48,3721.9,-4549.31,2287.66,267.703,-2638.59,-2872.07,3581.78,-691.08,1559.76,-2665.15,-3407.54,531.827,2745.55,-223.138,-3512.96,4957.76,-1430.38,-3610.6,1490.59,-2808.39,2647.86,134.514,1058.66,-2025.01,485.435,3088.29,-408.039,1755.96,-843.537,223.64,-979.537,157.066,-382.401,-1592.82,146.539,630.355,1663.4,390.568,-1767.98,-422.267,-1066.21,3073.98,426.967,1910.6,-1257.09,-400.344,-1141.72,499.265,-2604.22,-1076.11,-4120.46,-2216.12,-5824.17,-626.233,4606.2,242.817,3643.23,1542.24,2193.71,656.864,865.569,271.498,-601.193,3442.11,1343.81,-669.027,-589.169,-124.323,-568.395,1995.34,2199.27,3168.19,1360.03,-1589.59,215.181,-2315.43,-552.459,2949.46,968.289,-1405.52
-250354,0,1,0,1,1,250404,-0.384764,0.00591807,1.98251,0.65987,0.194549,-1.62464,-1.32884,-0.638008,0.776036,1.76188,-0.149657,0.116447,-1.54277,-0.0636614,0.2482,-1.00728,-1.59481,-1.01706,-0.127135,0.559175,1.40119,-1.61276,1.8305,-0.0898098,-1.26576,-1.76124,1.23195,-0.269686,1.22789,-1.59845,-1.56077,0.458786,1.996,-0.185011,-1.75004,1.38731,-0.797919,-1.56933,0.936032,-1.67351,1.35279,0.444837,1.42627,-1.3104,-0.0724454,0.89088,-0.393547,0.886616,0.0264761,-0.478673,-1.03596,0.226382,0.0675763,-1.26799,0.156639,-0.0321617,0.998724,0.212245,-0.63784,-0.775643,-0.788799,1.94885,1.21166,0.828242,-0.92643,-0.62419,-1.08532,0.0134659,-0.922084,-1.04397,-1.82062,-0.720654,-1.94471,-0.376988,1.76676,-0.594025,1.17955,0.313105,1.16384,0.0323358,0.112372,0.276904,0.173359,1.84303,0.871915,-1.30925,-0.819472,-0.271119,0.144731,1.18899,1.07535,1.68402,1.67163,-0.91779,-0.253471,-1.68299,-0.374937,1.42931,0.855572,-1.19532,-0.178534,0.843295,0.143878,0.297806,-0.434918,0.729865,-0.3712,0.739722,-0.449271,0.417384,2.10941,0.114021,0.288412,-0.393758,0.563142,1.37374,-0.766474,1.56258,-1.69893,-0.804153,-0.271471,-0.872917,1.76492,0.983008,-0.572492,0.873528,-2.04939,-1.79023,1.08002,-0.335933,-0.85588,1.25056,1.20144,0.425447,-0.360875,1.05229,0.1165,-0.973887,-2.12866,-0.0220514,0.386754,1.48084,-0.0199213,-0.721459,0.0478684,-1.42974,-0.865317,0.430816,0.506443,0.506813,0.313501,0.196809,-0.243298,-0.144146,-0.0934147,-1.18328,-0.96773,2.07066,0.897563,0.527253,1.49276,1.10183,-0.150591,-0.815108,-0.498483,0.758479,-0.284773,0.679863,-0.619349,-0.110938,1.05344,-2.92014,0.415514,-0.438247,-0.591041,0.311584,0.957112,-0.348237,0.466886,-1.47481,-2.45454,0.0694738,-1.06608,-1.08492,-0.143568,-0.2772,2.13514,1.06964,0.0858238,1.85709,1.29396,0.434056,0.84561,1.49526,0.168714,-0.764699,0.178625,-0.138041,0.723478,0.40061,-547.184,-508.299,2761.5,815.011,520.894,-1882.04,-2005.36,-819.359,713.376,4167.89,684.524,-60.5022,-3825.74,-379.508,89.5438,-786.665,-2764.26,-1893.05,-1138.15,1330.48,3721.9,-4549.31,2287.66,267.703,-2638.59,-2872.07,3581.78,-691.08,1559.76,-2665.15,-3407.54,531.827,2745.55,-223.138,-3512.96,4957.76,-1430.38,-3610.6,1490.59,-2808.39,2647.86,134.514,1058.66,-2025.01,485.435,3088.29,-408.039,1755.96,-843.537,223.64,-979.537,157.066,-382.401,-1592.82,146.539,630.355,1663.4,390.568,-1767.98,-422.267,-1066.21,3073.98,426.967,1910.6,-1257.09,-400.344,-1141.72,499.265,-2604.22,-1076.11,-4120.46,-2216.12,-5824.17,-626.233,4606.2,242.817,3643.23,1542.24,2193.71,656.864,865.569,271.498,-601.193,3442.11,1343.81,-669.027,-589.169,-124.323,-568.395,1995.34,2199.27,3168.19,1360.03,-1589.59,215.181,-2315.43,-552.459,2949.46,968.289,-1405.52
-250354,0,1,0,1,1,250416,-0.384764,0.00591807,1.98251,0.65987,0.194549,-1.62464,-1.32884,-0.638008,0.776036,1.76188,-0.149657,0.116447,-1.54277,-0.0636614,0.2482,-1.00728,-1.59481,-1.01706,-0.127135,0.559175,1.40119,-1.61276,1.8305,-0.0898098,-1.26576,-1.76124,1.23195,-0.269686,1.22789,-1.59845,-1.56077,0.458786,1.996,-0.185011,-1.75004,1.38731,-0.797919,-1.56933,0.936032,-1.67351,1.35279,0.444837,1.42627,-1.3104,-0.0724454,0.89088,-0.393547,0.886616,0.0264761,-0.478673,-1.03596,0.226382,0.0675763,-1.26799,0.156639,-0.0321617,0.998724,0.212245,-0.63784,-0.775643,-0.788799,1.94885,1.21166,0.828242,-0.92643,-0.62419,-1.08532,0.0134659,-0.922084,-1.04397,-1.82062,-0.720654,-1.94471,-0.376988,1.76676,-0.594025,1.17955,0.313105,1.16384,0.0323358,0.112372,0.276904,0.173359,1.84303,0.871915,-1.30925,-0.819472,-0.271119,0.144731,1.18899,1.07535,1.68402,1.67163,-0.91779,-0.253471,-1.68299,-0.374937,1.42931,0.855572,-1.19532,2.07051,1.01041,0.137738,2.56844,0.271938,-1.68973,0.0999109,1.74144,-0.444713,0.673714,0.61262,-0.260073,-0.499681,1.18139,0.571484,-0.238496,0.890857,-0.024569,1.85544,-0.274963,0.496385,0.17298,-1.02355,-0.827576,-0.737555,1.25196,1.65154,-1.29439,1.05331,0.161784,2.35482,1.19855,-1.63335,-0.175672,0.0746994,0.118565,-0.2139,1.3097,-1.7452,0.479843,-1.71552,-0.0888301,-0.73473,1.72103,1.44766,-0.0349257,-0.773107,0.763011,0.432118,2.13972,-0.56641,-0.516169,0.906934,-1.63315,0.714893,0.137055,1.43957,1.47895,1.44392,0.629022,0.310037,-0.147517,-0.000457497,-1.55738,1.29037,-1.12965,-0.712506,-0.547347,0.0329422,0.122344,-1.58576,-1.00012,-0.874596,0.72768,0.26748,1.17681,-0.147893,1.12536,1.70735,1.95572,-0.800824,1.33791,-0.110501,0.356102,-0.795413,-2.6294,0.0200253,-0.690791,1.83186,-1.38505,-0.388596,-0.169044,1.12853,-1.09485,0.72663,-1.97503,-0.0396128,-0.174803,-1.5582,-1.65146,-547.184,-508.299,2761.5,815.011,520.894,-1882.04,-2005.36,-819.359,713.376,4167.89,684.524,-60.5022,-3825.74,-379.508,89.5438,-786.665,-2764.26,-1893.05,-1138.15,1330.48,3721.9,-4549.31,2287.66,267.703,-2638.59,-2872.07,3581.78,-691.08,1559.76,-2665.15,-3407.54,531.827,2745.55,-223.138,-3512.96,4957.76,-1430.38,-3610.6,1490.59,-2808.39,2647.86,134.514,1058.66,-2025.01,485.435,3088.29,-408.039,1755.96,-843.537,223.64,-979.537,157.066,-382.401,-1592.82,146.539,630.355,1663.4,390.568,-1767.98,-422.267,-1066.21,3073.98,426.967,1910.6,-1257.09,-400.344,-1141.72,499.265,-2604.22,-1076.11,-4120.46,-2216.12,-5824.17,-626.233,4606.2,242.817,3643.23,1542.24,2193.71,656.864,865.569,271.498,-601.193,3442.11,1343.81,-669.027,-589.169,-124.323,-568.395,1995.34,2199.27,3168.19,1360.03,-1589.59,215.181,-2315.43,-552.459,2949.46,968.289,-1405.52
-250354,0,1,0,1,1,250403,-0.384764,0.00591807,1.98251,0.65987,0.194549,-1.62464,-1.32884,-0.638008,0.776036,1.76188,-0.149657,0.116447,-1.54277,-0.0636614,0.2482,-1.00728,-1.59481,-1.01706,-0.127135,0.559175,1.40119,-1.61276,1.8305,-0.0898098,-1.26576,-1.76124,1.23195,-0.269686,1.22789,-1.59845,-1.56077,0.458786,1.996,-0.185011,-1.75004,1.38731,-0.797919,-1.56933,0.936032,-1.67351,1.35279,0.444837,1.42627,-1.3104,-0.0724454,0.89088,-0.393547,0.886616,0.0264761,-0.478673,-1.03596,0.226382,0.0675763,-1.26799,0.156639,-0.0321617,0.998724,0.212245,-0.63784,-0.775643,-0.788799,1.94885,1.21166,0.828242,-0.92643,-0.62419,-1.08532,0.0134659,-0.922084,-1.04397,-1.82062,-0.720654,-1.94471,-0.376988,1.76676,-0.594025,1.17955,0.313105,1.16384,0.0323358,0.112372,0.276904,0.173359,1.84303,0.871915,-1.30925,-0.819472,-0.271119,0.144731,1.18899,1.07535,1.68402,1.67163,-0.91779,-0.253471,-1.68299,-0.374937,1.42931,0.855572,-1.19532,-1.83146,-0.497443,1.24772,-1.10194,0.594007,0.893084,-0.405251,-0.740799,-0.378285,0.375858,-0.584647,0.481559,-0.267225,-1.10828,-1.64999,-0.300618,0.221858,-0.71551,-1.5518,0.00338679,-0.425817,0.056222,0.48527,-1.49712,0.298012,0.343021,-0.763513,1.0381,1.08402,0.425419,-0.187627,-1.33583,1.46084,1.32539,-0.629407,0.0197567,1.37503,0.0219044,-0.999625,0.431412,-1.68858,1.37964,0.0172281,0.191658,0.0674575,1.2297,0.888012,0.3381,-1.19313,1.00763,1.31411,0.474212,0.482344,0.842862,0.395823,0.513075,0.708877,0.143176,0.48134,-0.607131,0.274771,0.0124838,-0.558143,2.01425,-0.774089,0.139967,0.0580209,-0.848126,-1.29198,-0.394126,-1.51631,0.327376,-1.7063,-1.03592,-1.10066,0.77945,0.777874,-2.04496,-0.527984,-1.20127,0.382277,0.635713,-1.19794,0.615041,0.342829,1.87607,-1.40938,-0.910382,0.427179,2.85931,-0.0406771,-0.449987,0.733094,-0.678676,-1.26452,-1.32109,-1.45592,0.25268,-2.29571,-1.22919,-547.184,-508.299,2761.5,815.011,520.894,-1882.04,-2005.36,-819.359,713.376,4167.89,684.524,-60.5022,-3825.74,-379.508,89.5438,-786.665,-2764.26,-1893.05,-1138.15,1330.48,3721.9,-4549.31,2287.66,267.703,-2638.59,-2872.07,3581.78,-691.08,1559.76,-2665.15,-3407.54,531.827,2745.55,-223.138,-3512.96,4957.76,-1430.38,-3610.6,1490.59,-2808.39,2647.86,134.514,1058.66,-2025.01,485.435,3088.29,-408.039,1755.96,-843.537,223.64,-979.537,157.066,-382.401,-1592.82,146.539,630.355,1663.4,390.568,-1767.98,-422.267,-1066.21,3073.98,426.967,1910.6,-1257.09,-400.344,-1141.72,499.265,-2604.22,-1076.11,-4120.46,-2216.12,-5824.17,-626.233,4606.2,242.817,3643.23,1542.24,2193.71,656.864,865.569,271.498,-601.193,3442.11,1343.81,-669.027,-589.169,-124.323,-568.395,1995.34,2199.27,3168.19,1360.03,-1589.59,215.181,-2315.43,-552.459,2949.46,968.289,-1405.52
-250354,0,1,0,1,1,250400,-0.384764,0.00591807,1.98251,0.65987,0.194549,-1.62464,-1.32884,-0.638008,0.776036,1.76188,-0.149657,0.116447,-1.54277,-0.0636614,0.2482,-1.00728,-1.59481,-1.01706,-0.127135,0.559175,1.40119,-1.61276,1.8305,-0.0898098,-1.26576,-1.76124,1.23195,-0.269686,1.22789,-1.59845,-1.56077,0.458786,1.996,-0.185011,-1.75004,1.38731,-0.797919,-1.56933,0.936032,-1.67351,1.35279,0.444837,1.42627,-1.3104,-0.0724454,0.89088,-0.393547,0.886616,0.0264761,-0.478673,-1.03596,0.226382,0.0675763,-1.26799,0.156639,-0.0321617,0.998724,0.212245,-0.63784,-0.775643,-0.788799,1.94885,1.21166,0.828242,-0.92643,-0.62419,-1.08532,0.0134659,-0.922084,-1.04397,-1.82062,-0.720654,-1.94471,-0.376988,1.76676,-0.594025,1.17955,0.313105,1.16384,0.0323358,0.112372,0.276904,0.173359,1.84303,0.871915,-1.30925,-0.819472,-0.271119,0.144731,1.18899,1.07535,1.68402,1.67163,-0.91779,-0.253471,-1.68299,-0.374937,1.42931,0.855572,-1.19532,0.241531,-0.900393,-0.117567,-1.34246,0.568676,-1.07569,1.19608,-0.520964,-1.03004,-0.360963,0.827797,-0.638961,0.312887,-2.34331,-0.408364,0.727265,-0.80038,-0.178548,0.381503,-0.0709746,0.834877,-0.183182,-0.494304,0.296818,0.6429,-1.48392,-1.76498,-2.27052,-0.168759,0.996076,-0.138622,-1.57011,1.31442,-1.27423,-0.192423,-0.537508,1.53988,0.716529,1.12364,-1.90921,-0.461162,1.20889,0.419042,-1.87719,0.0832748,0.221326,1.38365,0.470228,1.49539,0.841505,-0.191925,-0.168904,-0.00495044,0.528418,0.321225,-0.792798,0.590924,-0.967946,0.158123,0.518411,1.32426,-1.43989,1.31965,0.206835,0.287031,-0.154365,-0.960325,2.03709,-0.0988234,0.843859,-0.711605,0.0925597,1.27363,2.30713,0.850566,-0.788175,-0.381264,0.640611,0.715457,0.900206,-0.513648,0.133684,-0.178672,-1.84141,-0.050791,0.845696,0.621384,0.815257,-0.52951,0.659586,-0.516998,0.419424,-1.57234,0.169256,-0.336994,-0.553236,-1.48796,-0.485097,0.640965,0.946513,-547.184,-508.299,2761.5,815.011,520.894,-1882.04,-2005.36,-819.359,713.376,4167.89,684.524,-60.5022,-3825.74,-379.508,89.5438,-786.665,-2764.26,-1893.05,-1138.15,1330.48,3721.9,-4549.31,2287.66,267.703,-2638.59,-2872.07,3581.78,-691.08,1559.76,-2665.15,-3407.54,531.827,2745.55,-223.138,-3512.96,4957.76,-1430.38,-3610.6,1490.59,-2808.39,2647.86,134.514,1058.66,-2025.01,485.435,3088.29,-408.039,1755.96,-843.537,223.64,-979.537,157.066,-382.401,-1592.82,146.539,630.355,1663.4,390.568,-1767.98,-422.267,-1066.21,3073.98,426.967,1910.6,-1257.09,-400.344,-1141.72,499.265,-2604.22,-1076.11,-4120.46,-2216.12,-5824.17,-626.233,4606.2,242.817,3643.23,1542.24,2193.71,656.864,865.569,271.498,-601.193,3442.11,1343.81,-669.027,-589.169,-124.323,-568.395,1995.34,2199.27,3168.19,1360.03,-1589.59,215.181,-2315.43,-552.459,2949.46,968.289,-1405.52
-250354,0,1,0,1,1,250408,-0.384764,0.00591807,1.98251,0.65987,0.194549,-1.62464,-1.32884,-0.638008,0.776036,1.76188,-0.149657,0.116447,-1.54277,-0.0636614,0.2482,-1.00728,-1.59481,-1.01706,-0.127135,0.559175,1.40119,-1.61276,1.8305,-0.0898098,-1.26576,-1.76124,1.23195,-0.269686,1.22789,-1.59845,-1.56077,0.458786,1.996,-0.185011,-1.75004,1.38731,-0.797919,-1.56933,0.936032,-1.67351,1.35279,0.444837,1.42627,-1.3104,-0.0724454,0.89088,-0.393547,0.886616,0.0264761,-0.478673,-1.03596,0.226382,0.0675763,-1.26799,0.156639,-0.0321617,0.998724,0.212245,-0.63784,-0.775643,-0.788799,1.94885,1.21166,0.828242,-0.92643,-0.62419,-1.08532,0.0134659,-0.922084,-1.04397,-1.82062,-0.720654,-1.94471,-0.376988,1.76676,-0.594025,1.17955,0.313105,1.16384,0.0323358,0.112372,0.276904,0.173359,1.84303,0.871915,-1.30925,-0.819472,-0.271119,0.144731,1.18899,1.07535,1.68402,1.67163,-0.91779,-0.253471,-1.68299,-0.374937,1.42931,0.855572,-1.19532,1.09402,-0.177289,0.924304,-1.03692,0.154239,-1.82279,-1.34663,-0.632142,1.33002,-0.46711,-0.0605483,1.7611,-1.36,-0.673947,-0.188524,0.826693,-0.203532,0.122273,0.86976,0.182786,-0.254525,0.157488,-1.24768,-0.490167,-1.95909,-0.186809,1.20936,0.127215,-1.0952,0.389767,-0.681291,0.010219,-1.24854,0.164186,-0.122192,-1.43239,-0.160993,1.14114,-0.614129,-0.984915,-0.218556,1.7078,0.353847,0.835107,-0.884124,-2.89934,1.69991,1.57714,1.05313,-0.114029,0.373473,0.269234,0.897753,-1.00525,0.58923,-0.815739,0.55364,-0.220686,-0.265105,-1.42351,-0.389101,0.105139,-0.30911,0.635621,-0.694405,0.99497,-0.746556,-0.688982,1.76473,0.549391,-0.181927,0.131818,0.517969,0.883917,-0.213396,2.97309,-0.264115,-1.36215,2.59312,0.615527,-1.94943,-2.45366,-0.419844,0.0684072,2.65449,0.342148,-0.456931,0.662317,-0.106284,-0.491519,-0.421336,-0.737457,-0.453281,0.277869,0.679068,1.06504,-0.553088,-0.527397,-1.65062,-0.366529,-547.184,-508.299,2761.5,815.011,520.894,-1882.04,-2005.36,-819.359,713.376,4167.89,684.524,-60.5022,-3825.74,-379.508,89.5438,-786.665,-2764.26,-1893.05,-1138.15,1330.48,3721.9,-4549.31,2287.66,267.703,-2638.59,-2872.07,3581.78,-691.08,1559.76,-2665.15,-3407.54,531.827,2745.55,-223.138,-3512.96,4957.76,-1430.38,-3610.6,1490.59,-2808.39,2647.86,134.514,1058.66,-2025.01,485.435,3088.29,-408.039,1755.96,-843.537,223.64,-979.537,157.066,-382.401,-1592.82,146.539,630.355,1663.4,390.568,-1767.98,-422.267,-1066.21,3073.98,426.967,1910.6,-1257.09,-400.344,-1141.72,499.265,-2604.22,-1076.11,-4120.46,-2216.12,-5824.17,-626.233,4606.2,242.817,3643.23,1542.24,2193.71,656.864,865.569,271.498,-601.193,3442.11,1343.81,-669.027,-589.169,-124.323,-568.395,1995.34,2199.27,3168.19,1360.03,-1589.59,215.181,-2315.43,-552.459,2949.46,968.289,-1405.52
-250354,0,1,0,1,1,250392,-0.384764,0.00591807,1.98251,0.65987,0.194549,-1.62464,-1.32884,-0.638008,0.776036,1.76188,-0.149657,0.116447,-1.54277,-0.0636614,0.2482,-1.00728,-1.59481,-1.01706,-0.127135,0.559175,1.40119,-1.61276,1.8305,-0.0898098,-1.26576,-1.76124,1.23195,-0.269686,1.22789,-1.59845,-1.56077,0.458786,1.996,-0.185011,-1.75004,1.38731,-0.797919,-1.56933,0.936032,-1.67351,1.35279,0.444837,1.42627,-1.3104,-0.0724454,0.89088,-0.393547,0.886616,0.0264761,-0.478673,-1.03596,0.226382,0.0675763,-1.26799,0.156639,-0.0321617,0.998724,0.212245,-0.63784,-0.775643,-0.788799,1.94885,1.21166,0.828242,-0.92643,-0.62419,-1.08532,0.0134659,-0.922084,-1.04397,-1.82062,-0.720654,-1.94471,-0.376988,1.76676,-0.594025,1.17955,0.313105,1.16384,0.0323358,0.112372,0.276904,0.173359,1.84303,0.871915,-1.30925,-0.819472,-0.271119,0.144731,1.18899,1.07535,1.68402,1.67163,-0.91779,-0.253471,-1.68299,-0.374937,1.42931,0.855572,-1.19532,-0.292446,0.312895,0.644909,0.724975,0.994256,0.894116,-0.35546,0.017974,0.549325,-0.667243,0.634068,0.0954083,-0.301842,0.502719,-0.463858,-0.409196,-0.686519,-0.533241,0.703831,1.17021,-0.962413,0.47565,0.644657,0.24611,-0.229553,-0.238032,0.291853,-0.46936,-0.520317,-0.202114,0.125382,-3.04671,-0.52528,-0.150865,0.42379,1.03527,-0.139506,0.168932,1.32956,0.620605,-0.103111,-2.3395,-1.51011,-1.4077,1.60739,0.60458,-1.2839,0.600647,0.0813654,0.41653,1.27655,0.995821,-0.375629,-0.645989,1.42615,1.8065,0.272416,-0.128652,-0.969862,2.13863,-0.247551,-0.439979,1.72456,-0.448448,-0.952238,-0.878799,1.19923,0.788256,1.01118,1.19737,0.599256,0.297098,1.07261,0.505317,0.763242,0.5897,-0.156519,-0.807162,-0.447042,0.959736,0.669543,0.121661,-0.158006,-0.128274,-0.133155,-0.225019,1.03802,0.850769,0.254397,-0.424083,0.0777678,-0.17294,0.210415,-0.555389,-0.383186,-2.0747,-0.0348273,-0.42163,1.17467,0.28276,-547.184,-508.299,2761.5,815.011,520.894,-1882.04,-2005.36,-819.359,713.376,4167.89,684.524,-60.5022,-3825.74,-379.508,89.5438,-786.665,-2764.26,-1893.05,-1138.15,1330.48,3721.9,-4549.31,2287.66,267.703,-2638.59,-2872.07,3581.78,-691.08,1559.76,-2665.15,-3407.54,531.827,2745.55,-223.138,-3512.96,4957.76,-1430.38,-3610.6,1490.59,-2808.39,2647.86,134.514,1058.66,-2025.01,485.435,3088.29,-408.039,1755.96,-843.537,223.64,-979.537,157.066,-382.401,-1592.82,146.539,630.355,1663.4,390.568,-1767.98,-422.267,-1066.21,3073.98,426.967,1910.6,-1257.09,-400.344,-1141.72,499.265,-2604.22,-1076.11,-4120.46,-2216.12,-5824.17,-626.233,4606.2,242.817,3643.23,1542.24,2193.71,656.864,865.569,271.498,-601.193,3442.11,1343.81,-669.027,-589.169,-124.323,-568.395,1995.34,2199.27,3168.19,1360.03,-1589.59,215.181,-2315.43,-552.459,2949.46,968.289,-1405.52
-250354,0,1,0,1,1,250403,-0.384764,0.00591807,1.98251,0.65987,0.194549,-1.62464,-1.32884,-0.638008,0.776036,1.76188,-0.149657,0.116447,-1.54277,-0.0636614,0.2482,-1.00728,-1.59481,-1.01706,-0.127135,0.559175,1.40119,-1.61276,1.8305,-0.0898098,-1.26576,-1.76124,1.23195,-0.269686,1.22789,-1.59845,-1.56077,0.458786,1.996,-0.185011,-1.75004,1.38731,-0.797919,-1.56933,0.936032,-1.67351,1.35279,0.444837,1.42627,-1.3104,-0.0724454,0.89088,-0.393547,0.886616,0.0264761,-0.478673,-1.03596,0.226382,0.0675763,-1.26799,0.156639,-0.0321617,0.998724,0.212245,-0.63784,-0.775643,-0.788799,1.94885,1.21166,0.828242,-0.92643,-0.62419,-1.08532,0.0134659,-0.922084,-1.04397,-1.82062,-0.720654,-1.94471,-0.376988,1.76676,-0.594025,1.17955,0.313105,1.16384,0.0323358,0.112372,0.276904,0.173359,1.84303,0.871915,-1.30925,-0.819472,-0.271119,0.144731,1.18899,1.07535,1.68402,1.67163,-0.91779,-0.253471,-1.68299,-0.374937,1.42931,0.855572,-1.19532,-0.962607,0.0526819,1.18506,0.484232,0.813681,1.78386,1.19524,-0.722737,0.522063,0.127022,1.3122,1.64715,0.931861,0.184215,-0.555407,-0.947956,-0.161815,0.813941,-1.46075,0.272597,0.372077,-1.10968,1.1492,1.00786,1.07052,1.5072,-0.0800362,0.349535,0.778512,0.368881,-1.60386,-0.43078,-0.734165,1.34072,0.108643,1.008,1.17243,-0.1582,-0.442716,-0.216978,-0.386153,-0.0253348,1.08081,-1.09614,-0.11305,1.06485,0.952711,-0.724093,0.171162,-0.367578,0.215493,1.0002,-0.0756442,1.32648,1.96998,0.91325,0.0637188,-0.0954195,-0.807389,-0.356158,-0.193764,-0.377132,-0.142438,-0.948543,-0.123475,2.31654,2.0555,2.16658,1.41717,-0.781195,-0.603456,1.8118,-1.45046,1.34234,-0.583673,0.228669,-1.24515,-0.404784,0.815376,-0.722809,-1.88651,-1.4187,0.616481,0.435752,0.093752,1.14923,-0.542857,-0.537519,-0.173558,-0.705629,0.20216,-1.92054,1.9364,-1.29335,0.908742,-0.580167,-0.200168,-1.05363,0.745312,-1.16497,-547.184,-508.299,2761.5,815.011,520.894,-1882.04,-2005.36,-819.359,713.376,4167.89,684.524,-60.5022,-3825.74,-379.508,89.5438,-786.665,-2764.26,-1893.05,-1138.15,1330.48,3721.9,-4549.31,2287.66,267.703,-2638.59,-2872.07,3581.78,-691.08,1559.76,-2665.15,-3407.54,531.827,2745.55,-223.138,-3512.96,4957.76,-1430.38,-3610.6,1490.59,-2808.39,2647.86,134.514,1058.66,-2025.01,485.435,3088.29,-408.039,1755.96,-843.537,223.64,-979.537,157.066,-382.401,-1592.82,146.539,630.355,1663.4,390.568,-1767.98,-422.267,-1066.21,3073.98,426.967,1910.6,-1257.09,-400.344,-1141.72,499.265,-2604.22,-1076.11,-4120.46,-2216.12,-5824.17,-626.233,4606.2,242.817,3643.23,1542.24,2193.71,656.864,865.569,271.498,-601.193,3442.11,1343.81,-669.027,-589.169,-124.323,-568.395,1995.34,2199.27,3168.19,1360.03,-1589.59,215.181,-2315.43,-552.459,2949.46,968.289,-1405.52
-250354,0,1,0,1,1,250403,-0.384764,0.00591807,1.98251,0.65987,0.194549,-1.62464,-1.32884,-0.638008,0.776036,1.76188,-0.149657,0.116447,-1.54277,-0.0636614,0.2482,-1.00728,-1.59481,-1.01706,-0.127135,0.559175,1.40119,-1.61276,1.8305,-0.0898098,-1.26576,-1.76124,1.23195,-0.269686,1.22789,-1.59845,-1.56077,0.458786,1.996,-0.185011,-1.75004,1.38731,-0.797919,-1.56933,0.936032,-1.67351,1.35279,0.444837,1.42627,-1.3104,-0.0724454,0.89088,-0.393547,0.886616,0.0264761,-0.478673,-1.03596,0.226382,0.0675763,-1.26799,0.156639,-0.0321617,0.998724,0.212245,-0.63784,-0.775643,-0.788799,1.94885,1.21166,0.828242,-0.92643,-0.62419,-1.08532,0.0134659,-0.922084,-1.04397,-1.82062,-0.720654,-1.94471,-0.376988,1.76676,-0.594025,1.17955,0.313105,1.16384,0.0323358,0.112372,0.276904,0.173359,1.84303,0.871915,-1.30925,-0.819472,-0.271119,0.144731,1.18899,1.07535,1.68402,1.67163,-0.91779,-0.253471,-1.68299,-0.374937,1.42931,0.855572,-1.19532,0.0831335,2.30096,-0.532628,1.18492,-0.710379,1.8867,-1.11589,-1.03001,-0.564888,0.649684,-1.75766,0.369706,-0.223536,-0.170785,0.983523,-1.34567,0.307858,-1.60265,0.170024,-0.0101408,-0.704077,1.15257,0.0249428,0.41367,-0.951862,-0.0443968,-0.418535,-0.372806,-1.07976,0.850238,0.269749,-0.645174,2.82455,1.28574,-0.498295,0.395871,-0.0690483,0.89745,0.867311,0.466702,0.279612,-1.43807,-0.0656984,0.904887,0.826818,-0.30668,1.4703,-0.17213,0.643557,-2.05944,-0.0325497,0.707934,0.135613,1.60089,0.466574,-0.686516,0.164859,1.37644,0.52882,1.022,1.13246,-1.04711,-1.92708,0.636822,-0.373662,-2.1333,0.131319,-1.0479,0.191491,-0.0420381,-0.180531,1.32762,-0.221351,-0.370159,-0.506254,1.34752,0.0491624,-0.0852328,-1.19772,-0.626913,1.46147,-1.64496,-0.0136946,0.246201,-1.50997,0.822576,0.819648,0.119873,-0.549648,-1.31618,0.883611,0.120648,-0.674961,0.0121448,-0.27098,0.9252,-2.22335,-1.72215,-0.852636,0.0844038,-547.184,-508.299,2761.5,815.011,520.894,-1882.04,-2005.36,-819.359,713.376,4167.89,684.524,-60.5022,-3825.74,-379.508,89.5438,-786.665,-2764.26,-1893.05,-1138.15,1330.48,3721.9,-4549.31,2287.66,267.703,-2638.59,-2872.07,3581.78,-691.08,1559.76,-2665.15,-3407.54,531.827,2745.55,-223.138,-3512.96,4957.76,-1430.38,-3610.6,1490.59,-2808.39,2647.86,134.514,1058.66,-2025.01,485.435,3088.29,-408.039,1755.96,-843.537,223.64,-979.537,157.066,-382.401,-1592.82,146.539,630.355,1663.4,390.568,-1767.98,-422.267,-1066.21,3073.98,426.967,1910.6,-1257.09,-400.344,-1141.72,499.265,-2604.22,-1076.11,-4120.46,-2216.12,-5824.17,-626.233,4606.2,242.817,3643.23,1542.24,2193.71,656.864,865.569,271.498,-601.193,3442.11,1343.81,-669.027,-589.169,-124.323,-568.395,1995.34,2199.27,3168.19,1360.03,-1589.59,215.181,-2315.43,-552.459,2949.46,968.289,-1405.52
-250354,0,1,0,1,1,250406,-0.384764,0.00591807,1.98251,0.65987,0.194549,-1.62464,-1.32884,-0.638008,0.776036,1.76188,-0.149657,0.116447,-1.54277,-0.0636614,0.2482,-1.00728,-1.59481,-1.01706,-0.127135,0.559175,1.40119,-1.61276,1.8305,-0.0898098,-1.26576,-1.76124,1.23195,-0.269686,1.22789,-1.59845,-1.56077,0.458786,1.996,-0.185011,-1.75004,1.38731,-0.797919,-1.56933,0.936032,-1.67351,1.35279,0.444837,1.42627,-1.3104,-0.0724454,0.89088,-0.393547,0.886616,0.0264761,-0.478673,-1.03596,0.226382,0.0675763,-1.26799,0.156639,-0.0321617,0.998724,0.212245,-0.63784,-0.775643,-0.788799,1.94885,1.21166,0.828242,-0.92643,-0.62419,-1.08532,0.0134659,-0.922084,-1.04397,-1.82062,-0.720654,-1.94471,-0.376988,1.76676,-0.594025,1.17955,0.313105,1.16384,0.0323358,0.112372,0.276904,0.173359,1.84303,0.871915,-1.30925,-0.819472,-0.271119,0.144731,1.18899,1.07535,1.68402,1.67163,-0.91779,-0.253471,-1.68299,-0.374937,1.42931,0.855572,-1.19532,1.66459,-0.0754732,-0.568567,0.32727,1.15523,0.0448301,0.332819,-0.0725052,-0.813939,0.836273,1.00636,-1.43399,0.805218,0.664741,1.50256,-0.217349,-0.168049,-0.574424,0.00452938,0.0263099,0.377393,0.200407,-0.194735,-1.57149,1.1651,-0.234285,0.829636,1.12775,1.79471,1.73232,-0.978342,-0.803653,0.27867,-0.288504,-1.01233,0.861678,-1.85151,-0.00464692,-1.47423,0.865451,1.50747,0.288353,0.322179,0.820949,-1.57024,-0.340737,-0.0709938,-0.625816,-0.208879,-0.560558,-0.264809,-1.19986,0.535459,-0.992557,0.711409,1.73089,-0.809278,0.14679,0.884383,1.12001,1.18694,0.763888,-0.221001,-1.10828,-0.376103,0.315015,1.39578,0.574964,1.75,-0.64834,-0.12049,0.515367,-3.5891,-1.74296,1.24962,-0.298346,0.55514,0.913212,0.786994,-0.820247,0.307785,-0.416266,0.309999,0.937891,-0.0018763,-0.820194,-0.796183,0.579236,-1.92397,0.184721,-1.04109,-0.205114,-0.0706055,0.124408,-0.581588,-1.69987,-2.7102,1.22402,-1.7863,0.453158,-547.184,-508.299,2761.5,815.011,520.894,-1882.04,-2005.36,-819.359,713.376,4167.89,684.524,-60.5022,-3825.74,-379.508,89.5438,-786.665,-2764.26,-1893.05,-1138.15,1330.48,3721.9,-4549.31,2287.66,267.703,-2638.59,-2872.07,3581.78,-691.08,1559.76,-2665.15,-3407.54,531.827,2745.55,-223.138,-3512.96,4957.76,-1430.38,-3610.6,1490.59,-2808.39,2647.86,134.514,1058.66,-2025.01,485.435,3088.29,-408.039,1755.96,-843.537,223.64,-979.537,157.066,-382.401,-1592.82,146.539,630.355,1663.4,390.568,-1767.98,-422.267,-1066.21,3073.98,426.967,1910.6,-1257.09,-400.344,-1141.72,499.265,-2604.22,-1076.11,-4120.46,-2216.12,-5824.17,-626.233,4606.2,242.817,3643.23,1542.24,2193.71,656.864,865.569,271.498,-601.193,3442.11,1343.81,-669.027,-589.169,-124.323,-568.395,1995.34,2199.27,3168.19,1360.03,-1589.59,215.181,-2315.43,-552.459,2949.46,968.289,-1405.52
-250354,0,1,0,1,1,250402,-0.384764,0.00591807,1.98251,0.65987,0.194549,-1.62464,-1.32884,-0.638008,0.776036,1.76188,-0.149657,0.116447,-1.54277,-0.0636614,0.2482,-1.00728,-1.59481,-1.01706,-0.127135,0.559175,1.40119,-1.61276,1.8305,-0.0898098,-1.26576,-1.76124,1.23195,-0.269686,1.22789,-1.59845,-1.56077,0.458786,1.996,-0.185011,-1.75004,1.38731,-0.797919,-1.56933,0.936032,-1.67351,1.35279,0.444837,1.42627,-1.3104,-0.0724454,0.89088,-0.393547,0.886616,0.0264761,-0.478673,-1.03596,0.226382,0.0675763,-1.26799,0.156639,-0.0321617,0.998724,0.212245,-0.63784,-0.775643,-0.788799,1.94885,1.21166,0.828242,-0.92643,-0.62419,-1.08532,0.0134659,-0.922084,-1.04397,-1.82062,-0.720654,-1.94471,-0.376988,1.76676,-0.594025,1.17955,0.313105,1.16384,0.0323358,0.112372,0.276904,0.173359,1.84303,0.871915,-1.30925,-0.819472,-0.271119,0.144731,1.18899,1.07535,1.68402,1.67163,-0.91779,-0.253471,-1.68299,-0.374937,1.42931,0.855572,-1.19532,0.973659,1.08371,0.294314,-1.04214,-0.52794,0.791362,-0.255372,0.130579,-0.896678,-1.18797,-0.458126,0.465616,0.514051,1.034,0.98211,-2.14032,0.729306,-0.322806,-1.51698,-2.07962,-0.861987,0.840569,1.42305,-0.596459,-1.13838,0.834179,0.20344,0.717862,-1.90178,-0.163423,1.04151,-0.282876,-0.336461,0.465058,0.0561189,1.22023,-0.660153,-1.02599,0.00621786,-0.46154,0.168923,-0.889547,-1.57111,-0.517912,0.671699,-0.948106,-0.0206124,0.877535,-2.47123,1.21242,1.77365,0.396695,0.741208,0.354269,1.7129,-0.102716,-0.616626,0.913009,-2.54136,-0.263452,0.403863,0.661676,0.248691,-0.0222359,0.695152,1.03229,0.885455,-1.22619,0.825733,-0.207849,-1.32451,0.483957,0.101394,0.321702,-0.130216,-0.963239,-0.72686,1.37684,0.359452,-1.06543,0.222673,0.502803,1.0048,1.24079,-0.154035,1.32455,1.54356,-0.416149,-0.336219,2.05725,-1.06307,-0.889482,-1.77835,0.458038,0.475051,-0.203748,1.04164,0.124116,0.738653,1.13088,-547.184,-508.299,2761.5,815.011,520.894,-1882.04,-2005.36,-819.359,713.376,4167.89,684.524,-60.5022,-3825.74,-379.508,89.5438,-786.665,-2764.26,-1893.05,-1138.15,1330.48,3721.9,-4549.31,2287.66,267.703,-2638.59,-2872.07,3581.78,-691.08,1559.76,-2665.15,-3407.54,531.827,2745.55,-223.138,-3512.96,4957.76,-1430.38,-3610.6,1490.59,-2808.39,2647.86,134.514,1058.66,-2025.01,485.435,3088.29,-408.039,1755.96,-843.537,223.64,-979.537,157.066,-382.401,-1592.82,146.539,630.355,1663.4,390.568,-1767.98,-422.267,-1066.21,3073.98,426.967,1910.6,-1257.09,-400.344,-1141.72,499.265,-2604.22,-1076.11,-4120.46,-2216.12,-5824.17,-626.233,4606.2,242.817,3643.23,1542.24,2193.71,656.864,865.569,271.498,-601.193,3442.11,1343.81,-669.027,-589.169,-124.323,-568.395,1995.34,2199.27,3168.19,1360.03,-1589.59,215.181,-2315.43,-552.459,2949.46,968.289,-1405.52
-250354,0,1,0,1,1,250411,-0.384764,0.00591807,1.98251,0.65987,0.194549,-1.62464,-1.32884,-0.638008,0.776036,1.76188,-0.149657,0.116447,-1.54277,-0.0636614,0.2482,-1.00728,-1.59481,-1.01706,-0.127135,0.559175,1.40119,-1.61276,1.8305,-0.0898098,-1.26576,-1.76124,1.23195,-0.269686,1.22789,-1.59845,-1.56077,0.458786,1.996,-0.185011,-1.75004,1.38731,-0.797919,-1.56933,0.936032,-1.67351,1.35279,0.444837,1.42627,-1.3104,-0.0724454,0.89088,-0.393547,0.886616,0.0264761,-0.478673,-1.03596,0.226382,0.0675763,-1.26799,0.156639,-0.0321617,0.998724,0.212245,-0.63784,-0.775643,-0.788799,1.94885,1.21166,0.828242,-0.92643,-0.62419,-1.08532,0.0134659,-0.922084,-1.04397,-1.82062,-0.720654,-1.94471,-0.376988,1.76676,-0.594025,1.17955,0.313105,1.16384,0.0323358,0.112372,0.276904,0.173359,1.84303,0.871915,-1.30925,-0.819472,-0.271119,0.144731,1.18899,1.07535,1.68402,1.67163,-0.91779,-0.253471,-1.68299,-0.374937,1.42931,0.855572,-1.19532,-0.402244,1.17561,0.261379,-0.559424,0.545978,0.173305,0.427557,-0.775846,1.1976,-2.09496,1.79279,1.05859,0.50205,0.643615,0.583275,-0.492512,2.51308,-0.452738,0.24546,0.0307323,0.132699,0.468669,-0.246196,1.90403,-0.71418,-0.0639762,1.80822,1.71638,-0.47884,0.00958508,1.46928,0.185422,-0.679731,0.229098,-1.44366,-0.179651,0.184481,-1.14041,-1.2029,-0.185101,-1.58937,1.41288,1.15633,-0.246546,-1.09682,0.0961379,0.838764,-0.590225,-0.923461,-1.27461,-0.436669,-2.15272,-1.4355,-1.34672,-0.332123,-2.45807,1.36544,-0.173847,-0.870609,1.64975,-0.209869,-0.815024,1.11128,-0.439707,-0.261424,0.708845,0.586722,-2.0883,-0.55041,-1.51728,-0.268255,1.06538,-0.704244,1.11489,-1.03592,0.104082,0.243447,0.484994,-1.77968,0.789511,1.99481,0.433243,-0.967698,-0.254909,-0.65086,-0.817757,-1.15268,-0.344032,-0.0396409,-0.614584,-0.421286,-1.10057,-0.459514,-2.45016,1.45064,-1.75286,0.433703,-0.413757,1.83713,0.470033,-547.184,-508.299,2761.5,815.011,520.894,-1882.04,-2005.36,-819.359,713.376,4167.89,684.524,-60.5022,-3825.74,-379.508,89.5438,-786.665,-2764.26,-1893.05,-1138.15,1330.48,3721.9,-4549.31,2287.66,267.703,-2638.59,-2872.07,3581.78,-691.08,1559.76,-2665.15,-3407.54,531.827,2745.55,-223.138,-3512.96,4957.76,-1430.38,-3610.6,1490.59,-2808.39,2647.86,134.514,1058.66,-2025.01,485.435,3088.29,-408.039,1755.96,-843.537,223.64,-979.537,157.066,-382.401,-1592.82,146.539,630.355,1663.4,390.568,-1767.98,-422.267,-1066.21,3073.98,426.967,1910.6,-1257.09,-400.344,-1141.72,499.265,-2604.22,-1076.11,-4120.46,-2216.12,-5824.17,-626.233,4606.2,242.817,3643.23,1542.24,2193.71,656.864,865.569,271.498,-601.193,3442.11,1343.81,-669.027,-589.169,-124.323,-568.395,1995.34,2199.27,3168.19,1360.03,-1589.59,215.181,-2315.43,-552.459,2949.46,968.289,-1405.52
-250354,0,1,0,1,1,250401,-0.384764,0.00591807,1.98251,0.65987,0.194549,-1.62464,-1.32884,-0.638008,0.776036,1.76188,-0.149657,0.116447,-1.54277,-0.0636614,0.2482,-1.00728,-1.59481,-1.01706,-0.127135,0.559175,1.40119,-1.61276,1.8305,-0.0898098,-1.26576,-1.76124,1.23195,-0.269686,1.22789,-1.59845,-1.56077,0.458786,1.996,-0.185011,-1.75004,1.38731,-0.797919,-1.56933,0.936032,-1.67351,1.35279,0.444837,1.42627,-1.3104,-0.0724454,0.89088,-0.393547,0.886616,0.0264761,-0.478673,-1.03596,0.226382,0.0675763,-1.26799,0.156639,-0.0321617,0.998724,0.212245,-0.63784,-0.775643,-0.788799,1.94885,1.21166,0.828242,-0.92643,-0.62419,-1.08532,0.0134659,-0.922084,-1.04397,-1.82062,-0.720654,-1.94471,-0.376988,1.76676,-0.594025,1.17955,0.313105,1.16384,0.0323358,0.112372,0.276904,0.173359,1.84303,0.871915,-1.30925,-0.819472,-0.271119,0.144731,1.18899,1.07535,1.68402,1.67163,-0.91779,-0.253471,-1.68299,-0.374937,1.42931,0.855572,-1.19532,-0.129883,-1.35457,-1.00933,-0.935361,0.380607,-0.42275,0.279652,0.0384401,-0.327538,-0.742271,-0.1184,-3.05153,0.207598,-0.775362,-2.23054,0.759654,-0.00266782,1.0235,-0.461666,-1.10895,0.948978,-0.795078,0.761789,-0.0480375,0.081831,0.343967,0.814582,-0.31671,-0.566982,-0.198494,-0.490967,-0.102145,0.796464,-0.728938,-0.783354,-0.532309,0.766686,-1.0662,0.881298,0.417776,1.72156,0.663963,-0.639292,1.27181,0.234015,0.388281,-0.167854,1.0587,1.8888,-0.343741,-0.309515,-0.178826,-1.70254,-0.489905,0.289394,0.0432486,-0.90333,1.91424,0.763506,0.298441,-1.24442,1.60647,0.536242,-0.39885,0.188653,-0.135709,0.565484,0.3594,1.29154,-0.690345,0.13245,0.112204,-0.0645797,1.58398,-1.06194,-1.02241,-0.886582,-1.94739,-0.0478102,0.0297626,-1.22459,-0.686138,-0.537118,3.32922,0.452872,-0.231472,-1.14115,-1.24144,-1.32211,0.20674,-0.855123,-1.51714,0.424993,-0.879986,0.155078,-0.211219,-1.55188,-0.854254,0.629701,-1.33109,-547.184,-508.299,2761.5,815.011,520.894,-1882.04,-2005.36,-819.359,713.376,4167.89,684.524,-60.5022,-3825.74,-379.508,89.5438,-786.665,-2764.26,-1893.05,-1138.15,1330.48,3721.9,-4549.31,2287.66,267.703,-2638.59,-2872.07,3581.78,-691.08,1559.76,-2665.15,-3407.54,531.827,2745.55,-223.138,-3512.96,4957.76,-1430.38,-3610.6,1490.59,-2808.39,2647.86,134.514,1058.66,-2025.01,485.435,3088.29,-408.039,1755.96,-843.537,223.64,-979.537,157.066,-382.401,-1592.82,146.539,630.355,1663.4,390.568,-1767.98,-422.267,-1066.21,3073.98,426.967,1910.6,-1257.09,-400.344,-1141.72,499.265,-2604.22,-1076.11,-4120.46,-2216.12,-5824.17,-626.233,4606.2,242.817,3643.23,1542.24,2193.71,656.864,865.569,271.498,-601.193,3442.11,1343.81,-669.027,-589.169,-124.323,-568.395,1995.34,2199.27,3168.19,1360.03,-1589.59,215.181,-2315.43,-552.459,2949.46,968.289,-1405.52
-250354,0,1,0,1,1,250409,-0.384764,0.00591807,1.98251,0.65987,0.194549,-1.62464,-1.32884,-0.638008,0.776036,1.76188,-0.149657,0.116447,-1.54277,-0.0636614,0.2482,-1.00728,-1.59481,-1.01706,-0.127135,0.559175,1.40119,-1.61276,1.8305,-0.0898098,-1.26576,-1.76124,1.23195,-0.269686,1.22789,-1.59845,-1.56077,0.458786,1.996,-0.185011,-1.75004,1.38731,-0.797919,-1.56933,0.936032,-1.67351,1.35279,0.444837,1.42627,-1.3104,-0.0724454,0.89088,-0.393547,0.886616,0.0264761,-0.478673,-1.03596,0.226382,0.0675763,-1.26799,0.156639,-0.0321617,0.998724,0.212245,-0.63784,-0.775643,-0.788799,1.94885,1.21166,0.828242,-0.92643,-0.62419,-1.08532,0.0134659,-0.922084,-1.04397,-1.82062,-0.720654,-1.94471,-0.376988,1.76676,-0.594025,1.17955,0.313105,1.16384,0.0323358,0.112372,0.276904,0.173359,1.84303,0.871915,-1.30925,-0.819472,-0.271119,0.144731,1.18899,1.07535,1.68402,1.67163,-0.91779,-0.253471,-1.68299,-0.374937,1.42931,0.855572,-1.19532,0.644421,-2.45345,0.138193,-0.348626,1.54464,0.374132,0.583114,-0.226354,1.32142,-0.332543,-0.371545,2.24533,0.211985,1.71914,1.0533,-1.82732,-0.00478273,0.0720503,-1.90962,-0.968996,-0.244711,0.433347,0.246647,-0.93441,0.442784,-1.46702,-0.627897,0.174946,0.75842,-1.32197,0.0482243,-1.49637,0.108497,0.0814185,-0.253744,1.53074,0.658359,-0.92799,3.60248,-0.409142,-0.62657,-1.64792,0.391801,-0.240613,-0.675103,0.674558,0.174442,-1.18319,-0.249569,-0.263114,1.37045,-0.124962,1.55909,-0.333169,-0.909373,-1.05376,-1.36717,-1.22894,0.314828,0.883552,-0.0423675,1.097,0.474175,-0.567425,-1.55945,0.10482,1.1407,0.571528,0.724757,0.775307,-1.04966,-0.895667,-1.45439,-0.675359,-1.43871,0.182502,0.940942,-1.61979,0.201308,-0.358772,1.87986,-0.0515328,1.26286,0.35291,-0.281606,1.4956,-0.933108,0.89883,-0.377014,2.22489,0.243262,-0.0233146,1.01759,-0.472045,0.412772,-0.193179,1.24199,-0.0913176,-1.5643,-1.65574,-547.184,-508.299,2761.5,815.011,520.894,-1882.04,-2005.36,-819.359,713.376,4167.89,684.524,-60.5022,-3825.74,-379.508,89.5438,-786.665,-2764.26,-1893.05,-1138.15,1330.48,3721.9,-4549.31,2287.66,267.703,-2638.59,-2872.07,3581.78,-691.08,1559.76,-2665.15,-3407.54,531.827,2745.55,-223.138,-3512.96,4957.76,-1430.38,-3610.6,1490.59,-2808.39,2647.86,134.514,1058.66,-2025.01,485.435,3088.29,-408.039,1755.96,-843.537,223.64,-979.537,157.066,-382.401,-1592.82,146.539,630.355,1663.4,390.568,-1767.98,-422.267,-1066.21,3073.98,426.967,1910.6,-1257.09,-400.344,-1141.72,499.265,-2604.22,-1076.11,-4120.46,-2216.12,-5824.17,-626.233,4606.2,242.817,3643.23,1542.24,2193.71,656.864,865.569,271.498,-601.193,3442.11,1343.81,-669.027,-589.169,-124.323,-568.395,1995.34,2199.27,3168.19,1360.03,-1589.59,215.181,-2315.43,-552.459,2949.46,968.289,-1405.52
-250354,0,1,0,1,1,250403,-0.384764,0.00591807,1.98251,0.65987,0.194549,-1.62464,-1.32884,-0.638008,0.776036,1.76188,-0.149657,0.116447,-1.54277,-0.0636614,0.2482,-1.00728,-1.59481,-1.01706,-0.127135,0.559175,1.40119,-1.61276,1.8305,-0.0898098,-1.26576,-1.76124,1.23195,-0.269686,1.22789,-1.59845,-1.56077,0.458786,1.996,-0.185011,-1.75004,1.38731,-0.797919,-1.56933,0.936032,-1.67351,1.35279,0.444837,1.42627,-1.3104,-0.0724454,0.89088,-0.393547,0.886616,0.0264761,-0.478673,-1.03596,0.226382,0.0675763,-1.26799,0.156639,-0.0321617,0.998724,0.212245,-0.63784,-0.775643,-0.788799,1.94885,1.21166,0.828242,-0.92643,-0.62419,-1.08532,0.0134659,-0.922084,-1.04397,-1.82062,-0.720654,-1.94471,-0.376988,1.76676,-0.594025,1.17955,0.313105,1.16384,0.0323358,0.112372,0.276904,0.173359,1.84303,0.871915,-1.30925,-0.819472,-0.271119,0.144731,1.18899,1.07535,1.68402,1.67163,-0.91779,-0.253471,-1.68299,-0.374937,1.42931,0.855572,-1.19532,-0.625466,1.87827,1.45931,-0.748084,0.307683,-0.369924,0.306047,-0.240402,0.434114,-0.988669,0.442063,0.103475,-0.208812,0.269019,0.689913,-0.0500595,0.618278,-0.802685,0.533238,0.544863,0.445736,-1.46069,-0.502097,0.0395154,0.536874,-0.984761,-0.503235,-1.29896,-0.625968,-1.01264,-2.15222,-0.549382,0.599511,-0.848047,-1.27472,0.359339,0.246475,-0.510684,2.19488,0.0139769,-0.651324,0.101866,0.665653,-0.646801,-0.562482,-0.825584,-0.217703,-0.494971,2.22824,0.286793,-0.640468,1.81578,0.997688,-0.279663,-0.0285853,-0.292909,0.574003,1.48643,-0.538157,-0.562254,-1.76823,0.270326,0.380549,-2.50597,0.425223,0.939509,-0.437142,1.89011,0.0670272,0.633282,1.32963,-1.25361,0.266263,-1.2022,0.732905,0.807413,-1.01877,0.779372,-0.209426,0.516855,0.507459,0.621743,0.337388,1.29178,-1.76104,0.621197,-0.868637,-0.772945,0.248132,-1.57263,-0.663834,0.142361,-1.82903,-1.19161,-1.32823,-1.86269,-0.49548,-1.02226,-0.540357,-2.45135,-547.184,-508.299,2761.5,815.011,520.894,-1882.04,-2005.36,-819.359,713.376,4167.89,684.524,-60.5022,-3825.74,-379.508,89.5438,-786.665,-2764.26,-1893.05,-1138.15,1330.48,3721.9,-4549.31,2287.66,267.703,-2638.59,-2872.07,3581.78,-691.08,1559.76,-2665.15,-3407.54,531.827,2745.55,-223.138,-3512.96,4957.76,-1430.38,-3610.6,1490.59,-2808.39,2647.86,134.514,1058.66,-2025.01,485.435,3088.29,-408.039,1755.96,-843.537,223.64,-979.537,157.066,-382.401,-1592.82,146.539,630.355,1663.4,390.568,-1767.98,-422.267,-1066.21,3073.98,426.967,1910.6,-1257.09,-400.344,-1141.72,499.265,-2604.22,-1076.11,-4120.46,-2216.12,-5824.17,-626.233,4606.2,242.817,3643.23,1542.24,2193.71,656.864,865.569,271.498,-601.193,3442.11,1343.81,-669.027,-589.169,-124.323,-568.395,1995.34,2199.27,3168.19,1360.03,-1589.59,215.181,-2315.43,-552.459,2949.46,968.289,-1405.52
-250354,0,1,0,1,1,250403,-0.384764,0.00591807,1.98251,0.65987,0.194549,-1.62464,-1.32884,-0.638008,0.776036,1.76188,-0.149657,0.116447,-1.54277,-0.0636614,0.2482,-1.00728,-1.59481,-1.01706,-0.127135,0.559175,1.40119,-1.61276,1.8305,-0.0898098,-1.26576,-1.76124,1.23195,-0.269686,1.22789,-1.59845,-1.56077,0.458786,1.996,-0.185011,-1.75004,1.38731,-0.797919,-1.56933,0.936032,-1.67351,1.35279,0.444837,1.42627,-1.3104,-0.0724454,0.89088,-0.393547,0.886616,0.0264761,-0.478673,-1.03596,0.226382,0.0675763,-1.26799,0.156639,-0.0321617,0.998724,0.212245,-0.63784,-0.775643,-0.788799,1.94885,1.21166,0.828242,-0.92643,-0.62419,-1.08532,0.0134659,-0.922084,-1.04397,-1.82062,-0.720654,-1.94471,-0.376988,1.76676,-0.594025,1.17955,0.313105,1.16384,0.0323358,0.112372,0.276904,0.173359,1.84303,0.871915,-1.30925,-0.819472,-0.271119,0.144731,1.18899,1.07535,1.68402,1.67163,-0.91779,-0.253471,-1.68299,-0.374937,1.42931,0.855572,-1.19532,1.2766,1.9897,-0.560681,-2.35577,2.15056,0.444657,-0.271826,1.77069,1.22257,0.335778,0.196486,-0.668494,0.753808,0.829246,0.0278188,-0.11163,-0.38715,-1.18159,1.05176,-0.864881,0.828605,-0.00516978,2.17085,0.166056,-0.613845,-1.21502,-0.624546,-1.05272,0.210217,-0.519974,0.77925,0.318963,1.76471,-0.35536,1.12779,1.55692,-0.104534,0.970879,0.521361,-0.767609,-0.12265,-1.5359,0.913306,-0.883567,-1.59882,-0.354897,-1.057,-1.86057,-0.580567,0.911765,0.286776,0.176419,1.01937,0.816439,0.585946,0.481971,-0.188884,0.397359,0.726264,-1.84242,-0.54032,-0.91047,0.754453,-1.87045,-0.0897306,0.685521,-0.191963,-1.21985,-0.269861,-0.0867303,-1.04622,1.15331,1.14713,1.00553,-1.26215,0.571873,-1.07166,1.35129,-0.111722,-0.418646,-0.731283,1.37297,0.155833,1.29418,-0.824377,1.77268,1.78094,0.832032,-0.935414,0.972218,-1.02935,-0.396754,-0.156979,-1.02886,-0.306837,-0.371906,0.517036,-0.326127,-0.499691,0.627018,-547.184,-508.299,2761.5,815.011,520.894,-1882.04,-2005.36,-819.359,713.376,4167.89,684.524,-60.5022,-3825.74,-379.508,89.5438,-786.665,-2764.26,-1893.05,-1138.15,1330.48,3721.9,-4549.31,2287.66,267.703,-2638.59,-2872.07,3581.78,-691.08,1559.76,-2665.15,-3407.54,531.827,2745.55,-223.138,-3512.96,4957.76,-1430.38,-3610.6,1490.59,-2808.39,2647.86,134.514,1058.66,-2025.01,485.435,3088.29,-408.039,1755.96,-843.537,223.64,-979.537,157.066,-382.401,-1592.82,146.539,630.355,1663.4,390.568,-1767.98,-422.267,-1066.21,3073.98,426.967,1910.6,-1257.09,-400.344,-1141.72,499.265,-2604.22,-1076.11,-4120.46,-2216.12,-5824.17,-626.233,4606.2,242.817,3643.23,1542.24,2193.71,656.864,865.569,271.498,-601.193,3442.11,1343.81,-669.027,-589.169,-124.323,-568.395,1995.34,2199.27,3168.19,1360.03,-1589.59,215.181,-2315.43,-552.459,2949.46,968.289,-1405.52
-250354,0,1,0,1,1,250399,-0.384764,0.00591807,1.98251,0.65987,0.194549,-1.62464,-1.32884,-0.638008,0.776036,1.76188,-0.149657,0.116447,-1.54277,-0.0636614,0.2482,-1.00728,-1.59481,-1.01706,-0.127135,0.559175,1.40119,-1.61276,1.8305,-0.0898098,-1.26576,-1.76124,1.23195,-0.269686,1.22789,-1.59845,-1.56077,0.458786,1.996,-0.185011,-1.75004,1.38731,-0.797919,-1.56933,0.936032,-1.67351,1.35279,0.444837,1.42627,-1.3104,-0.0724454,0.89088,-0.393547,0.886616,0.0264761,-0.478673,-1.03596,0.226382,0.0675763,-1.26799,0.156639,-0.0321617,0.998724,0.212245,-0.63784,-0.775643,-0.788799,1.94885,1.21166,0.828242,-0.92643,-0.62419,-1.08532,0.0134659,-0.922084,-1.04397,-1.82062,-0.720654,-1.94471,-0.376988,1.76676,-0.594025,1.17955,0.313105,1.16384,0.0323358,0.112372,0.276904,0.173359,1.84303,0.871915,-1.30925,-0.819472,-0.271119,0.144731,1.18899,1.07535,1.68402,1.67163,-0.91779,-0.253471,-1.68299,-0.374937,1.42931,0.855572,-1.19532,0.520272,0.165936,0.232665,1.22016,-2.13664,-0.259107,-0.355468,1.40288,0.156425,-1.77341,0.197625,-1.20387,0.588822,-0.249539,-1.16417,-0.716921,-0.584732,-0.301023,0.288031,-0.554189,-0.37538,-0.793547,0.151617,0.876201,1.48731,0.765548,1.16804,1.09353,1.39916,-1.21921,0.21407,-1.06286,0.200497,0.302187,0.803699,1.60807,-1.00456,0.155876,-0.0729802,-0.215636,0.245167,-0.0993526,-0.756019,0.614904,0.981196,0.33019,1.08383,-0.371126,-0.174314,0.501394,-0.332081,-1.46368,-1.62536,0.530665,-3.0212,-0.195582,-0.312005,0.0294241,-1.02844,0.394651,-1.31344,-0.786189,-1.21053,0.196302,-0.451733,-0.187619,0.565469,0.82755,0.0193487,1.92969,0.267517,-0.213106,-0.730379,-0.0067196,-0.429684,-0.761515,0.399258,-1.47628,0.940814,2.08149,0.208515,0.585206,0.194606,-0.146932,-0.66635,-0.839676,0.364721,0.156966,-1.23547,-0.279152,-2.33917,0.556464,-1.2166,-0.86628,0.55583,-2.35182,0.442402,-1.39585,0.870265,-0.443463,-547.184,-508.299,2761.5,815.011,520.894,-1882.04,-2005.36,-819.359,713.376,4167.89,684.524,-60.5022,-3825.74,-379.508,89.5438,-786.665,-2764.26,-1893.05,-1138.15,1330.48,3721.9,-4549.31,2287.66,267.703,-2638.59,-2872.07,3581.78,-691.08,1559.76,-2665.15,-3407.54,531.827,2745.55,-223.138,-3512.96,4957.76,-1430.38,-3610.6,1490.59,-2808.39,2647.86,134.514,1058.66,-2025.01,485.435,3088.29,-408.039,1755.96,-843.537,223.64,-979.537,157.066,-382.401,-1592.82,146.539,630.355,1663.4,390.568,-1767.98,-422.267,-1066.21,3073.98,426.967,1910.6,-1257.09,-400.344,-1141.72,499.265,-2604.22,-1076.11,-4120.46,-2216.12,-5824.17,-626.233,4606.2,242.817,3643.23,1542.24,2193.71,656.864,865.569,271.498,-601.193,3442.11,1343.81,-669.027,-589.169,-124.323,-568.395,1995.34,2199.27,3168.19,1360.03,-1589.59,215.181,-2315.43,-552.459,2949.46,968.289,-1405.52
-250354,0,1,0,1,1,250395,-0.384764,0.00591807,1.98251,0.65987,0.194549,-1.62464,-1.32884,-0.638008,0.776036,1.76188,-0.149657,0.116447,-1.54277,-0.0636614,0.2482,-1.00728,-1.59481,-1.01706,-0.127135,0.559175,1.40119,-1.61276,1.8305,-0.0898098,-1.26576,-1.76124,1.23195,-0.269686,1.22789,-1.59845,-1.56077,0.458786,1.996,-0.185011,-1.75004,1.38731,-0.797919,-1.56933,0.936032,-1.67351,1.35279,0.444837,1.42627,-1.3104,-0.0724454,0.89088,-0.393547,0.886616,0.0264761,-0.478673,-1.03596,0.226382,0.0675763,-1.26799,0.156639,-0.0321617,0.998724,0.212245,-0.63784,-0.775643,-0.788799,1.94885,1.21166,0.828242,-0.92643,-0.62419,-1.08532,0.0134659,-0.922084,-1.04397,-1.82062,-0.720654,-1.94471,-0.376988,1.76676,-0.594025,1.17955,0.313105,1.16384,0.0323358,0.112372,0.276904,0.173359,1.84303,0.871915,-1.30925,-0.819472,-0.271119,0.144731,1.18899,1.07535,1.68402,1.67163,-0.91779,-0.253471,-1.68299,-0.374937,1.42931,0.855572,-1.19532,1.01989,0.0990488,-0.254238,0.636473,1.31961,2.09126,-1.03086,-2.06359,-1.86613,1.09647,-0.190466,-1.042,-1.60629,-0.271585,-0.522724,-0.485254,-0.502141,-0.438613,-0.64314,0.157615,-1.19214,-0.755522,-0.484932,-1.31746,-0.743691,0.227918,-1.10464,-0.602015,-0.256476,-0.254555,-1.75009,1.09878,-0.822982,-0.00773904,0.871772,-1.16966,-0.29418,0.995694,0.864471,-0.885031,0.223878,1.11404,-1.26088,-1.33117,-0.183672,0.129094,0.213369,0.602218,-0.817534,-0.380487,0.527725,0.287923,0.413171,-0.348485,-1.13251,1.62065,0.36087,1.65179,-1.15544,-2.34836,-0.800588,0.429069,1.95478,-0.401842,-0.374292,-0.900725,0.759844,0.000353085,0.548712,0.149516,0.327473,-0.923396,-1.58532,0.945258,0.747557,-0.175728,-0.495971,0.0780991,-0.993485,-0.418571,-0.813165,1.27901,-0.28589,0.438338,0.694354,-0.016477,0.496215,-1.18653,-0.151312,-0.620286,-0.19298,-0.373493,1.28413,-0.518718,1.11083,0.0502464,0.109489,-0.360963,0.994734,-0.451721,-547.184,-508.299,2761.5,815.011,520.894,-1882.04,-2005.36,-819.359,713.376,4167.89,684.524,-60.5022,-3825.74,-379.508,89.5438,-786.665,-2764.26,-1893.05,-1138.15,1330.48,3721.9,-4549.31,2287.66,267.703,-2638.59,-2872.07,3581.78,-691.08,1559.76,-2665.15,-3407.54,531.827,2745.55,-223.138,-3512.96,4957.76,-1430.38,-3610.6,1490.59,-2808.39,2647.86,134.514,1058.66,-2025.01,485.435,3088.29,-408.039,1755.96,-843.537,223.64,-979.537,157.066,-382.401,-1592.82,146.539,630.355,1663.4,390.568,-1767.98,-422.267,-1066.21,3073.98,426.967,1910.6,-1257.09,-400.344,-1141.72,499.265,-2604.22,-1076.11,-4120.46,-2216.12,-5824.17,-626.233,4606.2,242.817,3643.23,1542.24,2193.71,656.864,865.569,271.498,-601.193,3442.11,1343.81,-669.027,-589.169,-124.323,-568.395,1995.34,2199.27,3168.19,1360.03,-1589.59,215.181,-2315.43,-552.459,2949.46,968.289,-1405.52
-250354,0,1,0,1,1,250395,-0.384764,0.00591807,1.98251,0.65987,0.194549,-1.62464,-1.32884,-0.638008,0.776036,1.76188,-0.149657,0.116447,-1.54277,-0.0636614,0.2482,-1.00728,-1.59481,-1.01706,-0.127135,0.559175,1.40119,-1.61276,1.8305,-0.0898098,-1.26576,-1.76124,1.23195,-0.269686,1.22789,-1.59845,-1.56077,0.458786,1.996,-0.185011,-1.75004,1.38731,-0.797919,-1.56933,0.936032,-1.67351,1.35279,0.444837,1.42627,-1.3104,-0.0724454,0.89088,-0.393547,0.886616,0.0264761,-0.478673,-1.03596,0.226382,0.0675763,-1.26799,0.156639,-0.0321617,0.998724,0.212245,-0.63784,-0.775643,-0.788799,1.94885,1.21166,0.828242,-0.92643,-0.62419,-1.08532,0.0134659,-0.922084,-1.04397,-1.82062,-0.720654,-1.94471,-0.376988,1.76676,-0.594025,1.17955,0.313105,1.16384,0.0323358,0.112372,0.276904,0.173359,1.84303,0.871915,-1.30925,-0.819472,-0.271119,0.144731,1.18899,1.07535,1.68402,1.67163,-0.91779,-0.253471,-1.68299,-0.374937,1.42931,0.855572,-1.19532,-1.01136,0.156977,-0.2994,0.0357073,1.40424,0.706173,-0.0245491,1.32545,0.122046,0.317221,0.141279,-1.46968,-0.0250445,0.797013,-0.507563,-1.07833,-0.4149,-0.073178,1.63821,-0.209363,-0.802117,0.126176,-1.10886,-0.232773,-1.04075,-2.25999,0.354255,-0.850442,-1.08083,-2.71582,-0.539966,0.344513,1.08196,-0.318003,-0.67402,-0.135187,-1.41917,0.0581648,0.0569799,-0.963572,0.0239342,0.896233,0.762662,-0.654147,0.310851,-0.602315,-0.0214098,-0.436503,-0.330319,-0.00745021,-0.793396,-0.409372,-1.21308,-1.88934,-1.03842,-1.33143,0.857614,-0.68277,-0.454514,0.37166,-1.34433,0.692348,-0.297754,0.247558,1.23985,1.01828,-0.463499,-0.9074,-1.12517,0.805256,-0.116505,-2.0069,1.48567,0.086207,0.912947,-0.390512,0.0277633,1.54033,-1.24511,-0.117754,0.74014,-0.974933,0.300977,-1.6103,-0.238665,0.360788,-1.01884,0.224641,0.951723,-0.674587,1.08857,1.41967,0.999771,-0.714857,-0.374786,0.753906,0.49904,-0.844483,0.285577,1.36286,-547.184,-508.299,2761.5,815.011,520.894,-1882.04,-2005.36,-819.359,713.376,4167.89,684.524,-60.5022,-3825.74,-379.508,89.5438,-786.665,-2764.26,-1893.05,-1138.15,1330.48,3721.9,-4549.31,2287.66,267.703,-2638.59,-2872.07,3581.78,-691.08,1559.76,-2665.15,-3407.54,531.827,2745.55,-223.138,-3512.96,4957.76,-1430.38,-3610.6,1490.59,-2808.39,2647.86,134.514,1058.66,-2025.01,485.435,3088.29,-408.039,1755.96,-843.537,223.64,-979.537,157.066,-382.401,-1592.82,146.539,630.355,1663.4,390.568,-1767.98,-422.267,-1066.21,3073.98,426.967,1910.6,-1257.09,-400.344,-1141.72,499.265,-2604.22,-1076.11,-4120.46,-2216.12,-5824.17,-626.233,4606.2,242.817,3643.23,1542.24,2193.71,656.864,865.569,271.498,-601.193,3442.11,1343.81,-669.027,-589.169,-124.323,-568.395,1995.34,2199.27,3168.19,1360.03,-1589.59,215.181,-2315.43,-552.459,2949.46,968.289,-1405.52
-250354,0,1,0,1,1,250411,-0.384764,0.00591807,1.98251,0.65987,0.194549,-1.62464,-1.32884,-0.638008,0.776036,1.76188,-0.149657,0.116447,-1.54277,-0.0636614,0.2482,-1.00728,-1.59481,-1.01706,-0.127135,0.559175,1.40119,-1.61276,1.8305,-0.0898098,-1.26576,-1.76124,1.23195,-0.269686,1.22789,-1.59845,-1.56077,0.458786,1.996,-0.185011,-1.75004,1.38731,-0.797919,-1.56933,0.936032,-1.67351,1.35279,0.444837,1.42627,-1.3104,-0.0724454,0.89088,-0.393547,0.886616,0.0264761,-0.478673,-1.03596,0.226382,0.0675763,-1.26799,0.156639,-0.0321617,0.998724,0.212245,-0.63784,-0.775643,-0.788799,1.94885,1.21166,0.828242,-0.92643,-0.62419,-1.08532,0.0134659,-0.922084,-1.04397,-1.82062,-0.720654,-1.94471,-0.376988,1.76676,-0.594025,1.17955,0.313105,1.16384,0.0323358,0.112372,0.276904,0.173359,1.84303,0.871915,-1.30925,-0.819472,-0.271119,0.144731,1.18899,1.07535,1.68402,1.67163,-0.91779,-0.253471,-1.68299,-0.374937,1.42931,0.855572,-1.19532,-0.569795,0.369657,-0.0544237,-0.156184,0.139459,0.879658,-0.369111,-1.95153,-0.335382,0.79569,2.81604,0.152553,-1.65303,-0.386103,-0.159659,0.465062,0.0482128,1.06919,0.204179,0.595498,1.09893,-0.469872,-0.710599,2.27412,-1.94374,-1.38001,1.68905,0.875131,-0.904368,-0.0957305,2.23517,-0.528884,-1.2641,0.421997,-1.35264,1.61597,1.32937,0.641923,-0.309528,-0.146671,-0.651243,-0.73434,-0.0749605,-0.184165,-0.241771,0.0476612,0.680791,1.13504,-0.622652,-0.0522215,-0.0940195,0.491624,0.296899,1.01496,0.1591,-0.371569,0.989891,-1.01424,-0.424581,-1.15808,-1.83642,-0.419746,1.36013,0.427273,-2.14209,-2.18237,0.294063,-0.642134,0.956327,-0.855937,-1.0386,1.59337,-1.49933,-0.726376,0.00621885,0.723357,1.28106,0.5008,-0.894143,-0.635094,-0.297665,0.238155,0.71097,1.2142,0.024145,-3.35818,-1.31763,0.510611,-0.556364,-0.821198,-1.16535,-0.112728,-0.610908,1.22099,-0.555445,0.528159,-2.3926,0.852251,-1.51818,0.528465,-547.184,-508.299,2761.5,815.011,520.894,-1882.04,-2005.36,-819.359,713.376,4167.89,684.524,-60.5022,-3825.74,-379.508,89.5438,-786.665,-2764.26,-1893.05,-1138.15,1330.48,3721.9,-4549.31,2287.66,267.703,-2638.59,-2872.07,3581.78,-691.08,1559.76,-2665.15,-3407.54,531.827,2745.55,-223.138,-3512.96,4957.76,-1430.38,-3610.6,1490.59,-2808.39,2647.86,134.514,1058.66,-2025.01,485.435,3088.29,-408.039,1755.96,-843.537,223.64,-979.537,157.066,-382.401,-1592.82,146.539,630.355,1663.4,390.568,-1767.98,-422.267,-1066.21,3073.98,426.967,1910.6,-1257.09,-400.344,-1141.72,499.265,-2604.22,-1076.11,-4120.46,-2216.12,-5824.17,-626.233,4606.2,242.817,3643.23,1542.24,2193.71,656.864,865.569,271.498,-601.193,3442.11,1343.81,-669.027,-589.169,-124.323,-568.395,1995.34,2199.27,3168.19,1360.03,-1589.59,215.181,-2315.43,-552.459,2949.46,968.289,-1405.52
-250354,0,1,0,1,1,250405,-0.384764,0.00591807,1.98251,0.65987,0.194549,-1.62464,-1.32884,-0.638008,0.776036,1.76188,-0.149657,0.116447,-1.54277,-0.0636614,0.2482,-1.00728,-1.59481,-1.01706,-0.127135,0.559175,1.40119,-1.61276,1.8305,-0.0898098,-1.26576,-1.76124,1.23195,-0.269686,1.22789,-1.59845,-1.56077,0.458786,1.996,-0.185011,-1.75004,1.38731,-0.797919,-1.56933,0.936032,-1.67351,1.35279,0.444837,1.42627,-1.3104,-0.0724454,0.89088,-0.393547,0.886616,0.0264761,-0.478673,-1.03596,0.226382,0.0675763,-1.26799,0.156639,-0.0321617,0.998724,0.212245,-0.63784,-0.775643,-0.788799,1.94885,1.21166,0.828242,-0.92643,-0.62419,-1.08532,0.0134659,-0.922084,-1.04397,-1.82062,-0.720654,-1.94471,-0.376988,1.76676,-0.594025,1.17955,0.313105,1.16384,0.0323358,0.112372,0.276904,0.173359,1.84303,0.871915,-1.30925,-0.819472,-0.271119,0.144731,1.18899,1.07535,1.68402,1.67163,-0.91779,-0.253471,-1.68299,-0.374937,1.42931,0.855572,-1.19532,0.498793,-1.43237,1.46531,0.364853,-1.4364,1.3584,-0.307887,-0.313041,1.55084,-0.295651,0.440537,0.863892,2.35884,0.119811,-1.84379,-0.379644,0.421436,-0.15418,-1.01779,-0.482257,-0.905421,-0.0464717,0.241275,-1.36227,-1.75951,1.18736,0.0302694,-1.85817,0.318748,1.3936,-0.525125,0.18553,-0.0889399,-0.641531,-0.661888,1.1536,1.28628,-1.62068,0.109463,-1.45212,0.266619,0.570395,1.20762,-0.512664,-0.627705,1.61032,0.0370127,0.527459,0.171874,-0.657603,0.380871,1.2667,1.851,-0.0944531,0.576423,-0.671184,-0.402201,-0.0362245,-0.00634399,-0.687262,0.688471,-0.470343,0.82063,1.86497,-0.594278,1.50093,0.247582,-1.33294,-0.436292,-0.1509,1.78434,0.00321412,0.713675,-0.204583,-0.865021,0.965951,-0.0585777,-0.0213805,-0.494284,-0.14747,-0.8461,-1.3849,-0.164107,0.377644,0.246876,-0.569226,0.700527,3.1226,-0.00697197,-0.786023,-1.52919,0.400069,0.594472,-1.77588,2.36076,-0.339085,-1.28538,0.363926,-0.136769,-1.5096,-547.184,-508.299,2761.5,815.011,520.894,-1882.04,-2005.36,-819.359,713.376,4167.89,684.524,-60.5022,-3825.74,-379.508,89.5438,-786.665,-2764.26,-1893.05,-1138.15,1330.48,3721.9,-4549.31,2287.66,267.703,-2638.59,-2872.07,3581.78,-691.08,1559.76,-2665.15,-3407.54,531.827,2745.55,-223.138,-3512.96,4957.76,-1430.38,-3610.6,1490.59,-2808.39,2647.86,134.514,1058.66,-2025.01,485.435,3088.29,-408.039,1755.96,-843.537,223.64,-979.537,157.066,-382.401,-1592.82,146.539,630.355,1663.4,390.568,-1767.98,-422.267,-1066.21,3073.98,426.967,1910.6,-1257.09,-400.344,-1141.72,499.265,-2604.22,-1076.11,-4120.46,-2216.12,-5824.17,-626.233,4606.2,242.817,3643.23,1542.24,2193.71,656.864,865.569,271.498,-601.193,3442.11,1343.81,-669.027,-589.169,-124.323,-568.395,1995.34,2199.27,3168.19,1360.03,-1589.59,215.181,-2315.43,-552.459,2949.46,968.289,-1405.52
-250354,0,1,0,1,1,250401,-0.384764,0.00591807,1.98251,0.65987,0.194549,-1.62464,-1.32884,-0.638008,0.776036,1.76188,-0.149657,0.116447,-1.54277,-0.0636614,0.2482,-1.00728,-1.59481,-1.01706,-0.127135,0.559175,1.40119,-1.61276,1.8305,-0.0898098,-1.26576,-1.76124,1.23195,-0.269686,1.22789,-1.59845,-1.56077,0.458786,1.996,-0.185011,-1.75004,1.38731,-0.797919,-1.56933,0.936032,-1.67351,1.35279,0.444837,1.42627,-1.3104,-0.0724454,0.89088,-0.393547,0.886616,0.0264761,-0.478673,-1.03596,0.226382,0.0675763,-1.26799,0.156639,-0.0321617,0.998724,0.212245,-0.63784,-0.775643,-0.788799,1.94885,1.21166,0.828242,-0.92643,-0.62419,-1.08532,0.0134659,-0.922084,-1.04397,-1.82062,-0.720654,-1.94471,-0.376988,1.76676,-0.594025,1.17955,0.313105,1.16384,0.0323358,0.112372,0.276904,0.173359,1.84303,0.871915,-1.30925,-0.819472,-0.271119,0.144731,1.18899,1.07535,1.68402,1.67163,-0.91779,-0.253471,-1.68299,-0.374937,1.42931,0.855572,-1.19532,-0.547587,1.06454,-0.237043,-0.946594,-0.78257,-0.787421,1.13682,-0.76401,1.1972,1.35361,-1.18928,-0.0623839,-1.55234,0.902522,-0.825477,0.209815,-0.918524,-0.168677,1.79127,-1.25781,0.607694,-0.56951,-0.669524,-0.67995,2.36912,0.569176,0.771889,1.21534,-0.253926,0.610671,0.664131,-0.579144,0.214044,0.885552,0.0590482,1.5442,-0.118345,0.249906,-0.213699,-1.10459,-0.476573,-1.93585,-0.265465,-0.174464,0.395092,2.04105,0.254206,-1.02271,0.110698,0.692987,-0.437023,-0.494045,0.00738446,0.61101,0.997943,0.857631,-1.58709,-0.560411,-0.218265,-1.66075,-0.747872,-0.366931,-1.65479,0.558056,0.926006,1.0292,-1.33283,-0.470028,-0.499212,1.46829,1.36929,0.0810133,-0.98092,-1.34625,-0.66844,0.289574,1.4898,0.510563,-1.47311,-0.424103,0.0967263,1.15785,-0.246168,-0.342774,-0.748836,2.34536,0.999716,1.74024,-1.29966,0.0222929,-0.918547,0.985666,0.0715914,0.0456712,0.123897,0.732929,1.59974,0.454738,0.371725,-1.18909,-547.184,-508.299,2761.5,815.011,520.894,-1882.04,-2005.36,-819.359,713.376,4167.89,684.524,-60.5022,-3825.74,-379.508,89.5438,-786.665,-2764.26,-1893.05,-1138.15,1330.48,3721.9,-4549.31,2287.66,267.703,-2638.59,-2872.07,3581.78,-691.08,1559.76,-2665.15,-3407.54,531.827,2745.55,-223.138,-3512.96,4957.76,-1430.38,-3610.6,1490.59,-2808.39,2647.86,134.514,1058.66,-2025.01,485.435,3088.29,-408.039,1755.96,-843.537,223.64,-979.537,157.066,-382.401,-1592.82,146.539,630.355,1663.4,390.568,-1767.98,-422.267,-1066.21,3073.98,426.967,1910.6,-1257.09,-400.344,-1141.72,499.265,-2604.22,-1076.11,-4120.46,-2216.12,-5824.17,-626.233,4606.2,242.817,3643.23,1542.24,2193.71,656.864,865.569,271.498,-601.193,3442.11,1343.81,-669.027,-589.169,-124.323,-568.395,1995.34,2199.27,3168.19,1360.03,-1589.59,215.181,-2315.43,-552.459,2949.46,968.289,-1405.52
-250354,0,1,0,1,1,250403,-0.384764,0.00591807,1.98251,0.65987,0.194549,-1.62464,-1.32884,-0.638008,0.776036,1.76188,-0.149657,0.116447,-1.54277,-0.0636614,0.2482,-1.00728,-1.59481,-1.01706,-0.127135,0.559175,1.40119,-1.61276,1.8305,-0.0898098,-1.26576,-1.76124,1.23195,-0.269686,1.22789,-1.59845,-1.56077,0.458786,1.996,-0.185011,-1.75004,1.38731,-0.797919,-1.56933,0.936032,-1.67351,1.35279,0.444837,1.42627,-1.3104,-0.0724454,0.89088,-0.393547,0.886616,0.0264761,-0.478673,-1.03596,0.226382,0.0675763,-1.26799,0.156639,-0.0321617,0.998724,0.212245,-0.63784,-0.775643,-0.788799,1.94885,1.21166,0.828242,-0.92643,-0.62419,-1.08532,0.0134659,-0.922084,-1.04397,-1.82062,-0.720654,-1.94471,-0.376988,1.76676,-0.594025,1.17955,0.313105,1.16384,0.0323358,0.112372,0.276904,0.173359,1.84303,0.871915,-1.30925,-0.819472,-0.271119,0.144731,1.18899,1.07535,1.68402,1.67163,-0.91779,-0.253471,-1.68299,-0.374937,1.42931,0.855572,-1.19532,1.58654,1.26138,-1.72194,-0.274592,0.643491,-0.0112312,0.186588,-0.161326,-0.652879,0.900469,-0.204664,3.01415,0.704272,-1.51138,1.18119,-0.827013,0.145782,0.897651,-2.30757,-0.49434,0.167996,-0.00817132,0.945875,-1.30663,0.188867,1.34943,-1.07789,-0.302123,1.18725,-0.387483,-0.346346,0.851954,0.684,-1.31032,-0.425226,-0.00460961,-1.91264,0.518794,1.34502,0.224812,0.567192,0.380897,0.835903,0.36587,-1.52389,-1.51651,0.662348,2.47655,1.14848,0.102632,0.099716,-1.64732,0.96917,-0.150451,-0.442448,1.43915,0.864131,-0.810215,1.50681,-0.538015,-0.60119,1.70927,0.7436,0.263438,-0.657821,-0.647693,0.368376,-0.516412,-0.330615,-0.827707,1.30331,-0.151,-0.789379,0.0708276,1.30121,-0.180615,0.278743,-1.83803,0.146855,-1.37719,-0.345808,-0.623942,0.482546,-0.904199,-0.371905,-1.37235,0.0347643,1.27716,-0.419602,-0.164572,-0.108567,1.68178,0.115423,1.04434,-1.22889,1.11831,-0.34557,-0.580201,0.459015,0.29166,-547.184,-508.299,2761.5,815.011,520.894,-1882.04,-2005.36,-819.359,713.376,4167.89,684.524,-60.5022,-3825.74,-379.508,89.5438,-786.665,-2764.26,-1893.05,-1138.15,1330.48,3721.9,-4549.31,2287.66,267.703,-2638.59,-2872.07,3581.78,-691.08,1559.76,-2665.15,-3407.54,531.827,2745.55,-223.138,-3512.96,4957.76,-1430.38,-3610.6,1490.59,-2808.39,2647.86,134.514,1058.66,-2025.01,485.435,3088.29,-408.039,1755.96,-843.537,223.64,-979.537,157.066,-382.401,-1592.82,146.539,630.355,1663.4,390.568,-1767.98,-422.267,-1066.21,3073.98,426.967,1910.6,-1257.09,-400.344,-1141.72,499.265,-2604.22,-1076.11,-4120.46,-2216.12,-5824.17,-626.233,4606.2,242.817,3643.23,1542.24,2193.71,656.864,865.569,271.498,-601.193,3442.11,1343.81,-669.027,-589.169,-124.323,-568.395,1995.34,2199.27,3168.19,1360.03,-1589.59,215.181,-2315.43,-552.459,2949.46,968.289,-1405.52
-250354,0,1,0,1,1,250413,-0.384764,0.00591807,1.98251,0.65987,0.194549,-1.62464,-1.32884,-0.638008,0.776036,1.76188,-0.149657,0.116447,-1.54277,-0.0636614,0.2482,-1.00728,-1.59481,-1.01706,-0.127135,0.559175,1.40119,-1.61276,1.8305,-0.0898098,-1.26576,-1.76124,1.23195,-0.269686,1.22789,-1.59845,-1.56077,0.458786,1.996,-0.185011,-1.75004,1.38731,-0.797919,-1.56933,0.936032,-1.67351,1.35279,0.444837,1.42627,-1.3104,-0.0724454,0.89088,-0.393547,0.886616,0.0264761,-0.478673,-1.03596,0.226382,0.0675763,-1.26799,0.156639,-0.0321617,0.998724,0.212245,-0.63784,-0.775643,-0.788799,1.94885,1.21166,0.828242,-0.92643,-0.62419,-1.08532,0.0134659,-0.922084,-1.04397,-1.82062,-0.720654,-1.94471,-0.376988,1.76676,-0.594025,1.17955,0.313105,1.16384,0.0323358,0.112372,0.276904,0.173359,1.84303,0.871915,-1.30925,-0.819472,-0.271119,0.144731,1.18899,1.07535,1.68402,1.67163,-0.91779,-0.253471,-1.68299,-0.374937,1.42931,0.855572,-1.19532,1.34812,1.87718,-0.525208,-0.0120687,-0.167189,0.125677,3.16282,-0.937832,-0.982753,0.886971,-1.23756,-1.4505,0.919338,-1.82263,-1.15907,1.00986,-0.577465,-0.481172,-0.0860633,0.809246,-0.109052,-1.19054,-0.310945,-1.65196,-1.02556,0.622793,0.0697723,1.66489,1.17128,-0.287176,0.669618,-0.31849,0.416542,1.54779,1.68997,-0.53685,0.329735,0.365434,1.14021,0.685497,-2.16416,0.300278,-0.556214,0.681458,0.562099,0.659533,-1.67893,0.208018,-1.66458,-1.67879,-1.50337,0.197466,0.404566,-0.734769,-0.311985,0.125375,-0.386296,0.370718,-0.902533,1.35551,1.05867,-1.31644,-3.22323,-0.128537,1.27903,0.0939632,-0.77398,0.928317,0.37688,-0.090064,0.965514,-1.98485,-0.131892,1.59203,-1.40412,-0.574273,2.0005,-0.345403,-0.617289,0.781084,-0.320503,-0.734126,-0.445745,0.687224,0.303664,-0.525081,-0.241702,0.282346,1.69623,-1.59365,-0.851181,-0.11565,-1.04803,-1.02136,-0.132129,0.901513,0.352846,-1.19362,-1.32354,2.05996,-547.184,-508.299,2761.5,815.011,520.894,-1882.04,-2005.36,-819.359,713.376,4167.89,684.524,-60.5022,-3825.74,-379.508,89.5438,-786.665,-2764.26,-1893.05,-1138.15,1330.48,3721.9,-4549.31,2287.66,267.703,-2638.59,-2872.07,3581.78,-691.08,1559.76,-2665.15,-3407.54,531.827,2745.55,-223.138,-3512.96,4957.76,-1430.38,-3610.6,1490.59,-2808.39,2647.86,134.514,1058.66,-2025.01,485.435,3088.29,-408.039,1755.96,-843.537,223.64,-979.537,157.066,-382.401,-1592.82,146.539,630.355,1663.4,390.568,-1767.98,-422.267,-1066.21,3073.98,426.967,1910.6,-1257.09,-400.344,-1141.72,499.265,-2604.22,-1076.11,-4120.46,-2216.12,-5824.17,-626.233,4606.2,242.817,3643.23,1542.24,2193.71,656.864,865.569,271.498,-601.193,3442.11,1343.81,-669.027,-589.169,-124.323,-568.395,1995.34,2199.27,3168.19,1360.03,-1589.59,215.181,-2315.43,-552.459,2949.46,968.289,-1405.52
-250354,0,1,0,1,1,250415,-0.384764,0.00591807,1.98251,0.65987,0.194549,-1.62464,-1.32884,-0.638008,0.776036,1.76188,-0.149657,0.116447,-1.54277,-0.0636614,0.2482,-1.00728,-1.59481,-1.01706,-0.127135,0.559175,1.40119,-1.61276,1.8305,-0.0898098,-1.26576,-1.76124,1.23195,-0.269686,1.22789,-1.59845,-1.56077,0.458786,1.996,-0.185011,-1.75004,1.38731,-0.797919,-1.56933,0.936032,-1.67351,1.35279,0.444837,1.42627,-1.3104,-0.0724454,0.89088,-0.393547,0.886616,0.0264761,-0.478673,-1.03596,0.226382,0.0675763,-1.26799,0.156639,-0.0321617,0.998724,0.212245,-0.63784,-0.775643,-0.788799,1.94885,1.21166,0.828242,-0.92643,-0.62419,-1.08532,0.0134659,-0.922084,-1.04397,-1.82062,-0.720654,-1.94471,-0.376988,1.76676,-0.594025,1.17955,0.313105,1.16384,0.0323358,0.112372,0.276904,0.173359,1.84303,0.871915,-1.30925,-0.819472,-0.271119,0.144731,1.18899,1.07535,1.68402,1.67163,-0.91779,-0.253471,-1.68299,-0.374937,1.42931,0.855572,-1.19532,0.416662,-0.574987,-0.505716,1.67776,-0.231616,0.146674,2.38918,1.79283,-0.742309,-1.12214,-0.668221,-0.694929,0.623589,0.447258,-1.8398,0.616423,-0.679096,-1.63696,0.435851,0.77571,-0.917356,-2.75632,0.285933,-0.063535,0.280436,1.57804,-0.156969,0.604317,-0.249497,-1.79333,1.75553,-0.457096,0.953357,-0.492521,1.71776,1.02655,0.774004,1.43155,2.18843,0.751116,1.40901,0.612489,1.19884,-1.36994,-0.531556,0.828334,-0.927801,-2.0013,1.41598,-0.750318,1.05264,0.824395,0.121795,-1.30926,0.0651227,1.82572,0.49264,-0.726016,1.03922,-0.0348267,0.903237,-0.0656343,0.751302,-1.3858,1.95337,-1.65552,-0.294226,1.86186,-0.221797,-2.03863,1.48517,-1.15243,-0.815871,0.328301,-1.0104,-1.39794,0.0682695,-0.207718,0.549141,-0.902898,-0.657013,-0.214036,-0.722712,-0.765052,0.65768,0.461852,-1.52734,0.899776,0.610703,0.329299,-1.83609,-0.0462584,1.14651,-0.343178,0.037671,0.0816842,0.709061,-0.542032,0.597186,2.63919,-547.184,-508.299,2761.5,815.011,520.894,-1882.04,-2005.36,-819.359,713.376,4167.89,684.524,-60.5022,-3825.74,-379.508,89.5438,-786.665,-2764.26,-1893.05,-1138.15,1330.48,3721.9,-4549.31,2287.66,267.703,-2638.59,-2872.07,3581.78,-691.08,1559.76,-2665.15,-3407.54,531.827,2745.55,-223.138,-3512.96,4957.76,-1430.38,-3610.6,1490.59,-2808.39,2647.86,134.514,1058.66,-2025.01,485.435,3088.29,-408.039,1755.96,-843.537,223.64,-979.537,157.066,-382.401,-1592.82,146.539,630.355,1663.4,390.568,-1767.98,-422.267,-1066.21,3073.98,426.967,1910.6,-1257.09,-400.344,-1141.72,499.265,-2604.22,-1076.11,-4120.46,-2216.12,-5824.17,-626.233,4606.2,242.817,3643.23,1542.24,2193.71,656.864,865.569,271.498,-601.193,3442.11,1343.81,-669.027,-589.169,-124.323,-568.395,1995.34,2199.27,3168.19,1360.03,-1589.59,215.181,-2315.43,-552.459,2949.46,968.289,-1405.52
-250354,0,1,0,1,1,250399,-0.384764,0.00591807,1.98251,0.65987,0.194549,-1.62464,-1.32884,-0.638008,0.776036,1.76188,-0.149657,0.116447,-1.54277,-0.0636614,0.2482,-1.00728,-1.59481,-1.01706,-0.127135,0.559175,1.40119,-1.61276,1.8305,-0.0898098,-1.26576,-1.76124,1.23195,-0.269686,1.22789,-1.59845,-1.56077,0.458786,1.996,-0.185011,-1.75004,1.38731,-0.797919,-1.56933,0.936032,-1.67351,1.35279,0.444837,1.42627,-1.3104,-0.0724454,0.89088,-0.393547,0.886616,0.0264761,-0.478673,-1.03596,0.226382,0.0675763,-1.26799,0.156639,-0.0321617,0.998724,0.212245,-0.63784,-0.775643,-0.788799,1.94885,1.21166,0.828242,-0.92643,-0.62419,-1.08532,0.0134659,-0.922084,-1.04397,-1.82062,-0.720654,-1.94471,-0.376988,1.76676,-0.594025,1.17955,0.313105,1.16384,0.0323358,0.112372,0.276904,0.173359,1.84303,0.871915,-1.30925,-0.819472,-0.271119,0.144731,1.18899,1.07535,1.68402,1.67163,-0.91779,-0.253471,-1.68299,-0.374937,1.42931,0.855572,-1.19532,0.434738,-0.139895,-0.83285,0.53294,0.971626,-0.0401583,-0.761266,-0.188992,-0.684171,0.192133,0.377628,-0.628476,0.216683,-1.33019,1.11617,1.11818,0.96541,0.885061,-1.09479,-0.268016,0.887791,-1.90964,-0.448242,-1.42911,-0.136685,-0.214944,-0.0555926,0.968152,0.14905,0.659251,1.12735,0.431059,1.98883,-0.673016,-0.719624,-0.0213386,-0.429112,-0.397242,-0.269271,-1.50031,0.977606,0.632192,0.606673,-0.69777,1.99613,1.02216,-1.21484,-2.08893,0.0434124,0.653198,0.241294,1.44563,0.10022,0.386765,-0.246857,-2.899,1.41348,-0.632321,-0.798551,0.342455,-0.290071,0.276847,1.29527,0.975748,0.910356,-0.861978,0.584336,-1.14481,0.618231,0.559958,-1.10229,0.185112,0.0878096,-0.894777,0.899887,-0.246766,-0.179404,-1.02922,0.742082,-1.97556,0.430738,1.39422,0.153685,-1.36776,-0.964278,0.180477,-0.636471,0.19874,-1.12672,-1.22913,-1.57299,0.376829,-1.81054,-1.22083,-0.217918,1.15553,-0.282659,0.917036,-0.0611208,0.520259,-547.184,-508.299,2761.5,815.011,520.894,-1882.04,-2005.36,-819.359,713.376,4167.89,684.524,-60.5022,-3825.74,-379.508,89.5438,-786.665,-2764.26,-1893.05,-1138.15,1330.48,3721.9,-4549.31,2287.66,267.703,-2638.59,-2872.07,3581.78,-691.08,1559.76,-2665.15,-3407.54,531.827,2745.55,-223.138,-3512.96,4957.76,-1430.38,-3610.6,1490.59,-2808.39,2647.86,134.514,1058.66,-2025.01,485.435,3088.29,-408.039,1755.96,-843.537,223.64,-979.537,157.066,-382.401,-1592.82,146.539,630.355,1663.4,390.568,-1767.98,-422.267,-1066.21,3073.98,426.967,1910.6,-1257.09,-400.344,-1141.72,499.265,-2604.22,-1076.11,-4120.46,-2216.12,-5824.17,-626.233,4606.2,242.817,3643.23,1542.24,2193.71,656.864,865.569,271.498,-601.193,3442.11,1343.81,-669.027,-589.169,-124.323,-568.395,1995.34,2199.27,3168.19,1360.03,-1589.59,215.181,-2315.43,-552.459,2949.46,968.289,-1405.52
-250354,0,1,0,1,1,250400,-0.384764,0.00591807,1.98251,0.65987,0.194549,-1.62464,-1.32884,-0.638008,0.776036,1.76188,-0.149657,0.116447,-1.54277,-0.0636614,0.2482,-1.00728,-1.59481,-1.01706,-0.127135,0.559175,1.40119,-1.61276,1.8305,-0.0898098,-1.26576,-1.76124,1.23195,-0.269686,1.22789,-1.59845,-1.56077,0.458786,1.996,-0.185011,-1.75004,1.38731,-0.797919,-1.56933,0.936032,-1.67351,1.35279,0.444837,1.42627,-1.3104,-0.0724454,0.89088,-0.393547,0.886616,0.0264761,-0.478673,-1.03596,0.226382,0.0675763,-1.26799,0.156639,-0.0321617,0.998724,0.212245,-0.63784,-0.775643,-0.788799,1.94885,1.21166,0.828242,-0.92643,-0.62419,-1.08532,0.0134659,-0.922084,-1.04397,-1.82062,-0.720654,-1.94471,-0.376988,1.76676,-0.594025,1.17955,0.313105,1.16384,0.0323358,0.112372,0.276904,0.173359,1.84303,0.871915,-1.30925,-0.819472,-0.271119,0.144731,1.18899,1.07535,1.68402,1.67163,-0.91779,-0.253471,-1.68299,-0.374937,1.42931,0.855572,-1.19532,-1.02491,-0.338448,-1.35066,-1.36103,0.324817,-0.862703,-0.60238,-0.134766,1.63745,-2.07188,0.788795,0.805652,0.518481,-0.96422,-0.421836,0.416738,0.736925,-1.3541,-1.31415,-1.4784,-0.378355,-0.0760285,-0.403604,1.21738,-0.0861023,1.06907,-1.69619,-0.796887,-0.0206297,-0.494114,-0.155717,-1.28954,-0.163015,-0.835987,2.5589,0.335757,1.22386,-1.6282,0.268598,-0.375178,0.552022,-1.39717,-1.13643,-1.42297,0.826922,0.409164,1.93841,-1.32727,-1.8695,-0.548812,-0.238307,-0.624931,0.975797,-0.168064,2.03949,1.01501,0.215631,0.0184122,0.602497,0.00645389,0.368832,0.00922166,-1.21655,0.504226,1.36765,1.11704,-0.49058,0.67027,0.669803,0.236892,1.72676,1.23289,0.152301,0.401985,-0.0763043,-0.305115,-1.1863,1.18826,-0.462361,-0.518435,-0.00602637,0.530929,-0.317705,-0.387922,1.61029,-0.339933,-0.365931,-1.10249,1.05553,-0.915383,0.274973,-0.0991747,-0.771041,-1.37582,-0.43447,0.544899,-0.13944,1.00983,0.644902,1.29035,-547.184,-508.299,2761.5,815.011,520.894,-1882.04,-2005.36,-819.359,713.376,4167.89,684.524,-60.5022,-3825.74,-379.508,89.5438,-786.665,-2764.26,-1893.05,-1138.15,1330.48,3721.9,-4549.31,2287.66,267.703,-2638.59,-2872.07,3581.78,-691.08,1559.76,-2665.15,-3407.54,531.827,2745.55,-223.138,-3512.96,4957.76,-1430.38,-3610.6,1490.59,-2808.39,2647.86,134.514,1058.66,-2025.01,485.435,3088.29,-408.039,1755.96,-843.537,223.64,-979.537,157.066,-382.401,-1592.82,146.539,630.355,1663.4,390.568,-1767.98,-422.267,-1066.21,3073.98,426.967,1910.6,-1257.09,-400.344,-1141.72,499.265,-2604.22,-1076.11,-4120.46,-2216.12,-5824.17,-626.233,4606.2,242.817,3643.23,1542.24,2193.71,656.864,865.569,271.498,-601.193,3442.11,1343.81,-669.027,-589.169,-124.323,-568.395,1995.34,2199.27,3168.19,1360.03,-1589.59,215.181,-2315.43,-552.459,2949.46,968.289,-1405.52
-250354,0,1,0,1,1,250402,-0.384764,0.00591807,1.98251,0.65987,0.194549,-1.62464,-1.32884,-0.638008,0.776036,1.76188,-0.149657,0.116447,-1.54277,-0.0636614,0.2482,-1.00728,-1.59481,-1.01706,-0.127135,0.559175,1.40119,-1.61276,1.8305,-0.0898098,-1.26576,-1.76124,1.23195,-0.269686,1.22789,-1.59845,-1.56077,0.458786,1.996,-0.185011,-1.75004,1.38731,-0.797919,-1.56933,0.936032,-1.67351,1.35279,0.444837,1.42627,-1.3104,-0.0724454,0.89088,-0.393547,0.886616,0.0264761,-0.478673,-1.03596,0.226382,0.0675763,-1.26799,0.156639,-0.0321617,0.998724,0.212245,-0.63784,-0.775643,-0.788799,1.94885,1.21166,0.828242,-0.92643,-0.62419,-1.08532,0.0134659,-0.922084,-1.04397,-1.82062,-0.720654,-1.94471,-0.376988,1.76676,-0.594025,1.17955,0.313105,1.16384,0.0323358,0.112372,0.276904,0.173359,1.84303,0.871915,-1.30925,-0.819472,-0.271119,0.144731,1.18899,1.07535,1.68402,1.67163,-0.91779,-0.253471,-1.68299,-0.374937,1.42931,0.855572,-1.19532,-0.924664,0.4697,-1.4364,0.0430591,-0.0588836,0.692561,1.22865,1.62549,-0.185307,-1.80728,0.972644,2.08836,-0.225596,-0.330329,2.2845,0.174221,-0.747791,1.48752,-0.639748,-1.01033,0.0101841,2.2936,-1.18736,-0.835728,-0.592979,-0.544725,0.325759,0.931234,1.28376,0.0830911,0.939918,0.564456,0.497602,0.505174,1.26152,-0.424874,-1.76347,-1.54543,0.0966227,0.0940402,0.680934,-0.856593,0.655419,0.101212,-2.10604,1.01863,0.634664,1.58969,0.691529,-1.03353,0.716374,1.78199,-0.607485,0.584455,-0.598242,-0.0404667,0.343419,-1.08312,-0.909344,-1.51662,0.519081,0.0586111,0.192184,0.497582,0.240243,0.0490988,-0.111669,0.406656,2.2655,0.967003,0.3251,-0.582771,1.53031,-0.610184,0.839739,-1.29463,-0.470922,-0.612699,-0.662225,-0.471178,-0.569562,1.05987,-1.11774,0.628342,-0.770447,-1.05055,-0.297244,0.894831,-0.558678,-1.09913,-0.32895,-0.325226,0.434159,-0.0543053,0.0379883,1.53963,-0.742434,-2.08311,-0.96807,0.0040153,-547.184,-508.299,2761.5,815.011,520.894,-1882.04,-2005.36,-819.359,713.376,4167.89,684.524,-60.5022,-3825.74,-379.508,89.5438,-786.665,-2764.26,-1893.05,-1138.15,1330.48,3721.9,-4549.31,2287.66,267.703,-2638.59,-2872.07,3581.78,-691.08,1559.76,-2665.15,-3407.54,531.827,2745.55,-223.138,-3512.96,4957.76,-1430.38,-3610.6,1490.59,-2808.39,2647.86,134.514,1058.66,-2025.01,485.435,3088.29,-408.039,1755.96,-843.537,223.64,-979.537,157.066,-382.401,-1592.82,146.539,630.355,1663.4,390.568,-1767.98,-422.267,-1066.21,3073.98,426.967,1910.6,-1257.09,-400.344,-1141.72,499.265,-2604.22,-1076.11,-4120.46,-2216.12,-5824.17,-626.233,4606.2,242.817,3643.23,1542.24,2193.71,656.864,865.569,271.498,-601.193,3442.11,1343.81,-669.027,-589.169,-124.323,-568.395,1995.34,2199.27,3168.19,1360.03,-1589.59,215.181,-2315.43,-552.459,2949.46,968.289,-1405.52
-250354,0,1,0,1,1,250403,-0.384764,0.00591807,1.98251,0.65987,0.194549,-1.62464,-1.32884,-0.638008,0.776036,1.76188,-0.149657,0.116447,-1.54277,-0.0636614,0.2482,-1.00728,-1.59481,-1.01706,-0.127135,0.559175,1.40119,-1.61276,1.8305,-0.0898098,-1.26576,-1.76124,1.23195,-0.269686,1.22789,-1.59845,-1.56077,0.458786,1.996,-0.185011,-1.75004,1.38731,-0.797919,-1.56933,0.936032,-1.67351,1.35279,0.444837,1.42627,-1.3104,-0.0724454,0.89088,-0.393547,0.886616,0.0264761,-0.478673,-1.03596,0.226382,0.0675763,-1.26799,0.156639,-0.0321617,0.998724,0.212245,-0.63784,-0.775643,-0.788799,1.94885,1.21166,0.828242,-0.92643,-0.62419,-1.08532,0.0134659,-0.922084,-1.04397,-1.82062,-0.720654,-1.94471,-0.376988,1.76676,-0.594025,1.17955,0.313105,1.16384,0.0323358,0.112372,0.276904,0.173359,1.84303,0.871915,-1.30925,-0.819472,-0.271119,0.144731,1.18899,1.07535,1.68402,1.67163,-0.91779,-0.253471,-1.68299,-0.374937,1.42931,0.855572,-1.19532,1.39215,-1.3158,-2.24822,-0.294071,0.578253,-0.365986,-0.180641,-1.03306,-0.293811,-0.865635,2.2723,0.0871631,0.729195,0.0774584,0.908858,1.14964,-0.775569,-0.996552,-0.894761,-0.124341,0.804645,1.37099,-0.668966,-0.241771,-0.807061,-1.62417,-0.163259,0.86966,-0.612584,1.12481,0.624216,-0.410237,-1.28081,0.164248,-0.666923,0.624409,-0.531751,-1.77603,0.535981,-0.411356,-2.07376,-1.05312,1.32965,-0.873079,1.07472,-0.0528961,0.926359,-0.00446689,1.29363,-1.56218,0.112876,-0.31455,0.506717,-1.86074,-0.610711,0.667816,-1.10191,-0.0112271,-0.776285,-0.303287,-0.0602552,-0.146623,1.97408,-0.792534,0.294855,-1.67894,-1.25367,-0.134208,-1.10524,1.45424,-0.0192758,0.572845,-1.39211,-2.54901,-1.13257,1.04135,-1.04683,-0.0157512,0.949263,-0.00525319,-0.157462,0.00247652,0.197901,0.749146,0.0416071,0.512835,-0.409955,0.564461,0.95834,-1.87235,0.520014,0.62724,-0.769243,-1.57778,1.41817,0.690613,-0.419757,-1.6257,-0.152518,-0.224696,-547.184,-508.299,2761.5,815.011,520.894,-1882.04,-2005.36,-819.359,713.376,4167.89,684.524,-60.5022,-3825.74,-379.508,89.5438,-786.665,-2764.26,-1893.05,-1138.15,1330.48,3721.9,-4549.31,2287.66,267.703,-2638.59,-2872.07,3581.78,-691.08,1559.76,-2665.15,-3407.54,531.827,2745.55,-223.138,-3512.96,4957.76,-1430.38,-3610.6,1490.59,-2808.39,2647.86,134.514,1058.66,-2025.01,485.435,3088.29,-408.039,1755.96,-843.537,223.64,-979.537,157.066,-382.401,-1592.82,146.539,630.355,1663.4,390.568,-1767.98,-422.267,-1066.21,3073.98,426.967,1910.6,-1257.09,-400.344,-1141.72,499.265,-2604.22,-1076.11,-4120.46,-2216.12,-5824.17,-626.233,4606.2,242.817,3643.23,1542.24,2193.71,656.864,865.569,271.498,-601.193,3442.11,1343.81,-669.027,-589.169,-124.323,-568.395,1995.34,2199.27,3168.19,1360.03,-1589.59,215.181,-2315.43,-552.459,2949.46,968.289,-1405.52
-250354,0,1,0,1,1,250407,-0.384764,0.00591807,1.98251,0.65987,0.194549,-1.62464,-1.32884,-0.638008,0.776036,1.76188,-0.149657,0.116447,-1.54277,-0.0636614,0.2482,-1.00728,-1.59481,-1.01706,-0.127135,0.559175,1.40119,-1.61276,1.8305,-0.0898098,-1.26576,-1.76124,1.23195,-0.269686,1.22789,-1.59845,-1.56077,0.458786,1.996,-0.185011,-1.75004,1.38731,-0.797919,-1.56933,0.936032,-1.67351,1.35279,0.444837,1.42627,-1.3104,-0.0724454,0.89088,-0.393547,0.886616,0.0264761,-0.478673,-1.03596,0.226382,0.0675763,-1.26799,0.156639,-0.0321617,0.998724,0.212245,-0.63784,-0.775643,-0.788799,1.94885,1.21166,0.828242,-0.92643,-0.62419,-1.08532,0.0134659,-0.922084,-1.04397,-1.82062,-0.720654,-1.94471,-0.376988,1.76676,-0.594025,1.17955,0.313105,1.16384,0.0323358,0.112372,0.276904,0.173359,1.84303,0.871915,-1.30925,-0.819472,-0.271119,0.144731,1.18899,1.07535,1.68402,1.67163,-0.91779,-0.253471,-1.68299,-0.374937,1.42931,0.855572,-1.19532,1.15618,1.23112,-0.700194,0.723398,1.54119,-0.0400623,1.45433,-1.49935,-2.04493,-0.673527,-1.10272,-0.788257,0.0926791,0.379406,0.190552,-1.11161,-1.22652,0.945385,0.389417,-0.339306,0.173972,0.955786,-0.399913,-0.128162,0.877814,2.09825,-0.753837,0.622837,-0.162288,0.0300483,1.08379,1.53876,1.8452,-0.825333,-0.180031,0.994908,-0.624036,-0.842499,-0.939377,-0.0681817,-0.783326,1.52835,0.763436,1.5303,-0.840166,0.933992,0.9529,-1.51046,-1.21607,-1.0472,-0.191256,0.0811667,-0.390343,1.40444,0.196797,0.278711,-0.27967,-0.631459,1.19827,-0.833042,0.303522,-0.692134,1.21401,-0.0740967,0.842168,1.1644,-0.244668,-1.6154,1.40753,-0.600525,-0.315406,-0.416358,0.794692,-0.982022,0.925668,-0.231277,1.56651,0.599859,0.411578,0.140936,-0.128608,-0.401048,-2.1351,1.04406,1.68882,1.1861,-0.992918,-1.23853,2.19206,-0.377136,-1.05064,0.153576,-0.475019,-1.29564,-2.58523,1.42721,-1.59379,0.0144126,0.68418,1.06904,-547.184,-508.299,2761.5,815.011,520.894,-1882.04,-2005.36,-819.359,713.376,4167.89,684.524,-60.5022,-3825.74,-379.508,89.5438,-786.665,-2764.26,-1893.05,-1138.15,1330.48,3721.9,-4549.31,2287.66,267.703,-2638.59,-2872.07,3581.78,-691.08,1559.76,-2665.15,-3407.54,531.827,2745.55,-223.138,-3512.96,4957.76,-1430.38,-3610.6,1490.59,-2808.39,2647.86,134.514,1058.66,-2025.01,485.435,3088.29,-408.039,1755.96,-843.537,223.64,-979.537,157.066,-382.401,-1592.82,146.539,630.355,1663.4,390.568,-1767.98,-422.267,-1066.21,3073.98,426.967,1910.6,-1257.09,-400.344,-1141.72,499.265,-2604.22,-1076.11,-4120.46,-2216.12,-5824.17,-626.233,4606.2,242.817,3643.23,1542.24,2193.71,656.864,865.569,271.498,-601.193,3442.11,1343.81,-669.027,-589.169,-124.323,-568.395,1995.34,2199.27,3168.19,1360.03,-1589.59,215.181,-2315.43,-552.459,2949.46,968.289,-1405.52
-250354,0,1,0,1,1,250411,-0.384764,0.00591807,1.98251,0.65987,0.194549,-1.62464,-1.32884,-0.638008,0.776036,1.76188,-0.149657,0.116447,-1.54277,-0.0636614,0.2482,-1.00728,-1.59481,-1.01706,-0.127135,0.559175,1.40119,-1.61276,1.8305,-0.0898098,-1.26576,-1.76124,1.23195,-0.269686,1.22789,-1.59845,-1.56077,0.458786,1.996,-0.185011,-1.75004,1.38731,-0.797919,-1.56933,0.936032,-1.67351,1.35279,0.444837,1.42627,-1.3104,-0.0724454,0.89088,-0.393547,0.886616,0.0264761,-0.478673,-1.03596,0.226382,0.0675763,-1.26799,0.156639,-0.0321617,0.998724,0.212245,-0.63784,-0.775643,-0.788799,1.94885,1.21166,0.828242,-0.92643,-0.62419,-1.08532,0.0134659,-0.922084,-1.04397,-1.82062,-0.720654,-1.94471,-0.376988,1.76676,-0.594025,1.17955,0.313105,1.16384,0.0323358,0.112372,0.276904,0.173359,1.84303,0.871915,-1.30925,-0.819472,-0.271119,0.144731,1.18899,1.07535,1.68402,1.67163,-0.91779,-0.253471,-1.68299,-0.374937,1.42931,0.855572,-1.19532,-1.07121,0.545937,-0.60427,-1.03501,0.305254,0.887285,1.2215,0.918379,-0.2105,-1.166,0.0295547,0.846231,1.2401,1.71282,-0.955861,0.0623853,-1.03215,0.842179,0.212236,-0.771615,1.40608,1.00828,-0.754167,-0.865617,1.91989,-1.26883,0.849488,1.06677,1.67271,0.207541,-2.85221,-1.195,-0.225217,0.853058,-0.762842,-0.34276,-0.915394,0.809452,-0.0917746,-1.10791,1.7136,1.59645,-1.0948,1.17856,-1.15725,0.958333,-1.24118,-1.00884,-0.400466,-0.241745,-0.33579,-0.124394,-2.02379,0.479274,-0.610358,-1.26532,0.160142,2.03244,0.04912,-1.42301,-0.383813,-0.486631,1.42468,-0.562409,-1.06714,-0.0992538,-0.700806,1.02722,-0.377897,-0.898652,0.702571,0.741527,1.44615,1.1717,1.20778,0.466878,-1.89046,-0.0128927,-0.47551,-1.93788,-0.81594,-0.515463,-0.867637,-0.149374,-2.51168,0.487269,-0.244413,1.35216,0.147616,1.88595,1.10442,-0.457003,0.549789,1.01536,0.981781,-0.534312,0.0350249,-1.69776,-1.92632,-0.0371997,-547.184,-508.299,2761.5,815.011,520.894,-1882.04,-2005.36,-819.359,713.376,4167.89,684.524,-60.5022,-3825.74,-379.508,89.5438,-786.665,-2764.26,-1893.05,-1138.15,1330.48,3721.9,-4549.31,2287.66,267.703,-2638.59,-2872.07,3581.78,-691.08,1559.76,-2665.15,-3407.54,531.827,2745.55,-223.138,-3512.96,4957.76,-1430.38,-3610.6,1490.59,-2808.39,2647.86,134.514,1058.66,-2025.01,485.435,3088.29,-408.039,1755.96,-843.537,223.64,-979.537,157.066,-382.401,-1592.82,146.539,630.355,1663.4,390.568,-1767.98,-422.267,-1066.21,3073.98,426.967,1910.6,-1257.09,-400.344,-1141.72,499.265,-2604.22,-1076.11,-4120.46,-2216.12,-5824.17,-626.233,4606.2,242.817,3643.23,1542.24,2193.71,656.864,865.569,271.498,-601.193,3442.11,1343.81,-669.027,-589.169,-124.323,-568.395,1995.34,2199.27,3168.19,1360.03,-1589.59,215.181,-2315.43,-552.459,2949.46,968.289,-1405.52
-250354,0,1,0,1,1,250404,-0.384764,0.00591807,1.98251,0.65987,0.194549,-1.62464,-1.32884,-0.638008,0.776036,1.76188,-0.149657,0.116447,-1.54277,-0.0636614,0.2482,-1.00728,-1.59481,-1.01706,-0.127135,0.559175,1.40119,-1.61276,1.8305,-0.0898098,-1.26576,-1.76124,1.23195,-0.269686,1.22789,-1.59845,-1.56077,0.458786,1.996,-0.185011,-1.75004,1.38731,-0.797919,-1.56933,0.936032,-1.67351,1.35279,0.444837,1.42627,-1.3104,-0.0724454,0.89088,-0.393547,0.886616,0.0264761,-0.478673,-1.03596,0.226382,0.0675763,-1.26799,0.156639,-0.0321617,0.998724,0.212245,-0.63784,-0.775643,-0.788799,1.94885,1.21166,0.828242,-0.92643,-0.62419,-1.08532,0.0134659,-0.922084,-1.04397,-1.82062,-0.720654,-1.94471,-0.376988,1.76676,-0.594025,1.17955,0.313105,1.16384,0.0323358,0.112372,0.276904,0.173359,1.84303,0.871915,-1.30925,-0.819472,-0.271119,0.144731,1.18899,1.07535,1.68402,1.67163,-0.91779,-0.253471,-1.68299,-0.374937,1.42931,0.855572,-1.19532,-1.31305,0.28477,1.24355,0.798392,-0.756991,0.465696,-0.841051,-0.452061,1.28578,0.841055,0.184514,-0.0959361,-0.649833,0.232449,0.189201,0.680969,-0.0269584,-0.168707,1.93093,-2.44259,1.63925,1.52679,-1.40621,0.404053,0.2251,-1.41695,0.389605,-1.21014,-0.610775,-0.594392,0.728521,-0.630896,-0.478594,-2.11593,-1.47186,0.318835,0.699795,-0.181387,0.578349,1.95286,-2.61131,-0.244005,0.759804,0.46342,-1.81042,1.89516,0.810662,0.737646,0.420328,0.461686,0.438832,2.12586,0.419166,-1.63528,0.332716,-1.34185,0.76424,-0.13598,-0.203419,-0.882329,0.374172,-0.698309,-0.378235,0.13055,0.229531,-0.402333,2.11489,0.718889,-0.736559,0.516873,-0.47313,0.0260478,-0.996889,-0.186845,0.900968,1.26346,0.734533,0.292795,-0.740464,-0.564207,-1.80854,0.592559,1.17802,-0.92831,-0.130678,-1.41484,0.0901922,-0.0555566,1.1002,0.0512648,0.662625,-0.157816,0.53412,-0.363326,-0.157064,1.76074,-1.82614,0.377886,0.908237,1.1288,-547.184,-508.299,2761.5,815.011,520.894,-1882.04,-2005.36,-819.359,713.376,4167.89,684.524,-60.5022,-3825.74,-379.508,89.5438,-786.665,-2764.26,-1893.05,-1138.15,1330.48,3721.9,-4549.31,2287.66,267.703,-2638.59,-2872.07,3581.78,-691.08,1559.76,-2665.15,-3407.54,531.827,2745.55,-223.138,-3512.96,4957.76,-1430.38,-3610.6,1490.59,-2808.39,2647.86,134.514,1058.66,-2025.01,485.435,3088.29,-408.039,1755.96,-843.537,223.64,-979.537,157.066,-382.401,-1592.82,146.539,630.355,1663.4,390.568,-1767.98,-422.267,-1066.21,3073.98,426.967,1910.6,-1257.09,-400.344,-1141.72,499.265,-2604.22,-1076.11,-4120.46,-2216.12,-5824.17,-626.233,4606.2,242.817,3643.23,1542.24,2193.71,656.864,865.569,271.498,-601.193,3442.11,1343.81,-669.027,-589.169,-124.323,-568.395,1995.34,2199.27,3168.19,1360.03,-1589.59,215.181,-2315.43,-552.459,2949.46,968.289,-1405.52
-250354,0,1,0,1,1,250393,-0.384764,0.00591807,1.98251,0.65987,0.194549,-1.62464,-1.32884,-0.638008,0.776036,1.76188,-0.149657,0.116447,-1.54277,-0.0636614,0.2482,-1.00728,-1.59481,-1.01706,-0.127135,0.559175,1.40119,-1.61276,1.8305,-0.0898098,-1.26576,-1.76124,1.23195,-0.269686,1.22789,-1.59845,-1.56077,0.458786,1.996,-0.185011,-1.75004,1.38731,-0.797919,-1.56933,0.936032,-1.67351,1.35279,0.444837,1.42627,-1.3104,-0.0724454,0.89088,-0.393547,0.886616,0.0264761,-0.478673,-1.03596,0.226382,0.0675763,-1.26799,0.156639,-0.0321617,0.998724,0.212245,-0.63784,-0.775643,-0.788799,1.94885,1.21166,0.828242,-0.92643,-0.62419,-1.08532,0.0134659,-0.922084,-1.04397,-1.82062,-0.720654,-1.94471,-0.376988,1.76676,-0.594025,1.17955,0.313105,1.16384,0.0323358,0.112372,0.276904,0.173359,1.84303,0.871915,-1.30925,-0.819472,-0.271119,0.144731,1.18899,1.07535,1.68402,1.67163,-0.91779,-0.253471,-1.68299,-0.374937,1.42931,0.855572,-1.19532,1.03803,0.481443,-1.50181,1.96862,0.868964,-1.65287,-0.284015,0.0122173,-1.32646,-0.417821,0.0514101,0.15649,0.767101,-0.297394,0.79115,-0.266904,0.327374,0.651818,-0.589633,-1.31691,0.599343,0.765965,-0.0420302,-0.984424,0.453554,0.529132,0.382745,0.0789476,-0.035447,-2.33705,0.352965,-0.829365,0.104319,-0.298563,0.405374,0.198402,-0.0156998,0.0865083,1.07224,-0.114971,1.19662,-0.197104,-0.697162,-0.968972,-1.69312,1.35742,-0.47333,-0.055232,-1.09597,0.106587,1.1724,0.185016,-1.15057,-0.441085,-1.30669,1.0529,0.991025,-0.956322,-1.4973,0.826014,-1.02797,-0.216512,1.05642,-1.2341,-0.144163,0.847799,1.20322,-0.310253,0.28195,0.446017,-1.01004,-0.953067,-0.684206,0.30618,-0.460379,-0.963537,-0.110296,1.33621,1.49606,-0.52852,0.694016,0.622227,-0.294977,-0.675216,-0.944745,0.513871,-2.27761,0.910162,1.163,1.24333,-0.225501,-0.59247,-0.587619,1.12993,-0.0487067,-0.203372,1.02399,-0.0417875,-1.58053,-0.291124,-547.184,-508.299,2761.5,815.011,520.894,-1882.04,-2005.36,-819.359,713.376,4167.89,684.524,-60.5022,-3825.74,-379.508,89.5438,-786.665,-2764.26,-1893.05,-1138.15,1330.48,3721.9,-4549.31,2287.66,267.703,-2638.59,-2872.07,3581.78,-691.08,1559.76,-2665.15,-3407.54,531.827,2745.55,-223.138,-3512.96,4957.76,-1430.38,-3610.6,1490.59,-2808.39,2647.86,134.514,1058.66,-2025.01,485.435,3088.29,-408.039,1755.96,-843.537,223.64,-979.537,157.066,-382.401,-1592.82,146.539,630.355,1663.4,390.568,-1767.98,-422.267,-1066.21,3073.98,426.967,1910.6,-1257.09,-400.344,-1141.72,499.265,-2604.22,-1076.11,-4120.46,-2216.12,-5824.17,-626.233,4606.2,242.817,3643.23,1542.24,2193.71,656.864,865.569,271.498,-601.193,3442.11,1343.81,-669.027,-589.169,-124.323,-568.395,1995.34,2199.27,3168.19,1360.03,-1589.59,215.181,-2315.43,-552.459,2949.46,968.289,-1405.52
-250354,0,1,0,1,1,250406,-0.384764,0.00591807,1.98251,0.65987,0.194549,-1.62464,-1.32884,-0.638008,0.776036,1.76188,-0.149657,0.116447,-1.54277,-0.0636614,0.2482,-1.00728,-1.59481,-1.01706,-0.127135,0.559175,1.40119,-1.61276,1.8305,-0.0898098,-1.26576,-1.76124,1.23195,-0.269686,1.22789,-1.59845,-1.56077,0.458786,1.996,-0.185011,-1.75004,1.38731,-0.797919,-1.56933,0.936032,-1.67351,1.35279,0.444837,1.42627,-1.3104,-0.0724454,0.89088,-0.393547,0.886616,0.0264761,-0.478673,-1.03596,0.226382,0.0675763,-1.26799,0.156639,-0.0321617,0.998724,0.212245,-0.63784,-0.775643,-0.788799,1.94885,1.21166,0.828242,-0.92643,-0.62419,-1.08532,0.0134659,-0.922084,-1.04397,-1.82062,-0.720654,-1.94471,-0.376988,1.76676,-0.594025,1.17955,0.313105,1.16384,0.0323358,0.112372,0.276904,0.173359,1.84303,0.871915,-1.30925,-0.819472,-0.271119,0.144731,1.18899,1.07535,1.68402,1.67163,-0.91779,-0.253471,-1.68299,-0.374937,1.42931,0.855572,-1.19532,1.43311,-0.863231,1.72785,-0.678587,0.563751,-0.547328,-0.0864072,0.64561,0.357724,0.830686,1.34022,0.673141,-2.54984,-0.426938,-0.523946,-0.0262762,0.235036,0.428816,0.753484,0.52864,-0.0864923,0.816626,0.222752,-0.50222,-0.287941,1.216,0.852913,0.118012,-0.601009,-0.477309,-1.48095,1.83883,-1.41025,-1.30053,-0.0226644,1.46452,-1.55036,2.73496,-0.00540963,-1.14422,0.619971,0.64567,-0.239863,0.136956,-1.33061,1.38158,0.739491,-1.68318,-0.456759,0.345334,-1.88392,1.5268,-0.41457,-0.566298,0.423777,1.39746,0.131758,2.17458,-0.947974,-0.155018,-0.367152,1.68625,0.510208,-1.11336,-0.902253,-0.753331,0.456663,1.23619,0.198434,0.0976207,-2.93265,0.0133252,0.373651,-0.0265518,1.41515,-0.260178,-0.480515,0.314046,-1.04489,-0.444977,-0.296575,1.04515,1.54112,-2.04535,-0.335206,-1.10083,-0.00854214,-0.494403,1.43775,-0.319673,-0.17301,0.475727,0.71589,-0.761515,-1.36822,0.185371,0.683977,0.281706,-1.00713,0.627159,-547.184,-508.299,2761.5,815.011,520.894,-1882.04,-2005.36,-819.359,713.376,4167.89,684.524,-60.5022,-3825.74,-379.508,89.5438,-786.665,-2764.26,-1893.05,-1138.15,1330.48,3721.9,-4549.31,2287.66,267.703,-2638.59,-2872.07,3581.78,-691.08,1559.76,-2665.15,-3407.54,531.827,2745.55,-223.138,-3512.96,4957.76,-1430.38,-3610.6,1490.59,-2808.39,2647.86,134.514,1058.66,-2025.01,485.435,3088.29,-408.039,1755.96,-843.537,223.64,-979.537,157.066,-382.401,-1592.82,146.539,630.355,1663.4,390.568,-1767.98,-422.267,-1066.21,3073.98,426.967,1910.6,-1257.09,-400.344,-1141.72,499.265,-2604.22,-1076.11,-4120.46,-2216.12,-5824.17,-626.233,4606.2,242.817,3643.23,1542.24,2193.71,656.864,865.569,271.498,-601.193,3442.11,1343.81,-669.027,-589.169,-124.323,-568.395,1995.34,2199.27,3168.19,1360.03,-1589.59,215.181,-2315.43,-552.459,2949.46,968.289,-1405.52
-250354,0,1,0,1,1,250409,-0.384764,0.00591807,1.98251,0.65987,0.194549,-1.62464,-1.32884,-0.638008,0.776036,1.76188,-0.149657,0.116447,-1.54277,-0.0636614,0.2482,-1.00728,-1.59481,-1.01706,-0.127135,0.559175,1.40119,-1.61276,1.8305,-0.0898098,-1.26576,-1.76124,1.23195,-0.269686,1.22789,-1.59845,-1.56077,0.458786,1.996,-0.185011,-1.75004,1.38731,-0.797919,-1.56933,0.936032,-1.67351,1.35279,0.444837,1.42627,-1.3104,-0.0724454,0.89088,-0.393547,0.886616,0.0264761,-0.478673,-1.03596,0.226382,0.0675763,-1.26799,0.156639,-0.0321617,0.998724,0.212245,-0.63784,-0.775643,-0.788799,1.94885,1.21166,0.828242,-0.92643,-0.62419,-1.08532,0.0134659,-0.922084,-1.04397,-1.82062,-0.720654,-1.94471,-0.376988,1.76676,-0.594025,1.17955,0.313105,1.16384,0.0323358,0.112372,0.276904,0.173359,1.84303,0.871915,-1.30925,-0.819472,-0.271119,0.144731,1.18899,1.07535,1.68402,1.67163,-0.91779,-0.253471,-1.68299,-0.374937,1.42931,0.855572,-1.19532,-0.448246,-1.15152,-0.455674,0.34239,0.810428,-0.35165,-0.432295,0.44319,1.1069,-1.56559,-2.15827,0.30699,-1.25688,-1.82494,-0.254072,0.539664,0.427783,0.557758,0.0685215,1.76239,-0.645832,0.798608,-0.708926,-0.546356,-0.702284,0.67346,0.77912,-0.614521,0.619105,1.53462,1.15501,-0.114181,-0.590617,-2.49376,0.529478,-1.27291,1.81548,-0.470886,-0.648064,0.549226,0.890645,-0.385368,1.03749,-0.934013,1.22973,-0.640449,0.576126,2.29611,1.34877,2.11267,-0.172143,-0.1165,0.401955,0.429618,-0.262089,-1.28361,0.108469,0.57674,0.395765,0.310227,1.43807,-1.59993,0.345099,1.51411,-1.91708,-0.935816,-0.79623,0.507829,1.30587,-3.20205,-0.299576,0.910705,-0.869734,-0.100974,-0.521878,0.448184,-1.18831,0.0489418,-0.163632,-0.935962,0.531048,1.24877,0.885484,0.53741,2.4191,-1.39774,0.977532,-0.377411,0.665505,0.103088,-1.70475,-0.378671,0.935347,1.0263,0.488177,0.770357,-1.017,0.493875,-0.660062,-0.930864,-547.184,-508.299,2761.5,815.011,520.894,-1882.04,-2005.36,-819.359,713.376,4167.89,684.524,-60.5022,-3825.74,-379.508,89.5438,-786.665,-2764.26,-1893.05,-1138.15,1330.48,3721.9,-4549.31,2287.66,267.703,-2638.59,-2872.07,3581.78,-691.08,1559.76,-2665.15,-3407.54,531.827,2745.55,-223.138,-3512.96,4957.76,-1430.38,-3610.6,1490.59,-2808.39,2647.86,134.514,1058.66,-2025.01,485.435,3088.29,-408.039,1755.96,-843.537,223.64,-979.537,157.066,-382.401,-1592.82,146.539,630.355,1663.4,390.568,-1767.98,-422.267,-1066.21,3073.98,426.967,1910.6,-1257.09,-400.344,-1141.72,499.265,-2604.22,-1076.11,-4120.46,-2216.12,-5824.17,-626.233,4606.2,242.817,3643.23,1542.24,2193.71,656.864,865.569,271.498,-601.193,3442.11,1343.81,-669.027,-589.169,-124.323,-568.395,1995.34,2199.27,3168.19,1360.03,-1589.59,215.181,-2315.43,-552.459,2949.46,968.289,-1405.52
-250354,0,1,0,1,1,250398,-0.384764,0.00591807,1.98251,0.65987,0.194549,-1.62464,-1.32884,-0.638008,0.776036,1.76188,-0.149657,0.116447,-1.54277,-0.0636614,0.2482,-1.00728,-1.59481,-1.01706,-0.127135,0.559175,1.40119,-1.61276,1.8305,-0.0898098,-1.26576,-1.76124,1.23195,-0.269686,1.22789,-1.59845,-1.56077,0.458786,1.996,-0.185011,-1.75004,1.38731,-0.797919,-1.56933,0.936032,-1.67351,1.35279,0.444837,1.42627,-1.3104,-0.0724454,0.89088,-0.393547,0.886616,0.0264761,-0.478673,-1.03596,0.226382,0.0675763,-1.26799,0.156639,-0.0321617,0.998724,0.212245,-0.63784,-0.775643,-0.788799,1.94885,1.21166,0.828242,-0.92643,-0.62419,-1.08532,0.0134659,-0.922084,-1.04397,-1.82062,-0.720654,-1.94471,-0.376988,1.76676,-0.594025,1.17955,0.313105,1.16384,0.0323358,0.112372,0.276904,0.173359,1.84303,0.871915,-1.30925,-0.819472,-0.271119,0.144731,1.18899,1.07535,1.68402,1.67163,-0.91779,-0.253471,-1.68299,-0.374937,1.42931,0.855572,-1.19532,0.983714,-0.0880049,-0.917498,0.519852,1.26698,0.147822,1.2203,-0.469917,-1.58326,0.491605,0.0518533,0.565543,0.555777,-0.361058,0.359687,-1.29397,-0.68908,-0.248917,-0.874296,0.652353,-0.416024,0.24851,-0.209899,0.0506686,0.638155,-0.692245,-0.335814,-0.615604,-1.10209,-0.379123,-0.739111,-1.23342,0.346555,-0.0604005,0.839171,2.45892,1.43731,0.734948,-1.77496,0.463238,-1.11478,0.0515823,0.880689,0.554107,0.71874,2.10756,-1.10336,0.834592,1.85477,-0.661401,0.676991,1.19547,0.59108,-0.595311,-0.524709,0.854564,-0.992098,0.971328,-0.154322,-0.41124,-0.0911753,-0.304066,0.0511798,0.763637,0.0292943,-0.567379,0.215819,0.221213,-1.00685,-0.902954,0.304723,-2.00896,-1.24441,-0.630824,1.68458,-0.114428,-0.42152,1.00454,-2.54558,1.79873,-0.83111,-0.72788,-0.488588,0.340232,0.194648,-0.51188,0.356196,0.035582,0.0837166,1.53299,0.191024,1.03999,0.196902,1.18879,-1.97927,-0.429911,0.20039,-1.48027,1.55011,0.800379,-547.184,-508.299,2761.5,815.011,520.894,-1882.04,-2005.36,-819.359,713.376,4167.89,684.524,-60.5022,-3825.74,-379.508,89.5438,-786.665,-2764.26,-1893.05,-1138.15,1330.48,3721.9,-4549.31,2287.66,267.703,-2638.59,-2872.07,3581.78,-691.08,1559.76,-2665.15,-3407.54,531.827,2745.55,-223.138,-3512.96,4957.76,-1430.38,-3610.6,1490.59,-2808.39,2647.86,134.514,1058.66,-2025.01,485.435,3088.29,-408.039,1755.96,-843.537,223.64,-979.537,157.066,-382.401,-1592.82,146.539,630.355,1663.4,390.568,-1767.98,-422.267,-1066.21,3073.98,426.967,1910.6,-1257.09,-400.344,-1141.72,499.265,-2604.22,-1076.11,-4120.46,-2216.12,-5824.17,-626.233,4606.2,242.817,3643.23,1542.24,2193.71,656.864,865.569,271.498,-601.193,3442.11,1343.81,-669.027,-589.169,-124.323,-568.395,1995.34,2199.27,3168.19,1360.03,-1589.59,215.181,-2315.43,-552.459,2949.46,968.289,-1405.52
-250354,0,1,0,1,1,250401,-0.384764,0.00591807,1.98251,0.65987,0.194549,-1.62464,-1.32884,-0.638008,0.776036,1.76188,-0.149657,0.116447,-1.54277,-0.0636614,0.2482,-1.00728,-1.59481,-1.01706,-0.127135,0.559175,1.40119,-1.61276,1.8305,-0.0898098,-1.26576,-1.76124,1.23195,-0.269686,1.22789,-1.59845,-1.56077,0.458786,1.996,-0.185011,-1.75004,1.38731,-0.797919,-1.56933,0.936032,-1.67351,1.35279,0.444837,1.42627,-1.3104,-0.0724454,0.89088,-0.393547,0.886616,0.0264761,-0.478673,-1.03596,0.226382,0.0675763,-1.26799,0.156639,-0.0321617,0.998724,0.212245,-0.63784,-0.775643,-0.788799,1.94885,1.21166,0.828242,-0.92643,-0.62419,-1.08532,0.0134659,-0.922084,-1.04397,-1.82062,-0.720654,-1.94471,-0.376988,1.76676,-0.594025,1.17955,0.313105,1.16384,0.0323358,0.112372,0.276904,0.173359,1.84303,0.871915,-1.30925,-0.819472,-0.271119,0.144731,1.18899,1.07535,1.68402,1.67163,-0.91779,-0.253471,-1.68299,-0.374937,1.42931,0.855572,-1.19532,0.0991369,0.992983,-0.745575,1.18273,0.661344,-0.273182,-0.430233,0.563663,0.0400488,-0.967779,0.477456,1.37045,-0.852446,0.240782,-0.981153,-1.39569,0.795955,0.928132,-0.196072,0.374177,-0.174642,0.146183,0.201343,1.32959,-0.403732,0.373745,-1.42465,-1.1733,-0.747845,-0.824725,0.826493,-2.02656,-0.125677,-1.43925,1.81487,-0.787489,0.845771,1.50359,1.62316,-0.130525,-0.919982,-0.263282,1.65423,1.26237,0.0354395,-0.5367,0.153353,-0.0144186,0.239174,-0.765204,0.886119,-0.521337,0.55698,0.852936,-0.569135,0.948666,0.79117,1.36026,0.714086,-0.379736,-1.29997,1.9587,0.246897,-1.81583,0.95693,0.436258,-0.448268,0.935081,0.510586,-0.301774,-0.739379,0.0431303,1.67951,-1.16803,0.498636,-0.109322,-0.16447,0.29389,-2.60514,1.46814,0.359042,-1.38788,-1.01339,-0.648611,-0.302764,1.70294,-1.38866,-0.174309,-0.955819,-0.714169,0.216776,-1.14281,0.0799301,1.54287,-1.5859,-0.843433,0.605039,0.439059,-0.731174,-1.6562,-547.184,-508.299,2761.5,815.011,520.894,-1882.04,-2005.36,-819.359,713.376,4167.89,684.524,-60.5022,-3825.74,-379.508,89.5438,-786.665,-2764.26,-1893.05,-1138.15,1330.48,3721.9,-4549.31,2287.66,267.703,-2638.59,-2872.07,3581.78,-691.08,1559.76,-2665.15,-3407.54,531.827,2745.55,-223.138,-3512.96,4957.76,-1430.38,-3610.6,1490.59,-2808.39,2647.86,134.514,1058.66,-2025.01,485.435,3088.29,-408.039,1755.96,-843.537,223.64,-979.537,157.066,-382.401,-1592.82,146.539,630.355,1663.4,390.568,-1767.98,-422.267,-1066.21,3073.98,426.967,1910.6,-1257.09,-400.344,-1141.72,499.265,-2604.22,-1076.11,-4120.46,-2216.12,-5824.17,-626.233,4606.2,242.817,3643.23,1542.24,2193.71,656.864,865.569,271.498,-601.193,3442.11,1343.81,-669.027,-589.169,-124.323,-568.395,1995.34,2199.27,3168.19,1360.03,-1589.59,215.181,-2315.43,-552.459,2949.46,968.289,-1405.52
-250354,0,1,0,1,1,250397,-0.384764,0.00591807,1.98251,0.65987,0.194549,-1.62464,-1.32884,-0.638008,0.776036,1.76188,-0.149657,0.116447,-1.54277,-0.0636614,0.2482,-1.00728,-1.59481,-1.01706,-0.127135,0.559175,1.40119,-1.61276,1.8305,-0.0898098,-1.26576,-1.76124,1.23195,-0.269686,1.22789,-1.59845,-1.56077,0.458786,1.996,-0.185011,-1.75004,1.38731,-0.797919,-1.56933,0.936032,-1.67351,1.35279,0.444837,1.42627,-1.3104,-0.0724454,0.89088,-0.393547,0.886616,0.0264761,-0.478673,-1.03596,0.226382,0.0675763,-1.26799,0.156639,-0.0321617,0.998724,0.212245,-0.63784,-0.775643,-0.788799,1.94885,1.21166,0.828242,-0.92643,-0.62419,-1.08532,0.0134659,-0.922084,-1.04397,-1.82062,-0.720654,-1.94471,-0.376988,1.76676,-0.594025,1.17955,0.313105,1.16384,0.0323358,0.112372,0.276904,0.173359,1.84303,0.871915,-1.30925,-0.819472,-0.271119,0.144731,1.18899,1.07535,1.68402,1.67163,-0.91779,-0.253471,-1.68299,-0.374937,1.42931,0.855572,-1.19532,-0.556864,0.530061,0.790086,0.136135,-0.60522,-1.36597,-0.559023,0.907827,0.130544,-0.918791,1.71522,-1.70736,0.00527144,-0.0954313,-1.6436,0.0319791,2.13842,-0.368745,0.842094,0.189772,-0.11774,-0.445942,0.486061,0.825709,0.0516454,-0.562842,0.452827,-0.868213,-0.991872,0.472563,1.08661,-0.654468,-0.626305,0.0479594,1.48137,2.01136,-0.561836,0.566309,-0.149121,-0.0881016,-0.302461,1.16448,-0.891643,0.764979,-0.869735,0.503334,1.79779,-0.191263,-0.4189,-2.10063,1.51873,-1.57456,1.07632,-0.654515,0.799082,1.02949,0.633347,-0.438972,0.331035,0.469483,-0.571649,-0.326806,-1.06858,-0.719318,-0.320532,-0.855738,-0.320364,0.61979,-0.812145,0.576844,1.71032,-0.693989,-1.86612,-0.233368,-0.799859,-0.731758,0.0669783,-0.630395,0.765378,0.122488,0.612168,0.118683,-0.552151,-0.907351,-0.294257,0.540547,-1.58487,0.136759,-1.09266,-2.03126,2.06614,-0.904505,0.40259,-0.300846,-0.165848,1.60533,0.204553,1.20451,-0.865909,0.441298,-547.184,-508.299,2761.5,815.011,520.894,-1882.04,-2005.36,-819.359,713.376,4167.89,684.524,-60.5022,-3825.74,-379.508,89.5438,-786.665,-2764.26,-1893.05,-1138.15,1330.48,3721.9,-4549.31,2287.66,267.703,-2638.59,-2872.07,3581.78,-691.08,1559.76,-2665.15,-3407.54,531.827,2745.55,-223.138,-3512.96,4957.76,-1430.38,-3610.6,1490.59,-2808.39,2647.86,134.514,1058.66,-2025.01,485.435,3088.29,-408.039,1755.96,-843.537,223.64,-979.537,157.066,-382.401,-1592.82,146.539,630.355,1663.4,390.568,-1767.98,-422.267,-1066.21,3073.98,426.967,1910.6,-1257.09,-400.344,-1141.72,499.265,-2604.22,-1076.11,-4120.46,-2216.12,-5824.17,-626.233,4606.2,242.817,3643.23,1542.24,2193.71,656.864,865.569,271.498,-601.193,3442.11,1343.81,-669.027,-589.169,-124.323,-568.395,1995.34,2199.27,3168.19,1360.03,-1589.59,215.181,-2315.43,-552.459,2949.46,968.289,-1405.52
-250354,0,1,0,1,1,250412,-0.384764,0.00591807,1.98251,0.65987,0.194549,-1.62464,-1.32884,-0.638008,0.776036,1.76188,-0.149657,0.116447,-1.54277,-0.0636614,0.2482,-1.00728,-1.59481,-1.01706,-0.127135,0.559175,1.40119,-1.61276,1.8305,-0.0898098,-1.26576,-1.76124,1.23195,-0.269686,1.22789,-1.59845,-1.56077,0.458786,1.996,-0.185011,-1.75004,1.38731,-0.797919,-1.56933,0.936032,-1.67351,1.35279,0.444837,1.42627,-1.3104,-0.0724454,0.89088,-0.393547,0.886616,0.0264761,-0.478673,-1.03596,0.226382,0.0675763,-1.26799,0.156639,-0.0321617,0.998724,0.212245,-0.63784,-0.775643,-0.788799,1.94885,1.21166,0.828242,-0.92643,-0.62419,-1.08532,0.0134659,-0.922084,-1.04397,-1.82062,-0.720654,-1.94471,-0.376988,1.76676,-0.594025,1.17955,0.313105,1.16384,0.0323358,0.112372,0.276904,0.173359,1.84303,0.871915,-1.30925,-0.819472,-0.271119,0.144731,1.18899,1.07535,1.68402,1.67163,-0.91779,-0.253471,-1.68299,-0.374937,1.42931,0.855572,-1.19532,-1.01132,-0.190427,1.83365,-0.661797,1.30728,-1.44781,0.323117,-1.6167,1.26402,1.73332,-0.0502549,0.196876,-0.259121,-0.506105,-1.14602,0.529117,-0.386532,0.049411,1.09364,0.889064,-0.64351,0.509306,-0.317896,-0.959703,0.352968,0.0533971,-0.716907,-0.336892,2.22335,-1.30103,1.45843,0.468809,1.74273,-0.565039,0.351081,0.718514,0.291298,0.0277526,1.26544,-0.240771,0.526817,0.41913,-2.18738,-1.11927,-0.173611,0.119233,-2.15933,-1.08759,-0.543688,0.0155943,-1.25995,1.83343,-0.490026,-0.0540816,-0.828557,-0.204103,-0.504456,-0.971472,0.119562,2.10199,-1.13714,0.930311,0.790368,0.551617,-0.228373,0.537866,-0.626125,0.942111,-1.8676,1.13021,0.357878,-1.10538,-1.07186,-0.253284,-0.534843,-0.151801,-2.15616,1.9177,0.186551,-0.914148,-2.72859,-1.8641,0.44955,0.396201,1.54242,-0.560373,-0.40759,0.121953,-0.248597,0.869021,-0.620716,1.42136,-1.37065,-0.0229097,1.8028,-1.64647,0.284271,-2.2248,-1.15099,-0.614241,-547.184,-508.299,2761.5,815.011,520.894,-1882.04,-2005.36,-819.359,713.376,4167.89,684.524,-60.5022,-3825.74,-379.508,89.5438,-786.665,-2764.26,-1893.05,-1138.15,1330.48,3721.9,-4549.31,2287.66,267.703,-2638.59,-2872.07,3581.78,-691.08,1559.76,-2665.15,-3407.54,531.827,2745.55,-223.138,-3512.96,4957.76,-1430.38,-3610.6,1490.59,-2808.39,2647.86,134.514,1058.66,-2025.01,485.435,3088.29,-408.039,1755.96,-843.537,223.64,-979.537,157.066,-382.401,-1592.82,146.539,630.355,1663.4,390.568,-1767.98,-422.267,-1066.21,3073.98,426.967,1910.6,-1257.09,-400.344,-1141.72,499.265,-2604.22,-1076.11,-4120.46,-2216.12,-5824.17,-626.233,4606.2,242.817,3643.23,1542.24,2193.71,656.864,865.569,271.498,-601.193,3442.11,1343.81,-669.027,-589.169,-124.323,-568.395,1995.34,2199.27,3168.19,1360.03,-1589.59,215.181,-2315.43,-552.459,2949.46,968.289,-1405.52
-250354,0,1,0,1,1,250401,-0.384764,0.00591807,1.98251,0.65987,0.194549,-1.62464,-1.32884,-0.638008,0.776036,1.76188,-0.149657,0.116447,-1.54277,-0.0636614,0.2482,-1.00728,-1.59481,-1.01706,-0.127135,0.559175,1.40119,-1.61276,1.8305,-0.0898098,-1.26576,-1.76124,1.23195,-0.269686,1.22789,-1.59845,-1.56077,0.458786,1.996,-0.185011,-1.75004,1.38731,-0.797919,-1.56933,0.936032,-1.67351,1.35279,0.444837,1.42627,-1.3104,-0.0724454,0.89088,-0.393547,0.886616,0.0264761,-0.478673,-1.03596,0.226382,0.0675763,-1.26799,0.156639,-0.0321617,0.998724,0.212245,-0.63784,-0.775643,-0.788799,1.94885,1.21166,0.828242,-0.92643,-0.62419,-1.08532,0.0134659,-0.922084,-1.04397,-1.82062,-0.720654,-1.94471,-0.376988,1.76676,-0.594025,1.17955,0.313105,1.16384,0.0323358,0.112372,0.276904,0.173359,1.84303,0.871915,-1.30925,-0.819472,-0.271119,0.144731,1.18899,1.07535,1.68402,1.67163,-0.91779,-0.253471,-1.68299,-0.374937,1.42931,0.855572,-1.19532,-0.520451,-0.431067,0.494466,-0.578724,-0.138143,-1.21754,0.302584,0.69292,-0.920512,0.414953,-1.47254,0.463482,1.32875,1.08287,-0.651353,0.464841,0.348395,-1.69454,1.36135,0.217188,0.983094,-1.47155,1.498,-1.58286,-1.28157,-0.560364,0.955388,-0.480978,-0.0218308,-1.07787,-0.287076,0.0218334,0.475472,-1.30893,-0.201762,1.35048,0.459723,-0.0930319,-0.157314,-0.856512,-2.60023,0.0597592,-0.305654,-1.83984,-0.561863,-0.427021,-0.890815,1.12855,-0.867186,-1.07934,-0.277703,-0.852314,-0.78934,-0.703887,0.415139,-0.252197,0.40305,-0.578834,-1.05351,0.0370951,1.42783,1.1559,0.321169,1.24813,1.09031,-1.14561,0.389406,-0.644576,-0.84132,0.153235,0.916744,-0.595807,0.185823,0.414597,-0.316689,0.0836371,0.181091,-0.218094,-0.248894,0.0951537,-0.166008,0.618448,-0.064709,-0.941118,1.79379,1.18896,1.0838,0.625977,1.33814,0.494428,0.195962,2.62204,-0.690705,0.651119,2.54181,-0.870625,-0.52192,-1.44128,-1.55234,-1.62084,-547.184,-508.299,2761.5,815.011,520.894,-1882.04,-2005.36,-819.359,713.376,4167.89,684.524,-60.5022,-3825.74,-379.508,89.5438,-786.665,-2764.26,-1893.05,-1138.15,1330.48,3721.9,-4549.31,2287.66,267.703,-2638.59,-2872.07,3581.78,-691.08,1559.76,-2665.15,-3407.54,531.827,2745.55,-223.138,-3512.96,4957.76,-1430.38,-3610.6,1490.59,-2808.39,2647.86,134.514,1058.66,-2025.01,485.435,3088.29,-408.039,1755.96,-843.537,223.64,-979.537,157.066,-382.401,-1592.82,146.539,630.355,1663.4,390.568,-1767.98,-422.267,-1066.21,3073.98,426.967,1910.6,-1257.09,-400.344,-1141.72,499.265,-2604.22,-1076.11,-4120.46,-2216.12,-5824.17,-626.233,4606.2,242.817,3643.23,1542.24,2193.71,656.864,865.569,271.498,-601.193,3442.11,1343.81,-669.027,-589.169,-124.323,-568.395,1995.34,2199.27,3168.19,1360.03,-1589.59,215.181,-2315.43,-552.459,2949.46,968.289,-1405.52
-250354,0,1,0,1,1,250411,-0.384764,0.00591807,1.98251,0.65987,0.194549,-1.62464,-1.32884,-0.638008,0.776036,1.76188,-0.149657,0.116447,-1.54277,-0.0636614,0.2482,-1.00728,-1.59481,-1.01706,-0.127135,0.559175,1.40119,-1.61276,1.8305,-0.0898098,-1.26576,-1.76124,1.23195,-0.269686,1.22789,-1.59845,-1.56077,0.458786,1.996,-0.185011,-1.75004,1.38731,-0.797919,-1.56933,0.936032,-1.67351,1.35279,0.444837,1.42627,-1.3104,-0.0724454,0.89088,-0.393547,0.886616,0.0264761,-0.478673,-1.03596,0.226382,0.0675763,-1.26799,0.156639,-0.0321617,0.998724,0.212245,-0.63784,-0.775643,-0.788799,1.94885,1.21166,0.828242,-0.92643,-0.62419,-1.08532,0.0134659,-0.922084,-1.04397,-1.82062,-0.720654,-1.94471,-0.376988,1.76676,-0.594025,1.17955,0.313105,1.16384,0.0323358,0.112372,0.276904,0.173359,1.84303,0.871915,-1.30925,-0.819472,-0.271119,0.144731,1.18899,1.07535,1.68402,1.67163,-0.91779,-0.253471,-1.68299,-0.374937,1.42931,0.855572,-1.19532,-1.23643,-1.42492,1.57258,-0.574185,0.315806,-0.168414,0.127017,-0.652286,0.358488,1.00689,2.32207,0.983045,0.362234,1.41206,-0.89373,-0.554091,0.140658,-1.50173,-0.780959,-0.858773,-1.09296,0.39852,0.272075,-0.902666,1.67199,-2.26102,0.665322,-0.1829,-0.58622,-0.735663,0.448685,-1.25725,0.352184,0.488638,1.48648,0.878832,0.641314,-1.66612,-0.794007,0.268464,1.01044,-1.34384,-0.216281,0.509553,-0.957274,-0.0837205,0.297568,-0.391849,2.24069,-0.855965,0.665103,1.82298,1.4127,-0.148203,-0.0264455,-0.470927,-1.40154,-0.157909,1.1056,2.04099,-0.732211,-0.23495,-1.89478,0.548492,1.04205,0.406341,-1.05912,0.364659,2.21667,-0.542374,-0.952932,-0.30226,-0.85271,-0.199072,-0.340387,0.618753,0.0801874,-0.247048,-0.150534,-0.603164,1.05275,1.27999,-0.590722,0.153505,0.902805,0.730132,-2.64786,-1.07006,0.920941,0.20043,1.12315,0.894008,0.649045,-1.31891,-1.49716,0.944295,-1.79834,1.71824,2.31306,-0.645689,-547.184,-508.299,2761.5,815.011,520.894,-1882.04,-2005.36,-819.359,713.376,4167.89,684.524,-60.5022,-3825.74,-379.508,89.5438,-786.665,-2764.26,-1893.05,-1138.15,1330.48,3721.9,-4549.31,2287.66,267.703,-2638.59,-2872.07,3581.78,-691.08,1559.76,-2665.15,-3407.54,531.827,2745.55,-223.138,-3512.96,4957.76,-1430.38,-3610.6,1490.59,-2808.39,2647.86,134.514,1058.66,-2025.01,485.435,3088.29,-408.039,1755.96,-843.537,223.64,-979.537,157.066,-382.401,-1592.82,146.539,630.355,1663.4,390.568,-1767.98,-422.267,-1066.21,3073.98,426.967,1910.6,-1257.09,-400.344,-1141.72,499.265,-2604.22,-1076.11,-4120.46,-2216.12,-5824.17,-626.233,4606.2,242.817,3643.23,1542.24,2193.71,656.864,865.569,271.498,-601.193,3442.11,1343.81,-669.027,-589.169,-124.323,-568.395,1995.34,2199.27,3168.19,1360.03,-1589.59,215.181,-2315.43,-552.459,2949.46,968.289,-1405.52
-250354,0,1,0,1,1,250406,-0.384764,0.00591807,1.98251,0.65987,0.194549,-1.62464,-1.32884,-0.638008,0.776036,1.76188,-0.149657,0.116447,-1.54277,-0.0636614,0.2482,-1.00728,-1.59481,-1.01706,-0.127135,0.559175,1.40119,-1.61276,1.8305,-0.0898098,-1.26576,-1.76124,1.23195,-0.269686,1.22789,-1.59845,-1.56077,0.458786,1.996,-0.185011,-1.75004,1.38731,-0.797919,-1.56933,0.936032,-1.67351,1.35279,0.444837,1.42627,-1.3104,-0.0724454,0.89088,-0.393547,0.886616,0.0264761,-0.478673,-1.03596,0.226382,0.0675763,-1.26799,0.156639,-0.0321617,0.998724,0.212245,-0.63784,-0.775643,-0.788799,1.94885,1.21166,0.828242,-0.92643,-0.62419,-1.08532,0.0134659,-0.922084,-1.04397,-1.82062,-0.720654,-1.94471,-0.376988,1.76676,-0.594025,1.17955,0.313105,1.16384,0.0323358,0.112372,0.276904,0.173359,1.84303,0.871915,-1.30925,-0.819472,-0.271119,0.144731,1.18899,1.07535,1.68402,1.67163,-0.91779,-0.253471,-1.68299,-0.374937,1.42931,0.855572,-1.19532,0.596319,-0.349767,-0.870022,0.653767,0.709656,0.892174,0.349588,0.437385,0.785189,-0.657291,1.80562,1.30265,1.38882,-1.1276,0.903091,-0.0918921,-0.788119,-0.688486,0.310704,1.26076,-0.0820447,2.17633,-1.10197,-0.235328,-1.01049,0.711967,-0.00512318,0.0222189,1.26517,-0.426774,1.29366,0.920683,0.193966,1.8342,0.00698665,-0.168119,0.225385,0.614128,-0.848504,-0.575756,-0.901155,1.77762,-0.826693,0.0551618,-0.336506,0.152532,1.45784,-1.6997,1.6258,-0.702556,0.0930972,0.619857,-2.03061,0.830886,-0.00587132,0.0962431,1.61405,0.601429,1.02073,2.32222,1.49912,1.39574,0.557181,0.472961,0.254911,-0.855817,0.401107,0.495785,0.234174,0.118265,1.48246,-1.80625,-0.802064,0.340483,-0.279914,1.08005,0.124687,-0.977317,2.96882,0.217457,1.72302,1.72858,-0.926728,0.415849,-0.766778,0.135793,-1.20538,-0.395748,1.63766,0.476051,0.498303,-0.896183,0.19313,-1.55733,0.0142206,-0.619766,-1.06922,-1.79584,0.0974327,0.500004,-547.184,-508.299,2761.5,815.011,520.894,-1882.04,-2005.36,-819.359,713.376,4167.89,684.524,-60.5022,-3825.74,-379.508,89.5438,-786.665,-2764.26,-1893.05,-1138.15,1330.48,3721.9,-4549.31,2287.66,267.703,-2638.59,-2872.07,3581.78,-691.08,1559.76,-2665.15,-3407.54,531.827,2745.55,-223.138,-3512.96,4957.76,-1430.38,-3610.6,1490.59,-2808.39,2647.86,134.514,1058.66,-2025.01,485.435,3088.29,-408.039,1755.96,-843.537,223.64,-979.537,157.066,-382.401,-1592.82,146.539,630.355,1663.4,390.568,-1767.98,-422.267,-1066.21,3073.98,426.967,1910.6,-1257.09,-400.344,-1141.72,499.265,-2604.22,-1076.11,-4120.46,-2216.12,-5824.17,-626.233,4606.2,242.817,3643.23,1542.24,2193.71,656.864,865.569,271.498,-601.193,3442.11,1343.81,-669.027,-589.169,-124.323,-568.395,1995.34,2199.27,3168.19,1360.03,-1589.59,215.181,-2315.43,-552.459,2949.46,968.289,-1405.52
-250354,0,1,0,1,1,250398,-0.384764,0.00591807,1.98251,0.65987,0.194549,-1.62464,-1.32884,-0.638008,0.776036,1.76188,-0.149657,0.116447,-1.54277,-0.0636614,0.2482,-1.00728,-1.59481,-1.01706,-0.127135,0.559175,1.40119,-1.61276,1.8305,-0.0898098,-1.26576,-1.76124,1.23195,-0.269686,1.22789,-1.59845,-1.56077,0.458786,1.996,-0.185011,-1.75004,1.38731,-0.797919,-1.56933,0.936032,-1.67351,1.35279,0.444837,1.42627,-1.3104,-0.0724454,0.89088,-0.393547,0.886616,0.0264761,-0.478673,-1.03596,0.226382,0.0675763,-1.26799,0.156639,-0.0321617,0.998724,0.212245,-0.63784,-0.775643,-0.788799,1.94885,1.21166,0.828242,-0.92643,-0.62419,-1.08532,0.0134659,-0.922084,-1.04397,-1.82062,-0.720654,-1.94471,-0.376988,1.76676,-0.594025,1.17955,0.313105,1.16384,0.0323358,0.112372,0.276904,0.173359,1.84303,0.871915,-1.30925,-0.819472,-0.271119,0.144731,1.18899,1.07535,1.68402,1.67163,-0.91779,-0.253471,-1.68299,-0.374937,1.42931,0.855572,-1.19532,-0.66112,0.306797,-0.205121,0.566653,0.604387,-0.44854,0.479399,0.477557,2.59563,-1.74907,0.385691,0.0605168,0.0724116,-0.970476,-0.682982,0.657209,0.12283,-0.945564,0.499308,-0.105712,-0.460954,-1.02401,0.971449,0.586278,-0.617032,0.02427,1.28245,-0.145108,0.0100808,0.284164,-0.537098,0.00536437,0.93162,-1.22127,-1.20519,0.0890865,-0.757599,0.625226,-0.733651,0.720734,0.633794,-0.352561,-0.0037561,0.601123,0.174427,0.659624,-0.977449,-1.46149,1.08567,-0.424268,0.760303,0.960141,-2.44246,2.06067,-0.226268,-0.0269717,0.368472,0.0391578,-0.223944,-0.952334,-0.341377,-0.051905,0.153516,-0.918784,-1.05194,-1.37822,-0.868539,0.799526,-1.03236,0.954836,-0.464173,0.746243,-1.00402,-2.36668,1.25547,-0.169765,1.97755,-0.807774,-0.649638,-0.418354,0.488014,-0.643611,1.41367,-0.586987,0.106985,0.895106,0.590393,-0.637339,-1.18261,-0.218381,-1.7629,-1.89615,-1.48401,-0.0568193,-0.32074,-1.31307,-0.855035,-1.71138,0.0188695,1.49558,-547.184,-508.299,2761.5,815.011,520.894,-1882.04,-2005.36,-819.359,713.376,4167.89,684.524,-60.5022,-3825.74,-379.508,89.5438,-786.665,-2764.26,-1893.05,-1138.15,1330.48,3721.9,-4549.31,2287.66,267.703,-2638.59,-2872.07,3581.78,-691.08,1559.76,-2665.15,-3407.54,531.827,2745.55,-223.138,-3512.96,4957.76,-1430.38,-3610.6,1490.59,-2808.39,2647.86,134.514,1058.66,-2025.01,485.435,3088.29,-408.039,1755.96,-843.537,223.64,-979.537,157.066,-382.401,-1592.82,146.539,630.355,1663.4,390.568,-1767.98,-422.267,-1066.21,3073.98,426.967,1910.6,-1257.09,-400.344,-1141.72,499.265,-2604.22,-1076.11,-4120.46,-2216.12,-5824.17,-626.233,4606.2,242.817,3643.23,1542.24,2193.71,656.864,865.569,271.498,-601.193,3442.11,1343.81,-669.027,-589.169,-124.323,-568.395,1995.34,2199.27,3168.19,1360.03,-1589.59,215.181,-2315.43,-552.459,2949.46,968.289,-1405.52
-250354,0,1,0,1,1,250399,-0.384764,0.00591807,1.98251,0.65987,0.194549,-1.62464,-1.32884,-0.638008,0.776036,1.76188,-0.149657,0.116447,-1.54277,-0.0636614,0.2482,-1.00728,-1.59481,-1.01706,-0.127135,0.559175,1.40119,-1.61276,1.8305,-0.0898098,-1.26576,-1.76124,1.23195,-0.269686,1.22789,-1.59845,-1.56077,0.458786,1.996,-0.185011,-1.75004,1.38731,-0.797919,-1.56933,0.936032,-1.67351,1.35279,0.444837,1.42627,-1.3104,-0.0724454,0.89088,-0.393547,0.886616,0.0264761,-0.478673,-1.03596,0.226382,0.0675763,-1.26799,0.156639,-0.0321617,0.998724,0.212245,-0.63784,-0.775643,-0.788799,1.94885,1.21166,0.828242,-0.92643,-0.62419,-1.08532,0.0134659,-0.922084,-1.04397,-1.82062,-0.720654,-1.94471,-0.376988,1.76676,-0.594025,1.17955,0.313105,1.16384,0.0323358,0.112372,0.276904,0.173359,1.84303,0.871915,-1.30925,-0.819472,-0.271119,0.144731,1.18899,1.07535,1.68402,1.67163,-0.91779,-0.253471,-1.68299,-0.374937,1.42931,0.855572,-1.19532,1.04643,-0.200842,0.696834,-2.19242,0.514308,-0.313643,-0.472351,0.297462,-1.68063,0.581966,0.39062,-0.362472,-0.148721,-1.67564,-1.3199,-1.54279,1.55493,0.475672,-0.770189,-0.0388259,-0.297467,0.120947,0.75807,0.131154,-0.653501,0.176521,-0.274927,-0.196185,-0.445753,0.356807,-1.5243,-0.492478,1.85442,-0.434474,-0.772093,-1.89191,0.892656,-0.866463,-0.658233,-1.25853,0.675009,1.09095,0.753064,-0.6675,1.49804,0.21733,-1.4965,-0.146877,0.299852,0.588299,1.3434,-0.206898,-0.692576,0.562338,-0.385717,0.565402,-0.839423,-0.722926,-0.0170065,-0.47166,-0.265258,-0.0901727,0.884286,1.68638,-0.593571,1.23762,-0.0978865,-0.739618,1.18153,-0.120695,0.772002,-0.834131,0.617974,1.57647,0.0629565,-0.56299,-0.236404,-0.94583,-0.484968,-0.829459,-0.443306,0.185181,-0.753888,-1.64644,0.164503,0.288202,1.31873,-1.87928,0.139086,3.14376,1.15786,0.525418,-1.22828,-1.41318,0.565892,0.338912,1.03461,1.06122,0.717255,-0.0329939,-547.184,-508.299,2761.5,815.011,520.894,-1882.04,-2005.36,-819.359,713.376,4167.89,684.524,-60.5022,-3825.74,-379.508,89.5438,-786.665,-2764.26,-1893.05,-1138.15,1330.48,3721.9,-4549.31,2287.66,267.703,-2638.59,-2872.07,3581.78,-691.08,1559.76,-2665.15,-3407.54,531.827,2745.55,-223.138,-3512.96,4957.76,-1430.38,-3610.6,1490.59,-2808.39,2647.86,134.514,1058.66,-2025.01,485.435,3088.29,-408.039,1755.96,-843.537,223.64,-979.537,157.066,-382.401,-1592.82,146.539,630.355,1663.4,390.568,-1767.98,-422.267,-1066.21,3073.98,426.967,1910.6,-1257.09,-400.344,-1141.72,499.265,-2604.22,-1076.11,-4120.46,-2216.12,-5824.17,-626.233,4606.2,242.817,3643.23,1542.24,2193.71,656.864,865.569,271.498,-601.193,3442.11,1343.81,-669.027,-589.169,-124.323,-568.395,1995.34,2199.27,3168.19,1360.03,-1589.59,215.181,-2315.43,-552.459,2949.46,968.289,-1405.52
-250354,0,1,0,1,1,250396,-0.384764,0.00591807,1.98251,0.65987,0.194549,-1.62464,-1.32884,-0.638008,0.776036,1.76188,-0.149657,0.116447,-1.54277,-0.0636614,0.2482,-1.00728,-1.59481,-1.01706,-0.127135,0.559175,1.40119,-1.61276,1.8305,-0.0898098,-1.26576,-1.76124,1.23195,-0.269686,1.22789,-1.59845,-1.56077,0.458786,1.996,-0.185011,-1.75004,1.38731,-0.797919,-1.56933,0.936032,-1.67351,1.35279,0.444837,1.42627,-1.3104,-0.0724454,0.89088,-0.393547,0.886616,0.0264761,-0.478673,-1.03596,0.226382,0.0675763,-1.26799,0.156639,-0.0321617,0.998724,0.212245,-0.63784,-0.775643,-0.788799,1.94885,1.21166,0.828242,-0.92643,-0.62419,-1.08532,0.0134659,-0.922084,-1.04397,-1.82062,-0.720654,-1.94471,-0.376988,1.76676,-0.594025,1.17955,0.313105,1.16384,0.0323358,0.112372,0.276904,0.173359,1.84303,0.871915,-1.30925,-0.819472,-0.271119,0.144731,1.18899,1.07535,1.68402,1.67163,-0.91779,-0.253471,-1.68299,-0.374937,1.42931,0.855572,-1.19532,0.861361,-0.450662,0.532541,0.913865,1.1184,0.692764,-1.01821,0.595925,-0.187876,-0.510938,-0.89235,-0.171952,0.254372,0.42891,0.672406,0.37813,-0.980245,0.280577,0.899443,-0.433052,1.69186,0.691587,0.33464,0.724565,-1.6459,-1.14124,1.99727,-1.27456,0.47688,0.316789,-1.6676,-0.825564,-0.131293,-0.0270667,0.702159,0.648337,0.33909,-1.10553,1.07297,-0.239223,0.168595,-0.14345,1.66402,-1.20147,0.370656,0.301998,-0.624406,-0.16999,2.61519,0.907053,-1.97259,-0.0803472,-0.198696,-0.408945,-0.809389,1.96973,0.891401,-0.610819,0.97565,0.541317,-0.624102,0.300966,0.615475,0.129425,0.502436,0.390598,-1.20328,-0.273989,1.43632,-0.0579293,0.768293,-1.56642,-0.286683,0.51868,-0.194705,-0.977385,0.191906,1.61203,-0.986244,-0.0669086,-0.353916,0.104237,0.262111,-0.963881,-0.29202,0.292385,-0.215171,-0.746012,0.529136,1.1603,-0.539016,0.826603,1.68206,0.812279,-2.42804,-1.02281,-0.206191,-1.09813,-0.228355,1.3337,-547.184,-508.299,2761.5,815.011,520.894,-1882.04,-2005.36,-819.359,713.376,4167.89,684.524,-60.5022,-3825.74,-379.508,89.5438,-786.665,-2764.26,-1893.05,-1138.15,1330.48,3721.9,-4549.31,2287.66,267.703,-2638.59,-2872.07,3581.78,-691.08,1559.76,-2665.15,-3407.54,531.827,2745.55,-223.138,-3512.96,4957.76,-1430.38,-3610.6,1490.59,-2808.39,2647.86,134.514,1058.66,-2025.01,485.435,3088.29,-408.039,1755.96,-843.537,223.64,-979.537,157.066,-382.401,-1592.82,146.539,630.355,1663.4,390.568,-1767.98,-422.267,-1066.21,3073.98,426.967,1910.6,-1257.09,-400.344,-1141.72,499.265,-2604.22,-1076.11,-4120.46,-2216.12,-5824.17,-626.233,4606.2,242.817,3643.23,1542.24,2193.71,656.864,865.569,271.498,-601.193,3442.11,1343.81,-669.027,-589.169,-124.323,-568.395,1995.34,2199.27,3168.19,1360.03,-1589.59,215.181,-2315.43,-552.459,2949.46,968.289,-1405.52
-250354,0,1,0,1,1,250412,-0.384764,0.00591807,1.98251,0.65987,0.194549,-1.62464,-1.32884,-0.638008,0.776036,1.76188,-0.149657,0.116447,-1.54277,-0.0636614,0.2482,-1.00728,-1.59481,-1.01706,-0.127135,0.559175,1.40119,-1.61276,1.8305,-0.0898098,-1.26576,-1.76124,1.23195,-0.269686,1.22789,-1.59845,-1.56077,0.458786,1.996,-0.185011,-1.75004,1.38731,-0.797919,-1.56933,0.936032,-1.67351,1.35279,0.444837,1.42627,-1.3104,-0.0724454,0.89088,-0.393547,0.886616,0.0264761,-0.478673,-1.03596,0.226382,0.0675763,-1.26799,0.156639,-0.0321617,0.998724,0.212245,-0.63784,-0.775643,-0.788799,1.94885,1.21166,0.828242,-0.92643,-0.62419,-1.08532,0.0134659,-0.922084,-1.04397,-1.82062,-0.720654,-1.94471,-0.376988,1.76676,-0.594025,1.17955,0.313105,1.16384,0.0323358,0.112372,0.276904,0.173359,1.84303,0.871915,-1.30925,-0.819472,-0.271119,0.144731,1.18899,1.07535,1.68402,1.67163,-0.91779,-0.253471,-1.68299,-0.374937,1.42931,0.855572,-1.19532,0.695386,0.254347,-0.0428605,-1.0352,-1.07404,-0.0753254,0.857736,-0.192886,1.67101,0.898639,1.9426,-0.930983,-1.55367,-0.176104,1.4692,0.456423,-1.4668,1.44735,-0.174556,0.246504,-0.642402,-1.86696,-1.32065,0.889051,-0.561337,0.308393,0.427157,-1.08109,0.551161,0.0146097,3.36886,1.09515,-1.46357,-0.0176217,-1.57812,0.75859,-1.20653,0.180791,1.01668,0.819508,-1.09965,1.36155,0.343273,-1.70256,-0.0613805,-1.2171,-0.038555,-1.2204,1.10846,-1.19948,-0.901753,-0.377241,0.524394,0.780695,-2.34247,-1.3087,-0.172231,0.698176,-2.03366,-0.674087,-0.350333,-0.637528,0.925821,1.51082,0.113112,1.20018,-0.480122,0.540503,-0.534917,-1.27517,0.153208,-0.239215,-0.676974,-1.21383,1.71984,-0.361098,-2.35521,0.419437,0.0467142,1.50317,0.0930677,0.500848,-0.655228,-0.109483,-1.45107,-1.07486,0.254683,0.439708,-0.694516,-0.0713262,0.936987,0.9166,0.222327,-0.394148,1.39937,-0.98454,0.906103,-2.23126,-0.745417,-1.66679,-547.184,-508.299,2761.5,815.011,520.894,-1882.04,-2005.36,-819.359,713.376,4167.89,684.524,-60.5022,-3825.74,-379.508,89.5438,-786.665,-2764.26,-1893.05,-1138.15,1330.48,3721.9,-4549.31,2287.66,267.703,-2638.59,-2872.07,3581.78,-691.08,1559.76,-2665.15,-3407.54,531.827,2745.55,-223.138,-3512.96,4957.76,-1430.38,-3610.6,1490.59,-2808.39,2647.86,134.514,1058.66,-2025.01,485.435,3088.29,-408.039,1755.96,-843.537,223.64,-979.537,157.066,-382.401,-1592.82,146.539,630.355,1663.4,390.568,-1767.98,-422.267,-1066.21,3073.98,426.967,1910.6,-1257.09,-400.344,-1141.72,499.265,-2604.22,-1076.11,-4120.46,-2216.12,-5824.17,-626.233,4606.2,242.817,3643.23,1542.24,2193.71,656.864,865.569,271.498,-601.193,3442.11,1343.81,-669.027,-589.169,-124.323,-568.395,1995.34,2199.27,3168.19,1360.03,-1589.59,215.181,-2315.43,-552.459,2949.46,968.289,-1405.52
-250354,0,1,0,1,1,250406,-0.384764,0.00591807,1.98251,0.65987,0.194549,-1.62464,-1.32884,-0.638008,0.776036,1.76188,-0.149657,0.116447,-1.54277,-0.0636614,0.2482,-1.00728,-1.59481,-1.01706,-0.127135,0.559175,1.40119,-1.61276,1.8305,-0.0898098,-1.26576,-1.76124,1.23195,-0.269686,1.22789,-1.59845,-1.56077,0.458786,1.996,-0.185011,-1.75004,1.38731,-0.797919,-1.56933,0.936032,-1.67351,1.35279,0.444837,1.42627,-1.3104,-0.0724454,0.89088,-0.393547,0.886616,0.0264761,-0.478673,-1.03596,0.226382,0.0675763,-1.26799,0.156639,-0.0321617,0.998724,0.212245,-0.63784,-0.775643,-0.788799,1.94885,1.21166,0.828242,-0.92643,-0.62419,-1.08532,0.0134659,-0.922084,-1.04397,-1.82062,-0.720654,-1.94471,-0.376988,1.76676,-0.594025,1.17955,0.313105,1.16384,0.0323358,0.112372,0.276904,0.173359,1.84303,0.871915,-1.30925,-0.819472,-0.271119,0.144731,1.18899,1.07535,1.68402,1.67163,-0.91779,-0.253471,-1.68299,-0.374937,1.42931,0.855572,-1.19532,0.254647,0.0624524,0.110389,-0.647731,1.06795,-0.0567517,-0.4991,-2.39258,0.881831,-1.33743,0.03551,-0.23621,1.2499,-0.71406,0.869332,1.05689,0.749331,0.497557,1.03979,0.591765,-0.205569,-0.131667,1.06573,0.956217,-0.928975,-1.13172,-0.0482985,-0.423181,0.813622,1.34806,-0.200334,-3.16605,1.08965,-1.09549,1.2974,0.753352,0.272107,-0.435177,-1.67705,1.1881,0.138854,-1.54775,-1.10244,-0.073492,1.34625,0.802985,-0.175311,-0.14008,-1.46623,1.5681,-0.886576,0.324228,0.200957,-0.277055,-1.57382,0.346229,-0.204398,0.425667,2.35899,0.481883,-0.99932,-0.637655,0.90025,-0.913139,-2.28504,0.760967,0.0712057,1.748,1.97655,-0.855898,1.15055,-0.401391,-0.279478,-0.72679,1.26875,0.902895,-0.556413,-0.582544,-0.652468,-0.497706,-1.43575,2.12135,-0.231576,0.132602,0.254946,0.226287,-0.94707,0.994359,0.397499,-0.314635,0.639075,1.61152,-0.602698,0.207426,1.73392,0.805129,0.156498,1.15987,-1.08189,0.283136,-547.184,-508.299,2761.5,815.011,520.894,-1882.04,-2005.36,-819.359,713.376,4167.89,684.524,-60.5022,-3825.74,-379.508,89.5438,-786.665,-2764.26,-1893.05,-1138.15,1330.48,3721.9,-4549.31,2287.66,267.703,-2638.59,-2872.07,3581.78,-691.08,1559.76,-2665.15,-3407.54,531.827,2745.55,-223.138,-3512.96,4957.76,-1430.38,-3610.6,1490.59,-2808.39,2647.86,134.514,1058.66,-2025.01,485.435,3088.29,-408.039,1755.96,-843.537,223.64,-979.537,157.066,-382.401,-1592.82,146.539,630.355,1663.4,390.568,-1767.98,-422.267,-1066.21,3073.98,426.967,1910.6,-1257.09,-400.344,-1141.72,499.265,-2604.22,-1076.11,-4120.46,-2216.12,-5824.17,-626.233,4606.2,242.817,3643.23,1542.24,2193.71,656.864,865.569,271.498,-601.193,3442.11,1343.81,-669.027,-589.169,-124.323,-568.395,1995.34,2199.27,3168.19,1360.03,-1589.59,215.181,-2315.43,-552.459,2949.46,968.289,-1405.52
-250354,0,1,0,1,1,250403,-0.384764,0.00591807,1.98251,0.65987,0.194549,-1.62464,-1.32884,-0.638008,0.776036,1.76188,-0.149657,0.116447,-1.54277,-0.0636614,0.2482,-1.00728,-1.59481,-1.01706,-0.127135,0.559175,1.40119,-1.61276,1.8305,-0.0898098,-1.26576,-1.76124,1.23195,-0.269686,1.22789,-1.59845,-1.56077,0.458786,1.996,-0.185011,-1.75004,1.38731,-0.797919,-1.56933,0.936032,-1.67351,1.35279,0.444837,1.42627,-1.3104,-0.0724454,0.89088,-0.393547,0.886616,0.0264761,-0.478673,-1.03596,0.226382,0.0675763,-1.26799,0.156639,-0.0321617,0.998724,0.212245,-0.63784,-0.775643,-0.788799,1.94885,1.21166,0.828242,-0.92643,-0.62419,-1.08532,0.0134659,-0.922084,-1.04397,-1.82062,-0.720654,-1.94471,-0.376988,1.76676,-0.594025,1.17955,0.313105,1.16384,0.0323358,0.112372,0.276904,0.173359,1.84303,0.871915,-1.30925,-0.819472,-0.271119,0.144731,1.18899,1.07535,1.68402,1.67163,-0.91779,-0.253471,-1.68299,-0.374937,1.42931,0.855572,-1.19532,0.968829,0.912516,0.328863,-0.810318,-0.966426,1.18871,0.0679903,-0.0023073,0.645811,0.550175,3.42032,-0.0712281,-0.423354,0.395301,0.416576,0.80916,-0.131625,-0.00274049,-0.945641,0.611077,0.47744,0.320113,1.13735,0.300724,-1.04434,0.506056,1.39334,-0.135184,-0.87472,-0.553163,0.668467,-1.36749,1.34949,0.329991,0.993836,1.59346,-0.967625,1.12659,1.60981,-0.0487395,-0.141406,0.215295,-0.940349,0.580754,1.14568,-0.600666,0.0753758,-0.717826,1.44405,-1.27795,-1.3786,0.947148,-0.755267,-0.846652,-0.6547,1.29089,1.22663,-0.33416,2.079,1.58854,0.90043,-0.481448,-0.253963,0.397921,0.938163,-0.528996,-0.398996,0.130262,0.648124,-1.08751,1.37646,1.18632,-0.891651,-0.332385,0.465661,-1.02365,0.599684,-1.81024,0.734012,1.7549,0.781108,0.510009,-0.820697,0.173781,-0.867093,1.05337,-0.237956,0.986518,0.718122,-0.443296,0.178442,-0.105446,0.162528,0.68171,3.18364,-1.50133,-0.0713356,-0.661282,-0.769875,-0.959495,-547.184,-508.299,2761.5,815.011,520.894,-1882.04,-2005.36,-819.359,713.376,4167.89,684.524,-60.5022,-3825.74,-379.508,89.5438,-786.665,-2764.26,-1893.05,-1138.15,1330.48,3721.9,-4549.31,2287.66,267.703,-2638.59,-2872.07,3581.78,-691.08,1559.76,-2665.15,-3407.54,531.827,2745.55,-223.138,-3512.96,4957.76,-1430.38,-3610.6,1490.59,-2808.39,2647.86,134.514,1058.66,-2025.01,485.435,3088.29,-408.039,1755.96,-843.537,223.64,-979.537,157.066,-382.401,-1592.82,146.539,630.355,1663.4,390.568,-1767.98,-422.267,-1066.21,3073.98,426.967,1910.6,-1257.09,-400.344,-1141.72,499.265,-2604.22,-1076.11,-4120.46,-2216.12,-5824.17,-626.233,4606.2,242.817,3643.23,1542.24,2193.71,656.864,865.569,271.498,-601.193,3442.11,1343.81,-669.027,-589.169,-124.323,-568.395,1995.34,2199.27,3168.19,1360.03,-1589.59,215.181,-2315.43,-552.459,2949.46,968.289,-1405.52
-250354,0,1,0,1,1,250399,-0.384764,0.00591807,1.98251,0.65987,0.194549,-1.62464,-1.32884,-0.638008,0.776036,1.76188,-0.149657,0.116447,-1.54277,-0.0636614,0.2482,-1.00728,-1.59481,-1.01706,-0.127135,0.559175,1.40119,-1.61276,1.8305,-0.0898098,-1.26576,-1.76124,1.23195,-0.269686,1.22789,-1.59845,-1.56077,0.458786,1.996,-0.185011,-1.75004,1.38731,-0.797919,-1.56933,0.936032,-1.67351,1.35279,0.444837,1.42627,-1.3104,-0.0724454,0.89088,-0.393547,0.886616,0.0264761,-0.478673,-1.03596,0.226382,0.0675763,-1.26799,0.156639,-0.0321617,0.998724,0.212245,-0.63784,-0.775643,-0.788799,1.94885,1.21166,0.828242,-0.92643,-0.62419,-1.08532,0.0134659,-0.922084,-1.04397,-1.82062,-0.720654,-1.94471,-0.376988,1.76676,-0.594025,1.17955,0.313105,1.16384,0.0323358,0.112372,0.276904,0.173359,1.84303,0.871915,-1.30925,-0.819472,-0.271119,0.144731,1.18899,1.07535,1.68402,1.67163,-0.91779,-0.253471,-1.68299,-0.374937,1.42931,0.855572,-1.19532,-1.20943,-0.224326,-1.79433,-0.381765,-0.608048,0.816372,-0.836283,0.0161563,1.40024,1.55184,-1.08984,-0.351998,1.09384,-1.24932,-0.487941,0.891872,0.199648,-0.372451,-1.9262,-1.43338,-1.22333,-0.475332,0.0241095,-0.285092,-0.391403,0.214697,0.151904,-0.625324,2.09014,-0.665022,0.459794,1.63955,0.198107,1.04291,-0.785358,-2.32604,0.477728,-0.559138,1.84706,1.53714,-0.0837851,-0.262477,-0.614167,0.761182,1.37156,0.441824,0.953066,-0.430573,0.197844,-1.54086,0.833301,-0.477403,0.0744612,-0.616892,1.0322,0.420292,-1.36772,-0.200944,-0.873599,0.560711,-0.677218,-1.31091,0.403026,-0.254128,0.210313,-0.613061,-0.223554,0.112407,0.412088,1.22208,-0.36163,-0.464975,0.599465,-0.0613083,1.07871,-1.03251,0.589856,-0.475353,-0.189112,-1.55801,0.330824,-2.04238,2.62948,0.729118,-0.902824,-0.153954,-0.636914,0.070506,0.252946,-0.00802561,-1.32866,-0.880404,1.82635,-0.578838,0.0643722,-0.905708,-0.44395,-0.37483,0.985967,0.0389316,-547.184,-508.299,2761.5,815.011,520.894,-1882.04,-2005.36,-819.359,713.376,4167.89,684.524,-60.5022,-3825.74,-379.508,89.5438,-786.665,-2764.26,-1893.05,-1138.15,1330.48,3721.9,-4549.31,2287.66,267.703,-2638.59,-2872.07,3581.78,-691.08,1559.76,-2665.15,-3407.54,531.827,2745.55,-223.138,-3512.96,4957.76,-1430.38,-3610.6,1490.59,-2808.39,2647.86,134.514,1058.66,-2025.01,485.435,3088.29,-408.039,1755.96,-843.537,223.64,-979.537,157.066,-382.401,-1592.82,146.539,630.355,1663.4,390.568,-1767.98,-422.267,-1066.21,3073.98,426.967,1910.6,-1257.09,-400.344,-1141.72,499.265,-2604.22,-1076.11,-4120.46,-2216.12,-5824.17,-626.233,4606.2,242.817,3643.23,1542.24,2193.71,656.864,865.569,271.498,-601.193,3442.11,1343.81,-669.027,-589.169,-124.323,-568.395,1995.34,2199.27,3168.19,1360.03,-1589.59,215.181,-2315.43,-552.459,2949.46,968.289,-1405.52
-250354,0,1,0,1,1,250398,-0.384764,0.00591807,1.98251,0.65987,0.194549,-1.62464,-1.32884,-0.638008,0.776036,1.76188,-0.149657,0.116447,-1.54277,-0.0636614,0.2482,-1.00728,-1.59481,-1.01706,-0.127135,0.559175,1.40119,-1.61276,1.8305,-0.0898098,-1.26576,-1.76124,1.23195,-0.269686,1.22789,-1.59845,-1.56077,0.458786,1.996,-0.185011,-1.75004,1.38731,-0.797919,-1.56933,0.936032,-1.67351,1.35279,0.444837,1.42627,-1.3104,-0.0724454,0.89088,-0.393547,0.886616,0.0264761,-0.478673,-1.03596,0.226382,0.0675763,-1.26799,0.156639,-0.0321617,0.998724,0.212245,-0.63784,-0.775643,-0.788799,1.94885,1.21166,0.828242,-0.92643,-0.62419,-1.08532,0.0134659,-0.922084,-1.04397,-1.82062,-0.720654,-1.94471,-0.376988,1.76676,-0.594025,1.17955,0.313105,1.16384,0.0323358,0.112372,0.276904,0.173359,1.84303,0.871915,-1.30925,-0.819472,-0.271119,0.144731,1.18899,1.07535,1.68402,1.67163,-0.91779,-0.253471,-1.68299,-0.374937,1.42931,0.855572,-1.19532,-0.901303,-0.858749,1.47205,1.24233,-0.461702,0.0675754,0.381742,-1.18386,0.133887,0.736999,-0.464239,0.149681,-0.923415,0.665159,-0.968677,0.0231789,-0.668268,-0.413922,-0.592837,-1.04998,-0.921663,-1.20059,-1.3229,-1.62496,0.497684,-1.71057,-0.477288,0.883339,1.01287,0.368761,-0.737475,-0.41801,1.48025,-0.112688,2.83449,0.0350522,-0.365029,0.0210303,1.21712,0.87401,0.70955,1.57383,-1.62534,-0.0802059,-0.0133995,0.755035,-0.132874,-0.817058,1.88701,1.64184,1.46425,-0.225389,0.345939,-0.45514,1.80146,0.521658,1.00972,-1.71935,1.42753,0.472358,0.426329,-0.10366,-0.141756,1.81647,0.198959,-0.671264,-1.86499,0.896594,0.574429,-0.195413,0.367547,-0.215021,-0.621746,1.7873,0.443499,-1.22284,0.842787,0.332324,0.964684,0.50355,0.932479,0.114368,0.762601,1.62809,0.640419,-0.260441,-0.683809,-0.0769458,0.511996,-0.485613,0.896812,0.0088451,-0.529269,-1.08635,0.170469,0.0966136,-0.409646,0.113038,-0.234062,0.390951,-547.184,-508.299,2761.5,815.011,520.894,-1882.04,-2005.36,-819.359,713.376,4167.89,684.524,-60.5022,-3825.74,-379.508,89.5438,-786.665,-2764.26,-1893.05,-1138.15,1330.48,3721.9,-4549.31,2287.66,267.703,-2638.59,-2872.07,3581.78,-691.08,1559.76,-2665.15,-3407.54,531.827,2745.55,-223.138,-3512.96,4957.76,-1430.38,-3610.6,1490.59,-2808.39,2647.86,134.514,1058.66,-2025.01,485.435,3088.29,-408.039,1755.96,-843.537,223.64,-979.537,157.066,-382.401,-1592.82,146.539,630.355,1663.4,390.568,-1767.98,-422.267,-1066.21,3073.98,426.967,1910.6,-1257.09,-400.344,-1141.72,499.265,-2604.22,-1076.11,-4120.46,-2216.12,-5824.17,-626.233,4606.2,242.817,3643.23,1542.24,2193.71,656.864,865.569,271.498,-601.193,3442.11,1343.81,-669.027,-589.169,-124.323,-568.395,1995.34,2199.27,3168.19,1360.03,-1589.59,215.181,-2315.43,-552.459,2949.46,968.289,-1405.52
-250354,0,1,0,1,1,250400,-0.384764,0.00591807,1.98251,0.65987,0.194549,-1.62464,-1.32884,-0.638008,0.776036,1.76188,-0.149657,0.116447,-1.54277,-0.0636614,0.2482,-1.00728,-1.59481,-1.01706,-0.127135,0.559175,1.40119,-1.61276,1.8305,-0.0898098,-1.26576,-1.76124,1.23195,-0.269686,1.22789,-1.59845,-1.56077,0.458786,1.996,-0.185011,-1.75004,1.38731,-0.797919,-1.56933,0.936032,-1.67351,1.35279,0.444837,1.42627,-1.3104,-0.0724454,0.89088,-0.393547,0.886616,0.0264761,-0.478673,-1.03596,0.226382,0.0675763,-1.26799,0.156639,-0.0321617,0.998724,0.212245,-0.63784,-0.775643,-0.788799,1.94885,1.21166,0.828242,-0.92643,-0.62419,-1.08532,0.0134659,-0.922084,-1.04397,-1.82062,-0.720654,-1.94471,-0.376988,1.76676,-0.594025,1.17955,0.313105,1.16384,0.0323358,0.112372,0.276904,0.173359,1.84303,0.871915,-1.30925,-0.819472,-0.271119,0.144731,1.18899,1.07535,1.68402,1.67163,-0.91779,-0.253471,-1.68299,-0.374937,1.42931,0.855572,-1.19532,0.478187,-1.21562,-1.44,0.430893,1.02619,-0.606378,1.1291,-0.424032,0.477315,-0.643078,0.741339,-0.527004,-1.37763,1.14644,0.483318,1.63825,-0.927384,-0.356845,0.370433,0.37067,-1.17594,-0.777217,0.0848496,1.25912,-1.22041,-0.539319,-0.508811,0.25569,-0.622947,-1.30008,-0.692927,1.89511,-0.504061,-0.0234697,-0.365875,1.51188,-0.393912,-1.48463,-0.200839,1.43411,1.13521,0.244371,-2.45124,1.8853,-0.351464,-1.35764,-0.139038,0.0734901,-0.0302774,2.39784,-0.640383,1.03102,0.373183,0.307046,-0.117721,-0.309366,-1.12647,-1.58496,0.224017,-0.537247,0.146534,-0.192927,0.734238,0.0341134,1.22678,-0.648728,0.147072,-0.0432834,0.73108,0.49372,-1.35635,-1.00885,-0.473194,-1.77096,0.310257,-1.90395,1.07051,0.162236,0.244845,-0.307539,-0.642064,-1.8687,0.377017,1.23719,0.26325,0.0265013,-1.90895,1.22445,0.0795017,-0.206847,-0.507788,-0.0338439,-1.35697,1.34836,0.0206852,0.778252,0.551296,0.706978,-1.10378,-0.798739,-547.184,-508.299,2761.5,815.011,520.894,-1882.04,-2005.36,-819.359,713.376,4167.89,684.524,-60.5022,-3825.74,-379.508,89.5438,-786.665,-2764.26,-1893.05,-1138.15,1330.48,3721.9,-4549.31,2287.66,267.703,-2638.59,-2872.07,3581.78,-691.08,1559.76,-2665.15,-3407.54,531.827,2745.55,-223.138,-3512.96,4957.76,-1430.38,-3610.6,1490.59,-2808.39,2647.86,134.514,1058.66,-2025.01,485.435,3088.29,-408.039,1755.96,-843.537,223.64,-979.537,157.066,-382.401,-1592.82,146.539,630.355,1663.4,390.568,-1767.98,-422.267,-1066.21,3073.98,426.967,1910.6,-1257.09,-400.344,-1141.72,499.265,-2604.22,-1076.11,-4120.46,-2216.12,-5824.17,-626.233,4606.2,242.817,3643.23,1542.24,2193.71,656.864,865.569,271.498,-601.193,3442.11,1343.81,-669.027,-589.169,-124.323,-568.395,1995.34,2199.27,3168.19,1360.03,-1589.59,215.181,-2315.43,-552.459,2949.46,968.289,-1405.52
-250354,0,1,0,1,1,250411,-0.384764,0.00591807,1.98251,0.65987,0.194549,-1.62464,-1.32884,-0.638008,0.776036,1.76188,-0.149657,0.116447,-1.54277,-0.0636614,0.2482,-1.00728,-1.59481,-1.01706,-0.127135,0.559175,1.40119,-1.61276,1.8305,-0.0898098,-1.26576,-1.76124,1.23195,-0.269686,1.22789,-1.59845,-1.56077,0.458786,1.996,-0.185011,-1.75004,1.38731,-0.797919,-1.56933,0.936032,-1.67351,1.35279,0.444837,1.42627,-1.3104,-0.0724454,0.89088,-0.393547,0.886616,0.0264761,-0.478673,-1.03596,0.226382,0.0675763,-1.26799,0.156639,-0.0321617,0.998724,0.212245,-0.63784,-0.775643,-0.788799,1.94885,1.21166,0.828242,-0.92643,-0.62419,-1.08532,0.0134659,-0.922084,-1.04397,-1.82062,-0.720654,-1.94471,-0.376988,1.76676,-0.594025,1.17955,0.313105,1.16384,0.0323358,0.112372,0.276904,0.173359,1.84303,0.871915,-1.30925,-0.819472,-0.271119,0.144731,1.18899,1.07535,1.68402,1.67163,-0.91779,-0.253471,-1.68299,-0.374937,1.42931,0.855572,-1.19532,0.444756,-0.712854,-1.03937,0.401177,-0.695897,0.0628246,0.525831,-0.151074,0.234422,0.799878,1.58145,-2.08522,-1.49463,0.891072,0.732422,-1.29914,0.544019,-1.05147,-0.244215,-0.649845,-0.324131,0.605873,-0.857551,-0.818551,-1.17357,-1.15242,0.00421993,2.68562,1.32992,0.577348,-0.720955,0.47972,1.0313,-0.48833,-0.157447,2.186,-2.12678,-0.549584,-0.11524,0.281404,-0.96242,-0.446358,0.179859,-0.134178,0.506609,0.00683436,0.632254,-0.312227,0.866157,2.02633,-0.146507,0.145796,0.530324,0.701365,-0.929202,-1.26255,-0.6143,-1.29688,-0.959096,0.292857,-2.39624,-0.517152,0.981229,-0.00825852,1.52887,0.535642,-0.317878,0.379779,-1.71823,0.766224,1.40445,-1.45674,-1.35473,0.997827,1.25439,0.238833,-1.39135,0.287772,1.47318,0.165185,1.5149,-0.592349,-0.829498,1.48012,1.25752,-0.880885,0.883523,2.69037,-1.0684,1.02412,1.22753,2.56096,-0.356786,0.781512,-0.229069,-0.218897,0.921886,-0.793867,0.904763,-1.51749,-547.184,-508.299,2761.5,815.011,520.894,-1882.04,-2005.36,-819.359,713.376,4167.89,684.524,-60.5022,-3825.74,-379.508,89.5438,-786.665,-2764.26,-1893.05,-1138.15,1330.48,3721.9,-4549.31,2287.66,267.703,-2638.59,-2872.07,3581.78,-691.08,1559.76,-2665.15,-3407.54,531.827,2745.55,-223.138,-3512.96,4957.76,-1430.38,-3610.6,1490.59,-2808.39,2647.86,134.514,1058.66,-2025.01,485.435,3088.29,-408.039,1755.96,-843.537,223.64,-979.537,157.066,-382.401,-1592.82,146.539,630.355,1663.4,390.568,-1767.98,-422.267,-1066.21,3073.98,426.967,1910.6,-1257.09,-400.344,-1141.72,499.265,-2604.22,-1076.11,-4120.46,-2216.12,-5824.17,-626.233,4606.2,242.817,3643.23,1542.24,2193.71,656.864,865.569,271.498,-601.193,3442.11,1343.81,-669.027,-589.169,-124.323,-568.395,1995.34,2199.27,3168.19,1360.03,-1589.59,215.181,-2315.43,-552.459,2949.46,968.289,-1405.52
-250354,0,1,0,1,1,250404,-0.384764,0.00591807,1.98251,0.65987,0.194549,-1.62464,-1.32884,-0.638008,0.776036,1.76188,-0.149657,0.116447,-1.54277,-0.0636614,0.2482,-1.00728,-1.59481,-1.01706,-0.127135,0.559175,1.40119,-1.61276,1.8305,-0.0898098,-1.26576,-1.76124,1.23195,-0.269686,1.22789,-1.59845,-1.56077,0.458786,1.996,-0.185011,-1.75004,1.38731,-0.797919,-1.56933,0.936032,-1.67351,1.35279,0.444837,1.42627,-1.3104,-0.0724454,0.89088,-0.393547,0.886616,0.0264761,-0.478673,-1.03596,0.226382,0.0675763,-1.26799,0.156639,-0.0321617,0.998724,0.212245,-0.63784,-0.775643,-0.788799,1.94885,1.21166,0.828242,-0.92643,-0.62419,-1.08532,0.0134659,-0.922084,-1.04397,-1.82062,-0.720654,-1.94471,-0.376988,1.76676,-0.594025,1.17955,0.313105,1.16384,0.0323358,0.112372,0.276904,0.173359,1.84303,0.871915,-1.30925,-0.819472,-0.271119,0.144731,1.18899,1.07535,1.68402,1.67163,-0.91779,-0.253471,-1.68299,-0.374937,1.42931,0.855572,-1.19532,-0.739836,1.61736,-0.666843,-0.367764,-1.19594,0.66497,1.10201,-0.25577,-0.452083,-0.00149506,-0.266107,0.037544,0.627307,-2.3593,0.13499,0.0226041,-0.902989,1.48311,0.435602,0.95024,-1.54253,1.96457,1.33303,-1.27359,0.421422,0.407945,-1.74767,-0.661093,0.643058,1.98954,-1.0148,0.198054,-0.612644,-1.4657,0.686576,0.335157,0.0189145,0.824256,-0.269771,0.0379386,-0.392463,-0.238864,0.579201,0.0565354,1.89413,-0.20401,0.950914,-0.902639,0.0900048,-0.34654,0.555314,-1.10325,-0.73663,0.587672,0.596488,1.30185,-1.31678,1.29343,0.326289,0.0352309,1.50861,0.724619,1.97775,-0.744262,-0.902223,1.82343,0.111803,-0.923452,-0.16895,-0.230507,-1.14433,-0.305556,0.0857538,-1.07116,-1.50458,-0.257938,1.63955,0.0154356,1.76703,1.35625,1.39846,0.600067,-0.996822,0.0490726,0.769321,-0.283326,-0.650134,-0.100795,2.48982,1.79241,1.59956,0.513105,0.146858,-0.202831,-1.41993,0.182183,1.59645,-0.136456,0.497231,-0.0411952,-547.184,-508.299,2761.5,815.011,520.894,-1882.04,-2005.36,-819.359,713.376,4167.89,684.524,-60.5022,-3825.74,-379.508,89.5438,-786.665,-2764.26,-1893.05,-1138.15,1330.48,3721.9,-4549.31,2287.66,267.703,-2638.59,-2872.07,3581.78,-691.08,1559.76,-2665.15,-3407.54,531.827,2745.55,-223.138,-3512.96,4957.76,-1430.38,-3610.6,1490.59,-2808.39,2647.86,134.514,1058.66,-2025.01,485.435,3088.29,-408.039,1755.96,-843.537,223.64,-979.537,157.066,-382.401,-1592.82,146.539,630.355,1663.4,390.568,-1767.98,-422.267,-1066.21,3073.98,426.967,1910.6,-1257.09,-400.344,-1141.72,499.265,-2604.22,-1076.11,-4120.46,-2216.12,-5824.17,-626.233,4606.2,242.817,3643.23,1542.24,2193.71,656.864,865.569,271.498,-601.193,3442.11,1343.81,-669.027,-589.169,-124.323,-568.395,1995.34,2199.27,3168.19,1360.03,-1589.59,215.181,-2315.43,-552.459,2949.46,968.289,-1405.52
-250354,0,1,0,1,1,250400,-0.384764,0.00591807,1.98251,0.65987,0.194549,-1.62464,-1.32884,-0.638008,0.776036,1.76188,-0.149657,0.116447,-1.54277,-0.0636614,0.2482,-1.00728,-1.59481,-1.01706,-0.127135,0.559175,1.40119,-1.61276,1.8305,-0.0898098,-1.26576,-1.76124,1.23195,-0.269686,1.22789,-1.59845,-1.56077,0.458786,1.996,-0.185011,-1.75004,1.38731,-0.797919,-1.56933,0.936032,-1.67351,1.35279,0.444837,1.42627,-1.3104,-0.0724454,0.89088,-0.393547,0.886616,0.0264761,-0.478673,-1.03596,0.226382,0.0675763,-1.26799,0.156639,-0.0321617,0.998724,0.212245,-0.63784,-0.775643,-0.788799,1.94885,1.21166,0.828242,-0.92643,-0.62419,-1.08532,0.0134659,-0.922084,-1.04397,-1.82062,-0.720654,-1.94471,-0.376988,1.76676,-0.594025,1.17955,0.313105,1.16384,0.0323358,0.112372,0.276904,0.173359,1.84303,0.871915,-1.30925,-0.819472,-0.271119,0.144731,1.18899,1.07535,1.68402,1.67163,-0.91779,-0.253471,-1.68299,-0.374937,1.42931,0.855572,-1.19532,-1.34022,-0.47676,-0.831796,1.57113,0.863781,-0.146875,0.182959,0.0296765,-1.73829,-1.03346,-1.22889,0.531401,-0.51433,0.398525,-0.220416,0.020763,-0.280208,-0.073007,0.805969,-1.02784,1.35006,0.010377,-0.682281,0.89638,-0.682643,-1.54665,-0.403438,0.0327831,0.440873,0.398242,0.0940911,0.66525,-0.479577,2.16833,0.569164,0.311441,0.42434,-0.132131,2.21308,-0.452762,1.96446,-0.868336,1.60024,0.452497,0.481079,-0.567084,0.226877,1.9581,-1.49315,0.962154,0.0316903,1.43789,0.260867,1.7395,-0.0105792,2.44807,-1.29974,0.427122,0.351778,-0.150937,0.994292,0.540566,-0.86961,-0.0749615,0.454365,0.628663,0.105035,-1.89505,-0.201787,1.19063,-0.71596,1.27836,0.271736,-1.74748,-1.78526,0.281595,-0.0451502,-1.64384,-0.159304,0.232939,1.24034,0.115075,0.28315,0.200073,-0.532299,-0.0104548,-0.956786,-0.566032,0.518551,-0.0179802,1.32355,-0.477182,-1.52549,-0.623574,-1.81224,-0.563087,0.236723,-0.193452,0.243795,0.947336,-547.184,-508.299,2761.5,815.011,520.894,-1882.04,-2005.36,-819.359,713.376,4167.89,684.524,-60.5022,-3825.74,-379.508,89.5438,-786.665,-2764.26,-1893.05,-1138.15,1330.48,3721.9,-4549.31,2287.66,267.703,-2638.59,-2872.07,3581.78,-691.08,1559.76,-2665.15,-3407.54,531.827,2745.55,-223.138,-3512.96,4957.76,-1430.38,-3610.6,1490.59,-2808.39,2647.86,134.514,1058.66,-2025.01,485.435,3088.29,-408.039,1755.96,-843.537,223.64,-979.537,157.066,-382.401,-1592.82,146.539,630.355,1663.4,390.568,-1767.98,-422.267,-1066.21,3073.98,426.967,1910.6,-1257.09,-400.344,-1141.72,499.265,-2604.22,-1076.11,-4120.46,-2216.12,-5824.17,-626.233,4606.2,242.817,3643.23,1542.24,2193.71,656.864,865.569,271.498,-601.193,3442.11,1343.81,-669.027,-589.169,-124.323,-568.395,1995.34,2199.27,3168.19,1360.03,-1589.59,215.181,-2315.43,-552.459,2949.46,968.289,-1405.52
-250354,0,1,0,1,1,250404,-0.384764,0.00591807,1.98251,0.65987,0.194549,-1.62464,-1.32884,-0.638008,0.776036,1.76188,-0.149657,0.116447,-1.54277,-0.0636614,0.2482,-1.00728,-1.59481,-1.01706,-0.127135,0.559175,1.40119,-1.61276,1.8305,-0.0898098,-1.26576,-1.76124,1.23195,-0.269686,1.22789,-1.59845,-1.56077,0.458786,1.996,-0.185011,-1.75004,1.38731,-0.797919,-1.56933,0.936032,-1.67351,1.35279,0.444837,1.42627,-1.3104,-0.0724454,0.89088,-0.393547,0.886616,0.0264761,-0.478673,-1.03596,0.226382,0.0675763,-1.26799,0.156639,-0.0321617,0.998724,0.212245,-0.63784,-0.775643,-0.788799,1.94885,1.21166,0.828242,-0.92643,-0.62419,-1.08532,0.0134659,-0.922084,-1.04397,-1.82062,-0.720654,-1.94471,-0.376988,1.76676,-0.594025,1.17955,0.313105,1.16384,0.0323358,0.112372,0.276904,0.173359,1.84303,0.871915,-1.30925,-0.819472,-0.271119,0.144731,1.18899,1.07535,1.68402,1.67163,-0.91779,-0.253471,-1.68299,-0.374937,1.42931,0.855572,-1.19532,0.215493,0.531763,-0.124364,1.31569,-2.02767,2.04028,-0.381753,-0.522959,-0.190725,-0.490331,-1.29256,-0.527026,0.114986,0.289787,0.388057,-0.000208476,0.841202,-0.920278,-0.516815,0.121344,0.68763,1.02849,-1.26513,0.651055,-1.1116,0.365297,-1.07826,-1.43937,-0.718176,0.943147,-0.0450729,0.38123,0.776678,-0.88747,1.04136,-0.175742,-0.426375,0.336735,1.08056,0.22525,-0.212195,-0.430734,-0.325936,0.676928,-0.32638,0.679215,2.00488,-0.499525,-1.36262,-1.20675,-1.42316,-0.79759,1.22843,0.568175,0.646311,-0.371375,-0.333106,-0.648648,-2.4038,0.758508,-0.0803891,-1.37604,1.10442,0.0142773,0.440143,-2.04108,2.01854,-0.816758,-1.01448,0.898143,-0.0390854,-1.1816,1.43697,-0.992398,2.20044,-2.31083,0.0965129,-1.55767,1.42134,-1.38941,0.366525,-0.0019174,-0.190317,1.56506,0.542391,0.842315,1.96349,-0.793018,-0.105283,0.709729,1.335,0.536385,0.707857,0.676528,-0.0738172,-0.0755699,-0.826627,0.460727,0.35502,1.48108,-547.184,-508.299,2761.5,815.011,520.894,-1882.04,-2005.36,-819.359,713.376,4167.89,684.524,-60.5022,-3825.74,-379.508,89.5438,-786.665,-2764.26,-1893.05,-1138.15,1330.48,3721.9,-4549.31,2287.66,267.703,-2638.59,-2872.07,3581.78,-691.08,1559.76,-2665.15,-3407.54,531.827,2745.55,-223.138,-3512.96,4957.76,-1430.38,-3610.6,1490.59,-2808.39,2647.86,134.514,1058.66,-2025.01,485.435,3088.29,-408.039,1755.96,-843.537,223.64,-979.537,157.066,-382.401,-1592.82,146.539,630.355,1663.4,390.568,-1767.98,-422.267,-1066.21,3073.98,426.967,1910.6,-1257.09,-400.344,-1141.72,499.265,-2604.22,-1076.11,-4120.46,-2216.12,-5824.17,-626.233,4606.2,242.817,3643.23,1542.24,2193.71,656.864,865.569,271.498,-601.193,3442.11,1343.81,-669.027,-589.169,-124.323,-568.395,1995.34,2199.27,3168.19,1360.03,-1589.59,215.181,-2315.43,-552.459,2949.46,968.289,-1405.52
-250354,0,1,0,1,1,250409,-0.384764,0.00591807,1.98251,0.65987,0.194549,-1.62464,-1.32884,-0.638008,0.776036,1.76188,-0.149657,0.116447,-1.54277,-0.0636614,0.2482,-1.00728,-1.59481,-1.01706,-0.127135,0.559175,1.40119,-1.61276,1.8305,-0.0898098,-1.26576,-1.76124,1.23195,-0.269686,1.22789,-1.59845,-1.56077,0.458786,1.996,-0.185011,-1.75004,1.38731,-0.797919,-1.56933,0.936032,-1.67351,1.35279,0.444837,1.42627,-1.3104,-0.0724454,0.89088,-0.393547,0.886616,0.0264761,-0.478673,-1.03596,0.226382,0.0675763,-1.26799,0.156639,-0.0321617,0.998724,0.212245,-0.63784,-0.775643,-0.788799,1.94885,1.21166,0.828242,-0.92643,-0.62419,-1.08532,0.0134659,-0.922084,-1.04397,-1.82062,-0.720654,-1.94471,-0.376988,1.76676,-0.594025,1.17955,0.313105,1.16384,0.0323358,0.112372,0.276904,0.173359,1.84303,0.871915,-1.30925,-0.819472,-0.271119,0.144731,1.18899,1.07535,1.68402,1.67163,-0.91779,-0.253471,-1.68299,-0.374937,1.42931,0.855572,-1.19532,-0.402322,-0.765616,0.0659439,0.453894,-0.731965,-0.550988,-1.64174,0.370044,-0.990594,-1.57753,0.47185,-0.80639,-1.90412,0.0972602,-0.445464,-0.879574,-1.24689,1.31944,-0.443103,-0.782219,-1.05544,0.989143,-0.379796,-0.96413,1.41489,-0.165243,-0.318977,0.664352,1.77513,0.361558,-1.13205,-0.905457,0.933985,0.476263,0.108981,0.218803,-0.232706,2.51686,-0.484331,-1.09118,0.0576306,-0.115817,-0.572561,1.03403,0.164023,-0.756615,-2.08916,-0.37417,-1.92767,-0.0258669,-0.0428451,-0.295802,-0.196769,-0.681373,-1.79499,-0.504495,1.07539,1.38244,-0.872719,-2.65717,-0.122299,0.641076,-0.71891,1.16554,-0.179978,-0.96337,-1.09384,0.253644,-1.81939,0.800563,0.871129,0.289254,0.0192807,0.78639,-2.12939,0.333299,1.34953,-0.54449,2.43742,1.20134,0.222376,-0.215194,1.20722,0.641238,-0.310463,-0.308743,-0.145423,0.705874,0.316855,2.10937,-0.616847,-0.700043,-2.53256,0.531045,0.65829,-1.30958,1.33419,1.07807,1.37763,-0.106961,-547.184,-508.299,2761.5,815.011,520.894,-1882.04,-2005.36,-819.359,713.376,4167.89,684.524,-60.5022,-3825.74,-379.508,89.5438,-786.665,-2764.26,-1893.05,-1138.15,1330.48,3721.9,-4549.31,2287.66,267.703,-2638.59,-2872.07,3581.78,-691.08,1559.76,-2665.15,-3407.54,531.827,2745.55,-223.138,-3512.96,4957.76,-1430.38,-3610.6,1490.59,-2808.39,2647.86,134.514,1058.66,-2025.01,485.435,3088.29,-408.039,1755.96,-843.537,223.64,-979.537,157.066,-382.401,-1592.82,146.539,630.355,1663.4,390.568,-1767.98,-422.267,-1066.21,3073.98,426.967,1910.6,-1257.09,-400.344,-1141.72,499.265,-2604.22,-1076.11,-4120.46,-2216.12,-5824.17,-626.233,4606.2,242.817,3643.23,1542.24,2193.71,656.864,865.569,271.498,-601.193,3442.11,1343.81,-669.027,-589.169,-124.323,-568.395,1995.34,2199.27,3168.19,1360.03,-1589.59,215.181,-2315.43,-552.459,2949.46,968.289,-1405.52
-250354,0,1,0,1,1,250411,-0.384764,0.00591807,1.98251,0.65987,0.194549,-1.62464,-1.32884,-0.638008,0.776036,1.76188,-0.149657,0.116447,-1.54277,-0.0636614,0.2482,-1.00728,-1.59481,-1.01706,-0.127135,0.559175,1.40119,-1.61276,1.8305,-0.0898098,-1.26576,-1.76124,1.23195,-0.269686,1.22789,-1.59845,-1.56077,0.458786,1.996,-0.185011,-1.75004,1.38731,-0.797919,-1.56933,0.936032,-1.67351,1.35279,0.444837,1.42627,-1.3104,-0.0724454,0.89088,-0.393547,0.886616,0.0264761,-0.478673,-1.03596,0.226382,0.0675763,-1.26799,0.156639,-0.0321617,0.998724,0.212245,-0.63784,-0.775643,-0.788799,1.94885,1.21166,0.828242,-0.92643,-0.62419,-1.08532,0.0134659,-0.922084,-1.04397,-1.82062,-0.720654,-1.94471,-0.376988,1.76676,-0.594025,1.17955,0.313105,1.16384,0.0323358,0.112372,0.276904,0.173359,1.84303,0.871915,-1.30925,-0.819472,-0.271119,0.144731,1.18899,1.07535,1.68402,1.67163,-0.91779,-0.253471,-1.68299,-0.374937,1.42931,0.855572,-1.19532,1.55544,1.25732,-0.685558,-0.295579,-2.02656,-0.221726,2.02337,-1.83463,1.95065,-1.10719,1.83133,-0.657521,0.550798,-0.0168064,-1.71437,-0.148028,1.06788,0.237386,1.38783,-0.533437,-0.753208,-1.08479,0.321554,-1.16695,0.145441,-1.05836,0.504756,-0.130006,-2.26382,1.19628,0.839934,0.13076,-0.132082,1.02637,0.515574,-0.040666,-0.610621,-0.2152,-2.75583,-0.667615,-0.583257,0.173717,-0.37411,0.596312,-0.0509788,-1.42623,0.827617,0.819707,-0.702183,-0.701022,-9.93908e-05,0.293505,-0.472091,-0.85167,-1.29506,0.0750353,-1.24693,-0.423197,-0.821362,0.0881898,1.71397,1.80743,-0.329507,2.25373,1.32333,1.404,-1.19821,1.1486,-0.513718,0.943271,1.38269,-1.0409,0.611837,0.654189,1.96219,-0.374891,1.45485,-0.913602,0.373316,-2.48234,1.51193,-0.99776,0.61283,-0.529993,0.345582,-0.379013,0.159137,-1.87464,-0.50786,0.116119,0.503171,0.596947,-1.03049,-0.551128,-1.5497,0.194559,-0.666209,-0.295718,0.109053,0.782492,-547.184,-508.299,2761.5,815.011,520.894,-1882.04,-2005.36,-819.359,713.376,4167.89,684.524,-60.5022,-3825.74,-379.508,89.5438,-786.665,-2764.26,-1893.05,-1138.15,1330.48,3721.9,-4549.31,2287.66,267.703,-2638.59,-2872.07,3581.78,-691.08,1559.76,-2665.15,-3407.54,531.827,2745.55,-223.138,-3512.96,4957.76,-1430.38,-3610.6,1490.59,-2808.39,2647.86,134.514,1058.66,-2025.01,485.435,3088.29,-408.039,1755.96,-843.537,223.64,-979.537,157.066,-382.401,-1592.82,146.539,630.355,1663.4,390.568,-1767.98,-422.267,-1066.21,3073.98,426.967,1910.6,-1257.09,-400.344,-1141.72,499.265,-2604.22,-1076.11,-4120.46,-2216.12,-5824.17,-626.233,4606.2,242.817,3643.23,1542.24,2193.71,656.864,865.569,271.498,-601.193,3442.11,1343.81,-669.027,-589.169,-124.323,-568.395,1995.34,2199.27,3168.19,1360.03,-1589.59,215.181,-2315.43,-552.459,2949.46,968.289,-1405.52
-250354,0,1,0,1,1,250395,-0.384764,0.00591807,1.98251,0.65987,0.194549,-1.62464,-1.32884,-0.638008,0.776036,1.76188,-0.149657,0.116447,-1.54277,-0.0636614,0.2482,-1.00728,-1.59481,-1.01706,-0.127135,0.559175,1.40119,-1.61276,1.8305,-0.0898098,-1.26576,-1.76124,1.23195,-0.269686,1.22789,-1.59845,-1.56077,0.458786,1.996,-0.185011,-1.75004,1.38731,-0.797919,-1.56933,0.936032,-1.67351,1.35279,0.444837,1.42627,-1.3104,-0.0724454,0.89088,-0.393547,0.886616,0.0264761,-0.478673,-1.03596,0.226382,0.0675763,-1.26799,0.156639,-0.0321617,0.998724,0.212245,-0.63784,-0.775643,-0.788799,1.94885,1.21166,0.828242,-0.92643,-0.62419,-1.08532,0.0134659,-0.922084,-1.04397,-1.82062,-0.720654,-1.94471,-0.376988,1.76676,-0.594025,1.17955,0.313105,1.16384,0.0323358,0.112372,0.276904,0.173359,1.84303,0.871915,-1.30925,-0.819472,-0.271119,0.144731,1.18899,1.07535,1.68402,1.67163,-0.91779,-0.253471,-1.68299,-0.374937,1.42931,0.855572,-1.19532,-0.384651,1.49785,-0.660864,-0.137725,0.916036,0.932544,0.0302732,-1.3818,-0.608246,0.962464,-0.488073,-0.187662,0.394268,-0.381084,0.414074,-0.643459,0.536499,-0.799794,0.24682,-1.14625,-0.478742,1.82011,1.88983,0.070212,-0.68621,-0.329852,-0.295863,0.117579,-1.24606,-1.26789,-1.47208,0.490973,-0.334252,0.00263751,0.460104,1.46464,0.920801,-0.382959,-2.56162,-0.535984,0.356455,1.74018,-1.78859,1.39759,0.548616,0.0313335,-0.383247,-0.403388,0.0568968,1.0207,0.00335349,-0.614442,-0.763589,1.72187,-0.411125,0.16118,1.00394,-0.00137467,0.0285048,-0.442055,0.330198,0.428543,1.62838,0.344392,1.75574,1.36788,2.08052,0.778547,-1.26754,-0.418032,0.538899,0.692609,0.575416,0.092437,-0.386506,-0.322431,-0.797185,-0.510431,0.0299164,0.0268998,-0.767305,-0.303467,-0.394101,-0.306449,-1.45452,-1.65317,2.07794,0.307655,0.606023,-0.305278,0.508462,-0.111233,0.205034,0.696622,1.14259,0.421254,-0.170496,1.40417,-0.238023,-0.450132,-547.184,-508.299,2761.5,815.011,520.894,-1882.04,-2005.36,-819.359,713.376,4167.89,684.524,-60.5022,-3825.74,-379.508,89.5438,-786.665,-2764.26,-1893.05,-1138.15,1330.48,3721.9,-4549.31,2287.66,267.703,-2638.59,-2872.07,3581.78,-691.08,1559.76,-2665.15,-3407.54,531.827,2745.55,-223.138,-3512.96,4957.76,-1430.38,-3610.6,1490.59,-2808.39,2647.86,134.514,1058.66,-2025.01,485.435,3088.29,-408.039,1755.96,-843.537,223.64,-979.537,157.066,-382.401,-1592.82,146.539,630.355,1663.4,390.568,-1767.98,-422.267,-1066.21,3073.98,426.967,1910.6,-1257.09,-400.344,-1141.72,499.265,-2604.22,-1076.11,-4120.46,-2216.12,-5824.17,-626.233,4606.2,242.817,3643.23,1542.24,2193.71,656.864,865.569,271.498,-601.193,3442.11,1343.81,-669.027,-589.169,-124.323,-568.395,1995.34,2199.27,3168.19,1360.03,-1589.59,215.181,-2315.43,-552.459,2949.46,968.289,-1405.52
-250354,0,1,0,1,1,250402,-0.384764,0.00591807,1.98251,0.65987,0.194549,-1.62464,-1.32884,-0.638008,0.776036,1.76188,-0.149657,0.116447,-1.54277,-0.0636614,0.2482,-1.00728,-1.59481,-1.01706,-0.127135,0.559175,1.40119,-1.61276,1.8305,-0.0898098,-1.26576,-1.76124,1.23195,-0.269686,1.22789,-1.59845,-1.56077,0.458786,1.996,-0.185011,-1.75004,1.38731,-0.797919,-1.56933,0.936032,-1.67351,1.35279,0.444837,1.42627,-1.3104,-0.0724454,0.89088,-0.393547,0.886616,0.0264761,-0.478673,-1.03596,0.226382,0.0675763,-1.26799,0.156639,-0.0321617,0.998724,0.212245,-0.63784,-0.775643,-0.788799,1.94885,1.21166,0.828242,-0.92643,-0.62419,-1.08532,0.0134659,-0.922084,-1.04397,-1.82062,-0.720654,-1.94471,-0.376988,1.76676,-0.594025,1.17955,0.313105,1.16384,0.0323358,0.112372,0.276904,0.173359,1.84303,0.871915,-1.30925,-0.819472,-0.271119,0.144731,1.18899,1.07535,1.68402,1.67163,-0.91779,-0.253471,-1.68299,-0.374937,1.42931,0.855572,-1.19532,0.128353,1.46597,-0.347432,-1.1265,-0.615604,1.33214,1.98878,-0.0754419,1.13053,1.07394,-0.458291,0.71258,-0.681211,0.0196926,-1.19056,-0.930294,-0.549441,0.972113,1.20823,0.279871,-0.933269,0.259207,0.143915,-0.616611,-1.12885,0.0475225,1.27629,-0.160798,-0.0861353,1.43485,-1.39651,1.10203,-0.0153321,0.994141,-0.242555,-0.982623,-1.10171,-0.0535295,1.08514,-1.05357,-0.88628,-0.763636,-0.289215,-0.446658,-0.998539,-1.16242,-0.385849,-0.819548,1.88522,0.325567,-0.473793,0.704878,-1.12458,1.0284,0.861269,-0.170724,-0.319773,-1.05488,0.0541812,0.568039,-0.555547,0.951076,-0.257775,-0.800706,0.586062,-2.8715,-0.443815,0.521934,-0.0412039,2.00718,-1.7281,1.03509,-0.920207,-0.437808,2.17404,0.374034,-0.775524,2.16094,-1.24017,0.366167,-0.502218,-0.337982,1.28287,0.464177,0.878278,0.650999,0.362778,-0.188302,0.365626,0.842404,0.947228,1.02391,-0.382879,-1.60043,-1.07272,-0.254715,1.95346,0.696672,-0.564516,1.55866,-547.184,-508.299,2761.5,815.011,520.894,-1882.04,-2005.36,-819.359,713.376,4167.89,684.524,-60.5022,-3825.74,-379.508,89.5438,-786.665,-2764.26,-1893.05,-1138.15,1330.48,3721.9,-4549.31,2287.66,267.703,-2638.59,-2872.07,3581.78,-691.08,1559.76,-2665.15,-3407.54,531.827,2745.55,-223.138,-3512.96,4957.76,-1430.38,-3610.6,1490.59,-2808.39,2647.86,134.514,1058.66,-2025.01,485.435,3088.29,-408.039,1755.96,-843.537,223.64,-979.537,157.066,-382.401,-1592.82,146.539,630.355,1663.4,390.568,-1767.98,-422.267,-1066.21,3073.98,426.967,1910.6,-1257.09,-400.344,-1141.72,499.265,-2604.22,-1076.11,-4120.46,-2216.12,-5824.17,-626.233,4606.2,242.817,3643.23,1542.24,2193.71,656.864,865.569,271.498,-601.193,3442.11,1343.81,-669.027,-589.169,-124.323,-568.395,1995.34,2199.27,3168.19,1360.03,-1589.59,215.181,-2315.43,-552.459,2949.46,968.289,-1405.52
-250354,0,1,0,1,1,250410,-0.384764,0.00591807,1.98251,0.65987,0.194549,-1.62464,-1.32884,-0.638008,0.776036,1.76188,-0.149657,0.116447,-1.54277,-0.0636614,0.2482,-1.00728,-1.59481,-1.01706,-0.127135,0.559175,1.40119,-1.61276,1.8305,-0.0898098,-1.26576,-1.76124,1.23195,-0.269686,1.22789,-1.59845,-1.56077,0.458786,1.996,-0.185011,-1.75004,1.38731,-0.797919,-1.56933,0.936032,-1.67351,1.35279,0.444837,1.42627,-1.3104,-0.0724454,0.89088,-0.393547,0.886616,0.0264761,-0.478673,-1.03596,0.226382,0.0675763,-1.26799,0.156639,-0.0321617,0.998724,0.212245,-0.63784,-0.775643,-0.788799,1.94885,1.21166,0.828242,-0.92643,-0.62419,-1.08532,0.0134659,-0.922084,-1.04397,-1.82062,-0.720654,-1.94471,-0.376988,1.76676,-0.594025,1.17955,0.313105,1.16384,0.0323358,0.112372,0.276904,0.173359,1.84303,0.871915,-1.30925,-0.819472,-0.271119,0.144731,1.18899,1.07535,1.68402,1.67163,-0.91779,-0.253471,-1.68299,-0.374937,1.42931,0.855572,-1.19532,0.432425,-1.70426,-0.767026,-2.23866,0.0315309,-0.500376,-1.34939,-0.0361287,1.76445,-0.395886,-0.973843,-0.321894,0.0822785,0.281142,1.28918,0.490086,0.831369,1.78086,1.89295,0.786947,-1.34137,1.14309,-0.786549,0.637258,0.853864,-0.225551,-0.865506,-1.36149,0.132517,0.969841,-0.409193,0.0238862,0.823363,-0.956044,-0.52495,-0.568791,0.480185,-0.154184,1.29105,-1.76893,-0.453193,1.14549,0.88727,0.164116,-0.0762985,2.22745,-1.73773,0.754172,-0.973511,-1.6577,-0.28484,1.1423,2.15302,0.647537,-0.849073,-0.745409,-0.625799,1.94428,-1.5164,0.838312,0.253348,-0.347462,-0.288639,-1.53156,1.602,0.00800516,0.553949,-0.292448,-1.09259,0.594633,0.0299138,0.588501,0.783482,0.64797,-0.344972,1.07161,0.264062,2.42859,0.594951,0.552078,-0.692013,0.403491,-0.875645,-0.533898,-1.83875,-0.829352,-1.23047,-0.100463,0.187915,1.5225,-0.307815,-0.0860029,-0.409499,1.17632,1.88884,0.201766,-0.741435,1.59101,2.47952,0.920421,-547.184,-508.299,2761.5,815.011,520.894,-1882.04,-2005.36,-819.359,713.376,4167.89,684.524,-60.5022,-3825.74,-379.508,89.5438,-786.665,-2764.26,-1893.05,-1138.15,1330.48,3721.9,-4549.31,2287.66,267.703,-2638.59,-2872.07,3581.78,-691.08,1559.76,-2665.15,-3407.54,531.827,2745.55,-223.138,-3512.96,4957.76,-1430.38,-3610.6,1490.59,-2808.39,2647.86,134.514,1058.66,-2025.01,485.435,3088.29,-408.039,1755.96,-843.537,223.64,-979.537,157.066,-382.401,-1592.82,146.539,630.355,1663.4,390.568,-1767.98,-422.267,-1066.21,3073.98,426.967,1910.6,-1257.09,-400.344,-1141.72,499.265,-2604.22,-1076.11,-4120.46,-2216.12,-5824.17,-626.233,4606.2,242.817,3643.23,1542.24,2193.71,656.864,865.569,271.498,-601.193,3442.11,1343.81,-669.027,-589.169,-124.323,-568.395,1995.34,2199.27,3168.19,1360.03,-1589.59,215.181,-2315.43,-552.459,2949.46,968.289,-1405.52
-250354,0,1,0,1,1,250404,-0.384764,0.00591807,1.98251,0.65987,0.194549,-1.62464,-1.32884,-0.638008,0.776036,1.76188,-0.149657,0.116447,-1.54277,-0.0636614,0.2482,-1.00728,-1.59481,-1.01706,-0.127135,0.559175,1.40119,-1.61276,1.8305,-0.0898098,-1.26576,-1.76124,1.23195,-0.269686,1.22789,-1.59845,-1.56077,0.458786,1.996,-0.185011,-1.75004,1.38731,-0.797919,-1.56933,0.936032,-1.67351,1.35279,0.444837,1.42627,-1.3104,-0.0724454,0.89088,-0.393547,0.886616,0.0264761,-0.478673,-1.03596,0.226382,0.0675763,-1.26799,0.156639,-0.0321617,0.998724,0.212245,-0.63784,-0.775643,-0.788799,1.94885,1.21166,0.828242,-0.92643,-0.62419,-1.08532,0.0134659,-0.922084,-1.04397,-1.82062,-0.720654,-1.94471,-0.376988,1.76676,-0.594025,1.17955,0.313105,1.16384,0.0323358,0.112372,0.276904,0.173359,1.84303,0.871915,-1.30925,-0.819472,-0.271119,0.144731,1.18899,1.07535,1.68402,1.67163,-0.91779,-0.253471,-1.68299,-0.374937,1.42931,0.855572,-1.19532,-0.943675,0.98193,1.29672,0.371831,0.50566,1.11703,-0.138963,2.93733,-0.584194,-1.65197,-0.0732587,0.0610021,-0.696659,0.32835,-0.466349,-0.669112,-0.372079,0.87168,1.40004,-1.04724,-0.683587,0.114179,1.42226,1.7379,1.07717,1.13088,-0.298994,-0.422432,-0.320623,0.361188,-2.3419,-0.699434,-0.479817,1.56791,1.4323,-1.63043,0.356139,0.177753,0.88462,0.938783,0.40878,0.924042,1.98539,0.573499,-1.93336,-1.29941,1.25166,1.04592,1.18069,0.489658,2.1328,0.740646,-0.256341,-0.292209,-0.568821,1.31541,-1.29416,0.816047,0.251515,-0.40553,-0.867769,-0.438846,0.50366,-0.00886007,0.762115,0.338249,-0.336886,0.538963,-0.722756,-0.448525,1.90898,0.0525947,-0.157641,-0.492651,-0.75087,-0.4532,-1.34069,0.275183,-1.74101,-0.467411,-0.826843,-0.341002,0.808476,1.09937,0.229132,-0.533834,0.793683,-1.61696,0.133865,-0.3912,0.281974,-0.364148,-2.09326,0.269776,-1.20692,0.992962,-1.18146,0.44915,-0.503688,0.6351,-547.184,-508.299,2761.5,815.011,520.894,-1882.04,-2005.36,-819.359,713.376,4167.89,684.524,-60.5022,-3825.74,-379.508,89.5438,-786.665,-2764.26,-1893.05,-1138.15,1330.48,3721.9,-4549.31,2287.66,267.703,-2638.59,-2872.07,3581.78,-691.08,1559.76,-2665.15,-3407.54,531.827,2745.55,-223.138,-3512.96,4957.76,-1430.38,-3610.6,1490.59,-2808.39,2647.86,134.514,1058.66,-2025.01,485.435,3088.29,-408.039,1755.96,-843.537,223.64,-979.537,157.066,-382.401,-1592.82,146.539,630.355,1663.4,390.568,-1767.98,-422.267,-1066.21,3073.98,426.967,1910.6,-1257.09,-400.344,-1141.72,499.265,-2604.22,-1076.11,-4120.46,-2216.12,-5824.17,-626.233,4606.2,242.817,3643.23,1542.24,2193.71,656.864,865.569,271.498,-601.193,3442.11,1343.81,-669.027,-589.169,-124.323,-568.395,1995.34,2199.27,3168.19,1360.03,-1589.59,215.181,-2315.43,-552.459,2949.46,968.289,-1405.52
-250354,0,1,0,1,1,250400,-0.384764,0.00591807,1.98251,0.65987,0.194549,-1.62464,-1.32884,-0.638008,0.776036,1.76188,-0.149657,0.116447,-1.54277,-0.0636614,0.2482,-1.00728,-1.59481,-1.01706,-0.127135,0.559175,1.40119,-1.61276,1.8305,-0.0898098,-1.26576,-1.76124,1.23195,-0.269686,1.22789,-1.59845,-1.56077,0.458786,1.996,-0.185011,-1.75004,1.38731,-0.797919,-1.56933,0.936032,-1.67351,1.35279,0.444837,1.42627,-1.3104,-0.0724454,0.89088,-0.393547,0.886616,0.0264761,-0.478673,-1.03596,0.226382,0.0675763,-1.26799,0.156639,-0.0321617,0.998724,0.212245,-0.63784,-0.775643,-0.788799,1.94885,1.21166,0.828242,-0.92643,-0.62419,-1.08532,0.0134659,-0.922084,-1.04397,-1.82062,-0.720654,-1.94471,-0.376988,1.76676,-0.594025,1.17955,0.313105,1.16384,0.0323358,0.112372,0.276904,0.173359,1.84303,0.871915,-1.30925,-0.819472,-0.271119,0.144731,1.18899,1.07535,1.68402,1.67163,-0.91779,-0.253471,-1.68299,-0.374937,1.42931,0.855572,-1.19532,1.26652,-0.580625,1.54516,0.418655,-0.141273,-0.0866684,0.0198015,1.60591,1.10053,-0.314996,-1.33579,1.53694,1.8506,-0.624057,-0.706494,1.2912,0.337105,0.432981,-1.78776,1.85216,0.153535,1.01605,-0.101369,0.17725,-0.531424,-0.3629,1.38181,-0.873473,1.28804,-0.542965,0.803768,-1.09159,-0.416488,-1.57619,-0.00490025,-0.231096,-1.24796,-0.436107,0.275327,-0.571109,-1.14664,1.8533,-0.581478,0.862513,0.239315,-0.390255,-0.750432,-1.72929,0.529706,0.125364,-0.633366,-0.468422,0.939144,0.927696,1.49445,1.29802,1.93349,1.93515,0.0966829,0.0196614,-1.02429,-0.322745,0.268822,1.89987,0.0594833,-0.589586,0.479694,-1.65327,0.185071,0.459459,0.541162,1.03608,-0.247707,-0.0705433,-0.532778,-1.41265,0.981993,0.682364,0.445309,0.274048,0.0850561,-1.52927,0.0762186,1.16833,0.217448,1.15944,0.0187941,-0.00639739,1.25785,1.19523,1.21892,-2.31432,0.0658712,-0.209965,0.438733,0.684056,0.632626,-0.065266,0.29067,-0.792734,-547.184,-508.299,2761.5,815.011,520.894,-1882.04,-2005.36,-819.359,713.376,4167.89,684.524,-60.5022,-3825.74,-379.508,89.5438,-786.665,-2764.26,-1893.05,-1138.15,1330.48,3721.9,-4549.31,2287.66,267.703,-2638.59,-2872.07,3581.78,-691.08,1559.76,-2665.15,-3407.54,531.827,2745.55,-223.138,-3512.96,4957.76,-1430.38,-3610.6,1490.59,-2808.39,2647.86,134.514,1058.66,-2025.01,485.435,3088.29,-408.039,1755.96,-843.537,223.64,-979.537,157.066,-382.401,-1592.82,146.539,630.355,1663.4,390.568,-1767.98,-422.267,-1066.21,3073.98,426.967,1910.6,-1257.09,-400.344,-1141.72,499.265,-2604.22,-1076.11,-4120.46,-2216.12,-5824.17,-626.233,4606.2,242.817,3643.23,1542.24,2193.71,656.864,865.569,271.498,-601.193,3442.11,1343.81,-669.027,-589.169,-124.323,-568.395,1995.34,2199.27,3168.19,1360.03,-1589.59,215.181,-2315.43,-552.459,2949.46,968.289,-1405.52
-250354,0,1,0,1,1,250400,-0.384764,0.00591807,1.98251,0.65987,0.194549,-1.62464,-1.32884,-0.638008,0.776036,1.76188,-0.149657,0.116447,-1.54277,-0.0636614,0.2482,-1.00728,-1.59481,-1.01706,-0.127135,0.559175,1.40119,-1.61276,1.8305,-0.0898098,-1.26576,-1.76124,1.23195,-0.269686,1.22789,-1.59845,-1.56077,0.458786,1.996,-0.185011,-1.75004,1.38731,-0.797919,-1.56933,0.936032,-1.67351,1.35279,0.444837,1.42627,-1.3104,-0.0724454,0.89088,-0.393547,0.886616,0.0264761,-0.478673,-1.03596,0.226382,0.0675763,-1.26799,0.156639,-0.0321617,0.998724,0.212245,-0.63784,-0.775643,-0.788799,1.94885,1.21166,0.828242,-0.92643,-0.62419,-1.08532,0.0134659,-0.922084,-1.04397,-1.82062,-0.720654,-1.94471,-0.376988,1.76676,-0.594025,1.17955,0.313105,1.16384,0.0323358,0.112372,0.276904,0.173359,1.84303,0.871915,-1.30925,-0.819472,-0.271119,0.144731,1.18899,1.07535,1.68402,1.67163,-0.91779,-0.253471,-1.68299,-0.374937,1.42931,0.855572,-1.19532,1.50306,-0.0948777,0.608983,0.102345,-0.234715,1.0695,-1.92939,0.480492,0.207203,-0.868522,0.692517,-0.274613,0.106948,0.534196,1.12317,-2.11928,0.383726,1.16513,0.0284572,2.37474,-0.483661,1.97104,-0.778095,1.23678,-1.02288,0.154119,0.346299,0.598094,-1.99284,0.542316,-1.5595,0.498983,0.182525,-1.12642,0.235078,1.94804,0.318417,-1.05049,0.256311,-0.254877,1.2341,0.630901,-1.74279,0.366727,-0.101022,-1.84926,-0.418654,-0.965709,0.781671,0.807059,-0.493629,1.16556,-0.140246,1.26419,1.36023,-1.01575,-0.545718,0.36833,-0.121981,0.441947,-0.117098,1.70301,-0.346826,-0.10523,0.146239,-1.05866,1.1807,-0.332465,0.5124,2.08153,0.389236,-1.2163,0.174167,-0.878808,0.644662,0.351192,-0.462502,1.20669,-0.0603724,-0.115324,-0.104901,0.0591859,-1.47984,0.281504,-0.826335,-0.127301,0.804295,0.0548761,-1.83403,-1.49884,-0.903033,-0.064252,0.741403,-0.213891,0.284777,1.28778,-0.154453,0.768051,1.51903,-0.311104,-547.184,-508.299,2761.5,815.011,520.894,-1882.04,-2005.36,-819.359,713.376,4167.89,684.524,-60.5022,-3825.74,-379.508,89.5438,-786.665,-2764.26,-1893.05,-1138.15,1330.48,3721.9,-4549.31,2287.66,267.703,-2638.59,-2872.07,3581.78,-691.08,1559.76,-2665.15,-3407.54,531.827,2745.55,-223.138,-3512.96,4957.76,-1430.38,-3610.6,1490.59,-2808.39,2647.86,134.514,1058.66,-2025.01,485.435,3088.29,-408.039,1755.96,-843.537,223.64,-979.537,157.066,-382.401,-1592.82,146.539,630.355,1663.4,390.568,-1767.98,-422.267,-1066.21,3073.98,426.967,1910.6,-1257.09,-400.344,-1141.72,499.265,-2604.22,-1076.11,-4120.46,-2216.12,-5824.17,-626.233,4606.2,242.817,3643.23,1542.24,2193.71,656.864,865.569,271.498,-601.193,3442.11,1343.81,-669.027,-589.169,-124.323,-568.395,1995.34,2199.27,3168.19,1360.03,-1589.59,215.181,-2315.43,-552.459,2949.46,968.289,-1405.52
-250354,0,1,0,1,1,250394,-0.384764,0.00591807,1.98251,0.65987,0.194549,-1.62464,-1.32884,-0.638008,0.776036,1.76188,-0.149657,0.116447,-1.54277,-0.0636614,0.2482,-1.00728,-1.59481,-1.01706,-0.127135,0.559175,1.40119,-1.61276,1.8305,-0.0898098,-1.26576,-1.76124,1.23195,-0.269686,1.22789,-1.59845,-1.56077,0.458786,1.996,-0.185011,-1.75004,1.38731,-0.797919,-1.56933,0.936032,-1.67351,1.35279,0.444837,1.42627,-1.3104,-0.0724454,0.89088,-0.393547,0.886616,0.0264761,-0.478673,-1.03596,0.226382,0.0675763,-1.26799,0.156639,-0.0321617,0.998724,0.212245,-0.63784,-0.775643,-0.788799,1.94885,1.21166,0.828242,-0.92643,-0.62419,-1.08532,0.0134659,-0.922084,-1.04397,-1.82062,-0.720654,-1.94471,-0.376988,1.76676,-0.594025,1.17955,0.313105,1.16384,0.0323358,0.112372,0.276904,0.173359,1.84303,0.871915,-1.30925,-0.819472,-0.271119,0.144731,1.18899,1.07535,1.68402,1.67163,-0.91779,-0.253471,-1.68299,-0.374937,1.42931,0.855572,-1.19532,2.20232,-0.711176,-0.70641,-0.0949862,-0.925526,1.80574,0.724912,0.0208246,-0.175571,0.356948,0.0742674,1.84845,1.47357,0.463605,-0.426685,0.795583,-0.125209,1.3667,0.280515,-2.17214,-1.45984,-1.47785,0.774718,-0.276959,0.224099,-0.0728934,-0.440469,0.92126,-0.64605,-1.72604,-1.5395,-0.899095,-0.197447,0.323216,0.413177,0.0699482,-0.119405,-0.439642,0.138512,0.337426,0.0867324,-0.219297,-0.633696,-0.00543718,-0.858914,1.01653,-1.44872,0.526877,-0.760505,0.18717,-1.20336,1.44953,0.579771,1.69925,-0.413806,0.124382,0.421683,-0.913207,-0.326806,-0.0980784,0.305943,0.900405,0.897578,1.0659,-0.624387,-0.403068,0.821322,0.960722,-0.657368,-0.214531,-0.168697,-0.99432,-0.775651,0.545165,-0.387204,0.131788,-0.530628,-0.224544,0.646062,0.2913,-1.99885,-1.3957,0.790034,-0.175273,-0.234609,1.13603,-0.613785,0.771413,0.079587,-0.575609,0.353866,-1.21936,0.926038,0.661961,-0.57623,0.00173294,1.29228,-0.863668,1.31386,-1.80618,-547.184,-508.299,2761.5,815.011,520.894,-1882.04,-2005.36,-819.359,713.376,4167.89,684.524,-60.5022,-3825.74,-379.508,89.5438,-786.665,-2764.26,-1893.05,-1138.15,1330.48,3721.9,-4549.31,2287.66,267.703,-2638.59,-2872.07,3581.78,-691.08,1559.76,-2665.15,-3407.54,531.827,2745.55,-223.138,-3512.96,4957.76,-1430.38,-3610.6,1490.59,-2808.39,2647.86,134.514,1058.66,-2025.01,485.435,3088.29,-408.039,1755.96,-843.537,223.64,-979.537,157.066,-382.401,-1592.82,146.539,630.355,1663.4,390.568,-1767.98,-422.267,-1066.21,3073.98,426.967,1910.6,-1257.09,-400.344,-1141.72,499.265,-2604.22,-1076.11,-4120.46,-2216.12,-5824.17,-626.233,4606.2,242.817,3643.23,1542.24,2193.71,656.864,865.569,271.498,-601.193,3442.11,1343.81,-669.027,-589.169,-124.323,-568.395,1995.34,2199.27,3168.19,1360.03,-1589.59,215.181,-2315.43,-552.459,2949.46,968.289,-1405.52
-250354,0,1,0,1,1,250407,-0.384764,0.00591807,1.98251,0.65987,0.194549,-1.62464,-1.32884,-0.638008,0.776036,1.76188,-0.149657,0.116447,-1.54277,-0.0636614,0.2482,-1.00728,-1.59481,-1.01706,-0.127135,0.559175,1.40119,-1.61276,1.8305,-0.0898098,-1.26576,-1.76124,1.23195,-0.269686,1.22789,-1.59845,-1.56077,0.458786,1.996,-0.185011,-1.75004,1.38731,-0.797919,-1.56933,0.936032,-1.67351,1.35279,0.444837,1.42627,-1.3104,-0.0724454,0.89088,-0.393547,0.886616,0.0264761,-0.478673,-1.03596,0.226382,0.0675763,-1.26799,0.156639,-0.0321617,0.998724,0.212245,-0.63784,-0.775643,-0.788799,1.94885,1.21166,0.828242,-0.92643,-0.62419,-1.08532,0.0134659,-0.922084,-1.04397,-1.82062,-0.720654,-1.94471,-0.376988,1.76676,-0.594025,1.17955,0.313105,1.16384,0.0323358,0.112372,0.276904,0.173359,1.84303,0.871915,-1.30925,-0.819472,-0.271119,0.144731,1.18899,1.07535,1.68402,1.67163,-0.91779,-0.253471,-1.68299,-0.374937,1.42931,0.855572,-1.19532,-1.03571,1.52484,-1.95546,1.11668,-0.31125,0.103324,0.958324,0.685242,0.678473,-1.89222,-2.44798,1.52095,0.367185,-0.705871,1.07404,0.0622405,-0.946797,-0.410338,-0.746582,-0.895477,-0.469953,1.25365,-0.121092,-0.179926,0.808794,0.898645,0.486725,1.86014,-0.0922207,-0.665662,1.35464,-0.839654,0.231317,-1.50558,-0.36808,-1.62561,0.297109,-0.0166153,-0.847391,-0.82598,0.954936,1.10898,-0.809521,0.0629658,-0.846165,-0.0427205,0.050571,0.287157,0.0195096,0.376872,-0.145301,-0.0841409,0.855699,-1.22213,0.399834,1.05997,-0.995392,0.163623,-0.730778,0.587748,-0.528798,0.996724,1.63465,0.97247,-1.33639,-0.100152,-1.42702,-0.651219,0.288723,0.465946,0.986335,-0.833381,-0.350625,-0.518514,-0.179166,1.08404,2.00292,-1.47449,-2.13855,-0.603526,-0.127867,-0.81551,0.41262,-0.441545,-2.4348,0.302813,-0.833264,0.482071,-0.76218,2.03307,1.23603,-0.94399,2.30696,-1.55307,1.00754,-1.13285,0.607887,0.634931,-1.80572,-0.336389,-547.184,-508.299,2761.5,815.011,520.894,-1882.04,-2005.36,-819.359,713.376,4167.89,684.524,-60.5022,-3825.74,-379.508,89.5438,-786.665,-2764.26,-1893.05,-1138.15,1330.48,3721.9,-4549.31,2287.66,267.703,-2638.59,-2872.07,3581.78,-691.08,1559.76,-2665.15,-3407.54,531.827,2745.55,-223.138,-3512.96,4957.76,-1430.38,-3610.6,1490.59,-2808.39,2647.86,134.514,1058.66,-2025.01,485.435,3088.29,-408.039,1755.96,-843.537,223.64,-979.537,157.066,-382.401,-1592.82,146.539,630.355,1663.4,390.568,-1767.98,-422.267,-1066.21,3073.98,426.967,1910.6,-1257.09,-400.344,-1141.72,499.265,-2604.22,-1076.11,-4120.46,-2216.12,-5824.17,-626.233,4606.2,242.817,3643.23,1542.24,2193.71,656.864,865.569,271.498,-601.193,3442.11,1343.81,-669.027,-589.169,-124.323,-568.395,1995.34,2199.27,3168.19,1360.03,-1589.59,215.181,-2315.43,-552.459,2949.46,968.289,-1405.52
-250354,0,1,0,1,1,250413,-0.384764,0.00591807,1.98251,0.65987,0.194549,-1.62464,-1.32884,-0.638008,0.776036,1.76188,-0.149657,0.116447,-1.54277,-0.0636614,0.2482,-1.00728,-1.59481,-1.01706,-0.127135,0.559175,1.40119,-1.61276,1.8305,-0.0898098,-1.26576,-1.76124,1.23195,-0.269686,1.22789,-1.59845,-1.56077,0.458786,1.996,-0.185011,-1.75004,1.38731,-0.797919,-1.56933,0.936032,-1.67351,1.35279,0.444837,1.42627,-1.3104,-0.0724454,0.89088,-0.393547,0.886616,0.0264761,-0.478673,-1.03596,0.226382,0.0675763,-1.26799,0.156639,-0.0321617,0.998724,0.212245,-0.63784,-0.775643,-0.788799,1.94885,1.21166,0.828242,-0.92643,-0.62419,-1.08532,0.0134659,-0.922084,-1.04397,-1.82062,-0.720654,-1.94471,-0.376988,1.76676,-0.594025,1.17955,0.313105,1.16384,0.0323358,0.112372,0.276904,0.173359,1.84303,0.871915,-1.30925,-0.819472,-0.271119,0.144731,1.18899,1.07535,1.68402,1.67163,-0.91779,-0.253471,-1.68299,-0.374937,1.42931,0.855572,-1.19532,1.24887,-0.207876,-0.561746,-0.657636,-2.08546,-0.842053,1.32934,-1.32184,0.795188,-1.102,1.75172,1.33624,1.52183,0.812692,-0.263281,-0.854084,1.80964,0.45692,-1.06859,-0.545338,1.7718,1.27009,0.098704,-1.5885,0.172576,0.46544,-0.44969,0.229381,0.45314,-0.558714,-0.586237,-2.60422,0.0560169,-0.709078,0.369629,-1.38949,0.94488,-0.192592,2.53401,0.450694,-1.27452,-0.146679,0.355998,-0.742573,0.311673,0.722283,1.44884,-0.170988,1.57664,1.26466,-1.72414,1.65278,-0.0457103,-1.53501,-0.191712,0.204031,1.04518,-1.27636,0.0112481,0.498639,1.00751,1.85617,-0.205184,0.72069,1.27442,-0.643355,0.110845,0.254834,-1.96431,0.610937,0.928565,-0.306914,-0.803692,-1.65631,-0.0394706,-2.78705,-0.872914,-1.0766,-0.455814,-0.0384547,0.282523,-0.52429,0.43394,0.37178,-0.342916,-0.542688,-1.58822,-0.179158,0.667014,-1.50019,1.72288,0.827067,0.142678,-2.15519,1.10467,-0.802472,-0.254901,0.778613,-1.30921,-0.647003,-547.184,-508.299,2761.5,815.011,520.894,-1882.04,-2005.36,-819.359,713.376,4167.89,684.524,-60.5022,-3825.74,-379.508,89.5438,-786.665,-2764.26,-1893.05,-1138.15,1330.48,3721.9,-4549.31,2287.66,267.703,-2638.59,-2872.07,3581.78,-691.08,1559.76,-2665.15,-3407.54,531.827,2745.55,-223.138,-3512.96,4957.76,-1430.38,-3610.6,1490.59,-2808.39,2647.86,134.514,1058.66,-2025.01,485.435,3088.29,-408.039,1755.96,-843.537,223.64,-979.537,157.066,-382.401,-1592.82,146.539,630.355,1663.4,390.568,-1767.98,-422.267,-1066.21,3073.98,426.967,1910.6,-1257.09,-400.344,-1141.72,499.265,-2604.22,-1076.11,-4120.46,-2216.12,-5824.17,-626.233,4606.2,242.817,3643.23,1542.24,2193.71,656.864,865.569,271.498,-601.193,3442.11,1343.81,-669.027,-589.169,-124.323,-568.395,1995.34,2199.27,3168.19,1360.03,-1589.59,215.181,-2315.43,-552.459,2949.46,968.289,-1405.52
-250354,0,1,0,1,1,250404,-0.384764,0.00591807,1.98251,0.65987,0.194549,-1.62464,-1.32884,-0.638008,0.776036,1.76188,-0.149657,0.116447,-1.54277,-0.0636614,0.2482,-1.00728,-1.59481,-1.01706,-0.127135,0.559175,1.40119,-1.61276,1.8305,-0.0898098,-1.26576,-1.76124,1.23195,-0.269686,1.22789,-1.59845,-1.56077,0.458786,1.996,-0.185011,-1.75004,1.38731,-0.797919,-1.56933,0.936032,-1.67351,1.35279,0.444837,1.42627,-1.3104,-0.0724454,0.89088,-0.393547,0.886616,0.0264761,-0.478673,-1.03596,0.226382,0.0675763,-1.26799,0.156639,-0.0321617,0.998724,0.212245,-0.63784,-0.775643,-0.788799,1.94885,1.21166,0.828242,-0.92643,-0.62419,-1.08532,0.0134659,-0.922084,-1.04397,-1.82062,-0.720654,-1.94471,-0.376988,1.76676,-0.594025,1.17955,0.313105,1.16384,0.0323358,0.112372,0.276904,0.173359,1.84303,0.871915,-1.30925,-0.819472,-0.271119,0.144731,1.18899,1.07535,1.68402,1.67163,-0.91779,-0.253471,-1.68299,-0.374937,1.42931,0.855572,-1.19532,0.575642,2.08445,0.430673,-1.18376,-2.72212,-0.902507,-0.292997,-1.44337,0.746097,0.102501,-0.545127,-1.201,-0.859188,-0.284516,0.563691,0.52991,1.16309,0.555675,-0.195563,-1.3737,-0.0871252,-0.364258,1.7509,-1.27041,0.668345,-0.265831,0.324047,0.692544,0.328247,1.40055,1.45489,0.550915,0.471294,-0.239091,0.201877,-0.358159,-0.199726,1.47206,1.97684,-0.720316,-0.0753275,-1.04262,0.346651,1.44769,-0.111012,-1.37555,-0.606992,-0.114323,-0.430264,0.384163,-3.36739,0.67994,0.340934,0.780737,0.197779,-1.01605,-1.19539,-1.27805,0.544217,-1.1379,-0.701659,0.60968,-0.0494359,-0.576095,-1.84055,1.28081,-0.541218,0.73933,-1.06313,0.377394,-0.174394,-0.55296,-0.513855,0.124518,-0.980153,0.153258,0.966089,-0.814494,1.51653,0.736357,0.106818,1.04249,2.37822,0.481473,-1.15698,-1.81812,1.35759,0.678472,0.554016,0.259018,0.72929,-1.45247,-0.669548,-0.291622,-0.968341,-0.380398,0.55867,0.763659,0.157296,-0.666612,-547.184,-508.299,2761.5,815.011,520.894,-1882.04,-2005.36,-819.359,713.376,4167.89,684.524,-60.5022,-3825.74,-379.508,89.5438,-786.665,-2764.26,-1893.05,-1138.15,1330.48,3721.9,-4549.31,2287.66,267.703,-2638.59,-2872.07,3581.78,-691.08,1559.76,-2665.15,-3407.54,531.827,2745.55,-223.138,-3512.96,4957.76,-1430.38,-3610.6,1490.59,-2808.39,2647.86,134.514,1058.66,-2025.01,485.435,3088.29,-408.039,1755.96,-843.537,223.64,-979.537,157.066,-382.401,-1592.82,146.539,630.355,1663.4,390.568,-1767.98,-422.267,-1066.21,3073.98,426.967,1910.6,-1257.09,-400.344,-1141.72,499.265,-2604.22,-1076.11,-4120.46,-2216.12,-5824.17,-626.233,4606.2,242.817,3643.23,1542.24,2193.71,656.864,865.569,271.498,-601.193,3442.11,1343.81,-669.027,-589.169,-124.323,-568.395,1995.34,2199.27,3168.19,1360.03,-1589.59,215.181,-2315.43,-552.459,2949.46,968.289,-1405.52
-250354,0,1,0,1,1,250398,-0.384764,0.00591807,1.98251,0.65987,0.194549,-1.62464,-1.32884,-0.638008,0.776036,1.76188,-0.149657,0.116447,-1.54277,-0.0636614,0.2482,-1.00728,-1.59481,-1.01706,-0.127135,0.559175,1.40119,-1.61276,1.8305,-0.0898098,-1.26576,-1.76124,1.23195,-0.269686,1.22789,-1.59845,-1.56077,0.458786,1.996,-0.185011,-1.75004,1.38731,-0.797919,-1.56933,0.936032,-1.67351,1.35279,0.444837,1.42627,-1.3104,-0.0724454,0.89088,-0.393547,0.886616,0.0264761,-0.478673,-1.03596,0.226382,0.0675763,-1.26799,0.156639,-0.0321617,0.998724,0.212245,-0.63784,-0.775643,-0.788799,1.94885,1.21166,0.828242,-0.92643,-0.62419,-1.08532,0.0134659,-0.922084,-1.04397,-1.82062,-0.720654,-1.94471,-0.376988,1.76676,-0.594025,1.17955,0.313105,1.16384,0.0323358,0.112372,0.276904,0.173359,1.84303,0.871915,-1.30925,-0.819472,-0.271119,0.144731,1.18899,1.07535,1.68402,1.67163,-0.91779,-0.253471,-1.68299,-0.374937,1.42931,0.855572,-1.19532,0.473707,0.897534,-0.114052,-0.315743,0.433263,0.103646,0.11828,-2.13037,0.0932863,0.246737,-0.614979,-1.53558,1.68433,-1.95576,0.368893,1.30031,1.05088,0.180872,0.119463,0.508138,1.13255,-0.0589685,0.325685,-1.15394,-0.752219,-1.71325,-0.645139,1.34983,2.19072,1.0134,1.16225,0.639902,0.00366255,1.54435,0.412856,0.194753,-0.523305,-0.534702,-0.964935,1.00238,0.162932,-1.9912,1.25682,1.29547,-0.191639,0.337338,0.187808,-1.17763,0.294392,-0.721855,0.0557195,1.09018,-0.496954,-0.696013,-0.204493,0.298193,1.01946,-1.08601,1.49316,-0.883438,-0.585297,1.31881,-1.50985,-0.609652,1.8761,0.735142,-0.453936,-0.0689286,-0.483462,0.681319,0.867582,-1.13103,-0.433518,0.663494,0.332527,-0.446572,1.25676,1.01755,-0.427066,-1.60304,-0.136648,0.993725,0.903168,-0.283165,-0.570129,-0.990502,-2.25433,-0.0923085,0.116546,0.266169,-0.736224,-1.53323,-1.09182,-0.274167,-0.0341669,-0.414427,-0.52021,0.6551,0.162281,-0.627348,-547.184,-508.299,2761.5,815.011,520.894,-1882.04,-2005.36,-819.359,713.376,4167.89,684.524,-60.5022,-3825.74,-379.508,89.5438,-786.665,-2764.26,-1893.05,-1138.15,1330.48,3721.9,-4549.31,2287.66,267.703,-2638.59,-2872.07,3581.78,-691.08,1559.76,-2665.15,-3407.54,531.827,2745.55,-223.138,-3512.96,4957.76,-1430.38,-3610.6,1490.59,-2808.39,2647.86,134.514,1058.66,-2025.01,485.435,3088.29,-408.039,1755.96,-843.537,223.64,-979.537,157.066,-382.401,-1592.82,146.539,630.355,1663.4,390.568,-1767.98,-422.267,-1066.21,3073.98,426.967,1910.6,-1257.09,-400.344,-1141.72,499.265,-2604.22,-1076.11,-4120.46,-2216.12,-5824.17,-626.233,4606.2,242.817,3643.23,1542.24,2193.71,656.864,865.569,271.498,-601.193,3442.11,1343.81,-669.027,-589.169,-124.323,-568.395,1995.34,2199.27,3168.19,1360.03,-1589.59,215.181,-2315.43,-552.459,2949.46,968.289,-1405.52
-250354,0,1,0,1,1,250416,-0.384764,0.00591807,1.98251,0.65987,0.194549,-1.62464,-1.32884,-0.638008,0.776036,1.76188,-0.149657,0.116447,-1.54277,-0.0636614,0.2482,-1.00728,-1.59481,-1.01706,-0.127135,0.559175,1.40119,-1.61276,1.8305,-0.0898098,-1.26576,-1.76124,1.23195,-0.269686,1.22789,-1.59845,-1.56077,0.458786,1.996,-0.185011,-1.75004,1.38731,-0.797919,-1.56933,0.936032,-1.67351,1.35279,0.444837,1.42627,-1.3104,-0.0724454,0.89088,-0.393547,0.886616,0.0264761,-0.478673,-1.03596,0.226382,0.0675763,-1.26799,0.156639,-0.0321617,0.998724,0.212245,-0.63784,-0.775643,-0.788799,1.94885,1.21166,0.828242,-0.92643,-0.62419,-1.08532,0.0134659,-0.922084,-1.04397,-1.82062,-0.720654,-1.94471,-0.376988,1.76676,-0.594025,1.17955,0.313105,1.16384,0.0323358,0.112372,0.276904,0.173359,1.84303,0.871915,-1.30925,-0.819472,-0.271119,0.144731,1.18899,1.07535,1.68402,1.67163,-0.91779,-0.253471,-1.68299,-0.374937,1.42931,0.855572,-1.19532,-0.951732,-0.333838,-0.589917,2.36712,1.02798,0.208636,-1.02175,1.44678,-0.614771,-0.477195,1.31258,-1.17206,0.439741,-1.59579,0.903165,-3.06279,-0.643986,0.234994,0.306831,0.486413,-0.232068,-1.33409,0.457147,-0.775577,0.272803,1.46263,-0.714739,-0.0882017,0.306356,-0.475331,0.60421,-1.15118,-0.796355,0.506501,1.72753,-2.65042,-1.05774,-0.526722,2.25228,-2.08524,1.02719,-0.945811,0.76626,1.09472,-0.238443,-2.2614,1.77461,-0.464268,-1.06471,1.38262,-1.00416,0.129452,-0.589326,-0.666026,-0.178856,-0.231663,1.17637,0.389966,0.254425,-1.72873,-0.610723,-0.954705,-0.269993,0.239516,0.723962,0.713417,1.9255,-0.33535,-1.49925,0.479054,-0.691484,-2.46329,-1.62678,-2.02488,1.24782,-0.0630388,-0.193548,0.393962,0.991966,0.594715,-0.693501,-1.89254,-1.81293,-0.368788,1.29997,-0.425722,1.85483,-0.436477,-0.128744,-0.926039,-0.604897,0.747428,1.40883,0.0539054,-0.503525,-0.0460033,0.245809,-0.138276,-0.80033,-1.37687,-547.184,-508.299,2761.5,815.011,520.894,-1882.04,-2005.36,-819.359,713.376,4167.89,684.524,-60.5022,-3825.74,-379.508,89.5438,-786.665,-2764.26,-1893.05,-1138.15,1330.48,3721.9,-4549.31,2287.66,267.703,-2638.59,-2872.07,3581.78,-691.08,1559.76,-2665.15,-3407.54,531.827,2745.55,-223.138,-3512.96,4957.76,-1430.38,-3610.6,1490.59,-2808.39,2647.86,134.514,1058.66,-2025.01,485.435,3088.29,-408.039,1755.96,-843.537,223.64,-979.537,157.066,-382.401,-1592.82,146.539,630.355,1663.4,390.568,-1767.98,-422.267,-1066.21,3073.98,426.967,1910.6,-1257.09,-400.344,-1141.72,499.265,-2604.22,-1076.11,-4120.46,-2216.12,-5824.17,-626.233,4606.2,242.817,3643.23,1542.24,2193.71,656.864,865.569,271.498,-601.193,3442.11,1343.81,-669.027,-589.169,-124.323,-568.395,1995.34,2199.27,3168.19,1360.03,-1589.59,215.181,-2315.43,-552.459,2949.46,968.289,-1405.52
-250354,0,1,0,1,1,250399,-0.384764,0.00591807,1.98251,0.65987,0.194549,-1.62464,-1.32884,-0.638008,0.776036,1.76188,-0.149657,0.116447,-1.54277,-0.0636614,0.2482,-1.00728,-1.59481,-1.01706,-0.127135,0.559175,1.40119,-1.61276,1.8305,-0.0898098,-1.26576,-1.76124,1.23195,-0.269686,1.22789,-1.59845,-1.56077,0.458786,1.996,-0.185011,-1.75004,1.38731,-0.797919,-1.56933,0.936032,-1.67351,1.35279,0.444837,1.42627,-1.3104,-0.0724454,0.89088,-0.393547,0.886616,0.0264761,-0.478673,-1.03596,0.226382,0.0675763,-1.26799,0.156639,-0.0321617,0.998724,0.212245,-0.63784,-0.775643,-0.788799,1.94885,1.21166,0.828242,-0.92643,-0.62419,-1.08532,0.0134659,-0.922084,-1.04397,-1.82062,-0.720654,-1.94471,-0.376988,1.76676,-0.594025,1.17955,0.313105,1.16384,0.0323358,0.112372,0.276904,0.173359,1.84303,0.871915,-1.30925,-0.819472,-0.271119,0.144731,1.18899,1.07535,1.68402,1.67163,-0.91779,-0.253471,-1.68299,-0.374937,1.42931,0.855572,-1.19532,-0.046218,0.518531,0.181482,-1.83892,-1.01663,0.317837,0.324218,0.0159881,0.134102,-0.556001,-1.56838,1.76594,-0.373584,-0.947652,0.527007,-1.64783,0.184987,-0.0391057,0.439335,0.172111,0.372945,-0.452468,0.251631,0.782726,-1.20195,0.130362,-1.01125,-0.698432,-0.47374,-0.371998,0.132896,-0.477258,-0.73536,1.32801,-1.72289,0.404853,0.326741,0.791583,-1.45647,0.416183,1.33254,-0.40515,-0.804747,-0.32099,0.294031,-0.866263,0.614063,0.304885,-0.836029,0.13907,-0.216602,0.0284992,0.142015,-0.739804,0.360087,-0.384131,1.55934,0.746925,-0.32315,-1.9316,0.616903,0.633821,1.48441,0.0274006,0.472873,0.0108518,0.742458,0.591523,-0.766302,-0.232068,-0.425386,-0.543961,1.07061,-1.33998,0.426964,0.407079,1.14313,0.505709,-0.885998,0.027579,0.435868,-2.34745,0.764892,-0.822177,0.111916,-0.266892,-0.465688,-0.0665227,0.562497,0.663557,-0.0367084,-1.49996,2.20124,3.45574,0.0963207,0.502235,1.14142,2.30371,1.25469,-1.52602,-547.184,-508.299,2761.5,815.011,520.894,-1882.04,-2005.36,-819.359,713.376,4167.89,684.524,-60.5022,-3825.74,-379.508,89.5438,-786.665,-2764.26,-1893.05,-1138.15,1330.48,3721.9,-4549.31,2287.66,267.703,-2638.59,-2872.07,3581.78,-691.08,1559.76,-2665.15,-3407.54,531.827,2745.55,-223.138,-3512.96,4957.76,-1430.38,-3610.6,1490.59,-2808.39,2647.86,134.514,1058.66,-2025.01,485.435,3088.29,-408.039,1755.96,-843.537,223.64,-979.537,157.066,-382.401,-1592.82,146.539,630.355,1663.4,390.568,-1767.98,-422.267,-1066.21,3073.98,426.967,1910.6,-1257.09,-400.344,-1141.72,499.265,-2604.22,-1076.11,-4120.46,-2216.12,-5824.17,-626.233,4606.2,242.817,3643.23,1542.24,2193.71,656.864,865.569,271.498,-601.193,3442.11,1343.81,-669.027,-589.169,-124.323,-568.395,1995.34,2199.27,3168.19,1360.03,-1589.59,215.181,-2315.43,-552.459,2949.46,968.289,-1405.52
-250354,0,1,0,1,1,250404,-0.384764,0.00591807,1.98251,0.65987,0.194549,-1.62464,-1.32884,-0.638008,0.776036,1.76188,-0.149657,0.116447,-1.54277,-0.0636614,0.2482,-1.00728,-1.59481,-1.01706,-0.127135,0.559175,1.40119,-1.61276,1.8305,-0.0898098,-1.26576,-1.76124,1.23195,-0.269686,1.22789,-1.59845,-1.56077,0.458786,1.996,-0.185011,-1.75004,1.38731,-0.797919,-1.56933,0.936032,-1.67351,1.35279,0.444837,1.42627,-1.3104,-0.0724454,0.89088,-0.393547,0.886616,0.0264761,-0.478673,-1.03596,0.226382,0.0675763,-1.26799,0.156639,-0.0321617,0.998724,0.212245,-0.63784,-0.775643,-0.788799,1.94885,1.21166,0.828242,-0.92643,-0.62419,-1.08532,0.0134659,-0.922084,-1.04397,-1.82062,-0.720654,-1.94471,-0.376988,1.76676,-0.594025,1.17955,0.313105,1.16384,0.0323358,0.112372,0.276904,0.173359,1.84303,0.871915,-1.30925,-0.819472,-0.271119,0.144731,1.18899,1.07535,1.68402,1.67163,-0.91779,-0.253471,-1.68299,-0.374937,1.42931,0.855572,-1.19532,-0.564514,1.45403,0.566872,-1.01428,1.43709,0.879687,-0.241137,-0.16664,-0.471365,-0.699127,0.193547,1.30336,0.153261,1.22038,-2.37038,1.30072,-0.151308,-0.363039,-2.45252,0.641695,-1.25547,-0.167182,1.45784,-0.777331,2.46433,-0.748447,1.59022,0.950762,-0.74991,0.38091,-0.748585,-0.417335,-1.06589,-0.172007,-1.09066,1.93809,-0.569896,0.770917,0.870187,1.99107,1.2857,-0.589967,0.0743927,0.256503,-0.393811,0.628018,0.294131,-0.768427,0.666125,0.108313,-0.160717,-1.78788,-0.135626,0.453079,-0.506512,-0.010136,0.965605,-0.159967,-1.3682,-0.297395,-0.242691,-1.00919,0.676021,-0.53539,-0.352556,-0.629974,0.971148,0.355117,1.64474,1.61772,1.19708,0.92921,-1.11685,0.868123,-0.592379,-0.074371,-1.07714,-0.0755061,-0.462579,0.13864,2.55438,0.280049,-0.62581,-0.206032,0.243516,0.663431,0.604414,-1.17824,-0.79025,1.01954,0.11017,-1.1005,0.493812,2.29737,-0.310812,1.39907,0.632291,0.209772,0.290249,-1.51765,-547.184,-508.299,2761.5,815.011,520.894,-1882.04,-2005.36,-819.359,713.376,4167.89,684.524,-60.5022,-3825.74,-379.508,89.5438,-786.665,-2764.26,-1893.05,-1138.15,1330.48,3721.9,-4549.31,2287.66,267.703,-2638.59,-2872.07,3581.78,-691.08,1559.76,-2665.15,-3407.54,531.827,2745.55,-223.138,-3512.96,4957.76,-1430.38,-3610.6,1490.59,-2808.39,2647.86,134.514,1058.66,-2025.01,485.435,3088.29,-408.039,1755.96,-843.537,223.64,-979.537,157.066,-382.401,-1592.82,146.539,630.355,1663.4,390.568,-1767.98,-422.267,-1066.21,3073.98,426.967,1910.6,-1257.09,-400.344,-1141.72,499.265,-2604.22,-1076.11,-4120.46,-2216.12,-5824.17,-626.233,4606.2,242.817,3643.23,1542.24,2193.71,656.864,865.569,271.498,-601.193,3442.11,1343.81,-669.027,-589.169,-124.323,-568.395,1995.34,2199.27,3168.19,1360.03,-1589.59,215.181,-2315.43,-552.459,2949.46,968.289,-1405.52
-250354,0,1,0,1,1,250399,-0.384764,0.00591807,1.98251,0.65987,0.194549,-1.62464,-1.32884,-0.638008,0.776036,1.76188,-0.149657,0.116447,-1.54277,-0.0636614,0.2482,-1.00728,-1.59481,-1.01706,-0.127135,0.559175,1.40119,-1.61276,1.8305,-0.0898098,-1.26576,-1.76124,1.23195,-0.269686,1.22789,-1.59845,-1.56077,0.458786,1.996,-0.185011,-1.75004,1.38731,-0.797919,-1.56933,0.936032,-1.67351,1.35279,0.444837,1.42627,-1.3104,-0.0724454,0.89088,-0.393547,0.886616,0.0264761,-0.478673,-1.03596,0.226382,0.0675763,-1.26799,0.156639,-0.0321617,0.998724,0.212245,-0.63784,-0.775643,-0.788799,1.94885,1.21166,0.828242,-0.92643,-0.62419,-1.08532,0.0134659,-0.922084,-1.04397,-1.82062,-0.720654,-1.94471,-0.376988,1.76676,-0.594025,1.17955,0.313105,1.16384,0.0323358,0.112372,0.276904,0.173359,1.84303,0.871915,-1.30925,-0.819472,-0.271119,0.144731,1.18899,1.07535,1.68402,1.67163,-0.91779,-0.253471,-1.68299,-0.374937,1.42931,0.855572,-1.19532,0.352191,1.21278,0.769819,0.955526,-1.46914,-0.0266066,0.509103,-0.825388,-1.65342,0.890006,0.465386,-0.159443,1.58377,-2.16816,0.562778,0.7307,-0.416426,-1.38585,0.334423,2.41977,-0.0423367,0.513709,-0.97122,0.00945475,0.303348,-0.384459,0.815721,0.343443,-0.436623,-0.746115,0.67264,-1.37318,1.25712,-0.299734,-0.400658,1.82126,-1.29564,-0.650566,0.0466712,-2.0062,-1.58887,-0.852426,1.43968,0.909165,-0.528744,1.51196,0.924788,-0.796566,1.22572,0.67776,0.389299,-0.207061,-1.80594,-0.235414,1.34648,0.170963,-0.532148,-0.538359,0.187973,-0.243392,-0.273783,0.902868,1.33888,-1.0286,1.03648,-0.245635,-0.163237,1.37973,0.0456212,-1.40102,0.436205,0.38324,0.432804,0.946061,0.224524,0.0013392,0.889724,-0.762957,-0.679262,0.841719,-0.54257,-1.63125,-2.07467,-0.175462,0.90025,-0.890776,-0.161001,-0.507242,0.929274,-0.256824,-0.560506,-0.559296,0.0035493,0.312818,0.463005,1.26721,-1.66704,0.376173,0.673617,0.215575,-547.184,-508.299,2761.5,815.011,520.894,-1882.04,-2005.36,-819.359,713.376,4167.89,684.524,-60.5022,-3825.74,-379.508,89.5438,-786.665,-2764.26,-1893.05,-1138.15,1330.48,3721.9,-4549.31,2287.66,267.703,-2638.59,-2872.07,3581.78,-691.08,1559.76,-2665.15,-3407.54,531.827,2745.55,-223.138,-3512.96,4957.76,-1430.38,-3610.6,1490.59,-2808.39,2647.86,134.514,1058.66,-2025.01,485.435,3088.29,-408.039,1755.96,-843.537,223.64,-979.537,157.066,-382.401,-1592.82,146.539,630.355,1663.4,390.568,-1767.98,-422.267,-1066.21,3073.98,426.967,1910.6,-1257.09,-400.344,-1141.72,499.265,-2604.22,-1076.11,-4120.46,-2216.12,-5824.17,-626.233,4606.2,242.817,3643.23,1542.24,2193.71,656.864,865.569,271.498,-601.193,3442.11,1343.81,-669.027,-589.169,-124.323,-568.395,1995.34,2199.27,3168.19,1360.03,-1589.59,215.181,-2315.43,-552.459,2949.46,968.289,-1405.52
-250354,0,1,0,1,1,250402,-0.384764,0.00591807,1.98251,0.65987,0.194549,-1.62464,-1.32884,-0.638008,0.776036,1.76188,-0.149657,0.116447,-1.54277,-0.0636614,0.2482,-1.00728,-1.59481,-1.01706,-0.127135,0.559175,1.40119,-1.61276,1.8305,-0.0898098,-1.26576,-1.76124,1.23195,-0.269686,1.22789,-1.59845,-1.56077,0.458786,1.996,-0.185011,-1.75004,1.38731,-0.797919,-1.56933,0.936032,-1.67351,1.35279,0.444837,1.42627,-1.3104,-0.0724454,0.89088,-0.393547,0.886616,0.0264761,-0.478673,-1.03596,0.226382,0.0675763,-1.26799,0.156639,-0.0321617,0.998724,0.212245,-0.63784,-0.775643,-0.788799,1.94885,1.21166,0.828242,-0.92643,-0.62419,-1.08532,0.0134659,-0.922084,-1.04397,-1.82062,-0.720654,-1.94471,-0.376988,1.76676,-0.594025,1.17955,0.313105,1.16384,0.0323358,0.112372,0.276904,0.173359,1.84303,0.871915,-1.30925,-0.819472,-0.271119,0.144731,1.18899,1.07535,1.68402,1.67163,-0.91779,-0.253471,-1.68299,-0.374937,1.42931,0.855572,-1.19532,-0.889647,1.81476,-1.1068,0.0229541,0.734293,2.17294,0.679827,0.0810479,-2.33403,-1.04221,0.0275182,-0.512187,-0.385327,0.589147,1.08305,-0.418614,1.02535,-0.622113,0.268424,-0.275033,-1.06506,-1.07114,1.25709,-0.59529,-0.785339,-0.784802,1.0037,0.477097,0.0929797,2.2451,0.612569,0.476529,0.357818,1.64963,0.170633,-0.932519,1.3956,1.36324,-0.972383,0.392123,-0.971804,-1.97227,0.238167,0.889155,0.336922,0.306342,0.662163,0.40888,-0.551613,0.667263,-1.40568,1.13371,-0.726486,0.675156,-0.303485,-0.236041,1.04737,0.61076,-0.647879,0.413161,-1.1975,0.678374,2.60933,-0.725302,-0.675822,-1.09386,1.01847,0.810987,-0.588009,-0.219029,-0.702233,0.692348,0.963401,0.954461,-0.380084,1.48291,0.483439,-2.43058,-0.643849,0.560678,-0.457781,-0.896251,0.904524,-0.894424,0.897462,0.0741966,-1.73634,-0.106863,-0.16056,1.13876,0.187084,-0.486197,-1.68688,-0.184445,0.152873,-0.531743,-0.561278,-0.84134,1.04831,-1.32676,-547.184,-508.299,2761.5,815.011,520.894,-1882.04,-2005.36,-819.359,713.376,4167.89,684.524,-60.5022,-3825.74,-379.508,89.5438,-786.665,-2764.26,-1893.05,-1138.15,1330.48,3721.9,-4549.31,2287.66,267.703,-2638.59,-2872.07,3581.78,-691.08,1559.76,-2665.15,-3407.54,531.827,2745.55,-223.138,-3512.96,4957.76,-1430.38,-3610.6,1490.59,-2808.39,2647.86,134.514,1058.66,-2025.01,485.435,3088.29,-408.039,1755.96,-843.537,223.64,-979.537,157.066,-382.401,-1592.82,146.539,630.355,1663.4,390.568,-1767.98,-422.267,-1066.21,3073.98,426.967,1910.6,-1257.09,-400.344,-1141.72,499.265,-2604.22,-1076.11,-4120.46,-2216.12,-5824.17,-626.233,4606.2,242.817,3643.23,1542.24,2193.71,656.864,865.569,271.498,-601.193,3442.11,1343.81,-669.027,-589.169,-124.323,-568.395,1995.34,2199.27,3168.19,1360.03,-1589.59,215.181,-2315.43,-552.459,2949.46,968.289,-1405.52
-250354,0,1,0,1,1,250417,-0.384764,0.00591807,1.98251,0.65987,0.194549,-1.62464,-1.32884,-0.638008,0.776036,1.76188,-0.149657,0.116447,-1.54277,-0.0636614,0.2482,-1.00728,-1.59481,-1.01706,-0.127135,0.559175,1.40119,-1.61276,1.8305,-0.0898098,-1.26576,-1.76124,1.23195,-0.269686,1.22789,-1.59845,-1.56077,0.458786,1.996,-0.185011,-1.75004,1.38731,-0.797919,-1.56933,0.936032,-1.67351,1.35279,0.444837,1.42627,-1.3104,-0.0724454,0.89088,-0.393547,0.886616,0.0264761,-0.478673,-1.03596,0.226382,0.0675763,-1.26799,0.156639,-0.0321617,0.998724,0.212245,-0.63784,-0.775643,-0.788799,1.94885,1.21166,0.828242,-0.92643,-0.62419,-1.08532,0.0134659,-0.922084,-1.04397,-1.82062,-0.720654,-1.94471,-0.376988,1.76676,-0.594025,1.17955,0.313105,1.16384,0.0323358,0.112372,0.276904,0.173359,1.84303,0.871915,-1.30925,-0.819472,-0.271119,0.144731,1.18899,1.07535,1.68402,1.67163,-0.91779,-0.253471,-1.68299,-0.374937,1.42931,0.855572,-1.19532,0.192873,-1.59762,0.971845,-0.817436,-0.671203,-2.55382,0.598287,0.400398,0.771218,-2.11709,-0.994801,0.362036,-0.0160058,0.317173,-0.728177,0.908466,0.157969,0.594274,-0.26831,-0.127095,-2.4812,0.324267,1.38562,0.470794,-1.52912,0.688803,1.65713,1.82857,0.313825,-0.125607,-1.40337,0.944265,-1.24356,1.97582,0.475815,-1.0346,0.420072,-1.94639,-0.79164,1.5457,-0.525788,0.0204118,1.00269,-0.738602,-0.169344,-0.658144,-0.951984,-1.90578,1.59157,0.208541,0.119092,-0.0208136,0.313577,1.42764,1.25926,0.0191236,0.142635,1.87333,-0.848516,0.0410216,1.33959,-0.571443,1.28804,1.99908,-0.960567,1.02679,0.609096,-1.45263,-0.764254,-0.255486,0.856825,-1.58502,0.354216,1.39996,2.67883,-0.219635,0.535765,0.851321,-0.107816,0.953417,-1.21659,2.33903,1.09793,1.11414,0.0555901,-0.354838,-1.79031,0.232456,0.447319,0.420563,0.39565,0.555508,1.57187,-1.22008,-1.45172,1.59817,0.39892,0.494278,-1.83954,0.831845,-547.184,-508.299,2761.5,815.011,520.894,-1882.04,-2005.36,-819.359,713.376,4167.89,684.524,-60.5022,-3825.74,-379.508,89.5438,-786.665,-2764.26,-1893.05,-1138.15,1330.48,3721.9,-4549.31,2287.66,267.703,-2638.59,-2872.07,3581.78,-691.08,1559.76,-2665.15,-3407.54,531.827,2745.55,-223.138,-3512.96,4957.76,-1430.38,-3610.6,1490.59,-2808.39,2647.86,134.514,1058.66,-2025.01,485.435,3088.29,-408.039,1755.96,-843.537,223.64,-979.537,157.066,-382.401,-1592.82,146.539,630.355,1663.4,390.568,-1767.98,-422.267,-1066.21,3073.98,426.967,1910.6,-1257.09,-400.344,-1141.72,499.265,-2604.22,-1076.11,-4120.46,-2216.12,-5824.17,-626.233,4606.2,242.817,3643.23,1542.24,2193.71,656.864,865.569,271.498,-601.193,3442.11,1343.81,-669.027,-589.169,-124.323,-568.395,1995.34,2199.27,3168.19,1360.03,-1589.59,215.181,-2315.43,-552.459,2949.46,968.289,-1405.52
-250354,0,1,0,1,1,250404,-0.384764,0.00591807,1.98251,0.65987,0.194549,-1.62464,-1.32884,-0.638008,0.776036,1.76188,-0.149657,0.116447,-1.54277,-0.0636614,0.2482,-1.00728,-1.59481,-1.01706,-0.127135,0.559175,1.40119,-1.61276,1.8305,-0.0898098,-1.26576,-1.76124,1.23195,-0.269686,1.22789,-1.59845,-1.56077,0.458786,1.996,-0.185011,-1.75004,1.38731,-0.797919,-1.56933,0.936032,-1.67351,1.35279,0.444837,1.42627,-1.3104,-0.0724454,0.89088,-0.393547,0.886616,0.0264761,-0.478673,-1.03596,0.226382,0.0675763,-1.26799,0.156639,-0.0321617,0.998724,0.212245,-0.63784,-0.775643,-0.788799,1.94885,1.21166,0.828242,-0.92643,-0.62419,-1.08532,0.0134659,-0.922084,-1.04397,-1.82062,-0.720654,-1.94471,-0.376988,1.76676,-0.594025,1.17955,0.313105,1.16384,0.0323358,0.112372,0.276904,0.173359,1.84303,0.871915,-1.30925,-0.819472,-0.271119,0.144731,1.18899,1.07535,1.68402,1.67163,-0.91779,-0.253471,-1.68299,-0.374937,1.42931,0.855572,-1.19532,-0.34981,0.182466,-0.309522,-0.60394,-0.228044,-0.503827,-0.717254,1.15032,-0.376847,-0.347651,0.440441,0.109962,-0.0491404,0.330467,1.67448,0.0313938,0.253369,0.657107,-0.0655896,-1.84206,-1.13276,0.423028,0.566024,-0.304258,0.380884,0.547758,1.61651,0.395889,-0.47918,0.655682,-0.0409659,-0.682577,-0.254093,-2.34396,-0.667056,0.88676,0.00889828,1.16969,-0.813356,-0.35435,-0.240822,0.213258,-0.477197,0.186868,-1.31448,2.25709,-0.428723,0.774884,-0.78398,-0.099802,-0.169938,0.782578,-0.646001,1.33257,0.590547,-1.90452,-0.269794,1.22855,1.1672,-1.50137,-0.105724,-0.802549,-2.48566,0.818252,1.82779,1.10117,-1.36824,-0.102493,-0.0313521,-1.2795,1.34451,0.927669,-0.0112689,-0.634181,2.60449,1.72392,1.50052,-1.00311,-0.476544,0.60418,0.0517764,1.40132,0.617732,0.376606,-0.673765,-0.00802552,-1.03098,0.179416,0.886786,-0.918896,-0.628437,0.40799,-1.4901,-2.21318,-0.41562,2.04445,-0.606668,-0.487394,1.7516,-0.809642,-547.184,-508.299,2761.5,815.011,520.894,-1882.04,-2005.36,-819.359,713.376,4167.89,684.524,-60.5022,-3825.74,-379.508,89.5438,-786.665,-2764.26,-1893.05,-1138.15,1330.48,3721.9,-4549.31,2287.66,267.703,-2638.59,-2872.07,3581.78,-691.08,1559.76,-2665.15,-3407.54,531.827,2745.55,-223.138,-3512.96,4957.76,-1430.38,-3610.6,1490.59,-2808.39,2647.86,134.514,1058.66,-2025.01,485.435,3088.29,-408.039,1755.96,-843.537,223.64,-979.537,157.066,-382.401,-1592.82,146.539,630.355,1663.4,390.568,-1767.98,-422.267,-1066.21,3073.98,426.967,1910.6,-1257.09,-400.344,-1141.72,499.265,-2604.22,-1076.11,-4120.46,-2216.12,-5824.17,-626.233,4606.2,242.817,3643.23,1542.24,2193.71,656.864,865.569,271.498,-601.193,3442.11,1343.81,-669.027,-589.169,-124.323,-568.395,1995.34,2199.27,3168.19,1360.03,-1589.59,215.181,-2315.43,-552.459,2949.46,968.289,-1405.52
-250354,0,1,0,1,1,250400,-0.384764,0.00591807,1.98251,0.65987,0.194549,-1.62464,-1.32884,-0.638008,0.776036,1.76188,-0.149657,0.116447,-1.54277,-0.0636614,0.2482,-1.00728,-1.59481,-1.01706,-0.127135,0.559175,1.40119,-1.61276,1.8305,-0.0898098,-1.26576,-1.76124,1.23195,-0.269686,1.22789,-1.59845,-1.56077,0.458786,1.996,-0.185011,-1.75004,1.38731,-0.797919,-1.56933,0.936032,-1.67351,1.35279,0.444837,1.42627,-1.3104,-0.0724454,0.89088,-0.393547,0.886616,0.0264761,-0.478673,-1.03596,0.226382,0.0675763,-1.26799,0.156639,-0.0321617,0.998724,0.212245,-0.63784,-0.775643,-0.788799,1.94885,1.21166,0.828242,-0.92643,-0.62419,-1.08532,0.0134659,-0.922084,-1.04397,-1.82062,-0.720654,-1.94471,-0.376988,1.76676,-0.594025,1.17955,0.313105,1.16384,0.0323358,0.112372,0.276904,0.173359,1.84303,0.871915,-1.30925,-0.819472,-0.271119,0.144731,1.18899,1.07535,1.68402,1.67163,-0.91779,-0.253471,-1.68299,-0.374937,1.42931,0.855572,-1.19532,1.12195,0.591547,-0.0717248,0.132653,-0.671895,0.464555,0.67414,0.540018,-0.862895,0.446486,-1.36741,0.87349,-0.493493,2.2909,-0.0428969,0.388675,0.33737,-0.721464,-0.486631,0.206126,-0.286471,0.981911,1.5015,1.40838,0.225951,-0.100441,-0.13858,0.949504,-0.100628,-0.155827,-0.864466,0.343591,-0.813062,0.256995,0.323192,-1.98607,1.25268,0.857239,0.947187,-2.43179,-1.17886,-0.173537,-0.13616,1.33511,1.02056,-2.18371,0.65651,-1.48591,0.466061,0.477341,0.84802,0.552726,-0.259576,0.438752,1.41722,1.19471,-0.65929,-0.240611,0.46365,-1.75467,0.94571,-1.08998,-0.335512,-0.643534,0.12073,2.41379,0.885953,-1.02574,-0.367705,0.694546,-1.10452,0.809748,-0.18085,0.294997,0.939807,-0.46935,0.55587,1.82716,-2.03977,1.3661,1.028,-0.648738,0.138989,-0.630777,-1.04373,-1.20594,-0.380376,-0.11836,0.152054,0.978346,-0.741746,0.835742,-1.075,1.28058,0.468094,-0.923989,-0.0341119,-0.511187,0.765893,-0.91862,-547.184,-508.299,2761.5,815.011,520.894,-1882.04,-2005.36,-819.359,713.376,4167.89,684.524,-60.5022,-3825.74,-379.508,89.5438,-786.665,-2764.26,-1893.05,-1138.15,1330.48,3721.9,-4549.31,2287.66,267.703,-2638.59,-2872.07,3581.78,-691.08,1559.76,-2665.15,-3407.54,531.827,2745.55,-223.138,-3512.96,4957.76,-1430.38,-3610.6,1490.59,-2808.39,2647.86,134.514,1058.66,-2025.01,485.435,3088.29,-408.039,1755.96,-843.537,223.64,-979.537,157.066,-382.401,-1592.82,146.539,630.355,1663.4,390.568,-1767.98,-422.267,-1066.21,3073.98,426.967,1910.6,-1257.09,-400.344,-1141.72,499.265,-2604.22,-1076.11,-4120.46,-2216.12,-5824.17,-626.233,4606.2,242.817,3643.23,1542.24,2193.71,656.864,865.569,271.498,-601.193,3442.11,1343.81,-669.027,-589.169,-124.323,-568.395,1995.34,2199.27,3168.19,1360.03,-1589.59,215.181,-2315.43,-552.459,2949.46,968.289,-1405.52
-250354,0,1,0,1,1,250411,-0.384764,0.00591807,1.98251,0.65987,0.194549,-1.62464,-1.32884,-0.638008,0.776036,1.76188,-0.149657,0.116447,-1.54277,-0.0636614,0.2482,-1.00728,-1.59481,-1.01706,-0.127135,0.559175,1.40119,-1.61276,1.8305,-0.0898098,-1.26576,-1.76124,1.23195,-0.269686,1.22789,-1.59845,-1.56077,0.458786,1.996,-0.185011,-1.75004,1.38731,-0.797919,-1.56933,0.936032,-1.67351,1.35279,0.444837,1.42627,-1.3104,-0.0724454,0.89088,-0.393547,0.886616,0.0264761,-0.478673,-1.03596,0.226382,0.0675763,-1.26799,0.156639,-0.0321617,0.998724,0.212245,-0.63784,-0.775643,-0.788799,1.94885,1.21166,0.828242,-0.92643,-0.62419,-1.08532,0.0134659,-0.922084,-1.04397,-1.82062,-0.720654,-1.94471,-0.376988,1.76676,-0.594025,1.17955,0.313105,1.16384,0.0323358,0.112372,0.276904,0.173359,1.84303,0.871915,-1.30925,-0.819472,-0.271119,0.144731,1.18899,1.07535,1.68402,1.67163,-0.91779,-0.253471,-1.68299,-0.374937,1.42931,0.855572,-1.19532,0.847093,0.669231,0.439618,0.290156,-1.1691,0.545894,0.452104,-1.04266,1.87073,0.464138,-0.22131,-0.00895768,-0.0408671,-0.742429,-0.211682,-1.64054,0.275803,-0.4173,-0.354505,0.108632,-0.475457,0.319332,-1.27642,1.13574,-0.227371,1.75925,-1.36477,-0.370844,-0.552515,0.28211,-1.12065,-0.764651,-1.99006,-0.678264,-0.27829,0.788423,0.0561336,1.01142,-3.06882,0.542712,2.55314,0.564703,-0.601285,-0.839712,0.50074,0.0849391,0.0573111,-0.566862,1.23917,-0.819845,-1.02334,0.926167,0.452042,-0.61089,0.479896,0.38204,0.889342,-0.333482,-1.47211,-1.27064,0.82392,0.390103,-0.718019,0.935178,0.721104,-0.624629,1.07104,-1.64646,-0.890202,1.00133,0.465176,0.934231,-0.65764,-0.950469,1.3499,1.44767,1.03509,-1.55301,0.108717,-0.0161652,-0.974523,2.30978,-3.02111,0.667198,-1.82028,1.2716,-0.371249,-0.775467,0.631151,-1.52813,0.224549,-2.00086,0.270793,0.531869,0.10766,-0.739697,1.20911,0.218768,2.70764,0.312185,-547.184,-508.299,2761.5,815.011,520.894,-1882.04,-2005.36,-819.359,713.376,4167.89,684.524,-60.5022,-3825.74,-379.508,89.5438,-786.665,-2764.26,-1893.05,-1138.15,1330.48,3721.9,-4549.31,2287.66,267.703,-2638.59,-2872.07,3581.78,-691.08,1559.76,-2665.15,-3407.54,531.827,2745.55,-223.138,-3512.96,4957.76,-1430.38,-3610.6,1490.59,-2808.39,2647.86,134.514,1058.66,-2025.01,485.435,3088.29,-408.039,1755.96,-843.537,223.64,-979.537,157.066,-382.401,-1592.82,146.539,630.355,1663.4,390.568,-1767.98,-422.267,-1066.21,3073.98,426.967,1910.6,-1257.09,-400.344,-1141.72,499.265,-2604.22,-1076.11,-4120.46,-2216.12,-5824.17,-626.233,4606.2,242.817,3643.23,1542.24,2193.71,656.864,865.569,271.498,-601.193,3442.11,1343.81,-669.027,-589.169,-124.323,-568.395,1995.34,2199.27,3168.19,1360.03,-1589.59,215.181,-2315.43,-552.459,2949.46,968.289,-1405.52
-250354,0,1,0,1,1,250405,-0.384764,0.00591807,1.98251,0.65987,0.194549,-1.62464,-1.32884,-0.638008,0.776036,1.76188,-0.149657,0.116447,-1.54277,-0.0636614,0.2482,-1.00728,-1.59481,-1.01706,-0.127135,0.559175,1.40119,-1.61276,1.8305,-0.0898098,-1.26576,-1.76124,1.23195,-0.269686,1.22789,-1.59845,-1.56077,0.458786,1.996,-0.185011,-1.75004,1.38731,-0.797919,-1.56933,0.936032,-1.67351,1.35279,0.444837,1.42627,-1.3104,-0.0724454,0.89088,-0.393547,0.886616,0.0264761,-0.478673,-1.03596,0.226382,0.0675763,-1.26799,0.156639,-0.0321617,0.998724,0.212245,-0.63784,-0.775643,-0.788799,1.94885,1.21166,0.828242,-0.92643,-0.62419,-1.08532,0.0134659,-0.922084,-1.04397,-1.82062,-0.720654,-1.94471,-0.376988,1.76676,-0.594025,1.17955,0.313105,1.16384,0.0323358,0.112372,0.276904,0.173359,1.84303,0.871915,-1.30925,-0.819472,-0.271119,0.144731,1.18899,1.07535,1.68402,1.67163,-0.91779,-0.253471,-1.68299,-0.374937,1.42931,0.855572,-1.19532,0.335841,-0.299956,-0.652887,-0.0896228,-0.487945,1.08632,2.44099,1.76033,0.607446,-1.01231,0.47804,-0.237515,1.09793,-1.32864,-0.226941,2.6822,-0.212378,-0.907333,0.434544,0.977382,0.346474,0.529318,0.464609,0.0641312,0.877849,1.75644,-2.02308,0.312852,0.153255,-1.39516,-1.52241,-0.940158,-1.51368,1.12764,-0.412919,1.12432,0.975207,-0.909077,-0.668922,0.102603,-0.602483,-1.21532,1.72129,-0.125436,-0.296429,-0.331678,0.0666327,-1.09263,2.11967,0.812315,-0.942441,0.447691,1.27437,-0.938233,-0.195972,1.96703,-0.814839,0.0392885,-0.478502,-0.310308,-0.196012,0.519898,-0.609206,-0.318272,0.733673,1.38675,1.00094,0.856549,0.546692,-0.0892873,1.63272,-0.0313402,1.30118,2.04977,0.43717,-1.44702,0.586515,-0.136177,-0.789185,-0.821076,-0.712891,-1.48807,0.180194,-0.884341,-1.53394,1.08737,1.96816,-0.252772,-0.533051,-0.654146,0.212842,0.966037,0.326012,0.539743,-1.32064,0.12878,-0.50827,1.23454,-1.20496,0.635017,-547.184,-508.299,2761.5,815.011,520.894,-1882.04,-2005.36,-819.359,713.376,4167.89,684.524,-60.5022,-3825.74,-379.508,89.5438,-786.665,-2764.26,-1893.05,-1138.15,1330.48,3721.9,-4549.31,2287.66,267.703,-2638.59,-2872.07,3581.78,-691.08,1559.76,-2665.15,-3407.54,531.827,2745.55,-223.138,-3512.96,4957.76,-1430.38,-3610.6,1490.59,-2808.39,2647.86,134.514,1058.66,-2025.01,485.435,3088.29,-408.039,1755.96,-843.537,223.64,-979.537,157.066,-382.401,-1592.82,146.539,630.355,1663.4,390.568,-1767.98,-422.267,-1066.21,3073.98,426.967,1910.6,-1257.09,-400.344,-1141.72,499.265,-2604.22,-1076.11,-4120.46,-2216.12,-5824.17,-626.233,4606.2,242.817,3643.23,1542.24,2193.71,656.864,865.569,271.498,-601.193,3442.11,1343.81,-669.027,-589.169,-124.323,-568.395,1995.34,2199.27,3168.19,1360.03,-1589.59,215.181,-2315.43,-552.459,2949.46,968.289,-1405.52
-250354,0,1,0,1,1,250394,-0.384764,0.00591807,1.98251,0.65987,0.194549,-1.62464,-1.32884,-0.638008,0.776036,1.76188,-0.149657,0.116447,-1.54277,-0.0636614,0.2482,-1.00728,-1.59481,-1.01706,-0.127135,0.559175,1.40119,-1.61276,1.8305,-0.0898098,-1.26576,-1.76124,1.23195,-0.269686,1.22789,-1.59845,-1.56077,0.458786,1.996,-0.185011,-1.75004,1.38731,-0.797919,-1.56933,0.936032,-1.67351,1.35279,0.444837,1.42627,-1.3104,-0.0724454,0.89088,-0.393547,0.886616,0.0264761,-0.478673,-1.03596,0.226382,0.0675763,-1.26799,0.156639,-0.0321617,0.998724,0.212245,-0.63784,-0.775643,-0.788799,1.94885,1.21166,0.828242,-0.92643,-0.62419,-1.08532,0.0134659,-0.922084,-1.04397,-1.82062,-0.720654,-1.94471,-0.376988,1.76676,-0.594025,1.17955,0.313105,1.16384,0.0323358,0.112372,0.276904,0.173359,1.84303,0.871915,-1.30925,-0.819472,-0.271119,0.144731,1.18899,1.07535,1.68402,1.67163,-0.91779,-0.253471,-1.68299,-0.374937,1.42931,0.855572,-1.19532,-0.740403,-0.321747,-0.0229103,-0.155998,0.269305,-0.837915,0.478933,0.826403,-0.915023,1.20956,-0.403589,1.77994,0.966892,0.676092,1.23095,0.480194,1.28202,-0.0352038,-0.310139,-0.596877,-0.220834,0.0883239,0.525463,0.212504,-0.337395,-0.661778,0.317043,0.70591,0.198122,0.779762,1.37989,0.147935,1.07051,-1.56985,-1.20077,-1.9484,0.0981866,0.285452,0.192043,0.405736,-0.879163,0.468413,0.0360324,-0.0493026,-1.68649,-1.51714,1.32859,1.67328,1.06072,0.482035,1.19817,-0.80285,0.782327,-1.07769,-0.839372,-0.396049,0.0996379,-0.871909,0.830168,0.684179,-0.139763,0.836124,0.208627,0.342421,-2.1811,1.20146,-0.58158,0.419345,-0.101475,0.628569,-0.294545,-0.815317,-0.96311,-0.757722,-1.15939,-0.423222,0.0906833,-0.0762585,-0.373404,1.62513,1.73913,0.201298,-0.826799,0.829434,-0.57001,-1.22596,0.579269,0.0644465,1.76012,-0.621868,-0.0717888,0.688796,0.696812,-0.385309,2.54424,0.00474425,-0.0313599,0.624536,-1.26879,-0.021934,-547.184,-508.299,2761.5,815.011,520.894,-1882.04,-2005.36,-819.359,713.376,4167.89,684.524,-60.5022,-3825.74,-379.508,89.5438,-786.665,-2764.26,-1893.05,-1138.15,1330.48,3721.9,-4549.31,2287.66,267.703,-2638.59,-2872.07,3581.78,-691.08,1559.76,-2665.15,-3407.54,531.827,2745.55,-223.138,-3512.96,4957.76,-1430.38,-3610.6,1490.59,-2808.39,2647.86,134.514,1058.66,-2025.01,485.435,3088.29,-408.039,1755.96,-843.537,223.64,-979.537,157.066,-382.401,-1592.82,146.539,630.355,1663.4,390.568,-1767.98,-422.267,-1066.21,3073.98,426.967,1910.6,-1257.09,-400.344,-1141.72,499.265,-2604.22,-1076.11,-4120.46,-2216.12,-5824.17,-626.233,4606.2,242.817,3643.23,1542.24,2193.71,656.864,865.569,271.498,-601.193,3442.11,1343.81,-669.027,-589.169,-124.323,-568.395,1995.34,2199.27,3168.19,1360.03,-1589.59,215.181,-2315.43,-552.459,2949.46,968.289,-1405.52
-250354,0,1,0,1,1,250400,-0.384764,0.00591807,1.98251,0.65987,0.194549,-1.62464,-1.32884,-0.638008,0.776036,1.76188,-0.149657,0.116447,-1.54277,-0.0636614,0.2482,-1.00728,-1.59481,-1.01706,-0.127135,0.559175,1.40119,-1.61276,1.8305,-0.0898098,-1.26576,-1.76124,1.23195,-0.269686,1.22789,-1.59845,-1.56077,0.458786,1.996,-0.185011,-1.75004,1.38731,-0.797919,-1.56933,0.936032,-1.67351,1.35279,0.444837,1.42627,-1.3104,-0.0724454,0.89088,-0.393547,0.886616,0.0264761,-0.478673,-1.03596,0.226382,0.0675763,-1.26799,0.156639,-0.0321617,0.998724,0.212245,-0.63784,-0.775643,-0.788799,1.94885,1.21166,0.828242,-0.92643,-0.62419,-1.08532,0.0134659,-0.922084,-1.04397,-1.82062,-0.720654,-1.94471,-0.376988,1.76676,-0.594025,1.17955,0.313105,1.16384,0.0323358,0.112372,0.276904,0.173359,1.84303,0.871915,-1.30925,-0.819472,-0.271119,0.144731,1.18899,1.07535,1.68402,1.67163,-0.91779,-0.253471,-1.68299,-0.374937,1.42931,0.855572,-1.19532,-0.648258,-0.112034,-0.987388,-1.43571,1.01956,0.467075,0.430845,0.0401137,-0.194361,-1.02816,-1.40766,-1.80565,-0.420414,-0.421388,-0.597198,-0.375987,1.57112,-0.334629,-1.7136,-0.382605,1.40621,0.426886,0.02012,1.14208,0.401176,0.873169,1.00651,1.16178,0.214164,-0.368806,1.9763,-0.173009,0.576361,1.76774,0.841114,1.29727,0.709382,1.32263,-1.65858,-1.01584,0.88999,0.529171,1.0018,-0.87146,-0.243269,-1.37421,0.667162,-0.510336,0.380317,0.708942,0.940152,-1.5549,0.284685,1.00713,0.134491,0.12575,1.20645,0.145022,0.24234,0.725779,0.379165,-1.49926,-0.164119,0.9528,0.434404,-1.1161,0.151881,-0.178556,0.769284,0.735934,-0.713873,-0.53663,2.45763,-0.519699,0.462533,0.0956422,0.19628,-0.929091,0.655824,-0.732182,1.93013,-1.07222,1.22756,-1.0851,0.649995,-0.230963,2.23241,-0.902389,2.06762,0.380467,-0.230238,0.360617,0.180218,-0.627349,0.22477,1.06401,0.0415854,1.22835,1.16541,1.11658,-547.184,-508.299,2761.5,815.011,520.894,-1882.04,-2005.36,-819.359,713.376,4167.89,684.524,-60.5022,-3825.74,-379.508,89.5438,-786.665,-2764.26,-1893.05,-1138.15,1330.48,3721.9,-4549.31,2287.66,267.703,-2638.59,-2872.07,3581.78,-691.08,1559.76,-2665.15,-3407.54,531.827,2745.55,-223.138,-3512.96,4957.76,-1430.38,-3610.6,1490.59,-2808.39,2647.86,134.514,1058.66,-2025.01,485.435,3088.29,-408.039,1755.96,-843.537,223.64,-979.537,157.066,-382.401,-1592.82,146.539,630.355,1663.4,390.568,-1767.98,-422.267,-1066.21,3073.98,426.967,1910.6,-1257.09,-400.344,-1141.72,499.265,-2604.22,-1076.11,-4120.46,-2216.12,-5824.17,-626.233,4606.2,242.817,3643.23,1542.24,2193.71,656.864,865.569,271.498,-601.193,3442.11,1343.81,-669.027,-589.169,-124.323,-568.395,1995.34,2199.27,3168.19,1360.03,-1589.59,215.181,-2315.43,-552.459,2949.46,968.289,-1405.52
-250354,0,1,0,1,1,250408,-0.384764,0.00591807,1.98251,0.65987,0.194549,-1.62464,-1.32884,-0.638008,0.776036,1.76188,-0.149657,0.116447,-1.54277,-0.0636614,0.2482,-1.00728,-1.59481,-1.01706,-0.127135,0.559175,1.40119,-1.61276,1.8305,-0.0898098,-1.26576,-1.76124,1.23195,-0.269686,1.22789,-1.59845,-1.56077,0.458786,1.996,-0.185011,-1.75004,1.38731,-0.797919,-1.56933,0.936032,-1.67351,1.35279,0.444837,1.42627,-1.3104,-0.0724454,0.89088,-0.393547,0.886616,0.0264761,-0.478673,-1.03596,0.226382,0.0675763,-1.26799,0.156639,-0.0321617,0.998724,0.212245,-0.63784,-0.775643,-0.788799,1.94885,1.21166,0.828242,-0.92643,-0.62419,-1.08532,0.0134659,-0.922084,-1.04397,-1.82062,-0.720654,-1.94471,-0.376988,1.76676,-0.594025,1.17955,0.313105,1.16384,0.0323358,0.112372,0.276904,0.173359,1.84303,0.871915,-1.30925,-0.819472,-0.271119,0.144731,1.18899,1.07535,1.68402,1.67163,-0.91779,-0.253471,-1.68299,-0.374937,1.42931,0.855572,-1.19532,-1.34636,1.04924,0.21514,-0.928081,0.956623,0.144217,-0.0490538,1.00432,-1.21919,-0.861739,0.766587,0.0631373,-0.841622,1.05181,0.440026,0.0430612,-2.02914,0.871405,-1.85404,0.715472,-0.675778,-0.283233,-1.00483,-0.327833,0.50678,0.358146,1.40165,0.668514,-0.645838,-0.599269,0.602074,-0.210989,-1.30727,-1.39446,1.77551,-1.30203,0.695512,-1.24291,-1.80221,-0.336667,-0.941077,0.743045,0.915993,0.129909,0.138832,-0.204034,0.198256,-0.14204,1.69177,0.156176,1.35174,0.873915,-1.07039,1.16119,0.165329,1.57849,1.24129,1.14056,0.0349508,0.213883,-0.13584,-1.5571,0.142975,-1.88746,0.444255,1.57878,1.73109,0.0775684,0.925339,-2.11335,-0.68791,2.16196,-0.583319,0.64493,-0.879093,1.23259,0.616323,0.368297,-1.08141,0.599633,2.09509,-0.169639,2.04358,-0.24685,-0.912629,-0.572533,-0.564291,-0.130616,-0.120242,1.9032,2.43572,-0.258845,0.306336,-0.902684,-0.713618,0.272246,0.0128222,-0.324424,-2.06822,0.465107,-547.184,-508.299,2761.5,815.011,520.894,-1882.04,-2005.36,-819.359,713.376,4167.89,684.524,-60.5022,-3825.74,-379.508,89.5438,-786.665,-2764.26,-1893.05,-1138.15,1330.48,3721.9,-4549.31,2287.66,267.703,-2638.59,-2872.07,3581.78,-691.08,1559.76,-2665.15,-3407.54,531.827,2745.55,-223.138,-3512.96,4957.76,-1430.38,-3610.6,1490.59,-2808.39,2647.86,134.514,1058.66,-2025.01,485.435,3088.29,-408.039,1755.96,-843.537,223.64,-979.537,157.066,-382.401,-1592.82,146.539,630.355,1663.4,390.568,-1767.98,-422.267,-1066.21,3073.98,426.967,1910.6,-1257.09,-400.344,-1141.72,499.265,-2604.22,-1076.11,-4120.46,-2216.12,-5824.17,-626.233,4606.2,242.817,3643.23,1542.24,2193.71,656.864,865.569,271.498,-601.193,3442.11,1343.81,-669.027,-589.169,-124.323,-568.395,1995.34,2199.27,3168.19,1360.03,-1589.59,215.181,-2315.43,-552.459,2949.46,968.289,-1405.52
-250354,0,1,0,1,1,250404,-0.384764,0.00591807,1.98251,0.65987,0.194549,-1.62464,-1.32884,-0.638008,0.776036,1.76188,-0.149657,0.116447,-1.54277,-0.0636614,0.2482,-1.00728,-1.59481,-1.01706,-0.127135,0.559175,1.40119,-1.61276,1.8305,-0.0898098,-1.26576,-1.76124,1.23195,-0.269686,1.22789,-1.59845,-1.56077,0.458786,1.996,-0.185011,-1.75004,1.38731,-0.797919,-1.56933,0.936032,-1.67351,1.35279,0.444837,1.42627,-1.3104,-0.0724454,0.89088,-0.393547,0.886616,0.0264761,-0.478673,-1.03596,0.226382,0.0675763,-1.26799,0.156639,-0.0321617,0.998724,0.212245,-0.63784,-0.775643,-0.788799,1.94885,1.21166,0.828242,-0.92643,-0.62419,-1.08532,0.0134659,-0.922084,-1.04397,-1.82062,-0.720654,-1.94471,-0.376988,1.76676,-0.594025,1.17955,0.313105,1.16384,0.0323358,0.112372,0.276904,0.173359,1.84303,0.871915,-1.30925,-0.819472,-0.271119,0.144731,1.18899,1.07535,1.68402,1.67163,-0.91779,-0.253471,-1.68299,-0.374937,1.42931,0.855572,-1.19532,0.949893,-0.705003,0.626649,0.0207139,0.70871,0.799734,0.772741,-1.723,0.371334,1.16837,0.673486,-0.164347,-0.587296,-0.641749,-1.7155,-0.57466,-0.960215,-0.0926316,-0.521407,0.619086,-0.848064,0.311846,0.313522,-0.691641,-0.328418,0.272662,1.55504,1.11142,-2.00623,-0.554216,-1.1831,-0.752078,-0.283158,0.627261,-0.0404382,0.477925,0.265649,1.95873,-0.0301996,0.193357,0.787143,1.87491,-0.840307,-1.17006,-1.02317,-0.830784,0.0906898,-1.9148,-0.233789,0.457146,2.1813,0.280404,0.443027,0.366305,2.01572,0.923402,1.18598,1.58963,-1.40088,0.52069,-0.96849,0.966763,-1.9733,-0.499005,-1.81271,0.667682,0.192748,0.618147,1.03088,0.142009,-0.406831,-0.215276,0.435851,0.804337,-0.455856,-2.00275,2.39241,-0.571033,-0.539327,0.441798,-0.526009,-1.09689,-0.565014,0.0692107,1.1562,2.44104,-0.510953,-0.208062,0.692548,0.751604,1.18282,-0.112894,0.586432,-0.152874,-0.235985,0.111637,-1.37775,1.8544,0.276217,-0.217024,-547.184,-508.299,2761.5,815.011,520.894,-1882.04,-2005.36,-819.359,713.376,4167.89,684.524,-60.5022,-3825.74,-379.508,89.5438,-786.665,-2764.26,-1893.05,-1138.15,1330.48,3721.9,-4549.31,2287.66,267.703,-2638.59,-2872.07,3581.78,-691.08,1559.76,-2665.15,-3407.54,531.827,2745.55,-223.138,-3512.96,4957.76,-1430.38,-3610.6,1490.59,-2808.39,2647.86,134.514,1058.66,-2025.01,485.435,3088.29,-408.039,1755.96,-843.537,223.64,-979.537,157.066,-382.401,-1592.82,146.539,630.355,1663.4,390.568,-1767.98,-422.267,-1066.21,3073.98,426.967,1910.6,-1257.09,-400.344,-1141.72,499.265,-2604.22,-1076.11,-4120.46,-2216.12,-5824.17,-626.233,4606.2,242.817,3643.23,1542.24,2193.71,656.864,865.569,271.498,-601.193,3442.11,1343.81,-669.027,-589.169,-124.323,-568.395,1995.34,2199.27,3168.19,1360.03,-1589.59,215.181,-2315.43,-552.459,2949.46,968.289,-1405.52
-250354,0,1,0,1,1,250398,-0.384764,0.00591807,1.98251,0.65987,0.194549,-1.62464,-1.32884,-0.638008,0.776036,1.76188,-0.149657,0.116447,-1.54277,-0.0636614,0.2482,-1.00728,-1.59481,-1.01706,-0.127135,0.559175,1.40119,-1.61276,1.8305,-0.0898098,-1.26576,-1.76124,1.23195,-0.269686,1.22789,-1.59845,-1.56077,0.458786,1.996,-0.185011,-1.75004,1.38731,-0.797919,-1.56933,0.936032,-1.67351,1.35279,0.444837,1.42627,-1.3104,-0.0724454,0.89088,-0.393547,0.886616,0.0264761,-0.478673,-1.03596,0.226382,0.0675763,-1.26799,0.156639,-0.0321617,0.998724,0.212245,-0.63784,-0.775643,-0.788799,1.94885,1.21166,0.828242,-0.92643,-0.62419,-1.08532,0.0134659,-0.922084,-1.04397,-1.82062,-0.720654,-1.94471,-0.376988,1.76676,-0.594025,1.17955,0.313105,1.16384,0.0323358,0.112372,0.276904,0.173359,1.84303,0.871915,-1.30925,-0.819472,-0.271119,0.144731,1.18899,1.07535,1.68402,1.67163,-0.91779,-0.253471,-1.68299,-0.374937,1.42931,0.855572,-1.19532,-0.736458,-1.54784,-0.369169,-0.0573858,0.563753,0.444789,-1.05639,-0.495633,-0.363736,-1.65826,-0.26824,0.314547,-0.00564692,1.75385,1.79019,-0.0637589,-0.895162,-0.999849,-0.119543,0.765732,0.706878,0.769397,-0.203809,0.588187,-1.31073,-0.366477,1.85108,-1.98723,2.14577,-0.0112015,0.235186,-0.658257,0.93252,-1.02213,-0.892361,0.419996,-0.819342,-0.530571,-0.254038,-0.775042,0.619511,0.863133,0.983054,-0.0706399,0.00765219,-1.21131,0.335804,-0.471916,0.850602,0.055923,0.222231,-1.17866,0.359998,-0.346836,-0.682926,0.934611,0.599577,-0.255078,0.467745,1.07398,0.631364,-0.285001,-0.172656,0.81584,1.29115,-0.248466,0.340199,-0.56901,-0.52439,-0.301721,0.355522,-1.39629,1.67109,-0.39722,-0.159181,-0.058922,0.10773,2.16707,-0.0627101,-0.216999,-1.39231,-0.214668,2.64588,-0.0338899,0.0507561,1.22254,-0.519425,1.69066,0.864842,1.23583,-1.61497,1.82273,-0.861909,-0.791294,0.232425,-1.42235,-0.570041,0.759796,-0.398141,-0.801214,-547.184,-508.299,2761.5,815.011,520.894,-1882.04,-2005.36,-819.359,713.376,4167.89,684.524,-60.5022,-3825.74,-379.508,89.5438,-786.665,-2764.26,-1893.05,-1138.15,1330.48,3721.9,-4549.31,2287.66,267.703,-2638.59,-2872.07,3581.78,-691.08,1559.76,-2665.15,-3407.54,531.827,2745.55,-223.138,-3512.96,4957.76,-1430.38,-3610.6,1490.59,-2808.39,2647.86,134.514,1058.66,-2025.01,485.435,3088.29,-408.039,1755.96,-843.537,223.64,-979.537,157.066,-382.401,-1592.82,146.539,630.355,1663.4,390.568,-1767.98,-422.267,-1066.21,3073.98,426.967,1910.6,-1257.09,-400.344,-1141.72,499.265,-2604.22,-1076.11,-4120.46,-2216.12,-5824.17,-626.233,4606.2,242.817,3643.23,1542.24,2193.71,656.864,865.569,271.498,-601.193,3442.11,1343.81,-669.027,-589.169,-124.323,-568.395,1995.34,2199.27,3168.19,1360.03,-1589.59,215.181,-2315.43,-552.459,2949.46,968.289,-1405.52
-250354,0,1,0,1,1,250401,-0.384764,0.00591807,1.98251,0.65987,0.194549,-1.62464,-1.32884,-0.638008,0.776036,1.76188,-0.149657,0.116447,-1.54277,-0.0636614,0.2482,-1.00728,-1.59481,-1.01706,-0.127135,0.559175,1.40119,-1.61276,1.8305,-0.0898098,-1.26576,-1.76124,1.23195,-0.269686,1.22789,-1.59845,-1.56077,0.458786,1.996,-0.185011,-1.75004,1.38731,-0.797919,-1.56933,0.936032,-1.67351,1.35279,0.444837,1.42627,-1.3104,-0.0724454,0.89088,-0.393547,0.886616,0.0264761,-0.478673,-1.03596,0.226382,0.0675763,-1.26799,0.156639,-0.0321617,0.998724,0.212245,-0.63784,-0.775643,-0.788799,1.94885,1.21166,0.828242,-0.92643,-0.62419,-1.08532,0.0134659,-0.922084,-1.04397,-1.82062,-0.720654,-1.94471,-0.376988,1.76676,-0.594025,1.17955,0.313105,1.16384,0.0323358,0.112372,0.276904,0.173359,1.84303,0.871915,-1.30925,-0.819472,-0.271119,0.144731,1.18899,1.07535,1.68402,1.67163,-0.91779,-0.253471,-1.68299,-0.374937,1.42931,0.855572,-1.19532,-0.242935,-0.429216,-0.627358,0.612279,-1.47803,-0.68529,0.700312,0.964481,-0.28325,-1.08364,-0.45243,0.107016,-0.512786,0.511569,-0.986507,1.00098,0.238831,-0.113778,1.38837,0.677224,0.897618,0.863396,-0.977098,1.23085,-0.843793,-0.171527,0.209009,-0.666429,1.87948,-0.348671,-1.08147,2.03897,-0.0384451,-0.794682,0.716812,-0.498356,-0.050921,-1.78229,2.08306,-1.26407,0.266228,-0.119206,-0.00167676,0.0242064,-2.46309,1.16688,-1.22336,-0.133253,-0.212099,-1.69759,0.510543,0.163047,0.675582,-2.24424,-0.831995,-0.978545,2.06217,-0.6501,0.557953,0.834213,0.384323,-1.06511,-0.233915,-1.19153,-0.109778,-1.38763,0.92628,1.60076,1.03606,-1.54892,0.382337,0.145846,0.222274,-0.0449729,0.475902,-0.0887048,-0.129829,-2.62057,0.671204,0.828284,-2.06465,-0.045816,0.203687,-1.05836,0.861316,0.861227,-0.268948,-1.21664,-0.570621,-0.245631,1.15924,0.403454,-0.307118,-0.521984,0.505661,-0.349442,0.0429913,0.429238,-0.389594,-0.398748,-547.184,-508.299,2761.5,815.011,520.894,-1882.04,-2005.36,-819.359,713.376,4167.89,684.524,-60.5022,-3825.74,-379.508,89.5438,-786.665,-2764.26,-1893.05,-1138.15,1330.48,3721.9,-4549.31,2287.66,267.703,-2638.59,-2872.07,3581.78,-691.08,1559.76,-2665.15,-3407.54,531.827,2745.55,-223.138,-3512.96,4957.76,-1430.38,-3610.6,1490.59,-2808.39,2647.86,134.514,1058.66,-2025.01,485.435,3088.29,-408.039,1755.96,-843.537,223.64,-979.537,157.066,-382.401,-1592.82,146.539,630.355,1663.4,390.568,-1767.98,-422.267,-1066.21,3073.98,426.967,1910.6,-1257.09,-400.344,-1141.72,499.265,-2604.22,-1076.11,-4120.46,-2216.12,-5824.17,-626.233,4606.2,242.817,3643.23,1542.24,2193.71,656.864,865.569,271.498,-601.193,3442.11,1343.81,-669.027,-589.169,-124.323,-568.395,1995.34,2199.27,3168.19,1360.03,-1589.59,215.181,-2315.43,-552.459,2949.46,968.289,-1405.52
-250354,0,1,0,1,1,250402,-0.384764,0.00591807,1.98251,0.65987,0.194549,-1.62464,-1.32884,-0.638008,0.776036,1.76188,-0.149657,0.116447,-1.54277,-0.0636614,0.2482,-1.00728,-1.59481,-1.01706,-0.127135,0.559175,1.40119,-1.61276,1.8305,-0.0898098,-1.26576,-1.76124,1.23195,-0.269686,1.22789,-1.59845,-1.56077,0.458786,1.996,-0.185011,-1.75004,1.38731,-0.797919,-1.56933,0.936032,-1.67351,1.35279,0.444837,1.42627,-1.3104,-0.0724454,0.89088,-0.393547,0.886616,0.0264761,-0.478673,-1.03596,0.226382,0.0675763,-1.26799,0.156639,-0.0321617,0.998724,0.212245,-0.63784,-0.775643,-0.788799,1.94885,1.21166,0.828242,-0.92643,-0.62419,-1.08532,0.0134659,-0.922084,-1.04397,-1.82062,-0.720654,-1.94471,-0.376988,1.76676,-0.594025,1.17955,0.313105,1.16384,0.0323358,0.112372,0.276904,0.173359,1.84303,0.871915,-1.30925,-0.819472,-0.271119,0.144731,1.18899,1.07535,1.68402,1.67163,-0.91779,-0.253471,-1.68299,-0.374937,1.42931,0.855572,-1.19532,-1.33251,1.26277,0.348969,0.804563,0.482051,-0.150437,0.053273,-0.165645,-0.707331,-1.29061,-1.2016,-2.07135,0.734636,1.23749,1.32969,0.914722,0.0510239,0.535427,-0.832649,0.0663169,0.457273,0.861512,-0.247085,-0.665385,-0.730918,0.74424,-0.148831,-0.6911,1.9411,-0.0167085,-0.146635,0.88368,-1.06021,0.233414,1.72819,0.37484,0.0148413,0.599961,1.28802,1.44342,-1.21257,0.359993,0.434386,0.371651,-0.840161,-0.630649,1.01222,0.518469,1.45182,1.25756,-0.0685316,-2.06262,0.767856,1.07997,-1.45496,1.00245,0.887427,0.83266,-0.780896,0.964067,0.0794731,0.436882,1.48837,0.896812,1.29985,-0.306347,0.678897,1.28704,-0.258707,0.102588,1.8937,-1.13356,0.456717,0.0108098,-0.964572,0.987688,-1.24469,-0.802181,-0.483495,-1.43853,0.592538,0.564291,1.11332,0.137564,0.883336,0.121546,0.953738,0.296519,2.63718,0.768143,1.10968,0.725163,-0.0517604,1.29601,-0.9319,0.581589,2.19497,0.288583,1.01383,-0.766996,-547.184,-508.299,2761.5,815.011,520.894,-1882.04,-2005.36,-819.359,713.376,4167.89,684.524,-60.5022,-3825.74,-379.508,89.5438,-786.665,-2764.26,-1893.05,-1138.15,1330.48,3721.9,-4549.31,2287.66,267.703,-2638.59,-2872.07,3581.78,-691.08,1559.76,-2665.15,-3407.54,531.827,2745.55,-223.138,-3512.96,4957.76,-1430.38,-3610.6,1490.59,-2808.39,2647.86,134.514,1058.66,-2025.01,485.435,3088.29,-408.039,1755.96,-843.537,223.64,-979.537,157.066,-382.401,-1592.82,146.539,630.355,1663.4,390.568,-1767.98,-422.267,-1066.21,3073.98,426.967,1910.6,-1257.09,-400.344,-1141.72,499.265,-2604.22,-1076.11,-4120.46,-2216.12,-5824.17,-626.233,4606.2,242.817,3643.23,1542.24,2193.71,656.864,865.569,271.498,-601.193,3442.11,1343.81,-669.027,-589.169,-124.323,-568.395,1995.34,2199.27,3168.19,1360.03,-1589.59,215.181,-2315.43,-552.459,2949.46,968.289,-1405.52
-250354,0,1,0,1,1,250398,-0.384764,0.00591807,1.98251,0.65987,0.194549,-1.62464,-1.32884,-0.638008,0.776036,1.76188,-0.149657,0.116447,-1.54277,-0.0636614,0.2482,-1.00728,-1.59481,-1.01706,-0.127135,0.559175,1.40119,-1.61276,1.8305,-0.0898098,-1.26576,-1.76124,1.23195,-0.269686,1.22789,-1.59845,-1.56077,0.458786,1.996,-0.185011,-1.75004,1.38731,-0.797919,-1.56933,0.936032,-1.67351,1.35279,0.444837,1.42627,-1.3104,-0.0724454,0.89088,-0.393547,0.886616,0.0264761,-0.478673,-1.03596,0.226382,0.0675763,-1.26799,0.156639,-0.0321617,0.998724,0.212245,-0.63784,-0.775643,-0.788799,1.94885,1.21166,0.828242,-0.92643,-0.62419,-1.08532,0.0134659,-0.922084,-1.04397,-1.82062,-0.720654,-1.94471,-0.376988,1.76676,-0.594025,1.17955,0.313105,1.16384,0.0323358,0.112372,0.276904,0.173359,1.84303,0.871915,-1.30925,-0.819472,-0.271119,0.144731,1.18899,1.07535,1.68402,1.67163,-0.91779,-0.253471,-1.68299,-0.374937,1.42931,0.855572,-1.19532,-0.219083,-0.891711,0.721591,-0.0196174,2.20691,-0.575928,0.0774261,-0.725817,0.127479,1.2164,-0.0820074,-0.497709,-0.443471,-0.567825,-0.611259,0.192307,-0.73616,-1.05349,-1.39999,-0.16246,-0.68741,0.307968,-0.862938,0.556544,-0.259715,0.660549,0.750526,-0.149729,0.552271,-0.411797,-0.736802,-0.0878574,-0.954905,-1.08272,-1.51479,1.10032,0.4779,-0.866009,0.598914,-0.625632,-0.327467,-0.634671,1.60525,-0.468912,-1.05309,1.04596,0.257462,-1.05884,-0.00127904,-1.39535,-1.04562,0.926316,-0.239694,-0.247518,0.167939,-0.564883,0.868776,1.82115,0.450207,1.3497,-0.467472,0.537721,-0.447318,-1.81175,1.00045,-0.858221,-0.064017,-0.636199,0.496382,-0.102252,0.0807891,1.59264,0.146249,-0.0492806,-0.391034,1.45833,-1.04596,0.113527,1.05448,0.392889,-1.24939,-0.597554,1.1065,-0.422908,-2.9772,0.0078229,1.02778,-0.781728,0.715764,-1.35553,0.406548,-0.906893,-2.72558,-0.90092,0.288513,-0.151496,-1.87247,-1.07432,0.278299,1.24666,-547.184,-508.299,2761.5,815.011,520.894,-1882.04,-2005.36,-819.359,713.376,4167.89,684.524,-60.5022,-3825.74,-379.508,89.5438,-786.665,-2764.26,-1893.05,-1138.15,1330.48,3721.9,-4549.31,2287.66,267.703,-2638.59,-2872.07,3581.78,-691.08,1559.76,-2665.15,-3407.54,531.827,2745.55,-223.138,-3512.96,4957.76,-1430.38,-3610.6,1490.59,-2808.39,2647.86,134.514,1058.66,-2025.01,485.435,3088.29,-408.039,1755.96,-843.537,223.64,-979.537,157.066,-382.401,-1592.82,146.539,630.355,1663.4,390.568,-1767.98,-422.267,-1066.21,3073.98,426.967,1910.6,-1257.09,-400.344,-1141.72,499.265,-2604.22,-1076.11,-4120.46,-2216.12,-5824.17,-626.233,4606.2,242.817,3643.23,1542.24,2193.71,656.864,865.569,271.498,-601.193,3442.11,1343.81,-669.027,-589.169,-124.323,-568.395,1995.34,2199.27,3168.19,1360.03,-1589.59,215.181,-2315.43,-552.459,2949.46,968.289,-1405.52
-250354,0,1,0,1,1,250412,-0.384764,0.00591807,1.98251,0.65987,0.194549,-1.62464,-1.32884,-0.638008,0.776036,1.76188,-0.149657,0.116447,-1.54277,-0.0636614,0.2482,-1.00728,-1.59481,-1.01706,-0.127135,0.559175,1.40119,-1.61276,1.8305,-0.0898098,-1.26576,-1.76124,1.23195,-0.269686,1.22789,-1.59845,-1.56077,0.458786,1.996,-0.185011,-1.75004,1.38731,-0.797919,-1.56933,0.936032,-1.67351,1.35279,0.444837,1.42627,-1.3104,-0.0724454,0.89088,-0.393547,0.886616,0.0264761,-0.478673,-1.03596,0.226382,0.0675763,-1.26799,0.156639,-0.0321617,0.998724,0.212245,-0.63784,-0.775643,-0.788799,1.94885,1.21166,0.828242,-0.92643,-0.62419,-1.08532,0.0134659,-0.922084,-1.04397,-1.82062,-0.720654,-1.94471,-0.376988,1.76676,-0.594025,1.17955,0.313105,1.16384,0.0323358,0.112372,0.276904,0.173359,1.84303,0.871915,-1.30925,-0.819472,-0.271119,0.144731,1.18899,1.07535,1.68402,1.67163,-0.91779,-0.253471,-1.68299,-0.374937,1.42931,0.855572,-1.19532,1.95916,-2.43564,-1.59649,-0.179603,2.11677,-1.3955,0.808103,0.439242,0.386191,-0.334758,-0.651055,0.399817,-2.5436,1.13469,-0.633753,-0.461148,-0.184007,2.23022,0.735886,0.840895,1.70627,0.780571,-0.0957121,1.26673,0.444416,-0.692001,-1.45031,0.225127,-0.576484,0.0531256,-0.41002,0.849126,-2.12695,0.614806,-0.675883,0.52457,0.193112,-1.56796,0.459292,0.434591,-1.6632,0.0733468,1.40745,-0.4842,0.0836272,-0.0807075,0.110872,-0.0967912,-0.105619,0.505819,0.00695704,0.404145,-1.45792,0.672261,-0.224362,1.59196,0.114096,-0.0760019,0.465173,-0.327249,1.93367,-0.509394,-0.844437,0.262538,2.09592,-0.673801,0.559079,0.780811,-2.9522,-1.39655,-0.164455,-1.20801,-1.11852,-0.698971,-0.71608,-1.00682,-0.84955,-0.916953,-0.280956,1.46086,-0.390318,1.51549,-1.17537,0.332868,-0.413592,-0.426105,-0.661697,-0.125323,0.998535,-0.793028,-1.09134,-1.65108,-0.290926,1.77485,-1.73604,-0.641186,0.0152742,1.51048,0.603185,1.59221,-547.184,-508.299,2761.5,815.011,520.894,-1882.04,-2005.36,-819.359,713.376,4167.89,684.524,-60.5022,-3825.74,-379.508,89.5438,-786.665,-2764.26,-1893.05,-1138.15,1330.48,3721.9,-4549.31,2287.66,267.703,-2638.59,-2872.07,3581.78,-691.08,1559.76,-2665.15,-3407.54,531.827,2745.55,-223.138,-3512.96,4957.76,-1430.38,-3610.6,1490.59,-2808.39,2647.86,134.514,1058.66,-2025.01,485.435,3088.29,-408.039,1755.96,-843.537,223.64,-979.537,157.066,-382.401,-1592.82,146.539,630.355,1663.4,390.568,-1767.98,-422.267,-1066.21,3073.98,426.967,1910.6,-1257.09,-400.344,-1141.72,499.265,-2604.22,-1076.11,-4120.46,-2216.12,-5824.17,-626.233,4606.2,242.817,3643.23,1542.24,2193.71,656.864,865.569,271.498,-601.193,3442.11,1343.81,-669.027,-589.169,-124.323,-568.395,1995.34,2199.27,3168.19,1360.03,-1589.59,215.181,-2315.43,-552.459,2949.46,968.289,-1405.52
-250354,0,1,0,1,1,250415,-0.384764,0.00591807,1.98251,0.65987,0.194549,-1.62464,-1.32884,-0.638008,0.776036,1.76188,-0.149657,0.116447,-1.54277,-0.0636614,0.2482,-1.00728,-1.59481,-1.01706,-0.127135,0.559175,1.40119,-1.61276,1.8305,-0.0898098,-1.26576,-1.76124,1.23195,-0.269686,1.22789,-1.59845,-1.56077,0.458786,1.996,-0.185011,-1.75004,1.38731,-0.797919,-1.56933,0.936032,-1.67351,1.35279,0.444837,1.42627,-1.3104,-0.0724454,0.89088,-0.393547,0.886616,0.0264761,-0.478673,-1.03596,0.226382,0.0675763,-1.26799,0.156639,-0.0321617,0.998724,0.212245,-0.63784,-0.775643,-0.788799,1.94885,1.21166,0.828242,-0.92643,-0.62419,-1.08532,0.0134659,-0.922084,-1.04397,-1.82062,-0.720654,-1.94471,-0.376988,1.76676,-0.594025,1.17955,0.313105,1.16384,0.0323358,0.112372,0.276904,0.173359,1.84303,0.871915,-1.30925,-0.819472,-0.271119,0.144731,1.18899,1.07535,1.68402,1.67163,-0.91779,-0.253471,-1.68299,-0.374937,1.42931,0.855572,-1.19532,0.292159,-0.523147,-1.45859,0.780029,-0.421211,0.846055,-0.848737,-1.25779,-1.55542,-0.296911,-1.21635,-1.37642,-0.53654,-0.223741,-0.0608235,0.419768,1.10131,-1.29315,0.333185,-0.723676,1.79832,1.80723,0.70852,1.12741,-2.62726,0.434991,0.242418,1.80466,1.84159,-0.332789,0.498518,-1.56974,-0.0688777,0.586626,1.06903,-1.55896,1.16012,0.0817236,-1.73535,-0.302826,1.60064,-2.35128,-1.59963,-0.0939508,-0.329217,0.0557978,0.89301,1.2073,-0.348951,-2.35382,-0.298482,-0.855608,-1.22899,0.493902,-0.293036,0.984421,-1.53667,-1.22209,1.17019,-1.54164,1.90639,-1.26345,-0.849861,0.998433,0.403869,0.300111,0.661284,-0.865526,1.11862,0.547998,-0.0810866,-0.376591,-0.0715363,-0.700463,-0.45338,0.206357,-1.05563,0.0106124,1.49102,1.95604,0.00399726,-2.03765,-0.0883023,-1.38581,0.837087,1.47692,0.98611,-0.569572,1.50755,-0.761382,2.75776,0.295079,1.02142,0.333001,-0.58831,0.692069,-0.539512,0.204231,-1.10215,0.869755,-547.184,-508.299,2761.5,815.011,520.894,-1882.04,-2005.36,-819.359,713.376,4167.89,684.524,-60.5022,-3825.74,-379.508,89.5438,-786.665,-2764.26,-1893.05,-1138.15,1330.48,3721.9,-4549.31,2287.66,267.703,-2638.59,-2872.07,3581.78,-691.08,1559.76,-2665.15,-3407.54,531.827,2745.55,-223.138,-3512.96,4957.76,-1430.38,-3610.6,1490.59,-2808.39,2647.86,134.514,1058.66,-2025.01,485.435,3088.29,-408.039,1755.96,-843.537,223.64,-979.537,157.066,-382.401,-1592.82,146.539,630.355,1663.4,390.568,-1767.98,-422.267,-1066.21,3073.98,426.967,1910.6,-1257.09,-400.344,-1141.72,499.265,-2604.22,-1076.11,-4120.46,-2216.12,-5824.17,-626.233,4606.2,242.817,3643.23,1542.24,2193.71,656.864,865.569,271.498,-601.193,3442.11,1343.81,-669.027,-589.169,-124.323,-568.395,1995.34,2199.27,3168.19,1360.03,-1589.59,215.181,-2315.43,-552.459,2949.46,968.289,-1405.52
-250354,0,1,0,1,1,250406,-0.384764,0.00591807,1.98251,0.65987,0.194549,-1.62464,-1.32884,-0.638008,0.776036,1.76188,-0.149657,0.116447,-1.54277,-0.0636614,0.2482,-1.00728,-1.59481,-1.01706,-0.127135,0.559175,1.40119,-1.61276,1.8305,-0.0898098,-1.26576,-1.76124,1.23195,-0.269686,1.22789,-1.59845,-1.56077,0.458786,1.996,-0.185011,-1.75004,1.38731,-0.797919,-1.56933,0.936032,-1.67351,1.35279,0.444837,1.42627,-1.3104,-0.0724454,0.89088,-0.393547,0.886616,0.0264761,-0.478673,-1.03596,0.226382,0.0675763,-1.26799,0.156639,-0.0321617,0.998724,0.212245,-0.63784,-0.775643,-0.788799,1.94885,1.21166,0.828242,-0.92643,-0.62419,-1.08532,0.0134659,-0.922084,-1.04397,-1.82062,-0.720654,-1.94471,-0.376988,1.76676,-0.594025,1.17955,0.313105,1.16384,0.0323358,0.112372,0.276904,0.173359,1.84303,0.871915,-1.30925,-0.819472,-0.271119,0.144731,1.18899,1.07535,1.68402,1.67163,-0.91779,-0.253471,-1.68299,-0.374937,1.42931,0.855572,-1.19532,1.00542,-0.58253,-0.757835,-0.980838,-0.788269,-0.775184,1.30701,-1.13572,-1.73806,0.790188,-1.33633,1.88652,0.286624,0.814914,-1.20169,-1.21859,-0.712242,-0.328781,0.402405,1.83047,-0.966414,-0.925153,-0.0312538,-0.18872,1.50283,1.66478,-0.352697,0.0790613,1.69067,1.37691,2.17871,-1.45207,-0.35036,-0.516243,-1.26076,0.378595,0.838792,0.681896,0.222171,0.7188,-0.462844,0.883978,-0.905607,-0.188214,-1.01877,0.168277,0.143101,0.891321,-0.279409,-1.49237,0.591128,2.41167,-0.169504,0.550743,0.982795,-0.453555,0.719202,-0.698768,-1.53668,-1.21182,-1.33885,-0.721755,1.26231,-0.384458,-2.07987,1.01579,-0.362263,0.77745,-0.310308,-0.725294,1.18018,-0.368912,-0.3492,0.324574,0.636683,0.0764349,0.520336,-1.06893,-0.116013,-1.24159,1.89996,-0.464081,-0.0464705,0.78152,-0.351339,-0.46489,-0.740755,0.828885,0.793671,-0.487875,-0.463012,1.96117,-1.57709,0.283842,2.12267,-0.635832,0.0879186,-0.689559,1.7606,0.391684,-547.184,-508.299,2761.5,815.011,520.894,-1882.04,-2005.36,-819.359,713.376,4167.89,684.524,-60.5022,-3825.74,-379.508,89.5438,-786.665,-2764.26,-1893.05,-1138.15,1330.48,3721.9,-4549.31,2287.66,267.703,-2638.59,-2872.07,3581.78,-691.08,1559.76,-2665.15,-3407.54,531.827,2745.55,-223.138,-3512.96,4957.76,-1430.38,-3610.6,1490.59,-2808.39,2647.86,134.514,1058.66,-2025.01,485.435,3088.29,-408.039,1755.96,-843.537,223.64,-979.537,157.066,-382.401,-1592.82,146.539,630.355,1663.4,390.568,-1767.98,-422.267,-1066.21,3073.98,426.967,1910.6,-1257.09,-400.344,-1141.72,499.265,-2604.22,-1076.11,-4120.46,-2216.12,-5824.17,-626.233,4606.2,242.817,3643.23,1542.24,2193.71,656.864,865.569,271.498,-601.193,3442.11,1343.81,-669.027,-589.169,-124.323,-568.395,1995.34,2199.27,3168.19,1360.03,-1589.59,215.181,-2315.43,-552.459,2949.46,968.289,-1405.52
-250354,0,1,0,1,1,250400,-0.384764,0.00591807,1.98251,0.65987,0.194549,-1.62464,-1.32884,-0.638008,0.776036,1.76188,-0.149657,0.116447,-1.54277,-0.0636614,0.2482,-1.00728,-1.59481,-1.01706,-0.127135,0.559175,1.40119,-1.61276,1.8305,-0.0898098,-1.26576,-1.76124,1.23195,-0.269686,1.22789,-1.59845,-1.56077,0.458786,1.996,-0.185011,-1.75004,1.38731,-0.797919,-1.56933,0.936032,-1.67351,1.35279,0.444837,1.42627,-1.3104,-0.0724454,0.89088,-0.393547,0.886616,0.0264761,-0.478673,-1.03596,0.226382,0.0675763,-1.26799,0.156639,-0.0321617,0.998724,0.212245,-0.63784,-0.775643,-0.788799,1.94885,1.21166,0.828242,-0.92643,-0.62419,-1.08532,0.0134659,-0.922084,-1.04397,-1.82062,-0.720654,-1.94471,-0.376988,1.76676,-0.594025,1.17955,0.313105,1.16384,0.0323358,0.112372,0.276904,0.173359,1.84303,0.871915,-1.30925,-0.819472,-0.271119,0.144731,1.18899,1.07535,1.68402,1.67163,-0.91779,-0.253471,-1.68299,-0.374937,1.42931,0.855572,-1.19532,0.397261,0.0768532,1.84006,0.000622756,1.13601,-0.0262261,0.949828,0.11004,0.362401,-1.05313,-0.389179,-1.60226,-0.498063,0.804642,0.745139,-1.04798,-1.08697,0.164623,-0.692698,1.37968,-0.366194,0.235208,-0.23272,-1.74479,2.35609,0.525669,-0.353832,-0.265892,-0.422726,0.810947,-0.667308,-0.303655,2.10209,-0.0905452,-0.943161,-0.145913,1.42777,-0.86444,-1.41768,-1.49089,1.72655,0.631128,1.05352,-0.185986,-2.76063,-0.00227626,0.53872,0.248961,-0.0127023,-0.357255,-1.9242,0.27782,-1.15729,1.69457,1.1936,-1.12487,0.20255,0.499378,-0.00785586,-0.238459,0.906904,-0.328767,0.328004,-0.282535,0.425126,0.547921,-0.579094,-0.0492711,-0.157131,-0.857791,-1.23977,0.636808,0.498302,-1.10196,-0.83436,0.723778,0.0749735,1.00561,-0.58108,0.886553,0.533704,0.145824,0.277158,-0.412257,0.314801,-0.25991,0.412098,0.387072,1.38152,0.707221,-1.98518,-0.533589,-3.12539,-0.265427,0.412423,-0.324742,0.907552,0.807907,0.157584,0.385597,-547.184,-508.299,2761.5,815.011,520.894,-1882.04,-2005.36,-819.359,713.376,4167.89,684.524,-60.5022,-3825.74,-379.508,89.5438,-786.665,-2764.26,-1893.05,-1138.15,1330.48,3721.9,-4549.31,2287.66,267.703,-2638.59,-2872.07,3581.78,-691.08,1559.76,-2665.15,-3407.54,531.827,2745.55,-223.138,-3512.96,4957.76,-1430.38,-3610.6,1490.59,-2808.39,2647.86,134.514,1058.66,-2025.01,485.435,3088.29,-408.039,1755.96,-843.537,223.64,-979.537,157.066,-382.401,-1592.82,146.539,630.355,1663.4,390.568,-1767.98,-422.267,-1066.21,3073.98,426.967,1910.6,-1257.09,-400.344,-1141.72,499.265,-2604.22,-1076.11,-4120.46,-2216.12,-5824.17,-626.233,4606.2,242.817,3643.23,1542.24,2193.71,656.864,865.569,271.498,-601.193,3442.11,1343.81,-669.027,-589.169,-124.323,-568.395,1995.34,2199.27,3168.19,1360.03,-1589.59,215.181,-2315.43,-552.459,2949.46,968.289,-1405.52
-250354,0,1,0,1,1,250406,-0.384764,0.00591807,1.98251,0.65987,0.194549,-1.62464,-1.32884,-0.638008,0.776036,1.76188,-0.149657,0.116447,-1.54277,-0.0636614,0.2482,-1.00728,-1.59481,-1.01706,-0.127135,0.559175,1.40119,-1.61276,1.8305,-0.0898098,-1.26576,-1.76124,1.23195,-0.269686,1.22789,-1.59845,-1.56077,0.458786,1.996,-0.185011,-1.75004,1.38731,-0.797919,-1.56933,0.936032,-1.67351,1.35279,0.444837,1.42627,-1.3104,-0.0724454,0.89088,-0.393547,0.886616,0.0264761,-0.478673,-1.03596,0.226382,0.0675763,-1.26799,0.156639,-0.0321617,0.998724,0.212245,-0.63784,-0.775643,-0.788799,1.94885,1.21166,0.828242,-0.92643,-0.62419,-1.08532,0.0134659,-0.922084,-1.04397,-1.82062,-0.720654,-1.94471,-0.376988,1.76676,-0.594025,1.17955,0.313105,1.16384,0.0323358,0.112372,0.276904,0.173359,1.84303,0.871915,-1.30925,-0.819472,-0.271119,0.144731,1.18899,1.07535,1.68402,1.67163,-0.91779,-0.253471,-1.68299,-0.374937,1.42931,0.855572,-1.19532,0.721049,-2.06947,0.840208,-0.968759,0.236538,0.40031,-0.380664,0.565674,-0.897622,0.681164,-0.521199,1.35512,0.0249324,-0.573328,-1.01163,1.06454,-0.765097,2.25662,-3.56644,0.695523,-0.217953,0.0914369,-0.314215,0.133904,-1.03763,-0.960321,-1.21999,-1.76728,-0.573078,-1.54885,-0.526646,0.182413,-0.479835,0.126245,0.552024,-0.464381,-0.490328,0.396314,-2.31345,0.818682,-1.30418,0.20526,-0.577407,-0.976439,-2.05942,0.769685,0.461573,0.284841,-0.573358,-0.45272,0.901873,-0.738301,1.21855,-0.246292,-0.641684,-0.619313,-0.298287,1.2263,-0.0481899,0.239586,0.641259,0.797842,-0.256532,0.382452,0.374193,-1.08031,0.449675,0.17016,-0.35581,0.18544,1.19331,0.134645,0.424413,0.481282,-0.458097,0.929075,-0.654739,2.21274,0.0514069,0.101368,-1.91521,-0.484039,1.14715,-1.48262,1.54339,-1.18465,-0.314303,1.60203,-0.968294,0.112373,1.84507,1.58723,0.649576,0.0350755,-0.0849978,0.942349,0.893487,0.764253,-1.01426,2.45988,-547.184,-508.299,2761.5,815.011,520.894,-1882.04,-2005.36,-819.359,713.376,4167.89,684.524,-60.5022,-3825.74,-379.508,89.5438,-786.665,-2764.26,-1893.05,-1138.15,1330.48,3721.9,-4549.31,2287.66,267.703,-2638.59,-2872.07,3581.78,-691.08,1559.76,-2665.15,-3407.54,531.827,2745.55,-223.138,-3512.96,4957.76,-1430.38,-3610.6,1490.59,-2808.39,2647.86,134.514,1058.66,-2025.01,485.435,3088.29,-408.039,1755.96,-843.537,223.64,-979.537,157.066,-382.401,-1592.82,146.539,630.355,1663.4,390.568,-1767.98,-422.267,-1066.21,3073.98,426.967,1910.6,-1257.09,-400.344,-1141.72,499.265,-2604.22,-1076.11,-4120.46,-2216.12,-5824.17,-626.233,4606.2,242.817,3643.23,1542.24,2193.71,656.864,865.569,271.498,-601.193,3442.11,1343.81,-669.027,-589.169,-124.323,-568.395,1995.34,2199.27,3168.19,1360.03,-1589.59,215.181,-2315.43,-552.459,2949.46,968.289,-1405.52
-250354,0,1,0,1,1,250396,-0.384764,0.00591807,1.98251,0.65987,0.194549,-1.62464,-1.32884,-0.638008,0.776036,1.76188,-0.149657,0.116447,-1.54277,-0.0636614,0.2482,-1.00728,-1.59481,-1.01706,-0.127135,0.559175,1.40119,-1.61276,1.8305,-0.0898098,-1.26576,-1.76124,1.23195,-0.269686,1.22789,-1.59845,-1.56077,0.458786,1.996,-0.185011,-1.75004,1.38731,-0.797919,-1.56933,0.936032,-1.67351,1.35279,0.444837,1.42627,-1.3104,-0.0724454,0.89088,-0.393547,0.886616,0.0264761,-0.478673,-1.03596,0.226382,0.0675763,-1.26799,0.156639,-0.0321617,0.998724,0.212245,-0.63784,-0.775643,-0.788799,1.94885,1.21166,0.828242,-0.92643,-0.62419,-1.08532,0.0134659,-0.922084,-1.04397,-1.82062,-0.720654,-1.94471,-0.376988,1.76676,-0.594025,1.17955,0.313105,1.16384,0.0323358,0.112372,0.276904,0.173359,1.84303,0.871915,-1.30925,-0.819472,-0.271119,0.144731,1.18899,1.07535,1.68402,1.67163,-0.91779,-0.253471,-1.68299,-0.374937,1.42931,0.855572,-1.19532,0.844736,0.654257,1.0425,0.849208,0.307942,0.190618,1.55232,0.890597,1.06004,1.46277,0.689974,-0.218105,0.487882,0.738479,-1.19855,0.268344,0.276853,-0.533319,-0.821336,1.00666,0.586685,0.151268,0.17531,0.588263,1.06192,0.128054,0.599033,0.421169,0.250179,0.869234,-1.31269,1.25257,2.07288,0.376676,-1.35205,-1.09207,-0.443515,-0.268377,-1.38668,0.359631,0.654324,-0.115246,0.296365,0.326585,0.166853,1.28562,1.0991,-1.73593,1.44481,0.496467,0.164714,0.0897568,-0.937713,-1.97118,-2.20723,-0.493653,0.948231,-0.607243,0.402499,0.503458,1.59799,-1.28957,1.84287,-0.357448,1.5656,1.29344,-1.98076,0.483073,-1.15397,-1.01247,0.950807,0.173064,0.192522,-0.940143,-0.2008,-0.517823,0.63945,0.831418,-0.304307,0.351687,0.0834705,0.753823,0.082886,-0.766443,-1.20348,-0.695151,0.625205,0.0626245,-0.666561,-0.122844,0.448761,-0.253588,0.941782,0.26988,0.216912,0.544065,-0.625392,0.443742,-1.02009,-1.68543,-547.184,-508.299,2761.5,815.011,520.894,-1882.04,-2005.36,-819.359,713.376,4167.89,684.524,-60.5022,-3825.74,-379.508,89.5438,-786.665,-2764.26,-1893.05,-1138.15,1330.48,3721.9,-4549.31,2287.66,267.703,-2638.59,-2872.07,3581.78,-691.08,1559.76,-2665.15,-3407.54,531.827,2745.55,-223.138,-3512.96,4957.76,-1430.38,-3610.6,1490.59,-2808.39,2647.86,134.514,1058.66,-2025.01,485.435,3088.29,-408.039,1755.96,-843.537,223.64,-979.537,157.066,-382.401,-1592.82,146.539,630.355,1663.4,390.568,-1767.98,-422.267,-1066.21,3073.98,426.967,1910.6,-1257.09,-400.344,-1141.72,499.265,-2604.22,-1076.11,-4120.46,-2216.12,-5824.17,-626.233,4606.2,242.817,3643.23,1542.24,2193.71,656.864,865.569,271.498,-601.193,3442.11,1343.81,-669.027,-589.169,-124.323,-568.395,1995.34,2199.27,3168.19,1360.03,-1589.59,215.181,-2315.43,-552.459,2949.46,968.289,-1405.52
-250354,0,1,0,1,1,250405,-0.384764,0.00591807,1.98251,0.65987,0.194549,-1.62464,-1.32884,-0.638008,0.776036,1.76188,-0.149657,0.116447,-1.54277,-0.0636614,0.2482,-1.00728,-1.59481,-1.01706,-0.127135,0.559175,1.40119,-1.61276,1.8305,-0.0898098,-1.26576,-1.76124,1.23195,-0.269686,1.22789,-1.59845,-1.56077,0.458786,1.996,-0.185011,-1.75004,1.38731,-0.797919,-1.56933,0.936032,-1.67351,1.35279,0.444837,1.42627,-1.3104,-0.0724454,0.89088,-0.393547,0.886616,0.0264761,-0.478673,-1.03596,0.226382,0.0675763,-1.26799,0.156639,-0.0321617,0.998724,0.212245,-0.63784,-0.775643,-0.788799,1.94885,1.21166,0.828242,-0.92643,-0.62419,-1.08532,0.0134659,-0.922084,-1.04397,-1.82062,-0.720654,-1.94471,-0.376988,1.76676,-0.594025,1.17955,0.313105,1.16384,0.0323358,0.112372,0.276904,0.173359,1.84303,0.871915,-1.30925,-0.819472,-0.271119,0.144731,1.18899,1.07535,1.68402,1.67163,-0.91779,-0.253471,-1.68299,-0.374937,1.42931,0.855572,-1.19532,1.73433,-0.861175,-1.0349,0.14355,-0.0278214,-0.147116,-0.0761347,-0.0484392,-2.37902,0.0593531,1.40986,1.35034,-0.0413203,0.141526,0.78919,0.843467,-0.135359,-1.47239,0.607566,-0.39451,-0.700826,0.14042,1.55666,1.00403,-0.593906,0.433405,-0.65927,-0.0774666,0.113603,-1.15501,0.330493,0.431992,0.645872,-0.00613549,0.378523,-0.0105788,-0.118268,0.34355,-0.316201,1.53903,-0.0231212,1.12574,2.0056,0.446314,2.42322,-1.80258,-2.02845,0.0506223,0.82675,-0.632758,2.19858,-0.025221,-1.93792,1.13845,1.36231,1.66948,0.0429279,-1.57377,1.05582,0.0889151,-0.013376,0.14544,-0.313575,0.678385,1.15689,-0.589607,-0.991842,0.467699,-2.52627,-1.27162,-1.70439,-0.18051,-0.221794,-0.826132,1.01946,0.204209,-0.132779,-2.40478,0.274657,-0.074077,0.0902557,0.823505,0.376438,-0.214166,-0.116786,0.801248,1.10915,0.0603164,-1.05315,1.55213,0.2038,-0.535324,0.0267592,0.641058,-0.0379436,-0.672112,0.680778,2.11975,0.0424786,0.589743,-547.184,-508.299,2761.5,815.011,520.894,-1882.04,-2005.36,-819.359,713.376,4167.89,684.524,-60.5022,-3825.74,-379.508,89.5438,-786.665,-2764.26,-1893.05,-1138.15,1330.48,3721.9,-4549.31,2287.66,267.703,-2638.59,-2872.07,3581.78,-691.08,1559.76,-2665.15,-3407.54,531.827,2745.55,-223.138,-3512.96,4957.76,-1430.38,-3610.6,1490.59,-2808.39,2647.86,134.514,1058.66,-2025.01,485.435,3088.29,-408.039,1755.96,-843.537,223.64,-979.537,157.066,-382.401,-1592.82,146.539,630.355,1663.4,390.568,-1767.98,-422.267,-1066.21,3073.98,426.967,1910.6,-1257.09,-400.344,-1141.72,499.265,-2604.22,-1076.11,-4120.46,-2216.12,-5824.17,-626.233,4606.2,242.817,3643.23,1542.24,2193.71,656.864,865.569,271.498,-601.193,3442.11,1343.81,-669.027,-589.169,-124.323,-568.395,1995.34,2199.27,3168.19,1360.03,-1589.59,215.181,-2315.43,-552.459,2949.46,968.289,-1405.52
-250354,0,1,0,1,1,250404,-0.384764,0.00591807,1.98251,0.65987,0.194549,-1.62464,-1.32884,-0.638008,0.776036,1.76188,-0.149657,0.116447,-1.54277,-0.0636614,0.2482,-1.00728,-1.59481,-1.01706,-0.127135,0.559175,1.40119,-1.61276,1.8305,-0.0898098,-1.26576,-1.76124,1.23195,-0.269686,1.22789,-1.59845,-1.56077,0.458786,1.996,-0.185011,-1.75004,1.38731,-0.797919,-1.56933,0.936032,-1.67351,1.35279,0.444837,1.42627,-1.3104,-0.0724454,0.89088,-0.393547,0.886616,0.0264761,-0.478673,-1.03596,0.226382,0.0675763,-1.26799,0.156639,-0.0321617,0.998724,0.212245,-0.63784,-0.775643,-0.788799,1.94885,1.21166,0.828242,-0.92643,-0.62419,-1.08532,0.0134659,-0.922084,-1.04397,-1.82062,-0.720654,-1.94471,-0.376988,1.76676,-0.594025,1.17955,0.313105,1.16384,0.0323358,0.112372,0.276904,0.173359,1.84303,0.871915,-1.30925,-0.819472,-0.271119,0.144731,1.18899,1.07535,1.68402,1.67163,-0.91779,-0.253471,-1.68299,-0.374937,1.42931,0.855572,-1.19532,0.889684,-0.0156528,-0.567424,-0.516199,-2.27422,-0.249097,0.0288096,-0.239384,-0.0767095,1.14519,0.861809,-0.332522,-0.922277,0.664619,-0.0027346,-0.37177,-1.42515,0.708057,-0.997985,-0.755052,1.6297,-0.799092,-0.677372,0.255615,-1.04299,0.15707,1.91569,0.653332,-1.19239,-1.28079,-0.114822,0.249477,-0.764169,1.48987,0.864411,0.199179,0.868001,-0.188968,0.375762,-0.920678,0.727404,-0.340993,-0.674493,-0.813023,0.238192,-1.28199,0.682429,1.50632,0.2883,-1.93291,-0.786501,0.198849,2.12179,0.0323664,0.916113,0.176897,0.226888,-0.745256,1.38557,-0.888212,-0.736392,-0.537817,0.354126,-2.22479,0.688733,-0.583652,-0.846259,-0.935513,-0.658175,-0.513113,0.205215,-0.615732,-2.33142,-0.733615,-1.13936,-1.31118,-0.819058,-0.18847,-1.3388,2.63264,-1.29974,1.24813,-0.567764,-0.607026,1.01718,0.547841,0.622906,-0.218718,-0.387971,1.43196,0.329349,-1.25811,-0.881149,1.47106,-0.578534,-1.50881,-1.85304,-0.82257,-0.596772,-0.680555,-547.184,-508.299,2761.5,815.011,520.894,-1882.04,-2005.36,-819.359,713.376,4167.89,684.524,-60.5022,-3825.74,-379.508,89.5438,-786.665,-2764.26,-1893.05,-1138.15,1330.48,3721.9,-4549.31,2287.66,267.703,-2638.59,-2872.07,3581.78,-691.08,1559.76,-2665.15,-3407.54,531.827,2745.55,-223.138,-3512.96,4957.76,-1430.38,-3610.6,1490.59,-2808.39,2647.86,134.514,1058.66,-2025.01,485.435,3088.29,-408.039,1755.96,-843.537,223.64,-979.537,157.066,-382.401,-1592.82,146.539,630.355,1663.4,390.568,-1767.98,-422.267,-1066.21,3073.98,426.967,1910.6,-1257.09,-400.344,-1141.72,499.265,-2604.22,-1076.11,-4120.46,-2216.12,-5824.17,-626.233,4606.2,242.817,3643.23,1542.24,2193.71,656.864,865.569,271.498,-601.193,3442.11,1343.81,-669.027,-589.169,-124.323,-568.395,1995.34,2199.27,3168.19,1360.03,-1589.59,215.181,-2315.43,-552.459,2949.46,968.289,-1405.52
-250354,0,1,0,1,1,250413,-0.384764,0.00591807,1.98251,0.65987,0.194549,-1.62464,-1.32884,-0.638008,0.776036,1.76188,-0.149657,0.116447,-1.54277,-0.0636614,0.2482,-1.00728,-1.59481,-1.01706,-0.127135,0.559175,1.40119,-1.61276,1.8305,-0.0898098,-1.26576,-1.76124,1.23195,-0.269686,1.22789,-1.59845,-1.56077,0.458786,1.996,-0.185011,-1.75004,1.38731,-0.797919,-1.56933,0.936032,-1.67351,1.35279,0.444837,1.42627,-1.3104,-0.0724454,0.89088,-0.393547,0.886616,0.0264761,-0.478673,-1.03596,0.226382,0.0675763,-1.26799,0.156639,-0.0321617,0.998724,0.212245,-0.63784,-0.775643,-0.788799,1.94885,1.21166,0.828242,-0.92643,-0.62419,-1.08532,0.0134659,-0.922084,-1.04397,-1.82062,-0.720654,-1.94471,-0.376988,1.76676,-0.594025,1.17955,0.313105,1.16384,0.0323358,0.112372,0.276904,0.173359,1.84303,0.871915,-1.30925,-0.819472,-0.271119,0.144731,1.18899,1.07535,1.68402,1.67163,-0.91779,-0.253471,-1.68299,-0.374937,1.42931,0.855572,-1.19532,-0.707076,-0.750514,-1.63775,0.565802,1.58419,1.07108,-1.68843,-0.0266597,0.00289471,-0.290165,-1.66207,-1.09132,-0.869641,1.32009,0.0251653,0.0766681,-2.93138,1.01958,0.571101,0.965677,-0.258556,-0.706552,-1.18174,1.91588,-1.48276,0.709198,-1.7269,-1.95171,0.835056,-2.60934,1.1922,-1.58813,1.06967,-1.11961,-1.95219,1.01878,0.83458,-1.15051,-0.971209,0.831986,-1.11566,0.456765,-1.06875,-1.03885,1.06088,0.334407,1.52193,-0.866918,-1.04133,-0.337984,-1.22035,-0.71589,0.874464,-1.05197,-0.483738,0.254572,-0.928325,-1.1046,-1.76711,0.421369,0.395847,1.51244,-0.505677,-0.407296,0.684106,0.704238,-1.85691,-0.0609861,0.41016,0.618502,-0.468657,-0.0280739,0.516954,-0.0269497,0.416247,0.474811,0.978054,0.546757,0.736013,-0.194525,1.85601,-0.471433,0.696772,2.5626,1.64587,-0.0288674,-0.278709,1.11686,0.151762,-0.636064,-1.09122,1.2446,-0.863979,0.633984,-0.884092,-0.256612,0.259466,0.909806,1.32124,0.930398,-547.184,-508.299,2761.5,815.011,520.894,-1882.04,-2005.36,-819.359,713.376,4167.89,684.524,-60.5022,-3825.74,-379.508,89.5438,-786.665,-2764.26,-1893.05,-1138.15,1330.48,3721.9,-4549.31,2287.66,267.703,-2638.59,-2872.07,3581.78,-691.08,1559.76,-2665.15,-3407.54,531.827,2745.55,-223.138,-3512.96,4957.76,-1430.38,-3610.6,1490.59,-2808.39,2647.86,134.514,1058.66,-2025.01,485.435,3088.29,-408.039,1755.96,-843.537,223.64,-979.537,157.066,-382.401,-1592.82,146.539,630.355,1663.4,390.568,-1767.98,-422.267,-1066.21,3073.98,426.967,1910.6,-1257.09,-400.344,-1141.72,499.265,-2604.22,-1076.11,-4120.46,-2216.12,-5824.17,-626.233,4606.2,242.817,3643.23,1542.24,2193.71,656.864,865.569,271.498,-601.193,3442.11,1343.81,-669.027,-589.169,-124.323,-568.395,1995.34,2199.27,3168.19,1360.03,-1589.59,215.181,-2315.43,-552.459,2949.46,968.289,-1405.52
-250354,0,1,0,1,1,250413,-0.384764,0.00591807,1.98251,0.65987,0.194549,-1.62464,-1.32884,-0.638008,0.776036,1.76188,-0.149657,0.116447,-1.54277,-0.0636614,0.2482,-1.00728,-1.59481,-1.01706,-0.127135,0.559175,1.40119,-1.61276,1.8305,-0.0898098,-1.26576,-1.76124,1.23195,-0.269686,1.22789,-1.59845,-1.56077,0.458786,1.996,-0.185011,-1.75004,1.38731,-0.797919,-1.56933,0.936032,-1.67351,1.35279,0.444837,1.42627,-1.3104,-0.0724454,0.89088,-0.393547,0.886616,0.0264761,-0.478673,-1.03596,0.226382,0.0675763,-1.26799,0.156639,-0.0321617,0.998724,0.212245,-0.63784,-0.775643,-0.788799,1.94885,1.21166,0.828242,-0.92643,-0.62419,-1.08532,0.0134659,-0.922084,-1.04397,-1.82062,-0.720654,-1.94471,-0.376988,1.76676,-0.594025,1.17955,0.313105,1.16384,0.0323358,0.112372,0.276904,0.173359,1.84303,0.871915,-1.30925,-0.819472,-0.271119,0.144731,1.18899,1.07535,1.68402,1.67163,-0.91779,-0.253471,-1.68299,-0.374937,1.42931,0.855572,-1.19532,-0.12056,0.128876,0.348788,-0.22508,-0.545139,0.589344,0.475617,0.478546,-0.998181,-0.556261,0.385297,0.916083,1.71606,1.09384,0.268734,-1.05843,0.57894,-0.589562,0.61593,-0.330131,1.33714,0.257781,0.623522,0.615943,1.60563,1.28817,0.188105,-0.808995,-0.98654,-0.512152,-0.425505,-1.37225,0.134474,0.8087,-0.882332,-0.422398,1.41823,0.710179,0.100116,0.249136,0.738729,-1.99004,0.664714,1.24776,1.89317,-2.22299,0.119139,-0.41467,0.704665,-1.43297,1.27789,0.314546,-0.237898,0.18147,-1.58845,1.33455,0.613056,-0.197758,-0.475208,-0.821045,0.204245,0.163782,0.864296,0.334774,0.922566,0.172154,1.75815,1.84466,-1.57995,-0.798448,0.861719,0.0592624,-0.643792,-0.855202,-0.0293155,3.00527,-0.819585,0.464841,0.0602649,0.442377,-0.735309,1.81941,0.326423,-0.211989,1.12506,0.000212446,0.838329,-1.79368,-0.610676,0.313019,2.6788,0.304202,-0.292592,-1.84615,1.36024,2.22054,-1.51259,-1.18762,-2.00122,-2.97667,-547.184,-508.299,2761.5,815.011,520.894,-1882.04,-2005.36,-819.359,713.376,4167.89,684.524,-60.5022,-3825.74,-379.508,89.5438,-786.665,-2764.26,-1893.05,-1138.15,1330.48,3721.9,-4549.31,2287.66,267.703,-2638.59,-2872.07,3581.78,-691.08,1559.76,-2665.15,-3407.54,531.827,2745.55,-223.138,-3512.96,4957.76,-1430.38,-3610.6,1490.59,-2808.39,2647.86,134.514,1058.66,-2025.01,485.435,3088.29,-408.039,1755.96,-843.537,223.64,-979.537,157.066,-382.401,-1592.82,146.539,630.355,1663.4,390.568,-1767.98,-422.267,-1066.21,3073.98,426.967,1910.6,-1257.09,-400.344,-1141.72,499.265,-2604.22,-1076.11,-4120.46,-2216.12,-5824.17,-626.233,4606.2,242.817,3643.23,1542.24,2193.71,656.864,865.569,271.498,-601.193,3442.11,1343.81,-669.027,-589.169,-124.323,-568.395,1995.34,2199.27,3168.19,1360.03,-1589.59,215.181,-2315.43,-552.459,2949.46,968.289,-1405.52
-250354,0,1,0,1,1,250396,-0.384764,0.00591807,1.98251,0.65987,0.194549,-1.62464,-1.32884,-0.638008,0.776036,1.76188,-0.149657,0.116447,-1.54277,-0.0636614,0.2482,-1.00728,-1.59481,-1.01706,-0.127135,0.559175,1.40119,-1.61276,1.8305,-0.0898098,-1.26576,-1.76124,1.23195,-0.269686,1.22789,-1.59845,-1.56077,0.458786,1.996,-0.185011,-1.75004,1.38731,-0.797919,-1.56933,0.936032,-1.67351,1.35279,0.444837,1.42627,-1.3104,-0.0724454,0.89088,-0.393547,0.886616,0.0264761,-0.478673,-1.03596,0.226382,0.0675763,-1.26799,0.156639,-0.0321617,0.998724,0.212245,-0.63784,-0.775643,-0.788799,1.94885,1.21166,0.828242,-0.92643,-0.62419,-1.08532,0.0134659,-0.922084,-1.04397,-1.82062,-0.720654,-1.94471,-0.376988,1.76676,-0.594025,1.17955,0.313105,1.16384,0.0323358,0.112372,0.276904,0.173359,1.84303,0.871915,-1.30925,-0.819472,-0.271119,0.144731,1.18899,1.07535,1.68402,1.67163,-0.91779,-0.253471,-1.68299,-0.374937,1.42931,0.855572,-1.19532,-0.883157,-0.363701,1.6659,-0.718787,-0.224034,-1.9814,0.463456,0.732868,0.188446,-0.815766,0.63262,0.0261249,0.0307883,0.136609,-0.673274,0.452561,1.18828,0.174636,-0.928367,0.623893,-2.15381,1.08958,1.22991,-1.29409,0.831746,1.68371,0.184638,-0.855071,-0.331944,1.19183,-0.791867,-0.0321543,0.403786,0.584343,0.396989,1.23044,-1.28858,-1.0858,0.374983,1.07005,-0.04555,-0.186269,-0.308714,1.15308,-1.78668,-0.900846,0.104851,0.532736,0.606694,0.498898,-0.0276361,-1.35565,1.17967,0.128345,0.296891,0.647696,1.04004,0.511646,2.09178,-0.0427594,-1.30406,-0.0309692,-1.09283,-0.823341,1.07764,-1.37312,0.124721,-0.380648,0.480855,-0.923087,-0.777225,-0.0176539,-1.76298,-4.59035e-05,2.61662,0.649996,0.125555,0.9546,-0.387133,-1.06161,-0.176923,0.986448,0.749955,-1.3167,1.47882,0.513082,-0.15409,-0.0361892,-1.09787,-0.192505,0.740373,-1.09297,-0.105145,0.192257,-0.283042,-0.27973,0.548793,-0.611979,0.702968,0.95185,-547.184,-508.299,2761.5,815.011,520.894,-1882.04,-2005.36,-819.359,713.376,4167.89,684.524,-60.5022,-3825.74,-379.508,89.5438,-786.665,-2764.26,-1893.05,-1138.15,1330.48,3721.9,-4549.31,2287.66,267.703,-2638.59,-2872.07,3581.78,-691.08,1559.76,-2665.15,-3407.54,531.827,2745.55,-223.138,-3512.96,4957.76,-1430.38,-3610.6,1490.59,-2808.39,2647.86,134.514,1058.66,-2025.01,485.435,3088.29,-408.039,1755.96,-843.537,223.64,-979.537,157.066,-382.401,-1592.82,146.539,630.355,1663.4,390.568,-1767.98,-422.267,-1066.21,3073.98,426.967,1910.6,-1257.09,-400.344,-1141.72,499.265,-2604.22,-1076.11,-4120.46,-2216.12,-5824.17,-626.233,4606.2,242.817,3643.23,1542.24,2193.71,656.864,865.569,271.498,-601.193,3442.11,1343.81,-669.027,-589.169,-124.323,-568.395,1995.34,2199.27,3168.19,1360.03,-1589.59,215.181,-2315.43,-552.459,2949.46,968.289,-1405.52
-250354,0,1,0,1,1,250411,-0.384764,0.00591807,1.98251,0.65987,0.194549,-1.62464,-1.32884,-0.638008,0.776036,1.76188,-0.149657,0.116447,-1.54277,-0.0636614,0.2482,-1.00728,-1.59481,-1.01706,-0.127135,0.559175,1.40119,-1.61276,1.8305,-0.0898098,-1.26576,-1.76124,1.23195,-0.269686,1.22789,-1.59845,-1.56077,0.458786,1.996,-0.185011,-1.75004,1.38731,-0.797919,-1.56933,0.936032,-1.67351,1.35279,0.444837,1.42627,-1.3104,-0.0724454,0.89088,-0.393547,0.886616,0.0264761,-0.478673,-1.03596,0.226382,0.0675763,-1.26799,0.156639,-0.0321617,0.998724,0.212245,-0.63784,-0.775643,-0.788799,1.94885,1.21166,0.828242,-0.92643,-0.62419,-1.08532,0.0134659,-0.922084,-1.04397,-1.82062,-0.720654,-1.94471,-0.376988,1.76676,-0.594025,1.17955,0.313105,1.16384,0.0323358,0.112372,0.276904,0.173359,1.84303,0.871915,-1.30925,-0.819472,-0.271119,0.144731,1.18899,1.07535,1.68402,1.67163,-0.91779,-0.253471,-1.68299,-0.374937,1.42931,0.855572,-1.19532,1.33401,0.243843,0.446903,-2.63004,-0.633563,0.225442,0.178577,0.628213,1.60682,-0.472469,0.461745,1.24209,0.0912322,0.728631,0.250316,0.68358,0.683784,1.66815,-2.31113,0.972273,-2.50496,0.652441,1.40114,-1.18328,-1.76719,-0.24586,2.08907,1.18735,-1.81993,0.608096,0.588345,0.231377,0.696969,1.25299,-0.254048,-0.917884,-0.0666557,1.10406,-1.84335,1.02499,-2.12904,0.463767,0.409912,1.43984,-0.41707,-1.79488,-0.762115,2.33031,-1.1949,-2.91872,-0.177829,0.400065,0.581603,0.464704,-0.307782,0.237636,0.221687,1.79501,0.728343,0.590825,-1.11237,-0.0107222,1.08954,0.119752,0.0885884,-1.95695,-0.762878,-0.73254,0.645218,0.931955,-0.219028,-0.533879,0.487301,0.412126,0.0371354,-0.725455,-1.21333,0.832182,-0.0627129,-1.17891,-0.82179,-0.969398,0.0849029,-0.259232,0.0128604,-1.03549,0.198781,-0.241898,0.376151,0.589987,0.462737,-0.311659,-1.53207,-1.34968,0.241768,-1.23671,0.74857,-0.0496464,-1.15592,-0.825774,-547.184,-508.299,2761.5,815.011,520.894,-1882.04,-2005.36,-819.359,713.376,4167.89,684.524,-60.5022,-3825.74,-379.508,89.5438,-786.665,-2764.26,-1893.05,-1138.15,1330.48,3721.9,-4549.31,2287.66,267.703,-2638.59,-2872.07,3581.78,-691.08,1559.76,-2665.15,-3407.54,531.827,2745.55,-223.138,-3512.96,4957.76,-1430.38,-3610.6,1490.59,-2808.39,2647.86,134.514,1058.66,-2025.01,485.435,3088.29,-408.039,1755.96,-843.537,223.64,-979.537,157.066,-382.401,-1592.82,146.539,630.355,1663.4,390.568,-1767.98,-422.267,-1066.21,3073.98,426.967,1910.6,-1257.09,-400.344,-1141.72,499.265,-2604.22,-1076.11,-4120.46,-2216.12,-5824.17,-626.233,4606.2,242.817,3643.23,1542.24,2193.71,656.864,865.569,271.498,-601.193,3442.11,1343.81,-669.027,-589.169,-124.323,-568.395,1995.34,2199.27,3168.19,1360.03,-1589.59,215.181,-2315.43,-552.459,2949.46,968.289,-1405.52
-250354,0,1,0,1,1,250403,-0.384764,0.00591807,1.98251,0.65987,0.194549,-1.62464,-1.32884,-0.638008,0.776036,1.76188,-0.149657,0.116447,-1.54277,-0.0636614,0.2482,-1.00728,-1.59481,-1.01706,-0.127135,0.559175,1.40119,-1.61276,1.8305,-0.0898098,-1.26576,-1.76124,1.23195,-0.269686,1.22789,-1.59845,-1.56077,0.458786,1.996,-0.185011,-1.75004,1.38731,-0.797919,-1.56933,0.936032,-1.67351,1.35279,0.444837,1.42627,-1.3104,-0.0724454,0.89088,-0.393547,0.886616,0.0264761,-0.478673,-1.03596,0.226382,0.0675763,-1.26799,0.156639,-0.0321617,0.998724,0.212245,-0.63784,-0.775643,-0.788799,1.94885,1.21166,0.828242,-0.92643,-0.62419,-1.08532,0.0134659,-0.922084,-1.04397,-1.82062,-0.720654,-1.94471,-0.376988,1.76676,-0.594025,1.17955,0.313105,1.16384,0.0323358,0.112372,0.276904,0.173359,1.84303,0.871915,-1.30925,-0.819472,-0.271119,0.144731,1.18899,1.07535,1.68402,1.67163,-0.91779,-0.253471,-1.68299,-0.374937,1.42931,0.855572,-1.19532,0.0989963,0.379453,-1.19307,-0.18472,-0.973162,-1.70219,1.04985,0.505994,2.07728,0.71308,-1.50298,0.0842131,1.38659,-0.756777,0.309919,0.354287,-0.558615,0.175658,1.45172,0.793771,-0.611933,-1.46078,0.219994,-1.44833,1.92363,2.73915,1.86132,0.345245,0.346075,1.31642,-0.712681,0.703265,-0.240066,-0.043087,0.606911,-0.859131,-0.730398,0.868023,0.573956,-0.94124,1.41516,1.37853,0.276176,-0.308173,0.779716,-0.0294825,-0.475195,0.805538,1.68498,-1.96303,0.106323,-0.0663213,1.37364,1.58183,0.378857,0.729165,-0.793254,-0.186433,-0.730992,1.22885,-0.0487963,-0.234858,0.966423,0.973577,1.51546,-1.70849,-1.09158,0.187899,1.65231,1.45908,-2.09334,-0.767546,-0.0277955,-0.165801,-0.282735,0.836771,0.335297,-0.460052,-1.36288,-0.282895,0.666548,-0.782301,-1.04641,1.83767,0.297863,-1.03986,0.489249,0.283948,0.147074,0.805396,0.966998,-0.402986,0.797644,-0.208617,0.375391,0.0320656,-0.416883,1.33898,-0.381094,0.277705,-547.184,-508.299,2761.5,815.011,520.894,-1882.04,-2005.36,-819.359,713.376,4167.89,684.524,-60.5022,-3825.74,-379.508,89.5438,-786.665,-2764.26,-1893.05,-1138.15,1330.48,3721.9,-4549.31,2287.66,267.703,-2638.59,-2872.07,3581.78,-691.08,1559.76,-2665.15,-3407.54,531.827,2745.55,-223.138,-3512.96,4957.76,-1430.38,-3610.6,1490.59,-2808.39,2647.86,134.514,1058.66,-2025.01,485.435,3088.29,-408.039,1755.96,-843.537,223.64,-979.537,157.066,-382.401,-1592.82,146.539,630.355,1663.4,390.568,-1767.98,-422.267,-1066.21,3073.98,426.967,1910.6,-1257.09,-400.344,-1141.72,499.265,-2604.22,-1076.11,-4120.46,-2216.12,-5824.17,-626.233,4606.2,242.817,3643.23,1542.24,2193.71,656.864,865.569,271.498,-601.193,3442.11,1343.81,-669.027,-589.169,-124.323,-568.395,1995.34,2199.27,3168.19,1360.03,-1589.59,215.181,-2315.43,-552.459,2949.46,968.289,-1405.52
-250354,0,1,0,1,1,250407,-0.384764,0.00591807,1.98251,0.65987,0.194549,-1.62464,-1.32884,-0.638008,0.776036,1.76188,-0.149657,0.116447,-1.54277,-0.0636614,0.2482,-1.00728,-1.59481,-1.01706,-0.127135,0.559175,1.40119,-1.61276,1.8305,-0.0898098,-1.26576,-1.76124,1.23195,-0.269686,1.22789,-1.59845,-1.56077,0.458786,1.996,-0.185011,-1.75004,1.38731,-0.797919,-1.56933,0.936032,-1.67351,1.35279,0.444837,1.42627,-1.3104,-0.0724454,0.89088,-0.393547,0.886616,0.0264761,-0.478673,-1.03596,0.226382,0.0675763,-1.26799,0.156639,-0.0321617,0.998724,0.212245,-0.63784,-0.775643,-0.788799,1.94885,1.21166,0.828242,-0.92643,-0.62419,-1.08532,0.0134659,-0.922084,-1.04397,-1.82062,-0.720654,-1.94471,-0.376988,1.76676,-0.594025,1.17955,0.313105,1.16384,0.0323358,0.112372,0.276904,0.173359,1.84303,0.871915,-1.30925,-0.819472,-0.271119,0.144731,1.18899,1.07535,1.68402,1.67163,-0.91779,-0.253471,-1.68299,-0.374937,1.42931,0.855572,-1.19532,-1.15104,1.94995,-1.4542,-0.907395,1.12618,1.00656,0.638155,0.15827,0.544705,-0.894911,-0.620889,-1.20364,-1.3607,1.34308,-0.885087,-0.112605,-0.317172,-0.598661,-1.51048,0.207304,0.244002,0.182154,0.20307,-0.384695,-0.548051,1.18627,-0.745962,-1.55886,-1.65961,0.857492,0.102292,1.02258,-0.67283,-1.25517,-0.551516,2.23773,0.0945478,1.13041,1.3095,0.155481,0.33388,-0.722565,-2.21738,1.16625,0.468132,1.72694,-0.97838,0.889351,1.57593,0.694607,-1.99988,-0.584761,0.775915,-0.115284,-0.829745,-0.468713,-2.42141,-2.72791,0.317511,1.27901,-0.160513,2.18658,0.145225,0.284905,-0.259809,-0.689506,0.0285957,-0.562692,1.98738,0.231854,-0.798833,1.21845,0.432397,-0.146866,-0.728823,0.0860191,0.134252,-0.698485,0.240736,-0.00133579,0.618299,-0.607704,0.747833,0.356973,0.909568,-1.18304,0.635999,-0.316578,1.22996,1.94976,0.335778,0.910099,-1.09234,-0.283314,-1.39596,0.286173,-0.339492,0.753302,-0.777354,1.27132,-547.184,-508.299,2761.5,815.011,520.894,-1882.04,-2005.36,-819.359,713.376,4167.89,684.524,-60.5022,-3825.74,-379.508,89.5438,-786.665,-2764.26,-1893.05,-1138.15,1330.48,3721.9,-4549.31,2287.66,267.703,-2638.59,-2872.07,3581.78,-691.08,1559.76,-2665.15,-3407.54,531.827,2745.55,-223.138,-3512.96,4957.76,-1430.38,-3610.6,1490.59,-2808.39,2647.86,134.514,1058.66,-2025.01,485.435,3088.29,-408.039,1755.96,-843.537,223.64,-979.537,157.066,-382.401,-1592.82,146.539,630.355,1663.4,390.568,-1767.98,-422.267,-1066.21,3073.98,426.967,1910.6,-1257.09,-400.344,-1141.72,499.265,-2604.22,-1076.11,-4120.46,-2216.12,-5824.17,-626.233,4606.2,242.817,3643.23,1542.24,2193.71,656.864,865.569,271.498,-601.193,3442.11,1343.81,-669.027,-589.169,-124.323,-568.395,1995.34,2199.27,3168.19,1360.03,-1589.59,215.181,-2315.43,-552.459,2949.46,968.289,-1405.52
-250354,0,1,0,1,1,250397,-0.384764,0.00591807,1.98251,0.65987,0.194549,-1.62464,-1.32884,-0.638008,0.776036,1.76188,-0.149657,0.116447,-1.54277,-0.0636614,0.2482,-1.00728,-1.59481,-1.01706,-0.127135,0.559175,1.40119,-1.61276,1.8305,-0.0898098,-1.26576,-1.76124,1.23195,-0.269686,1.22789,-1.59845,-1.56077,0.458786,1.996,-0.185011,-1.75004,1.38731,-0.797919,-1.56933,0.936032,-1.67351,1.35279,0.444837,1.42627,-1.3104,-0.0724454,0.89088,-0.393547,0.886616,0.0264761,-0.478673,-1.03596,0.226382,0.0675763,-1.26799,0.156639,-0.0321617,0.998724,0.212245,-0.63784,-0.775643,-0.788799,1.94885,1.21166,0.828242,-0.92643,-0.62419,-1.08532,0.0134659,-0.922084,-1.04397,-1.82062,-0.720654,-1.94471,-0.376988,1.76676,-0.594025,1.17955,0.313105,1.16384,0.0323358,0.112372,0.276904,0.173359,1.84303,0.871915,-1.30925,-0.819472,-0.271119,0.144731,1.18899,1.07535,1.68402,1.67163,-0.91779,-0.253471,-1.68299,-0.374937,1.42931,0.855572,-1.19532,-0.337161,0.606922,0.253265,-0.932751,-0.321799,-0.477054,0.595007,-1.37981,-0.286753,2.10747,1.09012,-0.229091,0.257543,-1.01005,2.35433,-0.541112,0.258386,0.258897,1.08011,2.44699,-0.534586,-1.75822,0.330183,0.980031,-0.793916,-0.0941904,0.225033,0.529629,1.04553,0.04202,-0.499711,-0.68647,0.807319,-0.626301,2.24244,1.67374,0.499221,0.0803927,-0.549969,0.783258,-1.42333,-0.187448,1.27696,-0.42624,-0.460757,1.23045,1.22853,0.503397,0.773594,0.616694,0.0477439,-1.04029,-0.885747,-0.945938,0.019607,-1.61964,0.672831,0.331157,-0.97684,0.337539,0.324031,1.37906,0.822785,-1.62216,-1.19676,-0.759951,0.494454,-0.374013,0.0352129,-0.160102,-0.719169,0.587361,0.107987,1.41377,0.308762,1.42564,-0.997282,-0.403067,-0.193804,-0.083782,0.0470696,0.31334,0.393711,0.973407,0.755986,0.723133,0.323386,2.52126,1.69385,1.09019,0.105012,-0.641707,-0.305264,0.605908,0.582223,-0.330488,0.677082,-0.43135,-0.434386,0.342593,-547.184,-508.299,2761.5,815.011,520.894,-1882.04,-2005.36,-819.359,713.376,4167.89,684.524,-60.5022,-3825.74,-379.508,89.5438,-786.665,-2764.26,-1893.05,-1138.15,1330.48,3721.9,-4549.31,2287.66,267.703,-2638.59,-2872.07,3581.78,-691.08,1559.76,-2665.15,-3407.54,531.827,2745.55,-223.138,-3512.96,4957.76,-1430.38,-3610.6,1490.59,-2808.39,2647.86,134.514,1058.66,-2025.01,485.435,3088.29,-408.039,1755.96,-843.537,223.64,-979.537,157.066,-382.401,-1592.82,146.539,630.355,1663.4,390.568,-1767.98,-422.267,-1066.21,3073.98,426.967,1910.6,-1257.09,-400.344,-1141.72,499.265,-2604.22,-1076.11,-4120.46,-2216.12,-5824.17,-626.233,4606.2,242.817,3643.23,1542.24,2193.71,656.864,865.569,271.498,-601.193,3442.11,1343.81,-669.027,-589.169,-124.323,-568.395,1995.34,2199.27,3168.19,1360.03,-1589.59,215.181,-2315.43,-552.459,2949.46,968.289,-1405.52
-250354,0,1,0,1,1,250397,-0.384764,0.00591807,1.98251,0.65987,0.194549,-1.62464,-1.32884,-0.638008,0.776036,1.76188,-0.149657,0.116447,-1.54277,-0.0636614,0.2482,-1.00728,-1.59481,-1.01706,-0.127135,0.559175,1.40119,-1.61276,1.8305,-0.0898098,-1.26576,-1.76124,1.23195,-0.269686,1.22789,-1.59845,-1.56077,0.458786,1.996,-0.185011,-1.75004,1.38731,-0.797919,-1.56933,0.936032,-1.67351,1.35279,0.444837,1.42627,-1.3104,-0.0724454,0.89088,-0.393547,0.886616,0.0264761,-0.478673,-1.03596,0.226382,0.0675763,-1.26799,0.156639,-0.0321617,0.998724,0.212245,-0.63784,-0.775643,-0.788799,1.94885,1.21166,0.828242,-0.92643,-0.62419,-1.08532,0.0134659,-0.922084,-1.04397,-1.82062,-0.720654,-1.94471,-0.376988,1.76676,-0.594025,1.17955,0.313105,1.16384,0.0323358,0.112372,0.276904,0.173359,1.84303,0.871915,-1.30925,-0.819472,-0.271119,0.144731,1.18899,1.07535,1.68402,1.67163,-0.91779,-0.253471,-1.68299,-0.374937,1.42931,0.855572,-1.19532,-0.109669,0.968696,-0.832445,-2.46814,0.442002,0.642909,1.3397,0.332925,-0.965822,-0.016781,1.7126,-0.426567,0.593235,-0.212904,1.30928,-0.186313,1.02563,-0.0253237,0.404913,-1.03898,-0.443349,-0.687514,-1.21421,-1.46864,0.0691804,-0.138605,0.491403,0.230241,0.464183,0.131591,-1.42622,-0.317908,-0.974789,0.821343,1.35519,-1.04856,-0.869552,-0.736094,0.925267,-0.177714,0.714172,-0.238032,-0.132555,-0.541594,0.320156,-0.0131423,-1.21575,1.34688,0.0611797,0.346827,-0.523275,1.65645,-0.582676,1.03202,1.05149,0.288045,-0.452243,0.876601,1.10474,0.900074,1.06404,-0.58917,0.85853,3.19489,-0.564208,-0.598444,-0.860424,-0.829821,-0.103228,-0.0292523,0.095407,0.0398543,0.319791,1.138,0.994108,0.988988,-0.266581,1.45932,-0.168831,-2.32127,0.566201,0.0186059,1.46373,0.186248,-0.439219,-1.17002,-0.967715,-0.648145,-0.114818,1.0502,-0.726694,-0.205257,0.440813,-0.775155,0.911169,0.354282,1.38026,1.87122,0.495086,0.455405,-547.184,-508.299,2761.5,815.011,520.894,-1882.04,-2005.36,-819.359,713.376,4167.89,684.524,-60.5022,-3825.74,-379.508,89.5438,-786.665,-2764.26,-1893.05,-1138.15,1330.48,3721.9,-4549.31,2287.66,267.703,-2638.59,-2872.07,3581.78,-691.08,1559.76,-2665.15,-3407.54,531.827,2745.55,-223.138,-3512.96,4957.76,-1430.38,-3610.6,1490.59,-2808.39,2647.86,134.514,1058.66,-2025.01,485.435,3088.29,-408.039,1755.96,-843.537,223.64,-979.537,157.066,-382.401,-1592.82,146.539,630.355,1663.4,390.568,-1767.98,-422.267,-1066.21,3073.98,426.967,1910.6,-1257.09,-400.344,-1141.72,499.265,-2604.22,-1076.11,-4120.46,-2216.12,-5824.17,-626.233,4606.2,242.817,3643.23,1542.24,2193.71,656.864,865.569,271.498,-601.193,3442.11,1343.81,-669.027,-589.169,-124.323,-568.395,1995.34,2199.27,3168.19,1360.03,-1589.59,215.181,-2315.43,-552.459,2949.46,968.289,-1405.52
-250354,0,1,0,1,1,250412,-0.384764,0.00591807,1.98251,0.65987,0.194549,-1.62464,-1.32884,-0.638008,0.776036,1.76188,-0.149657,0.116447,-1.54277,-0.0636614,0.2482,-1.00728,-1.59481,-1.01706,-0.127135,0.559175,1.40119,-1.61276,1.8305,-0.0898098,-1.26576,-1.76124,1.23195,-0.269686,1.22789,-1.59845,-1.56077,0.458786,1.996,-0.185011,-1.75004,1.38731,-0.797919,-1.56933,0.936032,-1.67351,1.35279,0.444837,1.42627,-1.3104,-0.0724454,0.89088,-0.393547,0.886616,0.0264761,-0.478673,-1.03596,0.226382,0.0675763,-1.26799,0.156639,-0.0321617,0.998724,0.212245,-0.63784,-0.775643,-0.788799,1.94885,1.21166,0.828242,-0.92643,-0.62419,-1.08532,0.0134659,-0.922084,-1.04397,-1.82062,-0.720654,-1.94471,-0.376988,1.76676,-0.594025,1.17955,0.313105,1.16384,0.0323358,0.112372,0.276904,0.173359,1.84303,0.871915,-1.30925,-0.819472,-0.271119,0.144731,1.18899,1.07535,1.68402,1.67163,-0.91779,-0.253471,-1.68299,-0.374937,1.42931,0.855572,-1.19532,-0.860987,1.72254,-0.37553,-1.09882,0.263221,0.334872,-0.865341,-0.905307,-0.843845,1.04353,-0.487194,0.318511,-2.25231,-0.616328,-0.71368,1.00791,1.05731,-0.185168,0.235835,-1.18126,0.0101239,-0.134752,0.234199,2.40642,0.562892,-2.40018,-1.04098,0.705812,-0.325041,0.943643,-1.13186,0.78762,0.73,-0.302014,1.45702,-0.282989,1.18897,-0.931219,-0.667438,-0.738089,-1.74227,1.00926,-0.685704,0.561218,-1.54724,0.157623,0.172402,1.30335,-0.25034,-0.715784,0.681982,0.131404,-0.702546,0.0294404,-0.722796,-2.18124,-1.38508,-1.17657,-0.425451,-0.604823,0.525215,-0.447893,-0.764111,-0.0398626,-1.70679,-0.27383,1.48926,-1.74686,-1.31796,2.28087,0.100952,0.105836,1.55711,-0.690844,0.582733,-1.5339,0.186336,-0.0568593,1.12096,-1.52134,0.659511,2.02271,0.00222782,-1.19262,1.50579,-0.956202,-1.43078,-2.68584,-1.25128,-0.945828,0.303171,-1.76034,0.0872043,0.162823,-0.231846,-1.81659,0.874667,-0.699741,0.865955,-0.62355,-547.184,-508.299,2761.5,815.011,520.894,-1882.04,-2005.36,-819.359,713.376,4167.89,684.524,-60.5022,-3825.74,-379.508,89.5438,-786.665,-2764.26,-1893.05,-1138.15,1330.48,3721.9,-4549.31,2287.66,267.703,-2638.59,-2872.07,3581.78,-691.08,1559.76,-2665.15,-3407.54,531.827,2745.55,-223.138,-3512.96,4957.76,-1430.38,-3610.6,1490.59,-2808.39,2647.86,134.514,1058.66,-2025.01,485.435,3088.29,-408.039,1755.96,-843.537,223.64,-979.537,157.066,-382.401,-1592.82,146.539,630.355,1663.4,390.568,-1767.98,-422.267,-1066.21,3073.98,426.967,1910.6,-1257.09,-400.344,-1141.72,499.265,-2604.22,-1076.11,-4120.46,-2216.12,-5824.17,-626.233,4606.2,242.817,3643.23,1542.24,2193.71,656.864,865.569,271.498,-601.193,3442.11,1343.81,-669.027,-589.169,-124.323,-568.395,1995.34,2199.27,3168.19,1360.03,-1589.59,215.181,-2315.43,-552.459,2949.46,968.289,-1405.52
-250354,0,1,0,1,1,250407,-0.384764,0.00591807,1.98251,0.65987,0.194549,-1.62464,-1.32884,-0.638008,0.776036,1.76188,-0.149657,0.116447,-1.54277,-0.0636614,0.2482,-1.00728,-1.59481,-1.01706,-0.127135,0.559175,1.40119,-1.61276,1.8305,-0.0898098,-1.26576,-1.76124,1.23195,-0.269686,1.22789,-1.59845,-1.56077,0.458786,1.996,-0.185011,-1.75004,1.38731,-0.797919,-1.56933,0.936032,-1.67351,1.35279,0.444837,1.42627,-1.3104,-0.0724454,0.89088,-0.393547,0.886616,0.0264761,-0.478673,-1.03596,0.226382,0.0675763,-1.26799,0.156639,-0.0321617,0.998724,0.212245,-0.63784,-0.775643,-0.788799,1.94885,1.21166,0.828242,-0.92643,-0.62419,-1.08532,0.0134659,-0.922084,-1.04397,-1.82062,-0.720654,-1.94471,-0.376988,1.76676,-0.594025,1.17955,0.313105,1.16384,0.0323358,0.112372,0.276904,0.173359,1.84303,0.871915,-1.30925,-0.819472,-0.271119,0.144731,1.18899,1.07535,1.68402,1.67163,-0.91779,-0.253471,-1.68299,-0.374937,1.42931,0.855572,-1.19532,-0.0285134,1.51508,-1.07424,-0.603706,0.288694,-0.482306,1.91973,0.236271,-0.842467,0.339931,-1.70249,-1.8656,-0.559588,-1.49042,0.937275,0.914548,2.0738,-0.0587451,-2.03563,-1.26149,1.07832,1.21305,0.364724,-0.649105,-1.28037,-0.258031,-0.275683,-2.04502,0.0245085,0.156525,-0.0884566,0.154986,-0.224267,-0.947205,0.759702,0.479446,-1.3592,0.262384,0.208665,-0.182307,0.090235,-0.664618,0.314692,1.27548,0.323297,-1.61016,-0.23041,0.225939,-1.8254,-0.534423,-0.392808,-0.604943,0.172844,0.897825,1.23493,-0.359309,0.646077,0.0115077,2.01662,0.668322,-0.295409,1.20192,-1.18668,-1.48353,-2.06143,0.389852,0.0113971,1.08727,-0.549072,0.942524,-0.722744,-1.31054,2.62351,-1.04909,-0.657449,-0.0826562,-0.481707,0.959121,-0.27491,-0.879893,1.52725,1.33988,1.67015,0.487446,0.0971748,0.97161,0.333348,0.698016,-1.56731,-1.86529,1.14664,-0.162782,0.608625,-0.371456,0.320005,0.239673,1.44132,1.04778,1.2597,-0.251935,-547.184,-508.299,2761.5,815.011,520.894,-1882.04,-2005.36,-819.359,713.376,4167.89,684.524,-60.5022,-3825.74,-379.508,89.5438,-786.665,-2764.26,-1893.05,-1138.15,1330.48,3721.9,-4549.31,2287.66,267.703,-2638.59,-2872.07,3581.78,-691.08,1559.76,-2665.15,-3407.54,531.827,2745.55,-223.138,-3512.96,4957.76,-1430.38,-3610.6,1490.59,-2808.39,2647.86,134.514,1058.66,-2025.01,485.435,3088.29,-408.039,1755.96,-843.537,223.64,-979.537,157.066,-382.401,-1592.82,146.539,630.355,1663.4,390.568,-1767.98,-422.267,-1066.21,3073.98,426.967,1910.6,-1257.09,-400.344,-1141.72,499.265,-2604.22,-1076.11,-4120.46,-2216.12,-5824.17,-626.233,4606.2,242.817,3643.23,1542.24,2193.71,656.864,865.569,271.498,-601.193,3442.11,1343.81,-669.027,-589.169,-124.323,-568.395,1995.34,2199.27,3168.19,1360.03,-1589.59,215.181,-2315.43,-552.459,2949.46,968.289,-1405.52
-250354,0,1,0,1,1,250413,-0.384764,0.00591807,1.98251,0.65987,0.194549,-1.62464,-1.32884,-0.638008,0.776036,1.76188,-0.149657,0.116447,-1.54277,-0.0636614,0.2482,-1.00728,-1.59481,-1.01706,-0.127135,0.559175,1.40119,-1.61276,1.8305,-0.0898098,-1.26576,-1.76124,1.23195,-0.269686,1.22789,-1.59845,-1.56077,0.458786,1.996,-0.185011,-1.75004,1.38731,-0.797919,-1.56933,0.936032,-1.67351,1.35279,0.444837,1.42627,-1.3104,-0.0724454,0.89088,-0.393547,0.886616,0.0264761,-0.478673,-1.03596,0.226382,0.0675763,-1.26799,0.156639,-0.0321617,0.998724,0.212245,-0.63784,-0.775643,-0.788799,1.94885,1.21166,0.828242,-0.92643,-0.62419,-1.08532,0.0134659,-0.922084,-1.04397,-1.82062,-0.720654,-1.94471,-0.376988,1.76676,-0.594025,1.17955,0.313105,1.16384,0.0323358,0.112372,0.276904,0.173359,1.84303,0.871915,-1.30925,-0.819472,-0.271119,0.144731,1.18899,1.07535,1.68402,1.67163,-0.91779,-0.253471,-1.68299,-0.374937,1.42931,0.855572,-1.19532,0.927466,0.576808,-1.70309,0.722417,-0.589316,-0.415904,-0.903519,0.337336,1.44064,-0.51933,-3.08252,0.227099,-0.747727,-1.12308,-0.0543104,-1.41283,-1.17057,-0.172495,1.33929,-0.425971,0.294885,0.06521,-1.6896,0.737347,-0.518529,3.7358,-0.899275,-0.0165146,-0.46518,0.706449,-0.192932,0.735375,0.698554,-0.339055,0.67467,1.30819,1.59285,1.36489,-1.71483,0.431027,-0.40033,0.395049,-0.906584,-0.51665,-0.770804,1.46871,-1.89184,0.950288,0.617844,1.25924,1.13841,-1.23016,-0.0308217,1.02247,1.29776,1.35347,-1.87839,0.401399,-0.101865,-0.221329,1.75146,-0.341319,-0.631312,0.372199,-1.14174,-0.148256,1.31315,-0.683946,-0.00352088,0.46173,1.45845,0.142088,-0.245421,2.11246,0.5466,-0.473646,-0.303526,0.27001,-0.0149013,1.50161,2.29748,1.20147,-0.0546037,-0.443864,0.669247,-0.804464,1.85635,-0.979203,0.840043,2.00196,-0.507906,0.502335,-1.06241,-0.0499561,-0.407249,0.993185,0.75216,0.911275,-0.367659,-1.20451,-547.184,-508.299,2761.5,815.011,520.894,-1882.04,-2005.36,-819.359,713.376,4167.89,684.524,-60.5022,-3825.74,-379.508,89.5438,-786.665,-2764.26,-1893.05,-1138.15,1330.48,3721.9,-4549.31,2287.66,267.703,-2638.59,-2872.07,3581.78,-691.08,1559.76,-2665.15,-3407.54,531.827,2745.55,-223.138,-3512.96,4957.76,-1430.38,-3610.6,1490.59,-2808.39,2647.86,134.514,1058.66,-2025.01,485.435,3088.29,-408.039,1755.96,-843.537,223.64,-979.537,157.066,-382.401,-1592.82,146.539,630.355,1663.4,390.568,-1767.98,-422.267,-1066.21,3073.98,426.967,1910.6,-1257.09,-400.344,-1141.72,499.265,-2604.22,-1076.11,-4120.46,-2216.12,-5824.17,-626.233,4606.2,242.817,3643.23,1542.24,2193.71,656.864,865.569,271.498,-601.193,3442.11,1343.81,-669.027,-589.169,-124.323,-568.395,1995.34,2199.27,3168.19,1360.03,-1589.59,215.181,-2315.43,-552.459,2949.46,968.289,-1405.52
-250354,0,1,0,1,1,250404,-0.384764,0.00591807,1.98251,0.65987,0.194549,-1.62464,-1.32884,-0.638008,0.776036,1.76188,-0.149657,0.116447,-1.54277,-0.0636614,0.2482,-1.00728,-1.59481,-1.01706,-0.127135,0.559175,1.40119,-1.61276,1.8305,-0.0898098,-1.26576,-1.76124,1.23195,-0.269686,1.22789,-1.59845,-1.56077,0.458786,1.996,-0.185011,-1.75004,1.38731,-0.797919,-1.56933,0.936032,-1.67351,1.35279,0.444837,1.42627,-1.3104,-0.0724454,0.89088,-0.393547,0.886616,0.0264761,-0.478673,-1.03596,0.226382,0.0675763,-1.26799,0.156639,-0.0321617,0.998724,0.212245,-0.63784,-0.775643,-0.788799,1.94885,1.21166,0.828242,-0.92643,-0.62419,-1.08532,0.0134659,-0.922084,-1.04397,-1.82062,-0.720654,-1.94471,-0.376988,1.76676,-0.594025,1.17955,0.313105,1.16384,0.0323358,0.112372,0.276904,0.173359,1.84303,0.871915,-1.30925,-0.819472,-0.271119,0.144731,1.18899,1.07535,1.68402,1.67163,-0.91779,-0.253471,-1.68299,-0.374937,1.42931,0.855572,-1.19532,-1.28959,-1.59286,-0.537852,-0.230973,0.412244,-0.421949,-1.20983,-0.141704,-0.632716,0.821,0.86,0.938968,0.734868,0.081565,-0.858849,-0.660568,-0.862347,1.39354,-0.0818169,0.191087,-1.65931,1.44118,2.06502,-1.24511,-0.267576,-1.10484,-0.746257,-1.58428,-0.153931,-1.29845,0.339764,1.55553,-1.05142,-0.559865,2.32102,-1.26722,-0.666663,-0.633422,-0.399471,-0.245487,-0.318577,-0.379296,-0.818357,-0.509508,0.685449,0.133252,-0.0429308,1.009,0.434947,0.984051,0.0767873,0.205486,-0.248034,1.67071,-1.04589,-0.911683,-0.3627,2.38676,-1.42162,-0.347232,-3.01507,1.98862,-0.431948,0.242554,1.35218,-0.544328,0.862319,-0.39641,0.629144,0.24119,-2.03583,0.300286,0.209438,-1.02185,0.570054,-1.63111,-0.835983,0.851491,-0.302027,0.265043,2.4678,0.466776,1.77735,0.927479,0.144882,-0.204902,-0.51194,0.504101,1.0541,-0.0524938,-0.397392,0.374633,0.392321,0.086725,0.277187,-0.261957,0.773552,-0.284689,0.135945,-0.292729,-547.184,-508.299,2761.5,815.011,520.894,-1882.04,-2005.36,-819.359,713.376,4167.89,684.524,-60.5022,-3825.74,-379.508,89.5438,-786.665,-2764.26,-1893.05,-1138.15,1330.48,3721.9,-4549.31,2287.66,267.703,-2638.59,-2872.07,3581.78,-691.08,1559.76,-2665.15,-3407.54,531.827,2745.55,-223.138,-3512.96,4957.76,-1430.38,-3610.6,1490.59,-2808.39,2647.86,134.514,1058.66,-2025.01,485.435,3088.29,-408.039,1755.96,-843.537,223.64,-979.537,157.066,-382.401,-1592.82,146.539,630.355,1663.4,390.568,-1767.98,-422.267,-1066.21,3073.98,426.967,1910.6,-1257.09,-400.344,-1141.72,499.265,-2604.22,-1076.11,-4120.46,-2216.12,-5824.17,-626.233,4606.2,242.817,3643.23,1542.24,2193.71,656.864,865.569,271.498,-601.193,3442.11,1343.81,-669.027,-589.169,-124.323,-568.395,1995.34,2199.27,3168.19,1360.03,-1589.59,215.181,-2315.43,-552.459,2949.46,968.289,-1405.52
-250354,0,1,0,1,1,250392,-0.384764,0.00591807,1.98251,0.65987,0.194549,-1.62464,-1.32884,-0.638008,0.776036,1.76188,-0.149657,0.116447,-1.54277,-0.0636614,0.2482,-1.00728,-1.59481,-1.01706,-0.127135,0.559175,1.40119,-1.61276,1.8305,-0.0898098,-1.26576,-1.76124,1.23195,-0.269686,1.22789,-1.59845,-1.56077,0.458786,1.996,-0.185011,-1.75004,1.38731,-0.797919,-1.56933,0.936032,-1.67351,1.35279,0.444837,1.42627,-1.3104,-0.0724454,0.89088,-0.393547,0.886616,0.0264761,-0.478673,-1.03596,0.226382,0.0675763,-1.26799,0.156639,-0.0321617,0.998724,0.212245,-0.63784,-0.775643,-0.788799,1.94885,1.21166,0.828242,-0.92643,-0.62419,-1.08532,0.0134659,-0.922084,-1.04397,-1.82062,-0.720654,-1.94471,-0.376988,1.76676,-0.594025,1.17955,0.313105,1.16384,0.0323358,0.112372,0.276904,0.173359,1.84303,0.871915,-1.30925,-0.819472,-0.271119,0.144731,1.18899,1.07535,1.68402,1.67163,-0.91779,-0.253471,-1.68299,-0.374937,1.42931,0.855572,-1.19532,-0.33655,0.0203294,-0.0448588,0.85843,1.10979,-1.02127,0.456479,0.444706,-0.350544,0.394204,-2.27646,1.71049,0.432071,0.357267,0.845552,-1.05678,0.482109,0.608313,-0.596808,0.418366,0.874587,-0.915915,-0.606289,0.335827,-0.399814,0.995726,1.00991,0.14913,0.0325873,-0.16013,0.744991,0.189391,0.0443961,-0.627687,-0.43948,1.14588,0.708019,1.89127,0.762872,-1.67581,-0.0843004,-0.879334,0.0358869,0.951865,-0.676116,-0.878758,-0.181516,-0.255435,-0.230945,0.110444,1.70164,0.324178,-0.836165,0.304795,0.579489,1.9219,0.0856995,-0.361473,-0.0346927,0.344477,1.16386,-0.432287,0.0733999,-0.341088,0.820074,0.137229,-1.3904,2.20999,0.432536,-0.383616,1.62933,0.245363,0.587063,-0.955018,0.976459,1.00827,0.055763,0.30373,-1.77277,-1.04856,1.18157,0.140202,0.095728,0.324169,2.27771,0.58053,1.13912,0.252202,-0.126788,-0.413011,1.84843,-0.451911,-0.223289,-1.0603,-0.0982763,0.247376,0.327262,-0.273006,-0.944201,-0.664898,-547.184,-508.299,2761.5,815.011,520.894,-1882.04,-2005.36,-819.359,713.376,4167.89,684.524,-60.5022,-3825.74,-379.508,89.5438,-786.665,-2764.26,-1893.05,-1138.15,1330.48,3721.9,-4549.31,2287.66,267.703,-2638.59,-2872.07,3581.78,-691.08,1559.76,-2665.15,-3407.54,531.827,2745.55,-223.138,-3512.96,4957.76,-1430.38,-3610.6,1490.59,-2808.39,2647.86,134.514,1058.66,-2025.01,485.435,3088.29,-408.039,1755.96,-843.537,223.64,-979.537,157.066,-382.401,-1592.82,146.539,630.355,1663.4,390.568,-1767.98,-422.267,-1066.21,3073.98,426.967,1910.6,-1257.09,-400.344,-1141.72,499.265,-2604.22,-1076.11,-4120.46,-2216.12,-5824.17,-626.233,4606.2,242.817,3643.23,1542.24,2193.71,656.864,865.569,271.498,-601.193,3442.11,1343.81,-669.027,-589.169,-124.323,-568.395,1995.34,2199.27,3168.19,1360.03,-1589.59,215.181,-2315.43,-552.459,2949.46,968.289,-1405.52
-250354,0,1,0,1,1,250413,-0.384764,0.00591807,1.98251,0.65987,0.194549,-1.62464,-1.32884,-0.638008,0.776036,1.76188,-0.149657,0.116447,-1.54277,-0.0636614,0.2482,-1.00728,-1.59481,-1.01706,-0.127135,0.559175,1.40119,-1.61276,1.8305,-0.0898098,-1.26576,-1.76124,1.23195,-0.269686,1.22789,-1.59845,-1.56077,0.458786,1.996,-0.185011,-1.75004,1.38731,-0.797919,-1.56933,0.936032,-1.67351,1.35279,0.444837,1.42627,-1.3104,-0.0724454,0.89088,-0.393547,0.886616,0.0264761,-0.478673,-1.03596,0.226382,0.0675763,-1.26799,0.156639,-0.0321617,0.998724,0.212245,-0.63784,-0.775643,-0.788799,1.94885,1.21166,0.828242,-0.92643,-0.62419,-1.08532,0.0134659,-0.922084,-1.04397,-1.82062,-0.720654,-1.94471,-0.376988,1.76676,-0.594025,1.17955,0.313105,1.16384,0.0323358,0.112372,0.276904,0.173359,1.84303,0.871915,-1.30925,-0.819472,-0.271119,0.144731,1.18899,1.07535,1.68402,1.67163,-0.91779,-0.253471,-1.68299,-0.374937,1.42931,0.855572,-1.19532,-0.0628207,-1.04503,-3.32613,1.77697,1.00014,0.837825,2.15324,-1.22288,-3.0086,1.08066,0.0297153,0.588139,-0.431745,-0.0991379,1.10189,-0.421756,-0.401752,-0.890333,0.742149,0.130742,-0.909124,0.692065,-1.95637,0.147977,-0.0728273,0.00699718,0.228149,-0.945274,-0.549961,-0.098196,-0.867671,-0.00248871,0.0419442,-1.41883,-1.39134,-0.2605,1.13115,-0.756081,-0.89679,-0.591568,0.00443554,0.710125,0.642825,-1.22874,-1.93353,-0.721032,0.302994,0.599142,-0.495164,-0.146808,-1.92678,-0.19677,-0.474411,0.568806,2.33662,-1.4878,-0.260978,-1.44136,-0.340475,-0.318223,0.112001,0.991487,1.6097,2.40483,0.948848,0.12041,0.136001,-0.187792,-2.01099,0.927149,1.62195,1.10396,2.55537,-0.489931,-1.1045,-1.03644,0.19524,0.219567,0.372834,-1.19954,-0.415485,-0.918662,-0.804385,-0.686468,-0.596838,0.938553,-0.8172,1.55197,-0.265895,-1.01195,1.15783,1.11206,-0.825418,-0.81965,-0.22664,-0.694031,1.71836,-0.951846,-0.157616,-0.0508459,-547.184,-508.299,2761.5,815.011,520.894,-1882.04,-2005.36,-819.359,713.376,4167.89,684.524,-60.5022,-3825.74,-379.508,89.5438,-786.665,-2764.26,-1893.05,-1138.15,1330.48,3721.9,-4549.31,2287.66,267.703,-2638.59,-2872.07,3581.78,-691.08,1559.76,-2665.15,-3407.54,531.827,2745.55,-223.138,-3512.96,4957.76,-1430.38,-3610.6,1490.59,-2808.39,2647.86,134.514,1058.66,-2025.01,485.435,3088.29,-408.039,1755.96,-843.537,223.64,-979.537,157.066,-382.401,-1592.82,146.539,630.355,1663.4,390.568,-1767.98,-422.267,-1066.21,3073.98,426.967,1910.6,-1257.09,-400.344,-1141.72,499.265,-2604.22,-1076.11,-4120.46,-2216.12,-5824.17,-626.233,4606.2,242.817,3643.23,1542.24,2193.71,656.864,865.569,271.498,-601.193,3442.11,1343.81,-669.027,-589.169,-124.323,-568.395,1995.34,2199.27,3168.19,1360.03,-1589.59,215.181,-2315.43,-552.459,2949.46,968.289,-1405.52
-250354,0,1,0,1,1,250406,-0.384764,0.00591807,1.98251,0.65987,0.194549,-1.62464,-1.32884,-0.638008,0.776036,1.76188,-0.149657,0.116447,-1.54277,-0.0636614,0.2482,-1.00728,-1.59481,-1.01706,-0.127135,0.559175,1.40119,-1.61276,1.8305,-0.0898098,-1.26576,-1.76124,1.23195,-0.269686,1.22789,-1.59845,-1.56077,0.458786,1.996,-0.185011,-1.75004,1.38731,-0.797919,-1.56933,0.936032,-1.67351,1.35279,0.444837,1.42627,-1.3104,-0.0724454,0.89088,-0.393547,0.886616,0.0264761,-0.478673,-1.03596,0.226382,0.0675763,-1.26799,0.156639,-0.0321617,0.998724,0.212245,-0.63784,-0.775643,-0.788799,1.94885,1.21166,0.828242,-0.92643,-0.62419,-1.08532,0.0134659,-0.922084,-1.04397,-1.82062,-0.720654,-1.94471,-0.376988,1.76676,-0.594025,1.17955,0.313105,1.16384,0.0323358,0.112372,0.276904,0.173359,1.84303,0.871915,-1.30925,-0.819472,-0.271119,0.144731,1.18899,1.07535,1.68402,1.67163,-0.91779,-0.253471,-1.68299,-0.374937,1.42931,0.855572,-1.19532,1.4716,0.680977,-0.451224,0.0675739,0.362414,0.588795,-0.931071,-1.33769,1.34882,-0.55585,-0.204685,0.42319,0.866106,-2.15755,-0.922165,1.26698,2.31192,-0.874004,1.33751,-1.65926,1.69411,0.577535,-0.260531,-0.496421,0.146079,0.686569,0.177448,2.31218,-1.54496,-2.21568,1.71189,-1.00052,-1.398,0.156912,-0.0188098,-0.0469579,-1.07367,1.30111,-0.894546,-0.526494,0.0978357,0.604186,0.786113,0.496197,-0.873459,-1.1458,2.20011,-1.68652,0.458332,-0.448572,1.45296,-1.99161,-0.0942625,-0.801182,0.952523,-0.098837,0.321882,-0.968862,0.543792,1.30553,0.114924,-0.0545274,0.286339,1.50877,1.16771,0.690604,-0.33155,-0.551454,-0.184958,1.30128,0.525246,0.510141,-0.861423,-0.00296776,-0.425231,-0.298335,0.221478,0.51614,-0.0428788,0.549829,0.397498,-0.799956,0.176399,1.55281,-1.31612,-0.416735,-0.762016,-0.0489003,1.98828,-0.298615,-0.00533178,0.0594444,1.24321,-0.912634,-0.451892,0.689236,-0.34913,-0.2605,-2.47509,0.620363,-547.184,-508.299,2761.5,815.011,520.894,-1882.04,-2005.36,-819.359,713.376,4167.89,684.524,-60.5022,-3825.74,-379.508,89.5438,-786.665,-2764.26,-1893.05,-1138.15,1330.48,3721.9,-4549.31,2287.66,267.703,-2638.59,-2872.07,3581.78,-691.08,1559.76,-2665.15,-3407.54,531.827,2745.55,-223.138,-3512.96,4957.76,-1430.38,-3610.6,1490.59,-2808.39,2647.86,134.514,1058.66,-2025.01,485.435,3088.29,-408.039,1755.96,-843.537,223.64,-979.537,157.066,-382.401,-1592.82,146.539,630.355,1663.4,390.568,-1767.98,-422.267,-1066.21,3073.98,426.967,1910.6,-1257.09,-400.344,-1141.72,499.265,-2604.22,-1076.11,-4120.46,-2216.12,-5824.17,-626.233,4606.2,242.817,3643.23,1542.24,2193.71,656.864,865.569,271.498,-601.193,3442.11,1343.81,-669.027,-589.169,-124.323,-568.395,1995.34,2199.27,3168.19,1360.03,-1589.59,215.181,-2315.43,-552.459,2949.46,968.289,-1405.52
-250354,0,1,0,1,1,250411,-0.384764,0.00591807,1.98251,0.65987,0.194549,-1.62464,-1.32884,-0.638008,0.776036,1.76188,-0.149657,0.116447,-1.54277,-0.0636614,0.2482,-1.00728,-1.59481,-1.01706,-0.127135,0.559175,1.40119,-1.61276,1.8305,-0.0898098,-1.26576,-1.76124,1.23195,-0.269686,1.22789,-1.59845,-1.56077,0.458786,1.996,-0.185011,-1.75004,1.38731,-0.797919,-1.56933,0.936032,-1.67351,1.35279,0.444837,1.42627,-1.3104,-0.0724454,0.89088,-0.393547,0.886616,0.0264761,-0.478673,-1.03596,0.226382,0.0675763,-1.26799,0.156639,-0.0321617,0.998724,0.212245,-0.63784,-0.775643,-0.788799,1.94885,1.21166,0.828242,-0.92643,-0.62419,-1.08532,0.0134659,-0.922084,-1.04397,-1.82062,-0.720654,-1.94471,-0.376988,1.76676,-0.594025,1.17955,0.313105,1.16384,0.0323358,0.112372,0.276904,0.173359,1.84303,0.871915,-1.30925,-0.819472,-0.271119,0.144731,1.18899,1.07535,1.68402,1.67163,-0.91779,-0.253471,-1.68299,-0.374937,1.42931,0.855572,-1.19532,-1.55935,0.987316,1.72024,-1.61037,-1.84783,0.0679596,1.95955,-0.280466,-0.025707,-0.410494,0.158433,-0.198587,1.25584,-1.26874,-0.464357,0.639288,1.83016,-0.45549,-0.36639,1.8242,0.975267,0.91283,-0.512303,-2.47134,-0.714975,-0.312451,0.836558,1.26181,-0.604159,1.7227,0.368817,-0.641568,-1.13073,-1.96142,1.0149,-3.01143,-2.09325,0.545634,-1.22334,-0.905749,1.44471,0.822406,0.0713753,-0.664241,0.738345,0.595105,0.31861,0.135779,-0.766838,1.28494,-1.28698,0.450502,1.05879,0.734622,0.32714,-0.667971,0.198247,0.932448,-0.228418,-0.27814,1.02109,-1.81845,-0.910633,1.6185,0.290193,1.13035,-0.974438,-1.87521,-1.19981,0.376247,-2.0162,-0.497486,0.471657,-0.376321,0.44624,-0.21685,0.124199,1.95012,0.33652,0.16184,0.737677,0.378663,0.125555,0.654933,-0.105644,0.15827,0.736266,0.513117,-1.26646,-2.17322,0.23742,1.22567,0.763262,0.215279,-1.29639,-0.361681,-0.832895,0.174651,-0.861725,0.683179,-547.184,-508.299,2761.5,815.011,520.894,-1882.04,-2005.36,-819.359,713.376,4167.89,684.524,-60.5022,-3825.74,-379.508,89.5438,-786.665,-2764.26,-1893.05,-1138.15,1330.48,3721.9,-4549.31,2287.66,267.703,-2638.59,-2872.07,3581.78,-691.08,1559.76,-2665.15,-3407.54,531.827,2745.55,-223.138,-3512.96,4957.76,-1430.38,-3610.6,1490.59,-2808.39,2647.86,134.514,1058.66,-2025.01,485.435,3088.29,-408.039,1755.96,-843.537,223.64,-979.537,157.066,-382.401,-1592.82,146.539,630.355,1663.4,390.568,-1767.98,-422.267,-1066.21,3073.98,426.967,1910.6,-1257.09,-400.344,-1141.72,499.265,-2604.22,-1076.11,-4120.46,-2216.12,-5824.17,-626.233,4606.2,242.817,3643.23,1542.24,2193.71,656.864,865.569,271.498,-601.193,3442.11,1343.81,-669.027,-589.169,-124.323,-568.395,1995.34,2199.27,3168.19,1360.03,-1589.59,215.181,-2315.43,-552.459,2949.46,968.289,-1405.52
-250354,0,1,0,1,1,250400,-0.384764,0.00591807,1.98251,0.65987,0.194549,-1.62464,-1.32884,-0.638008,0.776036,1.76188,-0.149657,0.116447,-1.54277,-0.0636614,0.2482,-1.00728,-1.59481,-1.01706,-0.127135,0.559175,1.40119,-1.61276,1.8305,-0.0898098,-1.26576,-1.76124,1.23195,-0.269686,1.22789,-1.59845,-1.56077,0.458786,1.996,-0.185011,-1.75004,1.38731,-0.797919,-1.56933,0.936032,-1.67351,1.35279,0.444837,1.42627,-1.3104,-0.0724454,0.89088,-0.393547,0.886616,0.0264761,-0.478673,-1.03596,0.226382,0.0675763,-1.26799,0.156639,-0.0321617,0.998724,0.212245,-0.63784,-0.775643,-0.788799,1.94885,1.21166,0.828242,-0.92643,-0.62419,-1.08532,0.0134659,-0.922084,-1.04397,-1.82062,-0.720654,-1.94471,-0.376988,1.76676,-0.594025,1.17955,0.313105,1.16384,0.0323358,0.112372,0.276904,0.173359,1.84303,0.871915,-1.30925,-0.819472,-0.271119,0.144731,1.18899,1.07535,1.68402,1.67163,-0.91779,-0.253471,-1.68299,-0.374937,1.42931,0.855572,-1.19532,-0.384121,-0.00887047,0.345632,-0.541302,-1.39997,-0.589475,-0.876412,-1.70963,0.813183,0.189009,-0.368661,0.164752,-0.188292,1.11627,-0.519698,-0.437699,1.09841,0.146492,-0.494815,-0.631049,0.137029,0.365975,-0.488253,-1.45826,0.267466,-0.775371,0.875067,-1.34469,0.472627,-0.238749,-0.135421,-0.8774,0.234492,0.16093,-0.413251,-0.688002,-0.657465,0.971466,0.180417,-2.30502,-1.59899,-1.29995,-0.28724,-0.0898213,-0.27502,0.617338,0.565553,0.271891,-0.0279925,-0.0221043,0.234667,-0.501083,-1.09336,0.603028,-1.21002,0.0600188,-0.283627,-0.396874,1.83701,-2.42989,-1.06841,0.0197163,1.03465,0.517207,0.333154,1.04913,-0.565101,0.917699,-0.0348152,0.0698171,-1.13461,0.336735,-2.63155,-0.719849,0.62694,-0.448863,-0.978958,0.264082,-0.981332,-1.18435,0.0450546,0.385638,0.734716,-0.931476,1.50372,0.797692,0.260042,-2.31183,0.927103,-1.71621,-1.32324,-0.433508,0.861091,-2.11026,2.80749,-0.235794,0.875881,-0.978866,-0.406653,0.509399,-547.184,-508.299,2761.5,815.011,520.894,-1882.04,-2005.36,-819.359,713.376,4167.89,684.524,-60.5022,-3825.74,-379.508,89.5438,-786.665,-2764.26,-1893.05,-1138.15,1330.48,3721.9,-4549.31,2287.66,267.703,-2638.59,-2872.07,3581.78,-691.08,1559.76,-2665.15,-3407.54,531.827,2745.55,-223.138,-3512.96,4957.76,-1430.38,-3610.6,1490.59,-2808.39,2647.86,134.514,1058.66,-2025.01,485.435,3088.29,-408.039,1755.96,-843.537,223.64,-979.537,157.066,-382.401,-1592.82,146.539,630.355,1663.4,390.568,-1767.98,-422.267,-1066.21,3073.98,426.967,1910.6,-1257.09,-400.344,-1141.72,499.265,-2604.22,-1076.11,-4120.46,-2216.12,-5824.17,-626.233,4606.2,242.817,3643.23,1542.24,2193.71,656.864,865.569,271.498,-601.193,3442.11,1343.81,-669.027,-589.169,-124.323,-568.395,1995.34,2199.27,3168.19,1360.03,-1589.59,215.181,-2315.43,-552.459,2949.46,968.289,-1405.52
-250354,0,1,0,1,1,250402,-0.384764,0.00591807,1.98251,0.65987,0.194549,-1.62464,-1.32884,-0.638008,0.776036,1.76188,-0.149657,0.116447,-1.54277,-0.0636614,0.2482,-1.00728,-1.59481,-1.01706,-0.127135,0.559175,1.40119,-1.61276,1.8305,-0.0898098,-1.26576,-1.76124,1.23195,-0.269686,1.22789,-1.59845,-1.56077,0.458786,1.996,-0.185011,-1.75004,1.38731,-0.797919,-1.56933,0.936032,-1.67351,1.35279,0.444837,1.42627,-1.3104,-0.0724454,0.89088,-0.393547,0.886616,0.0264761,-0.478673,-1.03596,0.226382,0.0675763,-1.26799,0.156639,-0.0321617,0.998724,0.212245,-0.63784,-0.775643,-0.788799,1.94885,1.21166,0.828242,-0.92643,-0.62419,-1.08532,0.0134659,-0.922084,-1.04397,-1.82062,-0.720654,-1.94471,-0.376988,1.76676,-0.594025,1.17955,0.313105,1.16384,0.0323358,0.112372,0.276904,0.173359,1.84303,0.871915,-1.30925,-0.819472,-0.271119,0.144731,1.18899,1.07535,1.68402,1.67163,-0.91779,-0.253471,-1.68299,-0.374937,1.42931,0.855572,-1.19532,-0.0872343,-0.926801,-0.90114,-0.846772,-1.82645,-0.595409,-0.00788679,-1.43257,-0.518484,-0.804027,-0.0510646,0.601553,-0.489931,0.302843,-0.401742,-1.16557,0.53571,0.107376,-0.982077,-1.19854,0.244361,0.280936,0.365988,-0.622453,-1.99593,0.69239,0.918733,-1.14541,-0.885995,0.913739,0.872007,-1.06748,-2.16443,-0.659193,-0.552237,0.0847702,-0.0433083,1.61576,0.235859,-1.88515,3.21059,0.253154,-0.30201,0.915023,-0.2896,-0.593386,-0.557072,0.526888,-1.17149,0.339413,-0.385846,0.00298207,-0.626207,0.459364,-2.17648,1.68968,0.560949,-0.277655,-0.525724,-0.258514,-1.75772,-0.560384,0.505624,0.309754,-0.103991,1.06021,0.238783,1.06788,-1.12754,0.209944,0.707625,1.87597,1.03962,1.11851,0.416313,0.475,0.104832,-0.645866,-1.672,-0.670034,-0.419776,-0.0401466,-0.347576,0.442299,1.60193,-0.943376,-1.46937,0.256881,-1.09954,1.45295,0.87707,-0.241221,1.25632,-1.89381,0.32021,-0.705473,-0.559104,-0.0745595,-0.866493,-1.24919,-547.184,-508.299,2761.5,815.011,520.894,-1882.04,-2005.36,-819.359,713.376,4167.89,684.524,-60.5022,-3825.74,-379.508,89.5438,-786.665,-2764.26,-1893.05,-1138.15,1330.48,3721.9,-4549.31,2287.66,267.703,-2638.59,-2872.07,3581.78,-691.08,1559.76,-2665.15,-3407.54,531.827,2745.55,-223.138,-3512.96,4957.76,-1430.38,-3610.6,1490.59,-2808.39,2647.86,134.514,1058.66,-2025.01,485.435,3088.29,-408.039,1755.96,-843.537,223.64,-979.537,157.066,-382.401,-1592.82,146.539,630.355,1663.4,390.568,-1767.98,-422.267,-1066.21,3073.98,426.967,1910.6,-1257.09,-400.344,-1141.72,499.265,-2604.22,-1076.11,-4120.46,-2216.12,-5824.17,-626.233,4606.2,242.817,3643.23,1542.24,2193.71,656.864,865.569,271.498,-601.193,3442.11,1343.81,-669.027,-589.169,-124.323,-568.395,1995.34,2199.27,3168.19,1360.03,-1589.59,215.181,-2315.43,-552.459,2949.46,968.289,-1405.52
-250354,0,1,0,1,1,250404,-0.384764,0.00591807,1.98251,0.65987,0.194549,-1.62464,-1.32884,-0.638008,0.776036,1.76188,-0.149657,0.116447,-1.54277,-0.0636614,0.2482,-1.00728,-1.59481,-1.01706,-0.127135,0.559175,1.40119,-1.61276,1.8305,-0.0898098,-1.26576,-1.76124,1.23195,-0.269686,1.22789,-1.59845,-1.56077,0.458786,1.996,-0.185011,-1.75004,1.38731,-0.797919,-1.56933,0.936032,-1.67351,1.35279,0.444837,1.42627,-1.3104,-0.0724454,0.89088,-0.393547,0.886616,0.0264761,-0.478673,-1.03596,0.226382,0.0675763,-1.26799,0.156639,-0.0321617,0.998724,0.212245,-0.63784,-0.775643,-0.788799,1.94885,1.21166,0.828242,-0.92643,-0.62419,-1.08532,0.0134659,-0.922084,-1.04397,-1.82062,-0.720654,-1.94471,-0.376988,1.76676,-0.594025,1.17955,0.313105,1.16384,0.0323358,0.112372,0.276904,0.173359,1.84303,0.871915,-1.30925,-0.819472,-0.271119,0.144731,1.18899,1.07535,1.68402,1.67163,-0.91779,-0.253471,-1.68299,-0.374937,1.42931,0.855572,-1.19532,1.06458,-2.26735,-0.711837,0.344798,-2.22659,0.629179,-1.27015,-0.287693,1.30698,-1.25611,-0.439874,-1.7865,1.32721,0.286558,0.140051,0.902047,-0.00562361,-1.60764,-0.0892575,-0.314255,1.10187,-1.30741,-2.0997,0.235542,-0.465179,0.454511,-0.133523,-0.856407,0.17554,2.39431,1.23095,0.734314,-0.849403,-0.186618,-0.396298,-0.480004,-0.574899,0.483295,-0.924169,-0.429636,0.694915,-0.794956,-0.978728,0.985596,1.18054,-0.774216,-1.41575,-0.076966,-0.870089,-0.372063,-1.30972,-0.174252,1.38132,0.844868,0.902737,0.134928,1.92721,0.989402,-2.44174,-1.74281,-0.802432,0.258333,0.0274042,-0.583695,-0.959806,0.290557,-0.040847,-1.2124,0.0949069,1.5967,-1.65616,0.710203,0.718525,-1.21605,-1.27669,-0.79802,-1.05559,0.955685,-1.09153,-0.662867,-0.532062,1.84503,0.102149,-0.333434,0.336622,-0.481816,-0.802379,0.511168,-0.148487,0.133211,0.0658434,-0.341061,0.20798,0.990361,0.243909,0.151219,0.154012,-1.5115,-0.658951,-0.810887,-547.184,-508.299,2761.5,815.011,520.894,-1882.04,-2005.36,-819.359,713.376,4167.89,684.524,-60.5022,-3825.74,-379.508,89.5438,-786.665,-2764.26,-1893.05,-1138.15,1330.48,3721.9,-4549.31,2287.66,267.703,-2638.59,-2872.07,3581.78,-691.08,1559.76,-2665.15,-3407.54,531.827,2745.55,-223.138,-3512.96,4957.76,-1430.38,-3610.6,1490.59,-2808.39,2647.86,134.514,1058.66,-2025.01,485.435,3088.29,-408.039,1755.96,-843.537,223.64,-979.537,157.066,-382.401,-1592.82,146.539,630.355,1663.4,390.568,-1767.98,-422.267,-1066.21,3073.98,426.967,1910.6,-1257.09,-400.344,-1141.72,499.265,-2604.22,-1076.11,-4120.46,-2216.12,-5824.17,-626.233,4606.2,242.817,3643.23,1542.24,2193.71,656.864,865.569,271.498,-601.193,3442.11,1343.81,-669.027,-589.169,-124.323,-568.395,1995.34,2199.27,3168.19,1360.03,-1589.59,215.181,-2315.43,-552.459,2949.46,968.289,-1405.52
-250354,0,1,0,1,1,250413,-0.384764,0.00591807,1.98251,0.65987,0.194549,-1.62464,-1.32884,-0.638008,0.776036,1.76188,-0.149657,0.116447,-1.54277,-0.0636614,0.2482,-1.00728,-1.59481,-1.01706,-0.127135,0.559175,1.40119,-1.61276,1.8305,-0.0898098,-1.26576,-1.76124,1.23195,-0.269686,1.22789,-1.59845,-1.56077,0.458786,1.996,-0.185011,-1.75004,1.38731,-0.797919,-1.56933,0.936032,-1.67351,1.35279,0.444837,1.42627,-1.3104,-0.0724454,0.89088,-0.393547,0.886616,0.0264761,-0.478673,-1.03596,0.226382,0.0675763,-1.26799,0.156639,-0.0321617,0.998724,0.212245,-0.63784,-0.775643,-0.788799,1.94885,1.21166,0.828242,-0.92643,-0.62419,-1.08532,0.0134659,-0.922084,-1.04397,-1.82062,-0.720654,-1.94471,-0.376988,1.76676,-0.594025,1.17955,0.313105,1.16384,0.0323358,0.112372,0.276904,0.173359,1.84303,0.871915,-1.30925,-0.819472,-0.271119,0.144731,1.18899,1.07535,1.68402,1.67163,-0.91779,-0.253471,-1.68299,-0.374937,1.42931,0.855572,-1.19532,2.11306,0.570726,-0.394952,-0.165797,0.830306,1.34776,0.982024,-0.744887,0.586676,0.313075,-0.387556,-1.20445,1.10535,1.28549,-0.88354,0.704017,-1.16035,-0.778464,-1.05382,0.831753,1.12124,0.519052,0.574931,0.126494,-1.1096,2.62433,0.489604,0.992844,-0.479386,-0.270807,0.153736,-1.16622,-0.0878019,-0.193434,-0.852067,1.41447,-2.02517,1.39415,-1.56678,1.34982,0.875492,-0.328592,0.960697,0.372429,-0.199402,-1.21601,-0.939579,-0.26011,1.2753,1.70014,-2.91926,1.57775,1.14822,0.62739,1.23991,-2.15648,0.305068,-0.693905,0.390642,-1.28418,-0.0335783,0.0619467,1.51172,1.70048,-0.583847,0.915407,1.12951,-0.141558,-1.09592,-0.896076,-1.03452,0.582789,0.0557976,-0.983739,-1.01711,0.74829,-1.4136,-0.562036,-0.858611,0.0114278,-0.522138,-0.255267,-2.1179,1.09525,-0.433504,2.31453,-0.193653,-2.28981,-0.881019,0.510947,-0.335973,0.0985999,1.95677,-0.564712,-0.0794766,-1.29602,-0.129323,-0.284731,0.153011,1.50147,-547.184,-508.299,2761.5,815.011,520.894,-1882.04,-2005.36,-819.359,713.376,4167.89,684.524,-60.5022,-3825.74,-379.508,89.5438,-786.665,-2764.26,-1893.05,-1138.15,1330.48,3721.9,-4549.31,2287.66,267.703,-2638.59,-2872.07,3581.78,-691.08,1559.76,-2665.15,-3407.54,531.827,2745.55,-223.138,-3512.96,4957.76,-1430.38,-3610.6,1490.59,-2808.39,2647.86,134.514,1058.66,-2025.01,485.435,3088.29,-408.039,1755.96,-843.537,223.64,-979.537,157.066,-382.401,-1592.82,146.539,630.355,1663.4,390.568,-1767.98,-422.267,-1066.21,3073.98,426.967,1910.6,-1257.09,-400.344,-1141.72,499.265,-2604.22,-1076.11,-4120.46,-2216.12,-5824.17,-626.233,4606.2,242.817,3643.23,1542.24,2193.71,656.864,865.569,271.498,-601.193,3442.11,1343.81,-669.027,-589.169,-124.323,-568.395,1995.34,2199.27,3168.19,1360.03,-1589.59,215.181,-2315.43,-552.459,2949.46,968.289,-1405.52
-250354,0,1,0,1,1,250405,-0.384764,0.00591807,1.98251,0.65987,0.194549,-1.62464,-1.32884,-0.638008,0.776036,1.76188,-0.149657,0.116447,-1.54277,-0.0636614,0.2482,-1.00728,-1.59481,-1.01706,-0.127135,0.559175,1.40119,-1.61276,1.8305,-0.0898098,-1.26576,-1.76124,1.23195,-0.269686,1.22789,-1.59845,-1.56077,0.458786,1.996,-0.185011,-1.75004,1.38731,-0.797919,-1.56933,0.936032,-1.67351,1.35279,0.444837,1.42627,-1.3104,-0.0724454,0.89088,-0.393547,0.886616,0.0264761,-0.478673,-1.03596,0.226382,0.0675763,-1.26799,0.156639,-0.0321617,0.998724,0.212245,-0.63784,-0.775643,-0.788799,1.94885,1.21166,0.828242,-0.92643,-0.62419,-1.08532,0.0134659,-0.922084,-1.04397,-1.82062,-0.720654,-1.94471,-0.376988,1.76676,-0.594025,1.17955,0.313105,1.16384,0.0323358,0.112372,0.276904,0.173359,1.84303,0.871915,-1.30925,-0.819472,-0.271119,0.144731,1.18899,1.07535,1.68402,1.67163,-0.91779,-0.253471,-1.68299,-0.374937,1.42931,0.855572,-1.19532,-0.014452,-0.551509,1.68213,2.35883,-0.345099,0.92706,-0.0775105,-0.78232,1.88155,0.586779,0.128562,-0.562438,0.459544,-0.358207,-0.850328,0.530569,2.66174,-1.16167,-1.62964,-0.114465,-2.53534,1.14609,0.741123,0.833059,0.190668,-0.557307,-0.190338,-0.353786,0.452924,0.21802,-1.00477,0.114787,-1.89467,-0.808502,0.117015,0.517047,1.07696,0.845029,-0.462393,0.318854,-0.651238,-1.31247,1.06797,0.628852,0.674717,1.67206,-1.35209,0.755361,-0.724847,-0.682251,-0.306812,1.4194,-1.44001,-0.197476,0.431139,1.17248,0.203374,0.467335,0.0562372,-0.148538,0.709804,0.821934,-0.818264,-0.498975,0.386692,0.609999,-0.0945103,0.621151,-0.861804,-1.38395,0.822819,-0.367856,0.0217377,-0.90185,-1.07854,1.60606,-0.751308,0.302095,-0.477278,2.10892,0.12289,0.15818,-0.686242,0.894533,1.05959,0.945139,0.728961,-0.507138,-0.15752,1.2477,-0.368145,-0.474247,0.668084,-0.941562,-2.42863,-1.68836,-2.04286,-1.07163,1.54919,0.871644,-547.184,-508.299,2761.5,815.011,520.894,-1882.04,-2005.36,-819.359,713.376,4167.89,684.524,-60.5022,-3825.74,-379.508,89.5438,-786.665,-2764.26,-1893.05,-1138.15,1330.48,3721.9,-4549.31,2287.66,267.703,-2638.59,-2872.07,3581.78,-691.08,1559.76,-2665.15,-3407.54,531.827,2745.55,-223.138,-3512.96,4957.76,-1430.38,-3610.6,1490.59,-2808.39,2647.86,134.514,1058.66,-2025.01,485.435,3088.29,-408.039,1755.96,-843.537,223.64,-979.537,157.066,-382.401,-1592.82,146.539,630.355,1663.4,390.568,-1767.98,-422.267,-1066.21,3073.98,426.967,1910.6,-1257.09,-400.344,-1141.72,499.265,-2604.22,-1076.11,-4120.46,-2216.12,-5824.17,-626.233,4606.2,242.817,3643.23,1542.24,2193.71,656.864,865.569,271.498,-601.193,3442.11,1343.81,-669.027,-589.169,-124.323,-568.395,1995.34,2199.27,3168.19,1360.03,-1589.59,215.181,-2315.43,-552.459,2949.46,968.289,-1405.52
-250354,0,1,0,1,1,250414,-0.384764,0.00591807,1.98251,0.65987,0.194549,-1.62464,-1.32884,-0.638008,0.776036,1.76188,-0.149657,0.116447,-1.54277,-0.0636614,0.2482,-1.00728,-1.59481,-1.01706,-0.127135,0.559175,1.40119,-1.61276,1.8305,-0.0898098,-1.26576,-1.76124,1.23195,-0.269686,1.22789,-1.59845,-1.56077,0.458786,1.996,-0.185011,-1.75004,1.38731,-0.797919,-1.56933,0.936032,-1.67351,1.35279,0.444837,1.42627,-1.3104,-0.0724454,0.89088,-0.393547,0.886616,0.0264761,-0.478673,-1.03596,0.226382,0.0675763,-1.26799,0.156639,-0.0321617,0.998724,0.212245,-0.63784,-0.775643,-0.788799,1.94885,1.21166,0.828242,-0.92643,-0.62419,-1.08532,0.0134659,-0.922084,-1.04397,-1.82062,-0.720654,-1.94471,-0.376988,1.76676,-0.594025,1.17955,0.313105,1.16384,0.0323358,0.112372,0.276904,0.173359,1.84303,0.871915,-1.30925,-0.819472,-0.271119,0.144731,1.18899,1.07535,1.68402,1.67163,-0.91779,-0.253471,-1.68299,-0.374937,1.42931,0.855572,-1.19532,0.646649,-1.7325,0.303005,-0.210443,1.0628,0.45715,-1.226,0.11927,-2.27681,0.190363,1.47931,-0.241106,-0.647276,0.193792,1.6168,-0.108828,-1.18748,0.769524,-1.802,-0.0878785,0.224423,-2.06269,1.18452,-0.273651,1.92215,0.83326,0.0204878,0.752852,-0.53117,0.182441,-0.570544,-2.54082,2.02601,-0.00630555,-0.621733,0.487046,1.77417,0.586883,-0.36109,1.5934,0.555816,0.251682,1.04475,0.769981,2.74405,-0.641866,-0.951935,-1.27181,0.388209,-0.993084,1.13732,0.742761,-0.218453,-0.700817,0.357445,0.014963,0.894678,-0.549217,0.972869,-0.210132,1.85613,0.408195,0.0716899,0.297411,-0.577754,-1.50669,0.485194,2.14841,-0.746633,0.0553561,-1.66541,-1.63318,0.00264322,-0.261005,-0.437078,-2.5925,0.511997,0.211942,-1.51586,-2.3361,-1.4055,1.0976,-0.721426,1.2992,-2.58688,-0.463837,0.869462,0.276305,-0.74097,-1.08617,-0.066998,0.515236,-1.04642,0.456774,-0.690128,0.364838,0.307821,-0.292796,1.18902,-0.674373,-547.184,-508.299,2761.5,815.011,520.894,-1882.04,-2005.36,-819.359,713.376,4167.89,684.524,-60.5022,-3825.74,-379.508,89.5438,-786.665,-2764.26,-1893.05,-1138.15,1330.48,3721.9,-4549.31,2287.66,267.703,-2638.59,-2872.07,3581.78,-691.08,1559.76,-2665.15,-3407.54,531.827,2745.55,-223.138,-3512.96,4957.76,-1430.38,-3610.6,1490.59,-2808.39,2647.86,134.514,1058.66,-2025.01,485.435,3088.29,-408.039,1755.96,-843.537,223.64,-979.537,157.066,-382.401,-1592.82,146.539,630.355,1663.4,390.568,-1767.98,-422.267,-1066.21,3073.98,426.967,1910.6,-1257.09,-400.344,-1141.72,499.265,-2604.22,-1076.11,-4120.46,-2216.12,-5824.17,-626.233,4606.2,242.817,3643.23,1542.24,2193.71,656.864,865.569,271.498,-601.193,3442.11,1343.81,-669.027,-589.169,-124.323,-568.395,1995.34,2199.27,3168.19,1360.03,-1589.59,215.181,-2315.43,-552.459,2949.46,968.289,-1405.52
-250354,0,1,0,1,1,250403,-0.384764,0.00591807,1.98251,0.65987,0.194549,-1.62464,-1.32884,-0.638008,0.776036,1.76188,-0.149657,0.116447,-1.54277,-0.0636614,0.2482,-1.00728,-1.59481,-1.01706,-0.127135,0.559175,1.40119,-1.61276,1.8305,-0.0898098,-1.26576,-1.76124,1.23195,-0.269686,1.22789,-1.59845,-1.56077,0.458786,1.996,-0.185011,-1.75004,1.38731,-0.797919,-1.56933,0.936032,-1.67351,1.35279,0.444837,1.42627,-1.3104,-0.0724454,0.89088,-0.393547,0.886616,0.0264761,-0.478673,-1.03596,0.226382,0.0675763,-1.26799,0.156639,-0.0321617,0.998724,0.212245,-0.63784,-0.775643,-0.788799,1.94885,1.21166,0.828242,-0.92643,-0.62419,-1.08532,0.0134659,-0.922084,-1.04397,-1.82062,-0.720654,-1.94471,-0.376988,1.76676,-0.594025,1.17955,0.313105,1.16384,0.0323358,0.112372,0.276904,0.173359,1.84303,0.871915,-1.30925,-0.819472,-0.271119,0.144731,1.18899,1.07535,1.68402,1.67163,-0.91779,-0.253471,-1.68299,-0.374937,1.42931,0.855572,-1.19532,-0.9117,-0.450602,-0.265935,0.257164,-0.00320373,0.373933,-1.03648,-1.85806,-1.6062,-1.89732,-0.02674,0.41389,-0.113196,1.39887,-0.545267,0.119885,0.979733,0.0547033,-0.0431462,0.246611,0.875699,-0.200927,1.92023,0.230696,0.724507,-0.610385,-0.454887,0.592103,-2.29597,-0.179865,1.63798,0.555435,1.13512,0.64803,-0.801908,-0.758605,1.10673,0.212756,-0.911066,1.50403,0.709423,0.13475,1.25074,-1.32697,0.141744,-0.0457298,0.0486879,1.80421,-0.0126963,1.06415,-0.481843,-1.88839,0.187423,0.162164,-0.502795,0.277388,1.14469,-0.175381,-0.735395,-0.686606,1.79954,0.174663,1.06224,0.170205,-1.50276,0.459185,0.00230763,0.622849,-0.413954,-0.830929,1.3282,-1.25046,1.10254,0.54638,-1.04793,-1.16693,0.41841,0.611826,1.84468,1.67356,-0.38602,1.0006,0.60278,-2.15966,0.655736,-0.476584,-1.73901,0.98514,-0.360066,-1.17702,1.8369,0.66937,-0.76608,0.360123,-0.7321,0.354739,-1.09783,-0.676163,-0.605084,-1.79346,-547.184,-508.299,2761.5,815.011,520.894,-1882.04,-2005.36,-819.359,713.376,4167.89,684.524,-60.5022,-3825.74,-379.508,89.5438,-786.665,-2764.26,-1893.05,-1138.15,1330.48,3721.9,-4549.31,2287.66,267.703,-2638.59,-2872.07,3581.78,-691.08,1559.76,-2665.15,-3407.54,531.827,2745.55,-223.138,-3512.96,4957.76,-1430.38,-3610.6,1490.59,-2808.39,2647.86,134.514,1058.66,-2025.01,485.435,3088.29,-408.039,1755.96,-843.537,223.64,-979.537,157.066,-382.401,-1592.82,146.539,630.355,1663.4,390.568,-1767.98,-422.267,-1066.21,3073.98,426.967,1910.6,-1257.09,-400.344,-1141.72,499.265,-2604.22,-1076.11,-4120.46,-2216.12,-5824.17,-626.233,4606.2,242.817,3643.23,1542.24,2193.71,656.864,865.569,271.498,-601.193,3442.11,1343.81,-669.027,-589.169,-124.323,-568.395,1995.34,2199.27,3168.19,1360.03,-1589.59,215.181,-2315.43,-552.459,2949.46,968.289,-1405.52
-250354,0,1,0,1,1,250407,-0.384764,0.00591807,1.98251,0.65987,0.194549,-1.62464,-1.32884,-0.638008,0.776036,1.76188,-0.149657,0.116447,-1.54277,-0.0636614,0.2482,-1.00728,-1.59481,-1.01706,-0.127135,0.559175,1.40119,-1.61276,1.8305,-0.0898098,-1.26576,-1.76124,1.23195,-0.269686,1.22789,-1.59845,-1.56077,0.458786,1.996,-0.185011,-1.75004,1.38731,-0.797919,-1.56933,0.936032,-1.67351,1.35279,0.444837,1.42627,-1.3104,-0.0724454,0.89088,-0.393547,0.886616,0.0264761,-0.478673,-1.03596,0.226382,0.0675763,-1.26799,0.156639,-0.0321617,0.998724,0.212245,-0.63784,-0.775643,-0.788799,1.94885,1.21166,0.828242,-0.92643,-0.62419,-1.08532,0.0134659,-0.922084,-1.04397,-1.82062,-0.720654,-1.94471,-0.376988,1.76676,-0.594025,1.17955,0.313105,1.16384,0.0323358,0.112372,0.276904,0.173359,1.84303,0.871915,-1.30925,-0.819472,-0.271119,0.144731,1.18899,1.07535,1.68402,1.67163,-0.91779,-0.253471,-1.68299,-0.374937,1.42931,0.855572,-1.19532,0.313592,-0.48439,1.22941,-0.65134,0.929442,0.378591,2.36045,0.421829,3.11593,-1.9084,1.4237,0.826024,0.475453,-1.79818,-0.266455,-0.95691,0.569749,-0.602656,-0.164023,-1.74355e-05,-1.85638,-0.0839979,0.0570404,1.95645,1.37278,-0.535599,2.14446,-0.350036,-0.87852,2.68714,-1.13443,-0.0291535,-0.624048,0.56479,-0.227157,1.69811,0.876398,0.262052,1.05845,0.0718325,2.28358,-1.48254,0.553233,-0.588871,0.263864,-0.368124,1.81841,-0.494928,-0.0808706,-1.03507,0.12766,-1.49753,-0.724721,-0.695899,0.580651,-1.10235,1.19416,-1.19127,-0.511963,-0.0588456,1.66462,0.628079,-1.10996,0.385809,0.457048,-1.15003,-0.196474,-0.681533,0.76525,-1.35643,-0.896339,0.4827,0.730625,-0.410088,1.2957,0.029036,1.3417,0.494569,-0.0633335,-0.0581785,-0.425753,0.777521,0.294051,0.524577,0.240255,0.283856,0.520556,-0.591888,1.0974,0.544525,-0.412026,-1.39357,1.03343,1.21579,0.21595,-1.25626,0.739616,0.513665,-0.327751,-0.0509858,-547.184,-508.299,2761.5,815.011,520.894,-1882.04,-2005.36,-819.359,713.376,4167.89,684.524,-60.5022,-3825.74,-379.508,89.5438,-786.665,-2764.26,-1893.05,-1138.15,1330.48,3721.9,-4549.31,2287.66,267.703,-2638.59,-2872.07,3581.78,-691.08,1559.76,-2665.15,-3407.54,531.827,2745.55,-223.138,-3512.96,4957.76,-1430.38,-3610.6,1490.59,-2808.39,2647.86,134.514,1058.66,-2025.01,485.435,3088.29,-408.039,1755.96,-843.537,223.64,-979.537,157.066,-382.401,-1592.82,146.539,630.355,1663.4,390.568,-1767.98,-422.267,-1066.21,3073.98,426.967,1910.6,-1257.09,-400.344,-1141.72,499.265,-2604.22,-1076.11,-4120.46,-2216.12,-5824.17,-626.233,4606.2,242.817,3643.23,1542.24,2193.71,656.864,865.569,271.498,-601.193,3442.11,1343.81,-669.027,-589.169,-124.323,-568.395,1995.34,2199.27,3168.19,1360.03,-1589.59,215.181,-2315.43,-552.459,2949.46,968.289,-1405.52
-250354,0,1,0,1,1,250411,-0.384764,0.00591807,1.98251,0.65987,0.194549,-1.62464,-1.32884,-0.638008,0.776036,1.76188,-0.149657,0.116447,-1.54277,-0.0636614,0.2482,-1.00728,-1.59481,-1.01706,-0.127135,0.559175,1.40119,-1.61276,1.8305,-0.0898098,-1.26576,-1.76124,1.23195,-0.269686,1.22789,-1.59845,-1.56077,0.458786,1.996,-0.185011,-1.75004,1.38731,-0.797919,-1.56933,0.936032,-1.67351,1.35279,0.444837,1.42627,-1.3104,-0.0724454,0.89088,-0.393547,0.886616,0.0264761,-0.478673,-1.03596,0.226382,0.0675763,-1.26799,0.156639,-0.0321617,0.998724,0.212245,-0.63784,-0.775643,-0.788799,1.94885,1.21166,0.828242,-0.92643,-0.62419,-1.08532,0.0134659,-0.922084,-1.04397,-1.82062,-0.720654,-1.94471,-0.376988,1.76676,-0.594025,1.17955,0.313105,1.16384,0.0323358,0.112372,0.276904,0.173359,1.84303,0.871915,-1.30925,-0.819472,-0.271119,0.144731,1.18899,1.07535,1.68402,1.67163,-0.91779,-0.253471,-1.68299,-0.374937,1.42931,0.855572,-1.19532,-0.110391,-1.06759,-0.761929,-0.39631,0.117573,-0.687279,0.228461,-1.39417,1.19523,0.646689,-0.044469,0.463689,-1.07305,-0.25432,0.296574,0.245264,-1.26182,-0.7622,-0.824034,1.33044,0.468147,0.588601,-0.650041,2.10278,0.480319,0.662225,-0.0507664,-0.0981837,2.28396,-1.63847,-0.466354,-1.37932,-0.232939,0.394111,-1.12935,-2.40442,-0.386077,0.958084,1.03131,0.900591,-0.845065,1.91713,-0.0292611,0.392412,-0.140768,-1.11769,-0.271203,0.812664,-0.191816,1.27193,0.432147,-0.736583,-0.292794,0.367827,-2.09052,0.0681004,0.120049,0.476424,-1.53031,2.21179,0.597459,-0.312325,0.453764,-0.927121,0.784906,1.94639,-1.60846,1.86681,-0.635542,0.812731,-0.135455,0.226122,-0.243625,-0.783603,-0.44453,-2.51383,0.235086,-0.0567335,1.29879,-0.0289643,-0.414937,-1.28027,-1.46534,-0.979669,0.703849,2.19264,-1.72361,0.337191,1.98704,-0.166175,0.129297,2.20063,-1.3054,-0.0658082,-0.534659,0.738729,1.59663,-0.67159,1.41955,1.5233,-547.184,-508.299,2761.5,815.011,520.894,-1882.04,-2005.36,-819.359,713.376,4167.89,684.524,-60.5022,-3825.74,-379.508,89.5438,-786.665,-2764.26,-1893.05,-1138.15,1330.48,3721.9,-4549.31,2287.66,267.703,-2638.59,-2872.07,3581.78,-691.08,1559.76,-2665.15,-3407.54,531.827,2745.55,-223.138,-3512.96,4957.76,-1430.38,-3610.6,1490.59,-2808.39,2647.86,134.514,1058.66,-2025.01,485.435,3088.29,-408.039,1755.96,-843.537,223.64,-979.537,157.066,-382.401,-1592.82,146.539,630.355,1663.4,390.568,-1767.98,-422.267,-1066.21,3073.98,426.967,1910.6,-1257.09,-400.344,-1141.72,499.265,-2604.22,-1076.11,-4120.46,-2216.12,-5824.17,-626.233,4606.2,242.817,3643.23,1542.24,2193.71,656.864,865.569,271.498,-601.193,3442.11,1343.81,-669.027,-589.169,-124.323,-568.395,1995.34,2199.27,3168.19,1360.03,-1589.59,215.181,-2315.43,-552.459,2949.46,968.289,-1405.52
-250354,0,1,0,1,1,250414,-0.384764,0.00591807,1.98251,0.65987,0.194549,-1.62464,-1.32884,-0.638008,0.776036,1.76188,-0.149657,0.116447,-1.54277,-0.0636614,0.2482,-1.00728,-1.59481,-1.01706,-0.127135,0.559175,1.40119,-1.61276,1.8305,-0.0898098,-1.26576,-1.76124,1.23195,-0.269686,1.22789,-1.59845,-1.56077,0.458786,1.996,-0.185011,-1.75004,1.38731,-0.797919,-1.56933,0.936032,-1.67351,1.35279,0.444837,1.42627,-1.3104,-0.0724454,0.89088,-0.393547,0.886616,0.0264761,-0.478673,-1.03596,0.226382,0.0675763,-1.26799,0.156639,-0.0321617,0.998724,0.212245,-0.63784,-0.775643,-0.788799,1.94885,1.21166,0.828242,-0.92643,-0.62419,-1.08532,0.0134659,-0.922084,-1.04397,-1.82062,-0.720654,-1.94471,-0.376988,1.76676,-0.594025,1.17955,0.313105,1.16384,0.0323358,0.112372,0.276904,0.173359,1.84303,0.871915,-1.30925,-0.819472,-0.271119,0.144731,1.18899,1.07535,1.68402,1.67163,-0.91779,-0.253471,-1.68299,-0.374937,1.42931,0.855572,-1.19532,0.209443,2.93903,-0.448317,1.47103,1.15729,2.27854,-0.820581,1.31192,-0.0843703,0.828842,1.00047,1.72701,2.90967,-0.486236,-0.92658,-0.580358,-0.913455,0.376569,0.0165162,-0.12044,0.977746,1.21144,-0.871799,0.939069,-0.215372,0.222209,-0.676973,-0.562466,-0.0310418,-1.16952,-0.997291,0.262833,0.201237,-0.226294,0.706056,-0.997465,0.950669,0.548651,-2.85487,-1.95484,1.30755,-1.58458,-0.812188,1.1968,-1.11628,-1.40375,0.227415,-0.477071,0.266568,1.51593,1.90506,-1.1564,-0.415652,-0.392735,0.712085,0.062984,-0.87386,1.1731,0.373293,-0.932237,-0.511726,-0.211,-0.00374554,-0.85036,0.0351889,0.926443,0.224831,-1.03334,-1.06518,0.818697,-1.27442,-1.52507,-1.09436,-1.21309,0.544143,0.0759907,0.251101,-1.39186,-1.65587,0.21774,0.356871,1.57819,0.605136,1.11812,1.64112,1.41887,-2.60317,-1.05736,0.833655,-0.627048,-0.0601594,1.6091,-0.183122,-0.107803,-0.812984,-1.01205,-0.473533,0.955502,-0.251905,0.428517,-547.184,-508.299,2761.5,815.011,520.894,-1882.04,-2005.36,-819.359,713.376,4167.89,684.524,-60.5022,-3825.74,-379.508,89.5438,-786.665,-2764.26,-1893.05,-1138.15,1330.48,3721.9,-4549.31,2287.66,267.703,-2638.59,-2872.07,3581.78,-691.08,1559.76,-2665.15,-3407.54,531.827,2745.55,-223.138,-3512.96,4957.76,-1430.38,-3610.6,1490.59,-2808.39,2647.86,134.514,1058.66,-2025.01,485.435,3088.29,-408.039,1755.96,-843.537,223.64,-979.537,157.066,-382.401,-1592.82,146.539,630.355,1663.4,390.568,-1767.98,-422.267,-1066.21,3073.98,426.967,1910.6,-1257.09,-400.344,-1141.72,499.265,-2604.22,-1076.11,-4120.46,-2216.12,-5824.17,-626.233,4606.2,242.817,3643.23,1542.24,2193.71,656.864,865.569,271.498,-601.193,3442.11,1343.81,-669.027,-589.169,-124.323,-568.395,1995.34,2199.27,3168.19,1360.03,-1589.59,215.181,-2315.43,-552.459,2949.46,968.289,-1405.52
-250354,0,1,0,1,1,250403,-0.384764,0.00591807,1.98251,0.65987,0.194549,-1.62464,-1.32884,-0.638008,0.776036,1.76188,-0.149657,0.116447,-1.54277,-0.0636614,0.2482,-1.00728,-1.59481,-1.01706,-0.127135,0.559175,1.40119,-1.61276,1.8305,-0.0898098,-1.26576,-1.76124,1.23195,-0.269686,1.22789,-1.59845,-1.56077,0.458786,1.996,-0.185011,-1.75004,1.38731,-0.797919,-1.56933,0.936032,-1.67351,1.35279,0.444837,1.42627,-1.3104,-0.0724454,0.89088,-0.393547,0.886616,0.0264761,-0.478673,-1.03596,0.226382,0.0675763,-1.26799,0.156639,-0.0321617,0.998724,0.212245,-0.63784,-0.775643,-0.788799,1.94885,1.21166,0.828242,-0.92643,-0.62419,-1.08532,0.0134659,-0.922084,-1.04397,-1.82062,-0.720654,-1.94471,-0.376988,1.76676,-0.594025,1.17955,0.313105,1.16384,0.0323358,0.112372,0.276904,0.173359,1.84303,0.871915,-1.30925,-0.819472,-0.271119,0.144731,1.18899,1.07535,1.68402,1.67163,-0.91779,-0.253471,-1.68299,-0.374937,1.42931,0.855572,-1.19532,-0.701756,-0.41227,-1.63597,1.59859,-0.379937,-0.840031,-0.107997,-1.90861,0.462471,0.0788726,-0.100073,1.3219,-0.171949,1.73832,-1.05045,0.937312,0.474367,0.894473,0.257003,1.49346,-2.51861,-1.15281,0.19669,1.11758,0.970222,-1.74829,-0.700077,-0.0763637,-1.32084,-0.307808,-0.46834,0.992038,0.359469,0.694762,-0.548254,0.725637,0.621538,0.333999,1.18951,-0.649161,-1.93489,-0.615814,-0.573807,-0.715802,1.50058,-0.713335,-1.07587,1.47075,-0.875112,-0.74141,-0.672918,-0.766862,0.043,-0.339775,-1.06415,0.639028,-1.17694,1.04647,-1.69833,0.892734,0.317149,-0.886466,-1.25423,0.436044,-0.762193,0.694808,0.528828,0.363009,0.81982,-0.779045,-0.254302,0.242219,-2.30478,2.17128,0.557013,-1.56749,1.26682,-1.50246,0.661004,0.0972599,0.348027,-0.59963,-1.1714,-0.286046,1.21734,-0.322845,-0.208636,-1.21341,-0.395637,0.961721,0.668114,-0.551737,-0.26917,0.221213,-0.397795,1.07772,-1.74941,0.241925,-0.595419,-0.615096,-547.184,-508.299,2761.5,815.011,520.894,-1882.04,-2005.36,-819.359,713.376,4167.89,684.524,-60.5022,-3825.74,-379.508,89.5438,-786.665,-2764.26,-1893.05,-1138.15,1330.48,3721.9,-4549.31,2287.66,267.703,-2638.59,-2872.07,3581.78,-691.08,1559.76,-2665.15,-3407.54,531.827,2745.55,-223.138,-3512.96,4957.76,-1430.38,-3610.6,1490.59,-2808.39,2647.86,134.514,1058.66,-2025.01,485.435,3088.29,-408.039,1755.96,-843.537,223.64,-979.537,157.066,-382.401,-1592.82,146.539,630.355,1663.4,390.568,-1767.98,-422.267,-1066.21,3073.98,426.967,1910.6,-1257.09,-400.344,-1141.72,499.265,-2604.22,-1076.11,-4120.46,-2216.12,-5824.17,-626.233,4606.2,242.817,3643.23,1542.24,2193.71,656.864,865.569,271.498,-601.193,3442.11,1343.81,-669.027,-589.169,-124.323,-568.395,1995.34,2199.27,3168.19,1360.03,-1589.59,215.181,-2315.43,-552.459,2949.46,968.289,-1405.52
-250354,0,1,0,1,1,250406,-0.384764,0.00591807,1.98251,0.65987,0.194549,-1.62464,-1.32884,-0.638008,0.776036,1.76188,-0.149657,0.116447,-1.54277,-0.0636614,0.2482,-1.00728,-1.59481,-1.01706,-0.127135,0.559175,1.40119,-1.61276,1.8305,-0.0898098,-1.26576,-1.76124,1.23195,-0.269686,1.22789,-1.59845,-1.56077,0.458786,1.996,-0.185011,-1.75004,1.38731,-0.797919,-1.56933,0.936032,-1.67351,1.35279,0.444837,1.42627,-1.3104,-0.0724454,0.89088,-0.393547,0.886616,0.0264761,-0.478673,-1.03596,0.226382,0.0675763,-1.26799,0.156639,-0.0321617,0.998724,0.212245,-0.63784,-0.775643,-0.788799,1.94885,1.21166,0.828242,-0.92643,-0.62419,-1.08532,0.0134659,-0.922084,-1.04397,-1.82062,-0.720654,-1.94471,-0.376988,1.76676,-0.594025,1.17955,0.313105,1.16384,0.0323358,0.112372,0.276904,0.173359,1.84303,0.871915,-1.30925,-0.819472,-0.271119,0.144731,1.18899,1.07535,1.68402,1.67163,-0.91779,-0.253471,-1.68299,-0.374937,1.42931,0.855572,-1.19532,-0.467454,-0.953505,-1.68734,-1.76775,2.09152,0.55995,-1.8893,0.757875,0.237246,1.34407,0.67999,-0.301449,-0.162876,1.32224,-0.377418,0.457477,0.573147,-0.855281,0.297778,0.148246,-3.23479,-1.50751,-0.954606,2.11509,1.08365,-0.847519,1.01258,0.572127,-0.214041,0.791599,-0.354626,1.00648,-0.383527,-1.22451,-0.511741,0.873189,0.155969,1.62217,-0.591336,0.416949,-0.585708,0.619343,-0.645547,0.31844,1.14899,-1.13182,0.617399,-1.29542,-0.992703,0.245072,-0.401089,0.141704,0.681862,-0.284034,-0.106567,0.917656,-2.68624,0.0136709,0.524698,1.37529,-0.1789,0.92954,1.13383,-0.106193,-1.49105,1.1474,-1.69427,-0.127001,-0.993481,0.451839,-1.15173,-0.0941049,0.171867,0.779362,-0.194069,-1.44211,0.245278,0.710221,-0.00243766,-0.0932146,1.26996,-0.550055,0.21269,-0.675251,1.20325,0.452563,0.190492,-0.982978,-0.650489,0.988441,-0.113696,-1.21639,-1.96671,-2.29203,0.325779,-1.49297,1.05666,0.305317,-0.880472,-0.497847,-547.184,-508.299,2761.5,815.011,520.894,-1882.04,-2005.36,-819.359,713.376,4167.89,684.524,-60.5022,-3825.74,-379.508,89.5438,-786.665,-2764.26,-1893.05,-1138.15,1330.48,3721.9,-4549.31,2287.66,267.703,-2638.59,-2872.07,3581.78,-691.08,1559.76,-2665.15,-3407.54,531.827,2745.55,-223.138,-3512.96,4957.76,-1430.38,-3610.6,1490.59,-2808.39,2647.86,134.514,1058.66,-2025.01,485.435,3088.29,-408.039,1755.96,-843.537,223.64,-979.537,157.066,-382.401,-1592.82,146.539,630.355,1663.4,390.568,-1767.98,-422.267,-1066.21,3073.98,426.967,1910.6,-1257.09,-400.344,-1141.72,499.265,-2604.22,-1076.11,-4120.46,-2216.12,-5824.17,-626.233,4606.2,242.817,3643.23,1542.24,2193.71,656.864,865.569,271.498,-601.193,3442.11,1343.81,-669.027,-589.169,-124.323,-568.395,1995.34,2199.27,3168.19,1360.03,-1589.59,215.181,-2315.43,-552.459,2949.46,968.289,-1405.52
-250354,0,1,0,1,1,250411,-0.384764,0.00591807,1.98251,0.65987,0.194549,-1.62464,-1.32884,-0.638008,0.776036,1.76188,-0.149657,0.116447,-1.54277,-0.0636614,0.2482,-1.00728,-1.59481,-1.01706,-0.127135,0.559175,1.40119,-1.61276,1.8305,-0.0898098,-1.26576,-1.76124,1.23195,-0.269686,1.22789,-1.59845,-1.56077,0.458786,1.996,-0.185011,-1.75004,1.38731,-0.797919,-1.56933,0.936032,-1.67351,1.35279,0.444837,1.42627,-1.3104,-0.0724454,0.89088,-0.393547,0.886616,0.0264761,-0.478673,-1.03596,0.226382,0.0675763,-1.26799,0.156639,-0.0321617,0.998724,0.212245,-0.63784,-0.775643,-0.788799,1.94885,1.21166,0.828242,-0.92643,-0.62419,-1.08532,0.0134659,-0.922084,-1.04397,-1.82062,-0.720654,-1.94471,-0.376988,1.76676,-0.594025,1.17955,0.313105,1.16384,0.0323358,0.112372,0.276904,0.173359,1.84303,0.871915,-1.30925,-0.819472,-0.271119,0.144731,1.18899,1.07535,1.68402,1.67163,-0.91779,-0.253471,-1.68299,-0.374937,1.42931,0.855572,-1.19532,-0.106157,-0.730262,0.804789,-0.104709,1.36201,-0.988017,-0.37597,0.93137,-1.11587,-0.241175,-0.78039,0.0885431,-1.30717,-1.08992,2.49142,-1.93892,-0.846165,-1.9261,0.680123,0.0249194,0.387234,0.00370257,-0.605823,0.751228,-1.32773,-1.53753,1.72577,0.557326,-1.21705,0.808531,0.422718,-0.827408,1.78425,0.38094,0.375571,-1.13331,-0.636048,1.62698,0.967559,1.27573,0.405128,-1.17518,2.45852,0.402774,1.26582,-1.59454,-0.563077,-0.498583,-0.398936,-1.27837,1.25943,2.24695,0.77519,-0.679287,-0.38484,-1.8551,-1.32469,-0.51313,-0.626316,-0.234292,-0.506941,1.21435,-0.149696,0.153659,1.05092,0.935415,-0.236574,-0.550597,1.87144,-2.26367,1.7822,-0.846903,0.134486,-0.66956,-0.925466,-0.00174177,0.0408808,0.687766,-1.14043,-1.24085,1.40138,-0.591691,0.630974,-1.44211,0.0554341,0.829205,1.54142,-0.106105,-0.397889,-0.886714,-0.224275,0.743499,0.723228,-0.799343,2.5229,0.337621,0.573054,-0.21262,-0.0996741,-0.472754,-547.184,-508.299,2761.5,815.011,520.894,-1882.04,-2005.36,-819.359,713.376,4167.89,684.524,-60.5022,-3825.74,-379.508,89.5438,-786.665,-2764.26,-1893.05,-1138.15,1330.48,3721.9,-4549.31,2287.66,267.703,-2638.59,-2872.07,3581.78,-691.08,1559.76,-2665.15,-3407.54,531.827,2745.55,-223.138,-3512.96,4957.76,-1430.38,-3610.6,1490.59,-2808.39,2647.86,134.514,1058.66,-2025.01,485.435,3088.29,-408.039,1755.96,-843.537,223.64,-979.537,157.066,-382.401,-1592.82,146.539,630.355,1663.4,390.568,-1767.98,-422.267,-1066.21,3073.98,426.967,1910.6,-1257.09,-400.344,-1141.72,499.265,-2604.22,-1076.11,-4120.46,-2216.12,-5824.17,-626.233,4606.2,242.817,3643.23,1542.24,2193.71,656.864,865.569,271.498,-601.193,3442.11,1343.81,-669.027,-589.169,-124.323,-568.395,1995.34,2199.27,3168.19,1360.03,-1589.59,215.181,-2315.43,-552.459,2949.46,968.289,-1405.52
-250354,0,1,0,1,1,250415,-0.384764,0.00591807,1.98251,0.65987,0.194549,-1.62464,-1.32884,-0.638008,0.776036,1.76188,-0.149657,0.116447,-1.54277,-0.0636614,0.2482,-1.00728,-1.59481,-1.01706,-0.127135,0.559175,1.40119,-1.61276,1.8305,-0.0898098,-1.26576,-1.76124,1.23195,-0.269686,1.22789,-1.59845,-1.56077,0.458786,1.996,-0.185011,-1.75004,1.38731,-0.797919,-1.56933,0.936032,-1.67351,1.35279,0.444837,1.42627,-1.3104,-0.0724454,0.89088,-0.393547,0.886616,0.0264761,-0.478673,-1.03596,0.226382,0.0675763,-1.26799,0.156639,-0.0321617,0.998724,0.212245,-0.63784,-0.775643,-0.788799,1.94885,1.21166,0.828242,-0.92643,-0.62419,-1.08532,0.0134659,-0.922084,-1.04397,-1.82062,-0.720654,-1.94471,-0.376988,1.76676,-0.594025,1.17955,0.313105,1.16384,0.0323358,0.112372,0.276904,0.173359,1.84303,0.871915,-1.30925,-0.819472,-0.271119,0.144731,1.18899,1.07535,1.68402,1.67163,-0.91779,-0.253471,-1.68299,-0.374937,1.42931,0.855572,-1.19532,-0.484835,2.16984,-0.0319323,1.03101,-0.529585,0.281731,0.305619,-1.25077,0.375322,-0.320874,-1.89735,-1.28512,-0.0582063,-0.320042,0.073377,0.691136,-0.137771,-0.198155,0.401837,-0.229242,2.11006,0.63668,1.01832,0.0856696,2.00834,-0.193318,-0.629438,-1.45456,0.0161678,-0.0199236,-1.89842,1.25028,0.457686,1.44923,0.0425971,-0.628821,1.08311,2.21738,2.1466,-0.754615,0.815887,0.165505,-1.04646,0.548735,-1.09513,-0.13493,-0.168348,-0.768763,-0.63527,-0.649579,0.765207,-0.460058,0.712338,-0.246035,0.902036,1.31387,1.30676,-0.98147,2.72213,-0.859989,1.22517,1.89049,-0.116472,1.86672,-0.542074,1.14958,-2.18716,0.159645,-1.15426,0.616971,-1.35261,-1.79898,0.109061,1.41169,3.10778,1.00914,0.18968,0.15033,-0.66548,1.98823,1.14565,0.226929,-1.85984,1.20711,-1.32083,0.568532,0.64446,0.299464,-1.08455,-0.238897,0.263017,0.0583705,-0.331998,-1.705,0.91824,-0.486809,0.19477,0.463477,-0.552799,-1.34592,-547.184,-508.299,2761.5,815.011,520.894,-1882.04,-2005.36,-819.359,713.376,4167.89,684.524,-60.5022,-3825.74,-379.508,89.5438,-786.665,-2764.26,-1893.05,-1138.15,1330.48,3721.9,-4549.31,2287.66,267.703,-2638.59,-2872.07,3581.78,-691.08,1559.76,-2665.15,-3407.54,531.827,2745.55,-223.138,-3512.96,4957.76,-1430.38,-3610.6,1490.59,-2808.39,2647.86,134.514,1058.66,-2025.01,485.435,3088.29,-408.039,1755.96,-843.537,223.64,-979.537,157.066,-382.401,-1592.82,146.539,630.355,1663.4,390.568,-1767.98,-422.267,-1066.21,3073.98,426.967,1910.6,-1257.09,-400.344,-1141.72,499.265,-2604.22,-1076.11,-4120.46,-2216.12,-5824.17,-626.233,4606.2,242.817,3643.23,1542.24,2193.71,656.864,865.569,271.498,-601.193,3442.11,1343.81,-669.027,-589.169,-124.323,-568.395,1995.34,2199.27,3168.19,1360.03,-1589.59,215.181,-2315.43,-552.459,2949.46,968.289,-1405.52
-250354,0,1,0,1,1,250413,-0.384764,0.00591807,1.98251,0.65987,0.194549,-1.62464,-1.32884,-0.638008,0.776036,1.76188,-0.149657,0.116447,-1.54277,-0.0636614,0.2482,-1.00728,-1.59481,-1.01706,-0.127135,0.559175,1.40119,-1.61276,1.8305,-0.0898098,-1.26576,-1.76124,1.23195,-0.269686,1.22789,-1.59845,-1.56077,0.458786,1.996,-0.185011,-1.75004,1.38731,-0.797919,-1.56933,0.936032,-1.67351,1.35279,0.444837,1.42627,-1.3104,-0.0724454,0.89088,-0.393547,0.886616,0.0264761,-0.478673,-1.03596,0.226382,0.0675763,-1.26799,0.156639,-0.0321617,0.998724,0.212245,-0.63784,-0.775643,-0.788799,1.94885,1.21166,0.828242,-0.92643,-0.62419,-1.08532,0.0134659,-0.922084,-1.04397,-1.82062,-0.720654,-1.94471,-0.376988,1.76676,-0.594025,1.17955,0.313105,1.16384,0.0323358,0.112372,0.276904,0.173359,1.84303,0.871915,-1.30925,-0.819472,-0.271119,0.144731,1.18899,1.07535,1.68402,1.67163,-0.91779,-0.253471,-1.68299,-0.374937,1.42931,0.855572,-1.19532,0.444064,0.488433,-1.13246,1.85341,1.71677,1.96796,-0.0362324,0.0330737,0.114147,-0.0643969,0.933314,-1.9013,-0.00565835,1.48486,-0.391288,-1.4158,-0.537681,-0.845699,-0.985884,0.318211,1.097,1.10775,0.224547,0.0185785,-0.483718,-0.666362,0.433737,-2.54627,0.647277,0.0367863,-0.482929,0.610148,-0.45022,-0.149867,0.822566,0.0522528,0.328329,-2.2299,-0.113296,-1.34795,1.43381,1.18114,-0.108412,1.33156,0.918932,1.31505,-1.71068,-1.63617,0.168238,-0.799383,-1.6344,-2.96996,2.56123,-1.4948,0.662075,-0.915254,-0.874805,0.122319,-1.14658,-1.44788,0.361188,0.824844,-0.00873337,0.718942,-0.251394,-1.17683,-0.424879,-0.191673,-1.13373,-0.522357,-0.890552,-0.138748,-0.801925,-0.624773,-2.94556,0.936407,0.944332,0.418092,1.09255,0.167926,0.562535,-0.766297,-1.12971,-0.904737,0.120159,1.44667,-0.182915,0.540561,-0.220706,-1.19762,-1.32664,-0.66124,2.27608,1.01487,0.48255,-0.087095,1.41242,0.342376,0.129285,-0.963454,-547.184,-508.299,2761.5,815.011,520.894,-1882.04,-2005.36,-819.359,713.376,4167.89,684.524,-60.5022,-3825.74,-379.508,89.5438,-786.665,-2764.26,-1893.05,-1138.15,1330.48,3721.9,-4549.31,2287.66,267.703,-2638.59,-2872.07,3581.78,-691.08,1559.76,-2665.15,-3407.54,531.827,2745.55,-223.138,-3512.96,4957.76,-1430.38,-3610.6,1490.59,-2808.39,2647.86,134.514,1058.66,-2025.01,485.435,3088.29,-408.039,1755.96,-843.537,223.64,-979.537,157.066,-382.401,-1592.82,146.539,630.355,1663.4,390.568,-1767.98,-422.267,-1066.21,3073.98,426.967,1910.6,-1257.09,-400.344,-1141.72,499.265,-2604.22,-1076.11,-4120.46,-2216.12,-5824.17,-626.233,4606.2,242.817,3643.23,1542.24,2193.71,656.864,865.569,271.498,-601.193,3442.11,1343.81,-669.027,-589.169,-124.323,-568.395,1995.34,2199.27,3168.19,1360.03,-1589.59,215.181,-2315.43,-552.459,2949.46,968.289,-1405.52
-250354,0,1,0,1,1,250406,-0.384764,0.00591807,1.98251,0.65987,0.194549,-1.62464,-1.32884,-0.638008,0.776036,1.76188,-0.149657,0.116447,-1.54277,-0.0636614,0.2482,-1.00728,-1.59481,-1.01706,-0.127135,0.559175,1.40119,-1.61276,1.8305,-0.0898098,-1.26576,-1.76124,1.23195,-0.269686,1.22789,-1.59845,-1.56077,0.458786,1.996,-0.185011,-1.75004,1.38731,-0.797919,-1.56933,0.936032,-1.67351,1.35279,0.444837,1.42627,-1.3104,-0.0724454,0.89088,-0.393547,0.886616,0.0264761,-0.478673,-1.03596,0.226382,0.0675763,-1.26799,0.156639,-0.0321617,0.998724,0.212245,-0.63784,-0.775643,-0.788799,1.94885,1.21166,0.828242,-0.92643,-0.62419,-1.08532,0.0134659,-0.922084,-1.04397,-1.82062,-0.720654,-1.94471,-0.376988,1.76676,-0.594025,1.17955,0.313105,1.16384,0.0323358,0.112372,0.276904,0.173359,1.84303,0.871915,-1.30925,-0.819472,-0.271119,0.144731,1.18899,1.07535,1.68402,1.67163,-0.91779,-0.253471,-1.68299,-0.374937,1.42931,0.855572,-1.19532,0.395563,0.401396,0.186203,-0.825767,-0.493051,0.38789,-0.035708,-0.0333605,0.588336,0.226338,-0.886986,0.80075,-1.48165,0.0893276,-0.1274,-0.388878,0.686441,-1.77437,-1.04668,1.15075,-0.353544,-1.03361,0.788792,-1.71356,-2.66429,-3.17177,0.739551,-0.462103,-1.20246,1.46473,0.392688,0.3843,0.753338,0.887841,-0.868999,0.141998,-0.890037,0.0279409,-0.707241,-0.777148,0.355709,-1.39505,-0.431683,0.965779,0.352513,-0.00493623,1.93569,-0.580339,0.952158,-0.446008,-2.89303,-1.0567,0.236211,0.699063,-0.467422,0.943468,1.59813,-1.01229,-0.969858,-0.00195326,-0.662286,-0.253401,-1.38267,-0.9608,-1.35502,0.584001,-0.241356,-0.138949,-0.577551,1.64278,1.18839,1.23459,0.561234,0.0517449,0.632697,0.0490585,-0.0506511,-0.919375,-0.138206,-0.805998,-0.379435,-1.27845,1.08586,-1.18364,-0.311791,-1.62808,-0.28195,2.06828,1.63345,-0.153303,0.775299,-1.23659,0.2064,-1.3255,-0.212954,-0.471271,-1.47217,-0.765682,1.26284,0.952085,-547.184,-508.299,2761.5,815.011,520.894,-1882.04,-2005.36,-819.359,713.376,4167.89,684.524,-60.5022,-3825.74,-379.508,89.5438,-786.665,-2764.26,-1893.05,-1138.15,1330.48,3721.9,-4549.31,2287.66,267.703,-2638.59,-2872.07,3581.78,-691.08,1559.76,-2665.15,-3407.54,531.827,2745.55,-223.138,-3512.96,4957.76,-1430.38,-3610.6,1490.59,-2808.39,2647.86,134.514,1058.66,-2025.01,485.435,3088.29,-408.039,1755.96,-843.537,223.64,-979.537,157.066,-382.401,-1592.82,146.539,630.355,1663.4,390.568,-1767.98,-422.267,-1066.21,3073.98,426.967,1910.6,-1257.09,-400.344,-1141.72,499.265,-2604.22,-1076.11,-4120.46,-2216.12,-5824.17,-626.233,4606.2,242.817,3643.23,1542.24,2193.71,656.864,865.569,271.498,-601.193,3442.11,1343.81,-669.027,-589.169,-124.323,-568.395,1995.34,2199.27,3168.19,1360.03,-1589.59,215.181,-2315.43,-552.459,2949.46,968.289,-1405.52
-250354,0,1,0,1,1,250408,-0.384764,0.00591807,1.98251,0.65987,0.194549,-1.62464,-1.32884,-0.638008,0.776036,1.76188,-0.149657,0.116447,-1.54277,-0.0636614,0.2482,-1.00728,-1.59481,-1.01706,-0.127135,0.559175,1.40119,-1.61276,1.8305,-0.0898098,-1.26576,-1.76124,1.23195,-0.269686,1.22789,-1.59845,-1.56077,0.458786,1.996,-0.185011,-1.75004,1.38731,-0.797919,-1.56933,0.936032,-1.67351,1.35279,0.444837,1.42627,-1.3104,-0.0724454,0.89088,-0.393547,0.886616,0.0264761,-0.478673,-1.03596,0.226382,0.0675763,-1.26799,0.156639,-0.0321617,0.998724,0.212245,-0.63784,-0.775643,-0.788799,1.94885,1.21166,0.828242,-0.92643,-0.62419,-1.08532,0.0134659,-0.922084,-1.04397,-1.82062,-0.720654,-1.94471,-0.376988,1.76676,-0.594025,1.17955,0.313105,1.16384,0.0323358,0.112372,0.276904,0.173359,1.84303,0.871915,-1.30925,-0.819472,-0.271119,0.144731,1.18899,1.07535,1.68402,1.67163,-0.91779,-0.253471,-1.68299,-0.374937,1.42931,0.855572,-1.19532,-0.587223,0.994945,-0.382552,-0.567026,-3.04781,-0.221811,0.054039,0.752735,-0.207693,-1.49266,0.409878,1.07736,-0.629494,1.46191,-1.46539,0.645739,0.902955,1.38299,0.961798,-0.31538,-0.856359,-0.487509,-0.578812,1.50803,-0.297836,-0.828996,0.194405,0.529311,-0.221187,-0.827722,0.044095,0.748704,1.35179,-0.239352,-0.355997,0.134142,-0.53289,-0.355077,-0.0894625,-1.02946,0.901518,1.53176,0.0246273,-0.0574532,-0.932119,0.55726,2.90149,0.00154168,0.868347,0.00288239,-2.23937,0.772898,-0.0575725,-0.638932,0.833424,-1.00963,-0.143208,-0.693629,0.401721,0.303242,-0.560371,-0.901879,-0.723761,0.484956,-1.41984,-0.625566,0.472634,-0.375852,2.59179,-0.697931,-0.351626,0.67518,-0.161427,0.381403,2.24963,0.272982,0.461875,-1.53618,-2.29045,0.262292,-0.27189,-0.530708,-0.0183077,-0.0728004,-0.980658,-0.547981,-0.233124,-0.589978,0.17465,-0.649955,-0.755827,-0.126194,0.230175,-1.05034,-1.73657,3.0911,2.36559,0.164658,1.23934,1.28096,-547.184,-508.299,2761.5,815.011,520.894,-1882.04,-2005.36,-819.359,713.376,4167.89,684.524,-60.5022,-3825.74,-379.508,89.5438,-786.665,-2764.26,-1893.05,-1138.15,1330.48,3721.9,-4549.31,2287.66,267.703,-2638.59,-2872.07,3581.78,-691.08,1559.76,-2665.15,-3407.54,531.827,2745.55,-223.138,-3512.96,4957.76,-1430.38,-3610.6,1490.59,-2808.39,2647.86,134.514,1058.66,-2025.01,485.435,3088.29,-408.039,1755.96,-843.537,223.64,-979.537,157.066,-382.401,-1592.82,146.539,630.355,1663.4,390.568,-1767.98,-422.267,-1066.21,3073.98,426.967,1910.6,-1257.09,-400.344,-1141.72,499.265,-2604.22,-1076.11,-4120.46,-2216.12,-5824.17,-626.233,4606.2,242.817,3643.23,1542.24,2193.71,656.864,865.569,271.498,-601.193,3442.11,1343.81,-669.027,-589.169,-124.323,-568.395,1995.34,2199.27,3168.19,1360.03,-1589.59,215.181,-2315.43,-552.459,2949.46,968.289,-1405.52
-250354,0,1,0,1,1,250409,-0.384764,0.00591807,1.98251,0.65987,0.194549,-1.62464,-1.32884,-0.638008,0.776036,1.76188,-0.149657,0.116447,-1.54277,-0.0636614,0.2482,-1.00728,-1.59481,-1.01706,-0.127135,0.559175,1.40119,-1.61276,1.8305,-0.0898098,-1.26576,-1.76124,1.23195,-0.269686,1.22789,-1.59845,-1.56077,0.458786,1.996,-0.185011,-1.75004,1.38731,-0.797919,-1.56933,0.936032,-1.67351,1.35279,0.444837,1.42627,-1.3104,-0.0724454,0.89088,-0.393547,0.886616,0.0264761,-0.478673,-1.03596,0.226382,0.0675763,-1.26799,0.156639,-0.0321617,0.998724,0.212245,-0.63784,-0.775643,-0.788799,1.94885,1.21166,0.828242,-0.92643,-0.62419,-1.08532,0.0134659,-0.922084,-1.04397,-1.82062,-0.720654,-1.94471,-0.376988,1.76676,-0.594025,1.17955,0.313105,1.16384,0.0323358,0.112372,0.276904,0.173359,1.84303,0.871915,-1.30925,-0.819472,-0.271119,0.144731,1.18899,1.07535,1.68402,1.67163,-0.91779,-0.253471,-1.68299,-0.374937,1.42931,0.855572,-1.19532,0.277926,-0.233758,2.63228,0.707491,1.90539,-2.1906,-1.91658,1.44122,-0.419798,-2.46228,-0.511253,0.471784,-1.42132,0.975297,0.584962,-0.898122,-0.663037,-0.367133,0.0434917,-1.71464,-0.367858,0.676718,-0.988201,-0.720703,-1.03304,-0.574196,-0.440196,-0.228726,-0.181475,0.787381,-0.198412,-0.346759,-0.407585,0.0681004,1.83383,0.495693,-0.329964,0.241046,-1.04711,-1.53518,-1.6403,-1.44755,0.297614,0.18961,0.360324,-0.312963,0.672313,-1.39521,2.12057,-0.102031,-0.651312,-0.300843,-0.244672,-0.660051,0.0479775,0.959284,1.35935,-0.335574,0.117923,0.145376,0.794878,-0.337035,0.806644,-1.21151,-1.78102,-1.65551,-1.20821,-0.282681,-0.0239777,0.922452,1.62099,-0.27756,0.115573,-0.151114,1.03491,-1.16254,-0.968246,0.893461,-0.0254569,0.568259,-1.20269,-0.610483,-0.756108,1.06089,0.0339562,-2.31146,-0.203881,-0.58726,0.525869,1.97603,-0.579398,-0.323052,-1.16436,0.490435,-0.0702477,1.23174,-2.69157,-0.523519,-1.38717,-0.58507,-547.184,-508.299,2761.5,815.011,520.894,-1882.04,-2005.36,-819.359,713.376,4167.89,684.524,-60.5022,-3825.74,-379.508,89.5438,-786.665,-2764.26,-1893.05,-1138.15,1330.48,3721.9,-4549.31,2287.66,267.703,-2638.59,-2872.07,3581.78,-691.08,1559.76,-2665.15,-3407.54,531.827,2745.55,-223.138,-3512.96,4957.76,-1430.38,-3610.6,1490.59,-2808.39,2647.86,134.514,1058.66,-2025.01,485.435,3088.29,-408.039,1755.96,-843.537,223.64,-979.537,157.066,-382.401,-1592.82,146.539,630.355,1663.4,390.568,-1767.98,-422.267,-1066.21,3073.98,426.967,1910.6,-1257.09,-400.344,-1141.72,499.265,-2604.22,-1076.11,-4120.46,-2216.12,-5824.17,-626.233,4606.2,242.817,3643.23,1542.24,2193.71,656.864,865.569,271.498,-601.193,3442.11,1343.81,-669.027,-589.169,-124.323,-568.395,1995.34,2199.27,3168.19,1360.03,-1589.59,215.181,-2315.43,-552.459,2949.46,968.289,-1405.52
-250354,0,1,0,1,1,250418,-0.384764,0.00591807,1.98251,0.65987,0.194549,-1.62464,-1.32884,-0.638008,0.776036,1.76188,-0.149657,0.116447,-1.54277,-0.0636614,0.2482,-1.00728,-1.59481,-1.01706,-0.127135,0.559175,1.40119,-1.61276,1.8305,-0.0898098,-1.26576,-1.76124,1.23195,-0.269686,1.22789,-1.59845,-1.56077,0.458786,1.996,-0.185011,-1.75004,1.38731,-0.797919,-1.56933,0.936032,-1.67351,1.35279,0.444837,1.42627,-1.3104,-0.0724454,0.89088,-0.393547,0.886616,0.0264761,-0.478673,-1.03596,0.226382,0.0675763,-1.26799,0.156639,-0.0321617,0.998724,0.212245,-0.63784,-0.775643,-0.788799,1.94885,1.21166,0.828242,-0.92643,-0.62419,-1.08532,0.0134659,-0.922084,-1.04397,-1.82062,-0.720654,-1.94471,-0.376988,1.76676,-0.594025,1.17955,0.313105,1.16384,0.0323358,0.112372,0.276904,0.173359,1.84303,0.871915,-1.30925,-0.819472,-0.271119,0.144731,1.18899,1.07535,1.68402,1.67163,-0.91779,-0.253471,-1.68299,-0.374937,1.42931,0.855572,-1.19532,-2.40374,-1.34441,-0.122422,-0.960147,-1.27837,0.565814,-0.180672,0.397016,0.544231,2.6952,2.22808,-0.729888,-0.95568,-0.283085,0.534565,1.39231,0.63879,0.160211,-0.282698,-0.570039,0.433276,0.375009,1.05386,-0.282224,-1.63182,-0.92921,-0.583653,0.228684,2.19371,-1.1715,-1.31548,0.528679,0.388015,0.584528,0.0522511,0.833197,-1.26127,0.681167,-0.766238,-1.7307,-1.36963,-0.691471,0.780357,0.674271,-1.98365,2.2475,0.293057,0.728733,-1.13711,-0.27877,0.319689,0.0622492,0.13926,1.09615,-2.2379,1.2883,-0.903094,-0.599685,-0.038637,-1.60886,-0.563417,-1.54265,-0.176655,-1.09329,0.588663,0.103333,-1.59663,-1.21051,1.33988,0.0959334,0.436973,0.543217,-0.958351,-1.32442,1.00157,-1.10544,-0.886049,-1.93895,1.2335,-2.16287,0.609787,-1.04516,2.22869,1.31108,-0.691014,0.54147,0.122787,-1.79932,0.877142,-1.77798,-0.931554,-0.194678,-1.77286,1.53753,1.13293,0.533982,0.559224,-1.1851,0.686143,-0.481837,-547.184,-508.299,2761.5,815.011,520.894,-1882.04,-2005.36,-819.359,713.376,4167.89,684.524,-60.5022,-3825.74,-379.508,89.5438,-786.665,-2764.26,-1893.05,-1138.15,1330.48,3721.9,-4549.31,2287.66,267.703,-2638.59,-2872.07,3581.78,-691.08,1559.76,-2665.15,-3407.54,531.827,2745.55,-223.138,-3512.96,4957.76,-1430.38,-3610.6,1490.59,-2808.39,2647.86,134.514,1058.66,-2025.01,485.435,3088.29,-408.039,1755.96,-843.537,223.64,-979.537,157.066,-382.401,-1592.82,146.539,630.355,1663.4,390.568,-1767.98,-422.267,-1066.21,3073.98,426.967,1910.6,-1257.09,-400.344,-1141.72,499.265,-2604.22,-1076.11,-4120.46,-2216.12,-5824.17,-626.233,4606.2,242.817,3643.23,1542.24,2193.71,656.864,865.569,271.498,-601.193,3442.11,1343.81,-669.027,-589.169,-124.323,-568.395,1995.34,2199.27,3168.19,1360.03,-1589.59,215.181,-2315.43,-552.459,2949.46,968.289,-1405.52
-250354,0,1,0,1,1,250404,-0.384764,0.00591807,1.98251,0.65987,0.194549,-1.62464,-1.32884,-0.638008,0.776036,1.76188,-0.149657,0.116447,-1.54277,-0.0636614,0.2482,-1.00728,-1.59481,-1.01706,-0.127135,0.559175,1.40119,-1.61276,1.8305,-0.0898098,-1.26576,-1.76124,1.23195,-0.269686,1.22789,-1.59845,-1.56077,0.458786,1.996,-0.185011,-1.75004,1.38731,-0.797919,-1.56933,0.936032,-1.67351,1.35279,0.444837,1.42627,-1.3104,-0.0724454,0.89088,-0.393547,0.886616,0.0264761,-0.478673,-1.03596,0.226382,0.0675763,-1.26799,0.156639,-0.0321617,0.998724,0.212245,-0.63784,-0.775643,-0.788799,1.94885,1.21166,0.828242,-0.92643,-0.62419,-1.08532,0.0134659,-0.922084,-1.04397,-1.82062,-0.720654,-1.94471,-0.376988,1.76676,-0.594025,1.17955,0.313105,1.16384,0.0323358,0.112372,0.276904,0.173359,1.84303,0.871915,-1.30925,-0.819472,-0.271119,0.144731,1.18899,1.07535,1.68402,1.67163,-0.91779,-0.253471,-1.68299,-0.374937,1.42931,0.855572,-1.19532,1.63324,-0.56007,-0.115465,0.385973,-0.303198,1.53222,-0.110298,-1.34116,-0.547798,0.473587,1.62503,1.53959,0.282417,0.330745,-1.42957,0.00884568,-1.14091,-1.47431,0.598024,0.32057,1.56244,-0.396747,-0.994256,-0.561102,0.865212,0.878654,0.966179,-2.85655,0.623966,0.0241305,-1.07567,-0.980301,0.217786,2.16233,-0.0172557,0.481886,-0.680998,1.08817,-0.760701,0.121726,0.852363,-1.82324,0.725799,-0.77122,0.190688,0.172204,0.505091,1.11943,-0.605686,0.155532,-0.748044,-0.0660481,0.318045,-1.46826,-0.90687,-0.298984,-0.329538,-0.816919,-0.228451,0.0285819,-0.0844797,0.975011,1.24751,-1.14117,0.0176522,-1.61621,0.0971482,-0.121983,-1.5509,0.559034,0.291451,0.291688,-0.906368,-0.595624,1.64246,0.673041,-2.75772,-0.492055,-1.12806,0.482076,-1.04937,-0.0681466,-0.282837,-0.0167109,2.958,-0.387795,1.04157,-0.376821,-0.616582,-0.00706015,-0.614091,0.124463,-0.195005,-0.0320581,-0.919524,-0.148166,2.26413,-1.51675,-0.687342,0.0958489,-547.184,-508.299,2761.5,815.011,520.894,-1882.04,-2005.36,-819.359,713.376,4167.89,684.524,-60.5022,-3825.74,-379.508,89.5438,-786.665,-2764.26,-1893.05,-1138.15,1330.48,3721.9,-4549.31,2287.66,267.703,-2638.59,-2872.07,3581.78,-691.08,1559.76,-2665.15,-3407.54,531.827,2745.55,-223.138,-3512.96,4957.76,-1430.38,-3610.6,1490.59,-2808.39,2647.86,134.514,1058.66,-2025.01,485.435,3088.29,-408.039,1755.96,-843.537,223.64,-979.537,157.066,-382.401,-1592.82,146.539,630.355,1663.4,390.568,-1767.98,-422.267,-1066.21,3073.98,426.967,1910.6,-1257.09,-400.344,-1141.72,499.265,-2604.22,-1076.11,-4120.46,-2216.12,-5824.17,-626.233,4606.2,242.817,3643.23,1542.24,2193.71,656.864,865.569,271.498,-601.193,3442.11,1343.81,-669.027,-589.169,-124.323,-568.395,1995.34,2199.27,3168.19,1360.03,-1589.59,215.181,-2315.43,-552.459,2949.46,968.289,-1405.52
-250354,0,1,0,1,1,250411,-0.384764,0.00591807,1.98251,0.65987,0.194549,-1.62464,-1.32884,-0.638008,0.776036,1.76188,-0.149657,0.116447,-1.54277,-0.0636614,0.2482,-1.00728,-1.59481,-1.01706,-0.127135,0.559175,1.40119,-1.61276,1.8305,-0.0898098,-1.26576,-1.76124,1.23195,-0.269686,1.22789,-1.59845,-1.56077,0.458786,1.996,-0.185011,-1.75004,1.38731,-0.797919,-1.56933,0.936032,-1.67351,1.35279,0.444837,1.42627,-1.3104,-0.0724454,0.89088,-0.393547,0.886616,0.0264761,-0.478673,-1.03596,0.226382,0.0675763,-1.26799,0.156639,-0.0321617,0.998724,0.212245,-0.63784,-0.775643,-0.788799,1.94885,1.21166,0.828242,-0.92643,-0.62419,-1.08532,0.0134659,-0.922084,-1.04397,-1.82062,-0.720654,-1.94471,-0.376988,1.76676,-0.594025,1.17955,0.313105,1.16384,0.0323358,0.112372,0.276904,0.173359,1.84303,0.871915,-1.30925,-0.819472,-0.271119,0.144731,1.18899,1.07535,1.68402,1.67163,-0.91779,-0.253471,-1.68299,-0.374937,1.42931,0.855572,-1.19532,-1.36914,-1.10339,1.39067,1.44946,0.434062,1.42632,-0.395283,0.513078,-1.22964,1.30055,0.368952,0.419004,-0.709083,0.186743,1.14027,0.438313,2.32334,-1.09066,-0.338591,0.177511,-0.358271,0.755114,1.3679,-1.14011,0.594988,-0.0253095,-1.84902,-0.286292,-1.50232,-0.905123,-0.282094,0.164539,0.551727,-0.305858,-1.4164,-0.672463,0.041794,0.477732,-1.68867,-0.612425,2.18873,-0.413099,0.393101,-1.38638,-1.04566,-1.22534,1.76794,-0.266104,3.62074,-0.995063,0.313994,0.432724,-0.134817,-2.73057,0.571217,-1.3889,-0.255166,-0.694239,-1.06377,-0.36234,-2.99048,0.86759,-0.829055,-1.12378,1.45834,1.18433,-0.342813,-0.116766,-0.0364081,1.06102,-0.528742,-0.807024,-1.32513,-0.436263,1.26207,0.782396,0.278933,0.0636166,-0.239103,-0.299225,0.393669,-1.96782,-0.0771689,-0.890693,1.47804,0.515404,-0.139809,0.341417,0.438468,0.238454,1.25303,0.612346,-0.443846,-0.693695,-0.531733,1.73139,-0.208682,1.08592,0.0958863,-0.157828,-547.184,-508.299,2761.5,815.011,520.894,-1882.04,-2005.36,-819.359,713.376,4167.89,684.524,-60.5022,-3825.74,-379.508,89.5438,-786.665,-2764.26,-1893.05,-1138.15,1330.48,3721.9,-4549.31,2287.66,267.703,-2638.59,-2872.07,3581.78,-691.08,1559.76,-2665.15,-3407.54,531.827,2745.55,-223.138,-3512.96,4957.76,-1430.38,-3610.6,1490.59,-2808.39,2647.86,134.514,1058.66,-2025.01,485.435,3088.29,-408.039,1755.96,-843.537,223.64,-979.537,157.066,-382.401,-1592.82,146.539,630.355,1663.4,390.568,-1767.98,-422.267,-1066.21,3073.98,426.967,1910.6,-1257.09,-400.344,-1141.72,499.265,-2604.22,-1076.11,-4120.46,-2216.12,-5824.17,-626.233,4606.2,242.817,3643.23,1542.24,2193.71,656.864,865.569,271.498,-601.193,3442.11,1343.81,-669.027,-589.169,-124.323,-568.395,1995.34,2199.27,3168.19,1360.03,-1589.59,215.181,-2315.43,-552.459,2949.46,968.289,-1405.52
-250354,0,1,0,1,1,250418,-0.384764,0.00591807,1.98251,0.65987,0.194549,-1.62464,-1.32884,-0.638008,0.776036,1.76188,-0.149657,0.116447,-1.54277,-0.0636614,0.2482,-1.00728,-1.59481,-1.01706,-0.127135,0.559175,1.40119,-1.61276,1.8305,-0.0898098,-1.26576,-1.76124,1.23195,-0.269686,1.22789,-1.59845,-1.56077,0.458786,1.996,-0.185011,-1.75004,1.38731,-0.797919,-1.56933,0.936032,-1.67351,1.35279,0.444837,1.42627,-1.3104,-0.0724454,0.89088,-0.393547,0.886616,0.0264761,-0.478673,-1.03596,0.226382,0.0675763,-1.26799,0.156639,-0.0321617,0.998724,0.212245,-0.63784,-0.775643,-0.788799,1.94885,1.21166,0.828242,-0.92643,-0.62419,-1.08532,0.0134659,-0.922084,-1.04397,-1.82062,-0.720654,-1.94471,-0.376988,1.76676,-0.594025,1.17955,0.313105,1.16384,0.0323358,0.112372,0.276904,0.173359,1.84303,0.871915,-1.30925,-0.819472,-0.271119,0.144731,1.18899,1.07535,1.68402,1.67163,-0.91779,-0.253471,-1.68299,-0.374937,1.42931,0.855572,-1.19532,0.920571,-2.2548,-0.270143,1.85351,1.55009,0.813389,1.71594,-1.27119,0.903443,-0.920135,0.291154,-1.88781,1.40007,-0.293591,0.0436831,0.634441,-1.67981,0.892895,-1.1714,-0.631023,0.708964,0.65196,1.8933,-1.14635,-0.702027,1.91044,-0.248039,1.07415,-1.39033,-0.359655,-2.21834,-0.354597,1.16609,-1.21456,-0.858146,-0.310353,-0.414029,-1.21407,-0.212815,0.980803,0.482892,-1.21093,-1.28956,-1.41484,-1.12416,-0.119252,-0.457053,0.793363,0.528984,0.453526,0.438877,0.635151,0.820564,-2.2023,-0.863556,0.294538,-1.98896,-0.917861,-0.15611,0.765244,1.60091,0.745949,2.53529,-0.248609,-2.07223,0.290504,-0.342631,-2.93895,0.397333,-0.262002,-0.433439,0.631695,0.715222,0.0376174,0.684615,-0.978618,-2.64241,0.0983354,-0.17346,-0.133384,-0.240479,-0.0983902,-0.344906,-1.12879,1.11541,-0.580547,-1.67232,-0.868098,-0.270971,1.80565,0.857978,-0.100692,-0.800447,0.783208,-1.39511,0.101211,-1.11848,-0.289966,2.00996,-0.650342,-547.184,-508.299,2761.5,815.011,520.894,-1882.04,-2005.36,-819.359,713.376,4167.89,684.524,-60.5022,-3825.74,-379.508,89.5438,-786.665,-2764.26,-1893.05,-1138.15,1330.48,3721.9,-4549.31,2287.66,267.703,-2638.59,-2872.07,3581.78,-691.08,1559.76,-2665.15,-3407.54,531.827,2745.55,-223.138,-3512.96,4957.76,-1430.38,-3610.6,1490.59,-2808.39,2647.86,134.514,1058.66,-2025.01,485.435,3088.29,-408.039,1755.96,-843.537,223.64,-979.537,157.066,-382.401,-1592.82,146.539,630.355,1663.4,390.568,-1767.98,-422.267,-1066.21,3073.98,426.967,1910.6,-1257.09,-400.344,-1141.72,499.265,-2604.22,-1076.11,-4120.46,-2216.12,-5824.17,-626.233,4606.2,242.817,3643.23,1542.24,2193.71,656.864,865.569,271.498,-601.193,3442.11,1343.81,-669.027,-589.169,-124.323,-568.395,1995.34,2199.27,3168.19,1360.03,-1589.59,215.181,-2315.43,-552.459,2949.46,968.289,-1405.52
-250354,0,1,0,1,1,250404,-0.384764,0.00591807,1.98251,0.65987,0.194549,-1.62464,-1.32884,-0.638008,0.776036,1.76188,-0.149657,0.116447,-1.54277,-0.0636614,0.2482,-1.00728,-1.59481,-1.01706,-0.127135,0.559175,1.40119,-1.61276,1.8305,-0.0898098,-1.26576,-1.76124,1.23195,-0.269686,1.22789,-1.59845,-1.56077,0.458786,1.996,-0.185011,-1.75004,1.38731,-0.797919,-1.56933,0.936032,-1.67351,1.35279,0.444837,1.42627,-1.3104,-0.0724454,0.89088,-0.393547,0.886616,0.0264761,-0.478673,-1.03596,0.226382,0.0675763,-1.26799,0.156639,-0.0321617,0.998724,0.212245,-0.63784,-0.775643,-0.788799,1.94885,1.21166,0.828242,-0.92643,-0.62419,-1.08532,0.0134659,-0.922084,-1.04397,-1.82062,-0.720654,-1.94471,-0.376988,1.76676,-0.594025,1.17955,0.313105,1.16384,0.0323358,0.112372,0.276904,0.173359,1.84303,0.871915,-1.30925,-0.819472,-0.271119,0.144731,1.18899,1.07535,1.68402,1.67163,-0.91779,-0.253471,-1.68299,-0.374937,1.42931,0.855572,-1.19532,-0.410198,0.303576,-1.04351,0.422264,-1.1048,0.793399,1.39105,-0.406744,1.91323,-1.06559,-1.24513,0.275261,-0.416807,-1.55346,-0.613409,1.80906,1.40327,1.29006,-0.251497,-0.990267,0.0761021,1.42611,-0.0887303,1.55275,1.07072,1.43426,0.672127,0.951484,-0.163859,0.86874,1.54672,-1.19334,0.994383,-1.22375,-0.380804,0.552651,-1.28008,-0.414072,-0.696963,0.865422,0.389777,2.00554,0.304971,-0.168546,0.0153587,-0.326561,0.467461,0.710872,-0.0465833,-0.297203,-1.89339,-1.11228,-1.3279,-0.118389,0.147576,-1.43434,0.639382,1.9434,-1.67534,-0.459341,-0.916103,-0.0541853,-0.439156,-0.0364745,-0.257858,0.560449,0.93364,1.51153,-0.68497,0.297315,0.459209,0.321261,-0.191239,0.979367,-0.59929,2.54842,1.30222,1.90496,1.72989,0.627115,-0.53038,-0.992753,0.381852,-1.36055,-0.749359,-0.54906,0.923311,-0.0883748,0.334668,0.338864,-0.71452,1.17094,0.831641,0.983447,-0.859889,-1.77186,0.00616375,-1.3428,-0.232219,-0.775476,-547.184,-508.299,2761.5,815.011,520.894,-1882.04,-2005.36,-819.359,713.376,4167.89,684.524,-60.5022,-3825.74,-379.508,89.5438,-786.665,-2764.26,-1893.05,-1138.15,1330.48,3721.9,-4549.31,2287.66,267.703,-2638.59,-2872.07,3581.78,-691.08,1559.76,-2665.15,-3407.54,531.827,2745.55,-223.138,-3512.96,4957.76,-1430.38,-3610.6,1490.59,-2808.39,2647.86,134.514,1058.66,-2025.01,485.435,3088.29,-408.039,1755.96,-843.537,223.64,-979.537,157.066,-382.401,-1592.82,146.539,630.355,1663.4,390.568,-1767.98,-422.267,-1066.21,3073.98,426.967,1910.6,-1257.09,-400.344,-1141.72,499.265,-2604.22,-1076.11,-4120.46,-2216.12,-5824.17,-626.233,4606.2,242.817,3643.23,1542.24,2193.71,656.864,865.569,271.498,-601.193,3442.11,1343.81,-669.027,-589.169,-124.323,-568.395,1995.34,2199.27,3168.19,1360.03,-1589.59,215.181,-2315.43,-552.459,2949.46,968.289,-1405.52
-250354,0,1,0,1,1,250404,-0.384764,0.00591807,1.98251,0.65987,0.194549,-1.62464,-1.32884,-0.638008,0.776036,1.76188,-0.149657,0.116447,-1.54277,-0.0636614,0.2482,-1.00728,-1.59481,-1.01706,-0.127135,0.559175,1.40119,-1.61276,1.8305,-0.0898098,-1.26576,-1.76124,1.23195,-0.269686,1.22789,-1.59845,-1.56077,0.458786,1.996,-0.185011,-1.75004,1.38731,-0.797919,-1.56933,0.936032,-1.67351,1.35279,0.444837,1.42627,-1.3104,-0.0724454,0.89088,-0.393547,0.886616,0.0264761,-0.478673,-1.03596,0.226382,0.0675763,-1.26799,0.156639,-0.0321617,0.998724,0.212245,-0.63784,-0.775643,-0.788799,1.94885,1.21166,0.828242,-0.92643,-0.62419,-1.08532,0.0134659,-0.922084,-1.04397,-1.82062,-0.720654,-1.94471,-0.376988,1.76676,-0.594025,1.17955,0.313105,1.16384,0.0323358,0.112372,0.276904,0.173359,1.84303,0.871915,-1.30925,-0.819472,-0.271119,0.144731,1.18899,1.07535,1.68402,1.67163,-0.91779,-0.253471,-1.68299,-0.374937,1.42931,0.855572,-1.19532,-0.352992,0.359944,-0.0624105,0.078273,1.91719,-0.516508,-0.199851,-0.448517,-0.405862,-2.19413,0.700383,-0.0675935,0.403823,1.51041,0.319133,-0.426675,-0.236434,1.53025,-2.98366,0.0746576,0.616973,1.1687,1.05922,-1.21836,1.05594,-0.409619,-0.973556,-0.459823,-0.927505,-1.84845,-1.13813,-2.16346,-0.328793,-0.733948,0.435822,0.782936,2.14776,0.209244,-0.403694,-0.626055,-0.703349,1.06952,-1.2456,0.470358,0.686331,-0.302597,-0.110461,1.23733,-0.065522,-0.600821,0.394376,-0.854396,-2.17802,-0.635607,-1.86402,0.366708,0.0362696,0.846021,-1.5362,1.95009,-1.85825,-0.100261,0.342231,-0.161541,0.221167,0.877288,-0.0496594,-0.377138,0.347484,0.11112,0.410838,-0.0948306,-0.0267576,-1.15832,-1.34463,0.22166,-0.103678,0.638756,-1.52709,0.811255,-0.568924,1.00548,-1.01543,0.045871,1.04933,0.114836,-0.898468,0.0240823,0.190355,1.72845,-1.2542,0.459511,-0.455605,0.910125,-1.04955,-0.557159,-2.16129,0.517931,-1.21087,0.41122,-547.184,-508.299,2761.5,815.011,520.894,-1882.04,-2005.36,-819.359,713.376,4167.89,684.524,-60.5022,-3825.74,-379.508,89.5438,-786.665,-2764.26,-1893.05,-1138.15,1330.48,3721.9,-4549.31,2287.66,267.703,-2638.59,-2872.07,3581.78,-691.08,1559.76,-2665.15,-3407.54,531.827,2745.55,-223.138,-3512.96,4957.76,-1430.38,-3610.6,1490.59,-2808.39,2647.86,134.514,1058.66,-2025.01,485.435,3088.29,-408.039,1755.96,-843.537,223.64,-979.537,157.066,-382.401,-1592.82,146.539,630.355,1663.4,390.568,-1767.98,-422.267,-1066.21,3073.98,426.967,1910.6,-1257.09,-400.344,-1141.72,499.265,-2604.22,-1076.11,-4120.46,-2216.12,-5824.17,-626.233,4606.2,242.817,3643.23,1542.24,2193.71,656.864,865.569,271.498,-601.193,3442.11,1343.81,-669.027,-589.169,-124.323,-568.395,1995.34,2199.27,3168.19,1360.03,-1589.59,215.181,-2315.43,-552.459,2949.46,968.289,-1405.52
-250354,0,1,0,1,1,250397,-0.384764,0.00591807,1.98251,0.65987,0.194549,-1.62464,-1.32884,-0.638008,0.776036,1.76188,-0.149657,0.116447,-1.54277,-0.0636614,0.2482,-1.00728,-1.59481,-1.01706,-0.127135,0.559175,1.40119,-1.61276,1.8305,-0.0898098,-1.26576,-1.76124,1.23195,-0.269686,1.22789,-1.59845,-1.56077,0.458786,1.996,-0.185011,-1.75004,1.38731,-0.797919,-1.56933,0.936032,-1.67351,1.35279,0.444837,1.42627,-1.3104,-0.0724454,0.89088,-0.393547,0.886616,0.0264761,-0.478673,-1.03596,0.226382,0.0675763,-1.26799,0.156639,-0.0321617,0.998724,0.212245,-0.63784,-0.775643,-0.788799,1.94885,1.21166,0.828242,-0.92643,-0.62419,-1.08532,0.0134659,-0.922084,-1.04397,-1.82062,-0.720654,-1.94471,-0.376988,1.76676,-0.594025,1.17955,0.313105,1.16384,0.0323358,0.112372,0.276904,0.173359,1.84303,0.871915,-1.30925,-0.819472,-0.271119,0.144731,1.18899,1.07535,1.68402,1.67163,-0.91779,-0.253471,-1.68299,-0.374937,1.42931,0.855572,-1.19532,0.123024,0.85453,-0.935839,1.0271,0.263544,0.131444,-0.384448,0.747023,-0.909534,0.906409,1.27138,0.456271,-0.942943,0.0168588,1.79672,-2.05249,1.12282,-0.293832,-0.6405,0.224305,1.40624,-0.919519,0.57292,1.70195,-1.14061,0.0517689,-0.402811,-0.363167,-2.05835,-0.883072,-2.83687,0.952714,-1.22714,0.128625,-0.876877,0.222886,0.503343,-0.68077,-0.263647,0.723286,-0.200322,0.128319,0.752198,-0.218711,-0.476389,-0.719296,0.880456,-0.0150623,0.188933,1.03879,-1.25706,0.21198,0.477763,0.872311,0.297544,1.8533,-0.0136389,-0.774776,0.807472,-0.0610705,-0.508909,0.320627,-0.0109378,2.14844,0.553905,0.462559,0.404874,-0.635109,-0.106141,-1.19608,1.04497,-0.811524,-0.345901,-0.142714,-0.871542,-0.854426,-0.373927,-0.52928,-0.352887,0.500053,-0.478357,-1.17877,0.21062,0.365249,1.04128,0.294014,-2.18707,-1.91716,0.927372,-1.62495,-0.518642,0.671338,-0.10354,-0.536705,0.588346,-1.40951,-0.367919,1.04945,-0.0103461,-0.957964,-547.184,-508.299,2761.5,815.011,520.894,-1882.04,-2005.36,-819.359,713.376,4167.89,684.524,-60.5022,-3825.74,-379.508,89.5438,-786.665,-2764.26,-1893.05,-1138.15,1330.48,3721.9,-4549.31,2287.66,267.703,-2638.59,-2872.07,3581.78,-691.08,1559.76,-2665.15,-3407.54,531.827,2745.55,-223.138,-3512.96,4957.76,-1430.38,-3610.6,1490.59,-2808.39,2647.86,134.514,1058.66,-2025.01,485.435,3088.29,-408.039,1755.96,-843.537,223.64,-979.537,157.066,-382.401,-1592.82,146.539,630.355,1663.4,390.568,-1767.98,-422.267,-1066.21,3073.98,426.967,1910.6,-1257.09,-400.344,-1141.72,499.265,-2604.22,-1076.11,-4120.46,-2216.12,-5824.17,-626.233,4606.2,242.817,3643.23,1542.24,2193.71,656.864,865.569,271.498,-601.193,3442.11,1343.81,-669.027,-589.169,-124.323,-568.395,1995.34,2199.27,3168.19,1360.03,-1589.59,215.181,-2315.43,-552.459,2949.46,968.289,-1405.52
-250354,0,1,0,1,1,250397,-0.384764,0.00591807,1.98251,0.65987,0.194549,-1.62464,-1.32884,-0.638008,0.776036,1.76188,-0.149657,0.116447,-1.54277,-0.0636614,0.2482,-1.00728,-1.59481,-1.01706,-0.127135,0.559175,1.40119,-1.61276,1.8305,-0.0898098,-1.26576,-1.76124,1.23195,-0.269686,1.22789,-1.59845,-1.56077,0.458786,1.996,-0.185011,-1.75004,1.38731,-0.797919,-1.56933,0.936032,-1.67351,1.35279,0.444837,1.42627,-1.3104,-0.0724454,0.89088,-0.393547,0.886616,0.0264761,-0.478673,-1.03596,0.226382,0.0675763,-1.26799,0.156639,-0.0321617,0.998724,0.212245,-0.63784,-0.775643,-0.788799,1.94885,1.21166,0.828242,-0.92643,-0.62419,-1.08532,0.0134659,-0.922084,-1.04397,-1.82062,-0.720654,-1.94471,-0.376988,1.76676,-0.594025,1.17955,0.313105,1.16384,0.0323358,0.112372,0.276904,0.173359,1.84303,0.871915,-1.30925,-0.819472,-0.271119,0.144731,1.18899,1.07535,1.68402,1.67163,-0.91779,-0.253471,-1.68299,-0.374937,1.42931,0.855572,-1.19532,0.146343,-0.10223,0.763176,1.20383,-1.1494,0.545015,-1.0198,-0.353631,0.413774,-0.829536,-1.40577,1.97776,0.122019,1.4125,-1.13551,-0.749628,-0.1992,1.91234,-0.724107,1.19162,-0.356797,0.264596,-0.609965,0.493,1.87116,0.79897,0.770827,1.15429,-0.725455,0.0428456,-0.849813,0.261418,0.21475,-0.525707,-0.0477756,-0.210687,0.676198,-1.90671,0.487408,2.27974,0.176368,-0.0253715,-0.978353,-0.747268,0.66501,0.690512,-0.775685,-0.274198,-0.496629,-0.695148,-0.0157149,0.277725,-1.71357,-0.296104,-0.126857,-0.32772,0.664791,-0.224958,1.27568,0.442613,0.321152,0.992505,-2.36923,1.69707,-0.236537,0.119132,0.567455,0.0151171,-0.131183,-0.233627,-0.112751,1.065,-1.07605,0.0764847,0.407201,1.69395,2.00128,-0.264916,-0.739191,-0.209465,0.790509,-0.586614,0.622566,0.869345,0.198531,-0.761428,2.03163,0.285875,-0.831034,-0.432088,-0.388376,-0.953941,-0.107928,0.8938,1.10856,0.839284,0.574039,-0.239059,0.337537,2.17154,-547.184,-508.299,2761.5,815.011,520.894,-1882.04,-2005.36,-819.359,713.376,4167.89,684.524,-60.5022,-3825.74,-379.508,89.5438,-786.665,-2764.26,-1893.05,-1138.15,1330.48,3721.9,-4549.31,2287.66,267.703,-2638.59,-2872.07,3581.78,-691.08,1559.76,-2665.15,-3407.54,531.827,2745.55,-223.138,-3512.96,4957.76,-1430.38,-3610.6,1490.59,-2808.39,2647.86,134.514,1058.66,-2025.01,485.435,3088.29,-408.039,1755.96,-843.537,223.64,-979.537,157.066,-382.401,-1592.82,146.539,630.355,1663.4,390.568,-1767.98,-422.267,-1066.21,3073.98,426.967,1910.6,-1257.09,-400.344,-1141.72,499.265,-2604.22,-1076.11,-4120.46,-2216.12,-5824.17,-626.233,4606.2,242.817,3643.23,1542.24,2193.71,656.864,865.569,271.498,-601.193,3442.11,1343.81,-669.027,-589.169,-124.323,-568.395,1995.34,2199.27,3168.19,1360.03,-1589.59,215.181,-2315.43,-552.459,2949.46,968.289,-1405.52
-250354,0,1,0,1,1,250400,-0.384764,0.00591807,1.98251,0.65987,0.194549,-1.62464,-1.32884,-0.638008,0.776036,1.76188,-0.149657,0.116447,-1.54277,-0.0636614,0.2482,-1.00728,-1.59481,-1.01706,-0.127135,0.559175,1.40119,-1.61276,1.8305,-0.0898098,-1.26576,-1.76124,1.23195,-0.269686,1.22789,-1.59845,-1.56077,0.458786,1.996,-0.185011,-1.75004,1.38731,-0.797919,-1.56933,0.936032,-1.67351,1.35279,0.444837,1.42627,-1.3104,-0.0724454,0.89088,-0.393547,0.886616,0.0264761,-0.478673,-1.03596,0.226382,0.0675763,-1.26799,0.156639,-0.0321617,0.998724,0.212245,-0.63784,-0.775643,-0.788799,1.94885,1.21166,0.828242,-0.92643,-0.62419,-1.08532,0.0134659,-0.922084,-1.04397,-1.82062,-0.720654,-1.94471,-0.376988,1.76676,-0.594025,1.17955,0.313105,1.16384,0.0323358,0.112372,0.276904,0.173359,1.84303,0.871915,-1.30925,-0.819472,-0.271119,0.144731,1.18899,1.07535,1.68402,1.67163,-0.91779,-0.253471,-1.68299,-0.374937,1.42931,0.855572,-1.19532,-0.172014,0.105152,0.19648,-1.66975,0.319097,-0.414105,-1.06055,-1.19612,2.16929,0.160151,0.589862,-0.222353,1.63141,0.869521,0.0893032,0.264128,-1.01016,0.855395,-1.57962,0.109265,-0.298934,-1.41068,-0.0648864,0.321826,2.91006,-0.453279,0.522559,0.356903,0.241926,-1.2926,0.182553,0.131542,-0.253435,-0.440174,0.767215,1.33417,0.288369,0.106112,0.467531,-0.106378,-0.98299,1.01953,-0.115576,0.673604,-1.57682,-0.364975,-0.505483,-0.217193,0.153912,-1.13843,-1.88865,1.30556,0.473869,-0.352062,2.5893,-0.266611,-1.72591,-0.399151,-0.376313,-0.917363,-1.62169,-0.216208,-0.361862,1.59905,1.00782,-0.50702,-0.150819,-0.926422,-0.330175,0.679215,-1.14505,-0.421043,1.52933,0.786261,0.647382,1.03927,-0.338051,-0.302103,0.57823,0.252067,2.03573,-1.64212,0.0894053,0.548919,0.513818,-0.11891,0.682953,-1.28498,-1.01772,0.621849,-0.615958,1.22934,-0.416682,1.14415,-0.0480599,1.06177,-0.599951,0.636567,-0.476883,1.93576,-547.184,-508.299,2761.5,815.011,520.894,-1882.04,-2005.36,-819.359,713.376,4167.89,684.524,-60.5022,-3825.74,-379.508,89.5438,-786.665,-2764.26,-1893.05,-1138.15,1330.48,3721.9,-4549.31,2287.66,267.703,-2638.59,-2872.07,3581.78,-691.08,1559.76,-2665.15,-3407.54,531.827,2745.55,-223.138,-3512.96,4957.76,-1430.38,-3610.6,1490.59,-2808.39,2647.86,134.514,1058.66,-2025.01,485.435,3088.29,-408.039,1755.96,-843.537,223.64,-979.537,157.066,-382.401,-1592.82,146.539,630.355,1663.4,390.568,-1767.98,-422.267,-1066.21,3073.98,426.967,1910.6,-1257.09,-400.344,-1141.72,499.265,-2604.22,-1076.11,-4120.46,-2216.12,-5824.17,-626.233,4606.2,242.817,3643.23,1542.24,2193.71,656.864,865.569,271.498,-601.193,3442.11,1343.81,-669.027,-589.169,-124.323,-568.395,1995.34,2199.27,3168.19,1360.03,-1589.59,215.181,-2315.43,-552.459,2949.46,968.289,-1405.52
-250354,0,1,0,1,1,250405,-0.384764,0.00591807,1.98251,0.65987,0.194549,-1.62464,-1.32884,-0.638008,0.776036,1.76188,-0.149657,0.116447,-1.54277,-0.0636614,0.2482,-1.00728,-1.59481,-1.01706,-0.127135,0.559175,1.40119,-1.61276,1.8305,-0.0898098,-1.26576,-1.76124,1.23195,-0.269686,1.22789,-1.59845,-1.56077,0.458786,1.996,-0.185011,-1.75004,1.38731,-0.797919,-1.56933,0.936032,-1.67351,1.35279,0.444837,1.42627,-1.3104,-0.0724454,0.89088,-0.393547,0.886616,0.0264761,-0.478673,-1.03596,0.226382,0.0675763,-1.26799,0.156639,-0.0321617,0.998724,0.212245,-0.63784,-0.775643,-0.788799,1.94885,1.21166,0.828242,-0.92643,-0.62419,-1.08532,0.0134659,-0.922084,-1.04397,-1.82062,-0.720654,-1.94471,-0.376988,1.76676,-0.594025,1.17955,0.313105,1.16384,0.0323358,0.112372,0.276904,0.173359,1.84303,0.871915,-1.30925,-0.819472,-0.271119,0.144731,1.18899,1.07535,1.68402,1.67163,-0.91779,-0.253471,-1.68299,-0.374937,1.42931,0.855572,-1.19532,2.62033,1.26445,0.245803,1.39541,1.90122,-0.18439,-0.756154,0.257182,-0.916345,1.51348,-0.550783,0.727533,1.11433,-0.831829,1.08803,-2.07141,-0.527796,-0.107069,0.700347,1.18504,1.00362,0.162009,0.398465,-0.286739,0.503968,0.510852,-2.15498,0.834494,-0.530523,-0.0460473,0.927877,0.299367,-0.49707,0.217534,-1.40884,-0.671146,-1.52793,-0.274314,0.138788,1.61466,-1.85052,-0.209817,-0.626157,1.56468,-1.15449,-0.107213,-0.0305927,0.162078,-0.0782802,-0.940422,2.62133,1.68005,0.814139,-0.975352,1.38422,-0.495788,1.26008,0.0872782,1.35094,-0.0441055,1.29999,-1.78585,-0.31726,0.41244,-0.688674,1.01439,-0.412009,-0.765714,0.985865,-0.828829,-0.58467,-0.454122,-0.703807,0.319891,0.0951324,1.52035,-0.524965,-0.532569,0.614838,0.244503,2.2454,-1.06257,-0.274318,0.64576,0.64505,-0.653678,0.794416,-0.614611,-0.0641692,0.0868291,-1.7076,0.459416,-1.245,0.490567,-1.02025,1.27325,-1.20741,0.0900911,0.184677,0.993767,-547.184,-508.299,2761.5,815.011,520.894,-1882.04,-2005.36,-819.359,713.376,4167.89,684.524,-60.5022,-3825.74,-379.508,89.5438,-786.665,-2764.26,-1893.05,-1138.15,1330.48,3721.9,-4549.31,2287.66,267.703,-2638.59,-2872.07,3581.78,-691.08,1559.76,-2665.15,-3407.54,531.827,2745.55,-223.138,-3512.96,4957.76,-1430.38,-3610.6,1490.59,-2808.39,2647.86,134.514,1058.66,-2025.01,485.435,3088.29,-408.039,1755.96,-843.537,223.64,-979.537,157.066,-382.401,-1592.82,146.539,630.355,1663.4,390.568,-1767.98,-422.267,-1066.21,3073.98,426.967,1910.6,-1257.09,-400.344,-1141.72,499.265,-2604.22,-1076.11,-4120.46,-2216.12,-5824.17,-626.233,4606.2,242.817,3643.23,1542.24,2193.71,656.864,865.569,271.498,-601.193,3442.11,1343.81,-669.027,-589.169,-124.323,-568.395,1995.34,2199.27,3168.19,1360.03,-1589.59,215.181,-2315.43,-552.459,2949.46,968.289,-1405.52
-250354,0,1,0,1,1,250396,-0.384764,0.00591807,1.98251,0.65987,0.194549,-1.62464,-1.32884,-0.638008,0.776036,1.76188,-0.149657,0.116447,-1.54277,-0.0636614,0.2482,-1.00728,-1.59481,-1.01706,-0.127135,0.559175,1.40119,-1.61276,1.8305,-0.0898098,-1.26576,-1.76124,1.23195,-0.269686,1.22789,-1.59845,-1.56077,0.458786,1.996,-0.185011,-1.75004,1.38731,-0.797919,-1.56933,0.936032,-1.67351,1.35279,0.444837,1.42627,-1.3104,-0.0724454,0.89088,-0.393547,0.886616,0.0264761,-0.478673,-1.03596,0.226382,0.0675763,-1.26799,0.156639,-0.0321617,0.998724,0.212245,-0.63784,-0.775643,-0.788799,1.94885,1.21166,0.828242,-0.92643,-0.62419,-1.08532,0.0134659,-0.922084,-1.04397,-1.82062,-0.720654,-1.94471,-0.376988,1.76676,-0.594025,1.17955,0.313105,1.16384,0.0323358,0.112372,0.276904,0.173359,1.84303,0.871915,-1.30925,-0.819472,-0.271119,0.144731,1.18899,1.07535,1.68402,1.67163,-0.91779,-0.253471,-1.68299,-0.374937,1.42931,0.855572,-1.19532,-0.335869,-0.915248,-0.272284,0.218853,-1.59703,-0.983928,0.957143,-1.64077,-0.260155,-1.65004,-0.545653,0.117817,-0.10001,-0.499755,0.122631,1.25708,-0.88664,-0.00449239,-0.866719,0.127042,0.983359,1.29731,-0.727327,-1.2167,-0.439102,0.822744,0.991394,-0.52788,3.00513,0.592891,-0.765559,-1.10315,0.0324914,-0.738772,-0.167971,0.11879,-0.564872,-2.2799,0.845851,-0.390745,1.14034,0.089217,0.712569,1.55646,0.109764,0.993696,-0.0282666,-0.455341,0.716255,-1.23828,-0.305869,-0.159531,0.375625,0.758197,-0.580779,0.5364,0.233264,1.08545,0.395422,-0.584472,0.226835,0.0450531,1.32799,0.734184,0.478739,1.01564,1.14548,-0.248034,-0.659307,0.754629,-1.75889,0.762152,0.798335,-0.949426,1.01793,-0.560715,-0.435637,-0.696572,-1.95852,0.55212,0.392585,-0.0285999,1.20622,-1.93084,0.0451724,0.411762,-0.186908,-1.40468,0.459997,1.39664,0.57165,-0.646627,0.791402,-1.07692,-0.498724,0.573662,0.607892,-0.0507199,-0.977928,1.55882,-547.184,-508.299,2761.5,815.011,520.894,-1882.04,-2005.36,-819.359,713.376,4167.89,684.524,-60.5022,-3825.74,-379.508,89.5438,-786.665,-2764.26,-1893.05,-1138.15,1330.48,3721.9,-4549.31,2287.66,267.703,-2638.59,-2872.07,3581.78,-691.08,1559.76,-2665.15,-3407.54,531.827,2745.55,-223.138,-3512.96,4957.76,-1430.38,-3610.6,1490.59,-2808.39,2647.86,134.514,1058.66,-2025.01,485.435,3088.29,-408.039,1755.96,-843.537,223.64,-979.537,157.066,-382.401,-1592.82,146.539,630.355,1663.4,390.568,-1767.98,-422.267,-1066.21,3073.98,426.967,1910.6,-1257.09,-400.344,-1141.72,499.265,-2604.22,-1076.11,-4120.46,-2216.12,-5824.17,-626.233,4606.2,242.817,3643.23,1542.24,2193.71,656.864,865.569,271.498,-601.193,3442.11,1343.81,-669.027,-589.169,-124.323,-568.395,1995.34,2199.27,3168.19,1360.03,-1589.59,215.181,-2315.43,-552.459,2949.46,968.289,-1405.52
-250354,0,1,0,1,1,250405,-0.384764,0.00591807,1.98251,0.65987,0.194549,-1.62464,-1.32884,-0.638008,0.776036,1.76188,-0.149657,0.116447,-1.54277,-0.0636614,0.2482,-1.00728,-1.59481,-1.01706,-0.127135,0.559175,1.40119,-1.61276,1.8305,-0.0898098,-1.26576,-1.76124,1.23195,-0.269686,1.22789,-1.59845,-1.56077,0.458786,1.996,-0.185011,-1.75004,1.38731,-0.797919,-1.56933,0.936032,-1.67351,1.35279,0.444837,1.42627,-1.3104,-0.0724454,0.89088,-0.393547,0.886616,0.0264761,-0.478673,-1.03596,0.226382,0.0675763,-1.26799,0.156639,-0.0321617,0.998724,0.212245,-0.63784,-0.775643,-0.788799,1.94885,1.21166,0.828242,-0.92643,-0.62419,-1.08532,0.0134659,-0.922084,-1.04397,-1.82062,-0.720654,-1.94471,-0.376988,1.76676,-0.594025,1.17955,0.313105,1.16384,0.0323358,0.112372,0.276904,0.173359,1.84303,0.871915,-1.30925,-0.819472,-0.271119,0.144731,1.18899,1.07535,1.68402,1.67163,-0.91779,-0.253471,-1.68299,-0.374937,1.42931,0.855572,-1.19532,1.03497,-0.65006,0.257563,1.09757,-1.33125,-1.27795,0.303428,1.06626,0.895176,-0.798464,2.02553,-0.943167,1.57697,-0.227643,-0.16658,1.87295,1.12434,-1.6373,-0.835337,-0.676236,-0.609595,-0.694225,-0.188685,0.665089,0.389575,-1.42786,0.331169,1.02006,-0.735027,-1.78782,-0.810566,0.837604,-0.46712,-0.116646,-0.221399,-0.3471,0.844549,0.431822,0.351675,0.186899,0.171282,1.26845,0.792104,-1.14704,0.800189,0.0905633,-0.917985,0.0269598,-0.416023,-1.13514,0.195422,-1.16445,0.407065,0.464819,-0.742027,2.54834,1.41417,-0.774203,1.30524,0.236342,-0.279662,1.69016,-0.974692,0.284775,-0.749748,-0.172568,0.848328,-1.52879,-1.04045,-1.97442,1.24041,1.8463,-0.766455,-0.585847,0.779391,0.172212,-0.644543,1.74952,0.781015,-1.6897,-1.02005,0.289336,0.388802,-0.80017,0.381169,-1.07414,1.08368,1.65848,-0.339365,0.439008,-1.08476,1.75402,-0.327489,1.76036,-1.80943,0.659267,0.294581,0.111931,0.147066,1.19263,-547.184,-508.299,2761.5,815.011,520.894,-1882.04,-2005.36,-819.359,713.376,4167.89,684.524,-60.5022,-3825.74,-379.508,89.5438,-786.665,-2764.26,-1893.05,-1138.15,1330.48,3721.9,-4549.31,2287.66,267.703,-2638.59,-2872.07,3581.78,-691.08,1559.76,-2665.15,-3407.54,531.827,2745.55,-223.138,-3512.96,4957.76,-1430.38,-3610.6,1490.59,-2808.39,2647.86,134.514,1058.66,-2025.01,485.435,3088.29,-408.039,1755.96,-843.537,223.64,-979.537,157.066,-382.401,-1592.82,146.539,630.355,1663.4,390.568,-1767.98,-422.267,-1066.21,3073.98,426.967,1910.6,-1257.09,-400.344,-1141.72,499.265,-2604.22,-1076.11,-4120.46,-2216.12,-5824.17,-626.233,4606.2,242.817,3643.23,1542.24,2193.71,656.864,865.569,271.498,-601.193,3442.11,1343.81,-669.027,-589.169,-124.323,-568.395,1995.34,2199.27,3168.19,1360.03,-1589.59,215.181,-2315.43,-552.459,2949.46,968.289,-1405.52
-250354,0,1,0,1,1,250420,-0.384764,0.00591807,1.98251,0.65987,0.194549,-1.62464,-1.32884,-0.638008,0.776036,1.76188,-0.149657,0.116447,-1.54277,-0.0636614,0.2482,-1.00728,-1.59481,-1.01706,-0.127135,0.559175,1.40119,-1.61276,1.8305,-0.0898098,-1.26576,-1.76124,1.23195,-0.269686,1.22789,-1.59845,-1.56077,0.458786,1.996,-0.185011,-1.75004,1.38731,-0.797919,-1.56933,0.936032,-1.67351,1.35279,0.444837,1.42627,-1.3104,-0.0724454,0.89088,-0.393547,0.886616,0.0264761,-0.478673,-1.03596,0.226382,0.0675763,-1.26799,0.156639,-0.0321617,0.998724,0.212245,-0.63784,-0.775643,-0.788799,1.94885,1.21166,0.828242,-0.92643,-0.62419,-1.08532,0.0134659,-0.922084,-1.04397,-1.82062,-0.720654,-1.94471,-0.376988,1.76676,-0.594025,1.17955,0.313105,1.16384,0.0323358,0.112372,0.276904,0.173359,1.84303,0.871915,-1.30925,-0.819472,-0.271119,0.144731,1.18899,1.07535,1.68402,1.67163,-0.91779,-0.253471,-1.68299,-0.374937,1.42931,0.855572,-1.19532,0.859344,-0.213427,-1.92374,0.48913,-0.78094,0.689508,2.79559,1.34951,0.0942096,-1.03796,-0.98232,1.07249,-1.11543,2.70818,-0.698301,0.207642,-0.887445,0.79411,-0.261048,-0.126632,-1.33838,0.875739,-1.50995,-1.35466,-1.52007,-2.17791,-0.490509,-1.20847,-0.0836546,1.59692,-0.294694,-2.16494,0.330433,-0.376494,-1.29473,1.92641,1.96923,0.131579,-1.99045,0.358316,0.604047,-1.60025,0.0226886,0.679873,-1.72361,1.23793,-1.05213,0.820857,-0.727825,-0.931638,0.478749,-2.30134,0.970425,-0.624064,0.00824665,0.436786,-0.397052,0.101463,0.430939,-0.442355,-0.392899,-0.65199,-1.32365,-1.93019,-0.894814,-2.26954,0.840658,-0.648635,0.209001,0.578367,-0.525771,-0.287045,1.13465,-0.013112,-0.337223,-1.86549,-0.77257,0.418636,0.0646745,-0.17996,1.67503,0.757383,-0.897192,2.491,0.438599,0.845042,0.32093,1.89411,-2.31082,0.295973,0.367736,0.0298643,-1.3924,-1.28758,-0.0607562,-0.578697,0.769925,0.457113,-0.716783,-1.5804,-547.184,-508.299,2761.5,815.011,520.894,-1882.04,-2005.36,-819.359,713.376,4167.89,684.524,-60.5022,-3825.74,-379.508,89.5438,-786.665,-2764.26,-1893.05,-1138.15,1330.48,3721.9,-4549.31,2287.66,267.703,-2638.59,-2872.07,3581.78,-691.08,1559.76,-2665.15,-3407.54,531.827,2745.55,-223.138,-3512.96,4957.76,-1430.38,-3610.6,1490.59,-2808.39,2647.86,134.514,1058.66,-2025.01,485.435,3088.29,-408.039,1755.96,-843.537,223.64,-979.537,157.066,-382.401,-1592.82,146.539,630.355,1663.4,390.568,-1767.98,-422.267,-1066.21,3073.98,426.967,1910.6,-1257.09,-400.344,-1141.72,499.265,-2604.22,-1076.11,-4120.46,-2216.12,-5824.17,-626.233,4606.2,242.817,3643.23,1542.24,2193.71,656.864,865.569,271.498,-601.193,3442.11,1343.81,-669.027,-589.169,-124.323,-568.395,1995.34,2199.27,3168.19,1360.03,-1589.59,215.181,-2315.43,-552.459,2949.46,968.289,-1405.52
-250354,0,1,0,1,1,250406,-0.384764,0.00591807,1.98251,0.65987,0.194549,-1.62464,-1.32884,-0.638008,0.776036,1.76188,-0.149657,0.116447,-1.54277,-0.0636614,0.2482,-1.00728,-1.59481,-1.01706,-0.127135,0.559175,1.40119,-1.61276,1.8305,-0.0898098,-1.26576,-1.76124,1.23195,-0.269686,1.22789,-1.59845,-1.56077,0.458786,1.996,-0.185011,-1.75004,1.38731,-0.797919,-1.56933,0.936032,-1.67351,1.35279,0.444837,1.42627,-1.3104,-0.0724454,0.89088,-0.393547,0.886616,0.0264761,-0.478673,-1.03596,0.226382,0.0675763,-1.26799,0.156639,-0.0321617,0.998724,0.212245,-0.63784,-0.775643,-0.788799,1.94885,1.21166,0.828242,-0.92643,-0.62419,-1.08532,0.0134659,-0.922084,-1.04397,-1.82062,-0.720654,-1.94471,-0.376988,1.76676,-0.594025,1.17955,0.313105,1.16384,0.0323358,0.112372,0.276904,0.173359,1.84303,0.871915,-1.30925,-0.819472,-0.271119,0.144731,1.18899,1.07535,1.68402,1.67163,-0.91779,-0.253471,-1.68299,-0.374937,1.42931,0.855572,-1.19532,-0.511275,2.16532,0.113777,1.38609,0.687303,-1.7573,1.63511,-0.781726,-0.477648,-0.0942473,-0.766665,2.25259,-0.58054,0.696575,-1.14067,0.0421835,0.196187,1.33889,0.632666,1.40168,-0.158913,1.13787,0.0630354,-0.341084,-0.255063,-0.612851,0.97563,-0.563038,-0.558489,-0.0843281,-2.34496,-1.04209,0.0211285,0.199695,-0.482023,1.2412,0.576942,0.0346272,1.38751,-0.362532,-0.231201,-0.199062,0.533125,0.352626,0.611015,1.26331,0.572434,0.590987,0.289982,1.20334,0.0914451,-1.7883,-0.705797,-2.02119,0.0885957,-0.560739,0.73188,0.17618,-1.59233,0.310505,0.327726,-1.93766,1.01446,0.294433,0.949113,-0.304661,-0.389587,0.79138,1.1135,0.332122,-2.41455,0.930614,0.961989,-1.04244,0.696617,0.4579,1.49214,0.682599,2.06494,0.853636,-1.71307,-1.42847,1.77518,0.269484,-0.601548,-0.679192,-0.739589,-0.384743,1.26642,0.137051,0.36114,1.60311,-1.80551,-0.198111,-0.276143,1.76703,0.530189,-0.879045,0.447615,-0.269261,-547.184,-508.299,2761.5,815.011,520.894,-1882.04,-2005.36,-819.359,713.376,4167.89,684.524,-60.5022,-3825.74,-379.508,89.5438,-786.665,-2764.26,-1893.05,-1138.15,1330.48,3721.9,-4549.31,2287.66,267.703,-2638.59,-2872.07,3581.78,-691.08,1559.76,-2665.15,-3407.54,531.827,2745.55,-223.138,-3512.96,4957.76,-1430.38,-3610.6,1490.59,-2808.39,2647.86,134.514,1058.66,-2025.01,485.435,3088.29,-408.039,1755.96,-843.537,223.64,-979.537,157.066,-382.401,-1592.82,146.539,630.355,1663.4,390.568,-1767.98,-422.267,-1066.21,3073.98,426.967,1910.6,-1257.09,-400.344,-1141.72,499.265,-2604.22,-1076.11,-4120.46,-2216.12,-5824.17,-626.233,4606.2,242.817,3643.23,1542.24,2193.71,656.864,865.569,271.498,-601.193,3442.11,1343.81,-669.027,-589.169,-124.323,-568.395,1995.34,2199.27,3168.19,1360.03,-1589.59,215.181,-2315.43,-552.459,2949.46,968.289,-1405.52
-250354,0,1,0,1,1,250400,-0.384764,0.00591807,1.98251,0.65987,0.194549,-1.62464,-1.32884,-0.638008,0.776036,1.76188,-0.149657,0.116447,-1.54277,-0.0636614,0.2482,-1.00728,-1.59481,-1.01706,-0.127135,0.559175,1.40119,-1.61276,1.8305,-0.0898098,-1.26576,-1.76124,1.23195,-0.269686,1.22789,-1.59845,-1.56077,0.458786,1.996,-0.185011,-1.75004,1.38731,-0.797919,-1.56933,0.936032,-1.67351,1.35279,0.444837,1.42627,-1.3104,-0.0724454,0.89088,-0.393547,0.886616,0.0264761,-0.478673,-1.03596,0.226382,0.0675763,-1.26799,0.156639,-0.0321617,0.998724,0.212245,-0.63784,-0.775643,-0.788799,1.94885,1.21166,0.828242,-0.92643,-0.62419,-1.08532,0.0134659,-0.922084,-1.04397,-1.82062,-0.720654,-1.94471,-0.376988,1.76676,-0.594025,1.17955,0.313105,1.16384,0.0323358,0.112372,0.276904,0.173359,1.84303,0.871915,-1.30925,-0.819472,-0.271119,0.144731,1.18899,1.07535,1.68402,1.67163,-0.91779,-0.253471,-1.68299,-0.374937,1.42931,0.855572,-1.19532,0.821373,0.962146,0.543276,0.0150327,-0.333127,1.53771,0.541705,-0.479587,-0.840671,1.58234,-0.27122,-2.2301,0.0647977,-0.442413,-0.272141,1.70757,-1.20153,-1.55672,-0.583254,-0.0246463,0.179207,0.0702893,-1.63696,0.00606804,2.1099,-0.426595,0.0824267,0.289812,1.04472,-0.642283,1.0955,-1.6691,-0.796782,-0.412503,-0.400149,-0.349259,1.15894,-0.984038,0.197856,0.573338,1.33849,0.450669,0.617142,-1.32423,0.766938,0.804925,-0.97599,0.0217175,-0.0588464,-1.71637,1.17165,-1.04921,1.95818,-0.276051,0.194095,0.981451,0.787568,-1.72812,-0.658713,0.209062,-0.976845,0.444689,-1.09019,-1.00461,-1.07669,1.05518,0.361534,0.00650328,0.152803,-0.654082,0.771414,2.28873,0.436654,-0.477263,-0.916063,-0.548182,0.482988,-0.970477,-1.07909,-0.46729,-0.863216,-0.622692,0.48133,-0.884758,-1.51244,-0.304171,0.564138,1.0694,0.668906,0.483587,-0.701679,-0.713136,-0.900345,1.09635,0.686628,-1.35642,-1.91324,-0.696776,-0.237489,1.3147,-547.184,-508.299,2761.5,815.011,520.894,-1882.04,-2005.36,-819.359,713.376,4167.89,684.524,-60.5022,-3825.74,-379.508,89.5438,-786.665,-2764.26,-1893.05,-1138.15,1330.48,3721.9,-4549.31,2287.66,267.703,-2638.59,-2872.07,3581.78,-691.08,1559.76,-2665.15,-3407.54,531.827,2745.55,-223.138,-3512.96,4957.76,-1430.38,-3610.6,1490.59,-2808.39,2647.86,134.514,1058.66,-2025.01,485.435,3088.29,-408.039,1755.96,-843.537,223.64,-979.537,157.066,-382.401,-1592.82,146.539,630.355,1663.4,390.568,-1767.98,-422.267,-1066.21,3073.98,426.967,1910.6,-1257.09,-400.344,-1141.72,499.265,-2604.22,-1076.11,-4120.46,-2216.12,-5824.17,-626.233,4606.2,242.817,3643.23,1542.24,2193.71,656.864,865.569,271.498,-601.193,3442.11,1343.81,-669.027,-589.169,-124.323,-568.395,1995.34,2199.27,3168.19,1360.03,-1589.59,215.181,-2315.43,-552.459,2949.46,968.289,-1405.52
-250354,0,1,0,1,1,250400,-0.384764,0.00591807,1.98251,0.65987,0.194549,-1.62464,-1.32884,-0.638008,0.776036,1.76188,-0.149657,0.116447,-1.54277,-0.0636614,0.2482,-1.00728,-1.59481,-1.01706,-0.127135,0.559175,1.40119,-1.61276,1.8305,-0.0898098,-1.26576,-1.76124,1.23195,-0.269686,1.22789,-1.59845,-1.56077,0.458786,1.996,-0.185011,-1.75004,1.38731,-0.797919,-1.56933,0.936032,-1.67351,1.35279,0.444837,1.42627,-1.3104,-0.0724454,0.89088,-0.393547,0.886616,0.0264761,-0.478673,-1.03596,0.226382,0.0675763,-1.26799,0.156639,-0.0321617,0.998724,0.212245,-0.63784,-0.775643,-0.788799,1.94885,1.21166,0.828242,-0.92643,-0.62419,-1.08532,0.0134659,-0.922084,-1.04397,-1.82062,-0.720654,-1.94471,-0.376988,1.76676,-0.594025,1.17955,0.313105,1.16384,0.0323358,0.112372,0.276904,0.173359,1.84303,0.871915,-1.30925,-0.819472,-0.271119,0.144731,1.18899,1.07535,1.68402,1.67163,-0.91779,-0.253471,-1.68299,-0.374937,1.42931,0.855572,-1.19532,0.371657,1.30627,0.866951,0.282354,-0.199234,0.942213,-0.539644,-0.330319,-1.74995,1.1059,-0.238269,0.129941,-0.484162,-0.510567,-1.46872,1.4787,-0.855176,1.84064,-0.0572852,1.26398,-0.947015,-0.419014,-0.319925,-1.03554,-2.28321,1.44351,0.042212,-1.03801,0.31567,0.0947371,1.10186,-0.752455,0.385922,0.0256885,0.715157,-0.154242,0.671751,-0.301071,-0.263899,1.12732,-0.164314,-1.11711,-0.173013,-0.066056,0.690703,0.000886666,-0.242441,-0.904819,1.10373,-2.88519,1.23769,0.0447696,0.431622,-0.396131,-0.556206,1.35866,0.306886,0.0529652,-0.855196,-1.94659,1.00971,-0.872954,-0.117669,-1.20583,-0.0122006,1.27278,1.96871,1.91657,0.513156,-0.558267,-0.662664,1.63284,-0.775249,-0.68937,0.698087,0.773007,0.841957,1.04992,0.246943,0.414561,-0.107506,0.545543,1.72852,0.749552,0.800725,-1.04444,-0.368909,0.135508,-1.18173,1.8281,0.514409,1.13445,-0.465218,-0.467598,0.967045,0.200243,-0.34768,0.55116,-0.111405,-1.48067,-547.184,-508.299,2761.5,815.011,520.894,-1882.04,-2005.36,-819.359,713.376,4167.89,684.524,-60.5022,-3825.74,-379.508,89.5438,-786.665,-2764.26,-1893.05,-1138.15,1330.48,3721.9,-4549.31,2287.66,267.703,-2638.59,-2872.07,3581.78,-691.08,1559.76,-2665.15,-3407.54,531.827,2745.55,-223.138,-3512.96,4957.76,-1430.38,-3610.6,1490.59,-2808.39,2647.86,134.514,1058.66,-2025.01,485.435,3088.29,-408.039,1755.96,-843.537,223.64,-979.537,157.066,-382.401,-1592.82,146.539,630.355,1663.4,390.568,-1767.98,-422.267,-1066.21,3073.98,426.967,1910.6,-1257.09,-400.344,-1141.72,499.265,-2604.22,-1076.11,-4120.46,-2216.12,-5824.17,-626.233,4606.2,242.817,3643.23,1542.24,2193.71,656.864,865.569,271.498,-601.193,3442.11,1343.81,-669.027,-589.169,-124.323,-568.395,1995.34,2199.27,3168.19,1360.03,-1589.59,215.181,-2315.43,-552.459,2949.46,968.289,-1405.52
-250354,0,1,0,1,1,250405,-0.384764,0.00591807,1.98251,0.65987,0.194549,-1.62464,-1.32884,-0.638008,0.776036,1.76188,-0.149657,0.116447,-1.54277,-0.0636614,0.2482,-1.00728,-1.59481,-1.01706,-0.127135,0.559175,1.40119,-1.61276,1.8305,-0.0898098,-1.26576,-1.76124,1.23195,-0.269686,1.22789,-1.59845,-1.56077,0.458786,1.996,-0.185011,-1.75004,1.38731,-0.797919,-1.56933,0.936032,-1.67351,1.35279,0.444837,1.42627,-1.3104,-0.0724454,0.89088,-0.393547,0.886616,0.0264761,-0.478673,-1.03596,0.226382,0.0675763,-1.26799,0.156639,-0.0321617,0.998724,0.212245,-0.63784,-0.775643,-0.788799,1.94885,1.21166,0.828242,-0.92643,-0.62419,-1.08532,0.0134659,-0.922084,-1.04397,-1.82062,-0.720654,-1.94471,-0.376988,1.76676,-0.594025,1.17955,0.313105,1.16384,0.0323358,0.112372,0.276904,0.173359,1.84303,0.871915,-1.30925,-0.819472,-0.271119,0.144731,1.18899,1.07535,1.68402,1.67163,-0.91779,-0.253471,-1.68299,-0.374937,1.42931,0.855572,-1.19532,-0.503328,-0.0105279,0.62314,0.816873,-0.387255,-0.476145,-0.506005,-2.14461,-0.28334,0.135378,0.284031,0.498754,0.225844,0.387365,-1.20604,-0.984689,-2.2618,0.268013,1.0714,1.03289,1.85346,-0.921923,0.231202,0.443235,0.321373,-1.02505,-0.118637,0.590625,-2.01156,-0.293381,0.265107,0.376866,-0.0265448,0.0177959,1.97398,-1.15368,-0.7569,-0.754471,-0.387761,0.0464991,0.650191,1.14764,-1.93491,0.612365,-1.71504,-0.517943,0.342428,-0.173628,-0.84682,1.36777,0.551375,0.602609,-0.935147,0.40361,-0.293269,1.42263,0.866307,-0.159121,-1.24153,2.00207,-1.71293,-0.82061,0.00873018,-1.2327,0.358192,0.43766,0.038081,1.64283,0.56593,0.423094,1.10637,-0.0720504,1.2345,0.565658,0.346586,0.0953413,0.67994,-0.785586,-0.526583,0.391466,0.211294,0.107502,1.08923,1.1136,-2.33764,1.18169,0.275397,0.748363,1.3766,1.16309,0.0729788,0.225312,1.5574,-0.590676,0.173155,0.295551,-2.63659,0.12486,-1.07318,2.70729,-547.184,-508.299,2761.5,815.011,520.894,-1882.04,-2005.36,-819.359,713.376,4167.89,684.524,-60.5022,-3825.74,-379.508,89.5438,-786.665,-2764.26,-1893.05,-1138.15,1330.48,3721.9,-4549.31,2287.66,267.703,-2638.59,-2872.07,3581.78,-691.08,1559.76,-2665.15,-3407.54,531.827,2745.55,-223.138,-3512.96,4957.76,-1430.38,-3610.6,1490.59,-2808.39,2647.86,134.514,1058.66,-2025.01,485.435,3088.29,-408.039,1755.96,-843.537,223.64,-979.537,157.066,-382.401,-1592.82,146.539,630.355,1663.4,390.568,-1767.98,-422.267,-1066.21,3073.98,426.967,1910.6,-1257.09,-400.344,-1141.72,499.265,-2604.22,-1076.11,-4120.46,-2216.12,-5824.17,-626.233,4606.2,242.817,3643.23,1542.24,2193.71,656.864,865.569,271.498,-601.193,3442.11,1343.81,-669.027,-589.169,-124.323,-568.395,1995.34,2199.27,3168.19,1360.03,-1589.59,215.181,-2315.43,-552.459,2949.46,968.289,-1405.52
-250354,0,1,0,1,1,250407,-0.384764,0.00591807,1.98251,0.65987,0.194549,-1.62464,-1.32884,-0.638008,0.776036,1.76188,-0.149657,0.116447,-1.54277,-0.0636614,0.2482,-1.00728,-1.59481,-1.01706,-0.127135,0.559175,1.40119,-1.61276,1.8305,-0.0898098,-1.26576,-1.76124,1.23195,-0.269686,1.22789,-1.59845,-1.56077,0.458786,1.996,-0.185011,-1.75004,1.38731,-0.797919,-1.56933,0.936032,-1.67351,1.35279,0.444837,1.42627,-1.3104,-0.0724454,0.89088,-0.393547,0.886616,0.0264761,-0.478673,-1.03596,0.226382,0.0675763,-1.26799,0.156639,-0.0321617,0.998724,0.212245,-0.63784,-0.775643,-0.788799,1.94885,1.21166,0.828242,-0.92643,-0.62419,-1.08532,0.0134659,-0.922084,-1.04397,-1.82062,-0.720654,-1.94471,-0.376988,1.76676,-0.594025,1.17955,0.313105,1.16384,0.0323358,0.112372,0.276904,0.173359,1.84303,0.871915,-1.30925,-0.819472,-0.271119,0.144731,1.18899,1.07535,1.68402,1.67163,-0.91779,-0.253471,-1.68299,-0.374937,1.42931,0.855572,-1.19532,1.23839,-0.364021,1.03811,1.19272,0.126212,0.955902,-0.647672,-0.0420972,0.596569,0.536926,0.854535,1.87118,1.49485,0.408665,1.09489,0.144702,-1.36223,0.298914,-0.907271,0.901912,1.52031,-0.35758,0.210705,-1.206,-3.07604,-0.383437,-1.54534,2.29261,0.181749,0.222443,-0.607936,-0.391627,-0.650708,-0.955508,1.10249,1.01617,-0.192362,-1.18539,-0.219164,-0.143849,-1.06757,-0.521945,0.231172,-1.86207,-0.41484,-0.544586,-1.20075,1.01616,-1.5425,-1.36519,-0.0875984,1.78179,0.437255,-1.01769,-1.03097,-0.849252,1.12505,0.207582,-0.334087,0.852993,-0.137307,-1.91559,-0.171641,-0.785252,-0.503606,0.174615,-0.165647,-0.869986,-0.73833,-0.514522,-0.38661,2.45024,0.909452,-0.159438,2.24726,-0.344143,-0.868308,-1.46121,-0.152553,0.131301,0.470037,0.778894,1.69547,-1.26333,0.591869,-0.456034,-1.82918,1.0723,-1.70069,0.920736,-0.597595,-0.837879,-0.204371,-0.921846,1.25232,0.154444,-1.11654,0.318418,0.0835502,0.302117,-547.184,-508.299,2761.5,815.011,520.894,-1882.04,-2005.36,-819.359,713.376,4167.89,684.524,-60.5022,-3825.74,-379.508,89.5438,-786.665,-2764.26,-1893.05,-1138.15,1330.48,3721.9,-4549.31,2287.66,267.703,-2638.59,-2872.07,3581.78,-691.08,1559.76,-2665.15,-3407.54,531.827,2745.55,-223.138,-3512.96,4957.76,-1430.38,-3610.6,1490.59,-2808.39,2647.86,134.514,1058.66,-2025.01,485.435,3088.29,-408.039,1755.96,-843.537,223.64,-979.537,157.066,-382.401,-1592.82,146.539,630.355,1663.4,390.568,-1767.98,-422.267,-1066.21,3073.98,426.967,1910.6,-1257.09,-400.344,-1141.72,499.265,-2604.22,-1076.11,-4120.46,-2216.12,-5824.17,-626.233,4606.2,242.817,3643.23,1542.24,2193.71,656.864,865.569,271.498,-601.193,3442.11,1343.81,-669.027,-589.169,-124.323,-568.395,1995.34,2199.27,3168.19,1360.03,-1589.59,215.181,-2315.43,-552.459,2949.46,968.289,-1405.52
-250354,0,1,0,1,1,250397,-0.384764,0.00591807,1.98251,0.65987,0.194549,-1.62464,-1.32884,-0.638008,0.776036,1.76188,-0.149657,0.116447,-1.54277,-0.0636614,0.2482,-1.00728,-1.59481,-1.01706,-0.127135,0.559175,1.40119,-1.61276,1.8305,-0.0898098,-1.26576,-1.76124,1.23195,-0.269686,1.22789,-1.59845,-1.56077,0.458786,1.996,-0.185011,-1.75004,1.38731,-0.797919,-1.56933,0.936032,-1.67351,1.35279,0.444837,1.42627,-1.3104,-0.0724454,0.89088,-0.393547,0.886616,0.0264761,-0.478673,-1.03596,0.226382,0.0675763,-1.26799,0.156639,-0.0321617,0.998724,0.212245,-0.63784,-0.775643,-0.788799,1.94885,1.21166,0.828242,-0.92643,-0.62419,-1.08532,0.0134659,-0.922084,-1.04397,-1.82062,-0.720654,-1.94471,-0.376988,1.76676,-0.594025,1.17955,0.313105,1.16384,0.0323358,0.112372,0.276904,0.173359,1.84303,0.871915,-1.30925,-0.819472,-0.271119,0.144731,1.18899,1.07535,1.68402,1.67163,-0.91779,-0.253471,-1.68299,-0.374937,1.42931,0.855572,-1.19532,-0.697756,0.0368774,0.854958,0.531388,-1.39851,-0.929292,-0.948986,-0.977106,0.0935293,0.431234,-0.187908,0.477575,-0.77616,-0.84203,-1.61174,0.800798,-0.753874,0.811035,1.92999,0.891455,0.648454,0.601826,0.768459,-0.0909107,0.610781,0.569625,0.664655,0.994001,-0.28725,-0.184298,1.18385,0.780595,0.966928,-0.273941,0.0127645,-1.7946,-1.18992,1.30808,-0.0563014,-0.474071,-1.01639,0.389373,-0.906008,-1.24754,0.935442,-1.6252,-0.316426,0.143708,0.0576805,0.519501,0.288044,-1.48314,0.0327029,-0.130112,-1.81244,1.10965,-0.773787,-1.09211,-0.462682,0.382505,-2.4445,-1.61138,-1.41822,-0.370047,0.333177,0.105179,0.552269,-0.125704,-0.62254,0.710636,0.508751,0.457481,-0.747198,0.758735,2.46449,0.696578,0.368874,0.463593,-0.266545,-3.03012,-0.20475,-0.455924,0.859565,1.34261,0.717579,0.163058,-1.13556,0.201512,-1.6871,-0.054134,0.273091,0.768658,0.579058,0.0532567,0.288678,0.860533,-0.685543,-0.45995,0.209016,-0.0640715,-547.184,-508.299,2761.5,815.011,520.894,-1882.04,-2005.36,-819.359,713.376,4167.89,684.524,-60.5022,-3825.74,-379.508,89.5438,-786.665,-2764.26,-1893.05,-1138.15,1330.48,3721.9,-4549.31,2287.66,267.703,-2638.59,-2872.07,3581.78,-691.08,1559.76,-2665.15,-3407.54,531.827,2745.55,-223.138,-3512.96,4957.76,-1430.38,-3610.6,1490.59,-2808.39,2647.86,134.514,1058.66,-2025.01,485.435,3088.29,-408.039,1755.96,-843.537,223.64,-979.537,157.066,-382.401,-1592.82,146.539,630.355,1663.4,390.568,-1767.98,-422.267,-1066.21,3073.98,426.967,1910.6,-1257.09,-400.344,-1141.72,499.265,-2604.22,-1076.11,-4120.46,-2216.12,-5824.17,-626.233,4606.2,242.817,3643.23,1542.24,2193.71,656.864,865.569,271.498,-601.193,3442.11,1343.81,-669.027,-589.169,-124.323,-568.395,1995.34,2199.27,3168.19,1360.03,-1589.59,215.181,-2315.43,-552.459,2949.46,968.289,-1405.52
-250354,0,1,0,1,1,250412,-0.384764,0.00591807,1.98251,0.65987,0.194549,-1.62464,-1.32884,-0.638008,0.776036,1.76188,-0.149657,0.116447,-1.54277,-0.0636614,0.2482,-1.00728,-1.59481,-1.01706,-0.127135,0.559175,1.40119,-1.61276,1.8305,-0.0898098,-1.26576,-1.76124,1.23195,-0.269686,1.22789,-1.59845,-1.56077,0.458786,1.996,-0.185011,-1.75004,1.38731,-0.797919,-1.56933,0.936032,-1.67351,1.35279,0.444837,1.42627,-1.3104,-0.0724454,0.89088,-0.393547,0.886616,0.0264761,-0.478673,-1.03596,0.226382,0.0675763,-1.26799,0.156639,-0.0321617,0.998724,0.212245,-0.63784,-0.775643,-0.788799,1.94885,1.21166,0.828242,-0.92643,-0.62419,-1.08532,0.0134659,-0.922084,-1.04397,-1.82062,-0.720654,-1.94471,-0.376988,1.76676,-0.594025,1.17955,0.313105,1.16384,0.0323358,0.112372,0.276904,0.173359,1.84303,0.871915,-1.30925,-0.819472,-0.271119,0.144731,1.18899,1.07535,1.68402,1.67163,-0.91779,-0.253471,-1.68299,-0.374937,1.42931,0.855572,-1.19532,1.36105,-0.175771,1.30689,0.326842,-1.50189,2.30727,-1.9836,0.0803202,-0.420261,-0.274518,0.0619759,0.609015,1.77391,-1.4244,-0.91954,1.49045,0.797959,-1.27706,0.0705033,0.351188,-1.05892,1.21349,1.00909,-1.23736,-0.473448,-0.802275,0.187843,1.30194,1.30056,-1.21714,2.5101,-1.10809,0.648583,0.560059,-0.259099,-1.15942,0.757989,-1.82521,-1.03537,-0.247291,0.981295,-1.14631,-0.756735,0.527965,-0.475542,-1.26024,1.04195,-0.189272,0.836167,-0.100325,-1.20808,-0.532678,-0.37057,0.328165,-1.73868,1.05716,0.905797,0.850016,0.456053,-0.122502,0.388957,1.86834,0.880147,1.06224,-0.61621,1.8668,0.962052,0.513952,-1.4161,0.534696,0.316434,-2.11779,-0.275403,1.06083,0.692753,1.37791,-1.54766,1.6251,-0.807655,0.555921,-0.905202,-0.151431,-0.831854,-0.468537,0.329571,-0.411599,-0.759079,1.20392,0.0740667,0.309385,-0.763812,-1.42406,-0.213773,-1.36336,2.43402,-1.37189,-0.945978,-1.7185,-0.664277,1.39457,-547.184,-508.299,2761.5,815.011,520.894,-1882.04,-2005.36,-819.359,713.376,4167.89,684.524,-60.5022,-3825.74,-379.508,89.5438,-786.665,-2764.26,-1893.05,-1138.15,1330.48,3721.9,-4549.31,2287.66,267.703,-2638.59,-2872.07,3581.78,-691.08,1559.76,-2665.15,-3407.54,531.827,2745.55,-223.138,-3512.96,4957.76,-1430.38,-3610.6,1490.59,-2808.39,2647.86,134.514,1058.66,-2025.01,485.435,3088.29,-408.039,1755.96,-843.537,223.64,-979.537,157.066,-382.401,-1592.82,146.539,630.355,1663.4,390.568,-1767.98,-422.267,-1066.21,3073.98,426.967,1910.6,-1257.09,-400.344,-1141.72,499.265,-2604.22,-1076.11,-4120.46,-2216.12,-5824.17,-626.233,4606.2,242.817,3643.23,1542.24,2193.71,656.864,865.569,271.498,-601.193,3442.11,1343.81,-669.027,-589.169,-124.323,-568.395,1995.34,2199.27,3168.19,1360.03,-1589.59,215.181,-2315.43,-552.459,2949.46,968.289,-1405.52
-250354,0,1,0,1,1,250394,-0.384764,0.00591807,1.98251,0.65987,0.194549,-1.62464,-1.32884,-0.638008,0.776036,1.76188,-0.149657,0.116447,-1.54277,-0.0636614,0.2482,-1.00728,-1.59481,-1.01706,-0.127135,0.559175,1.40119,-1.61276,1.8305,-0.0898098,-1.26576,-1.76124,1.23195,-0.269686,1.22789,-1.59845,-1.56077,0.458786,1.996,-0.185011,-1.75004,1.38731,-0.797919,-1.56933,0.936032,-1.67351,1.35279,0.444837,1.42627,-1.3104,-0.0724454,0.89088,-0.393547,0.886616,0.0264761,-0.478673,-1.03596,0.226382,0.0675763,-1.26799,0.156639,-0.0321617,0.998724,0.212245,-0.63784,-0.775643,-0.788799,1.94885,1.21166,0.828242,-0.92643,-0.62419,-1.08532,0.0134659,-0.922084,-1.04397,-1.82062,-0.720654,-1.94471,-0.376988,1.76676,-0.594025,1.17955,0.313105,1.16384,0.0323358,0.112372,0.276904,0.173359,1.84303,0.871915,-1.30925,-0.819472,-0.271119,0.144731,1.18899,1.07535,1.68402,1.67163,-0.91779,-0.253471,-1.68299,-0.374937,1.42931,0.855572,-1.19532,0.0538384,-1.54189,-0.932378,-0.715045,-0.556866,0.528609,-0.283895,0.406854,0.131844,-0.539912,0.305304,-1.69153,-2.52551,0.397182,-0.297235,0.207686,-0.658608,0.473221,-0.488746,0.497806,1.12739,-0.003479,-0.452077,0.190866,0.360206,-1.80003,-0.23875,-0.701445,0.61416,0.119934,0.710254,0.127853,-0.188084,0.347171,1.57828,-1.54284,-0.180682,-0.276377,-0.455285,0.0591725,-0.642387,-0.648311,-0.638481,0.16984,1.35296,0.120207,-1.96079,-0.372606,-0.232793,1.66781,0.488257,0.0763201,0.756292,-0.323326,0.631958,1.25046,0.569047,0.17644,-0.287365,-0.112987,1.44475,-1.45563,0.133325,-1.7745,0.247087,-1.33555,-0.568102,0.988401,0.0954387,-1.20821,0.899765,-1.3202,0.783921,0.882307,-1.61761,1.46567,0.167611,0.499972,0.111642,-0.513105,-0.0811814,0.925183,-0.0831211,-0.906442,0.432251,-1.24002,-2.23814,-0.350407,-0.575652,0.0595466,0.460012,-1.60582,0.0426364,-0.302271,-0.121816,-0.146972,-0.194653,-2.18704,0.654221,-0.804381,-547.184,-508.299,2761.5,815.011,520.894,-1882.04,-2005.36,-819.359,713.376,4167.89,684.524,-60.5022,-3825.74,-379.508,89.5438,-786.665,-2764.26,-1893.05,-1138.15,1330.48,3721.9,-4549.31,2287.66,267.703,-2638.59,-2872.07,3581.78,-691.08,1559.76,-2665.15,-3407.54,531.827,2745.55,-223.138,-3512.96,4957.76,-1430.38,-3610.6,1490.59,-2808.39,2647.86,134.514,1058.66,-2025.01,485.435,3088.29,-408.039,1755.96,-843.537,223.64,-979.537,157.066,-382.401,-1592.82,146.539,630.355,1663.4,390.568,-1767.98,-422.267,-1066.21,3073.98,426.967,1910.6,-1257.09,-400.344,-1141.72,499.265,-2604.22,-1076.11,-4120.46,-2216.12,-5824.17,-626.233,4606.2,242.817,3643.23,1542.24,2193.71,656.864,865.569,271.498,-601.193,3442.11,1343.81,-669.027,-589.169,-124.323,-568.395,1995.34,2199.27,3168.19,1360.03,-1589.59,215.181,-2315.43,-552.459,2949.46,968.289,-1405.52
-250354,0,1,0,1,1,250397,-0.384764,0.00591807,1.98251,0.65987,0.194549,-1.62464,-1.32884,-0.638008,0.776036,1.76188,-0.149657,0.116447,-1.54277,-0.0636614,0.2482,-1.00728,-1.59481,-1.01706,-0.127135,0.559175,1.40119,-1.61276,1.8305,-0.0898098,-1.26576,-1.76124,1.23195,-0.269686,1.22789,-1.59845,-1.56077,0.458786,1.996,-0.185011,-1.75004,1.38731,-0.797919,-1.56933,0.936032,-1.67351,1.35279,0.444837,1.42627,-1.3104,-0.0724454,0.89088,-0.393547,0.886616,0.0264761,-0.478673,-1.03596,0.226382,0.0675763,-1.26799,0.156639,-0.0321617,0.998724,0.212245,-0.63784,-0.775643,-0.788799,1.94885,1.21166,0.828242,-0.92643,-0.62419,-1.08532,0.0134659,-0.922084,-1.04397,-1.82062,-0.720654,-1.94471,-0.376988,1.76676,-0.594025,1.17955,0.313105,1.16384,0.0323358,0.112372,0.276904,0.173359,1.84303,0.871915,-1.30925,-0.819472,-0.271119,0.144731,1.18899,1.07535,1.68402,1.67163,-0.91779,-0.253471,-1.68299,-0.374937,1.42931,0.855572,-1.19532,-0.160437,-1.2931,0.392789,0.602709,0.173359,-0.647447,-0.31859,0.320195,0.136108,-1.15796,-0.638225,0.540368,1.19029,-1.2633,-0.363985,0.356503,1.81594,0.86694,-0.088445,-0.0491997,-0.146309,-0.541885,1.03642,0.73673,-0.70403,-0.845514,1.11084,0.637692,-0.655404,-1.15773,0.937556,2.00776,0.583187,0.49211,0.841564,-1.26022,-0.37712,0.654385,0.93908,0.336315,1.05437,0.390333,0.270539,-1.14482,-0.475689,0.330913,-0.0802544,0.103756,0.719068,-1.05617,0.128267,-1.19565,-1.13746,0.277534,-0.00836076,-1.36306,-0.823862,-1.8674,0.998416,-1.43169,-0.436279,-0.487566,0.827823,-1.87155,-1.17872,1.21669,0.564942,0.360262,-0.346338,-0.87359,0.146139,-1.42013,-1.60418,-1.60989,0.550986,-1.43627,-0.949449,1.18206,0.228769,0.492941,-0.369392,-1.13521,0.305453,-2.26515,0.588784,-1.00699,1.10742,-0.0176271,0.573047,0.845048,-1.99409,-0.12955,-1.4158,-1.37521,1.48852,0.273354,-0.136468,-0.107469,0.119026,0.144396,-547.184,-508.299,2761.5,815.011,520.894,-1882.04,-2005.36,-819.359,713.376,4167.89,684.524,-60.5022,-3825.74,-379.508,89.5438,-786.665,-2764.26,-1893.05,-1138.15,1330.48,3721.9,-4549.31,2287.66,267.703,-2638.59,-2872.07,3581.78,-691.08,1559.76,-2665.15,-3407.54,531.827,2745.55,-223.138,-3512.96,4957.76,-1430.38,-3610.6,1490.59,-2808.39,2647.86,134.514,1058.66,-2025.01,485.435,3088.29,-408.039,1755.96,-843.537,223.64,-979.537,157.066,-382.401,-1592.82,146.539,630.355,1663.4,390.568,-1767.98,-422.267,-1066.21,3073.98,426.967,1910.6,-1257.09,-400.344,-1141.72,499.265,-2604.22,-1076.11,-4120.46,-2216.12,-5824.17,-626.233,4606.2,242.817,3643.23,1542.24,2193.71,656.864,865.569,271.498,-601.193,3442.11,1343.81,-669.027,-589.169,-124.323,-568.395,1995.34,2199.27,3168.19,1360.03,-1589.59,215.181,-2315.43,-552.459,2949.46,968.289,-1405.52
-250354,0,1,0,1,1,250416,-0.384764,0.00591807,1.98251,0.65987,0.194549,-1.62464,-1.32884,-0.638008,0.776036,1.76188,-0.149657,0.116447,-1.54277,-0.0636614,0.2482,-1.00728,-1.59481,-1.01706,-0.127135,0.559175,1.40119,-1.61276,1.8305,-0.0898098,-1.26576,-1.76124,1.23195,-0.269686,1.22789,-1.59845,-1.56077,0.458786,1.996,-0.185011,-1.75004,1.38731,-0.797919,-1.56933,0.936032,-1.67351,1.35279,0.444837,1.42627,-1.3104,-0.0724454,0.89088,-0.393547,0.886616,0.0264761,-0.478673,-1.03596,0.226382,0.0675763,-1.26799,0.156639,-0.0321617,0.998724,0.212245,-0.63784,-0.775643,-0.788799,1.94885,1.21166,0.828242,-0.92643,-0.62419,-1.08532,0.0134659,-0.922084,-1.04397,-1.82062,-0.720654,-1.94471,-0.376988,1.76676,-0.594025,1.17955,0.313105,1.16384,0.0323358,0.112372,0.276904,0.173359,1.84303,0.871915,-1.30925,-0.819472,-0.271119,0.144731,1.18899,1.07535,1.68402,1.67163,-0.91779,-0.253471,-1.68299,-0.374937,1.42931,0.855572,-1.19532,1.59806,0.742984,-1.19478,-1.70787,-1.43665,-1.18046,-0.4001,0.367516,-1.79888,-1.26609,1.1871,1.96132,0.197029,0.311289,0.0226151,0.573177,-0.832977,-0.142018,-0.0871457,-0.240324,-0.747134,1.38069,-1.57485,-1.23895,-0.98471,-1.68818,-0.861266,-2.43552,0.846756,-0.846925,-0.205531,-0.0354511,0.641601,0.558607,0.325593,-0.0735686,0.645358,0.127742,-0.260505,-0.358919,0.626096,1.44223,-0.0740744,-1.69544,-1.97297,-0.645086,-1.58358,0.393565,1.78265,-0.907407,-1.34558,0.157198,0.303153,0.880017,0.863208,-2.04412,-0.998784,2.58983,0.83993,-0.416061,-0.404744,-0.210985,-0.226508,-0.0950087,-0.41125,0.717393,0.448764,-0.80699,-1.06981,-0.182984,-1.16623,-0.0690155,0.296578,0.647537,-1.48227,0.780101,0.0345334,-1.04363,1.07478,0.801748,-0.657079,-1.92672,1.17441,-1.53044,0.294459,-1.51577,-0.716909,-2.6696,1.47659,0.292413,0.857368,1.45906,-1.42753,-0.280805,-1.27151,-0.966879,-0.788724,-1.88308,1.79962,-1.94007,-547.184,-508.299,2761.5,815.011,520.894,-1882.04,-2005.36,-819.359,713.376,4167.89,684.524,-60.5022,-3825.74,-379.508,89.5438,-786.665,-2764.26,-1893.05,-1138.15,1330.48,3721.9,-4549.31,2287.66,267.703,-2638.59,-2872.07,3581.78,-691.08,1559.76,-2665.15,-3407.54,531.827,2745.55,-223.138,-3512.96,4957.76,-1430.38,-3610.6,1490.59,-2808.39,2647.86,134.514,1058.66,-2025.01,485.435,3088.29,-408.039,1755.96,-843.537,223.64,-979.537,157.066,-382.401,-1592.82,146.539,630.355,1663.4,390.568,-1767.98,-422.267,-1066.21,3073.98,426.967,1910.6,-1257.09,-400.344,-1141.72,499.265,-2604.22,-1076.11,-4120.46,-2216.12,-5824.17,-626.233,4606.2,242.817,3643.23,1542.24,2193.71,656.864,865.569,271.498,-601.193,3442.11,1343.81,-669.027,-589.169,-124.323,-568.395,1995.34,2199.27,3168.19,1360.03,-1589.59,215.181,-2315.43,-552.459,2949.46,968.289,-1405.52
-250354,0,1,0,1,1,250406,-0.384764,0.00591807,1.98251,0.65987,0.194549,-1.62464,-1.32884,-0.638008,0.776036,1.76188,-0.149657,0.116447,-1.54277,-0.0636614,0.2482,-1.00728,-1.59481,-1.01706,-0.127135,0.559175,1.40119,-1.61276,1.8305,-0.0898098,-1.26576,-1.76124,1.23195,-0.269686,1.22789,-1.59845,-1.56077,0.458786,1.996,-0.185011,-1.75004,1.38731,-0.797919,-1.56933,0.936032,-1.67351,1.35279,0.444837,1.42627,-1.3104,-0.0724454,0.89088,-0.393547,0.886616,0.0264761,-0.478673,-1.03596,0.226382,0.0675763,-1.26799,0.156639,-0.0321617,0.998724,0.212245,-0.63784,-0.775643,-0.788799,1.94885,1.21166,0.828242,-0.92643,-0.62419,-1.08532,0.0134659,-0.922084,-1.04397,-1.82062,-0.720654,-1.94471,-0.376988,1.76676,-0.594025,1.17955,0.313105,1.16384,0.0323358,0.112372,0.276904,0.173359,1.84303,0.871915,-1.30925,-0.819472,-0.271119,0.144731,1.18899,1.07535,1.68402,1.67163,-0.91779,-0.253471,-1.68299,-0.374937,1.42931,0.855572,-1.19532,-0.47304,0.583532,-1.28645,-0.889861,-1.24612,-0.0578324,0.962932,-0.783451,0.634551,-1.57261,1.44816,1.15757,-0.223519,-0.535148,-0.532363,1.00722,-0.902137,0.775171,0.0201504,-0.603287,-0.129261,0.83499,0.0684655,-1.41335,0.991832,0.38748,-1.616,-0.543983,0.783021,0.553244,-2.06933,-0.531344,1.5057,0.968015,1.07863,-2.35392,0.600729,0.147131,0.0400197,-1.81546,1.3284,-0.118388,-1.0841,-0.710184,-0.978014,1.40823,-0.926107,0.405444,2.4234,-0.966509,-0.554976,1.03655,-1.83069,0.963541,-0.474074,0.0321761,0.220422,-0.669985,0.157701,1.02696,1.61557,-0.0156414,-1.03237,-0.725692,1.29255,1.15041,1.79116,-0.219346,0.061341,-0.173825,1.38826,-0.0601262,-1.48543,-0.930821,-1.06182,0.142986,-0.5135,0.335692,0.0318608,2.05732,0.942939,1.12548,-0.11926,-0.629101,0.768483,0.542939,1.16532,-1.27052,-1.03577,1.29832,-1.50015,0.771817,0.184936,0.613266,-0.0858104,-1.67081,-0.243795,-0.606615,0.0130676,2.05768,-547.184,-508.299,2761.5,815.011,520.894,-1882.04,-2005.36,-819.359,713.376,4167.89,684.524,-60.5022,-3825.74,-379.508,89.5438,-786.665,-2764.26,-1893.05,-1138.15,1330.48,3721.9,-4549.31,2287.66,267.703,-2638.59,-2872.07,3581.78,-691.08,1559.76,-2665.15,-3407.54,531.827,2745.55,-223.138,-3512.96,4957.76,-1430.38,-3610.6,1490.59,-2808.39,2647.86,134.514,1058.66,-2025.01,485.435,3088.29,-408.039,1755.96,-843.537,223.64,-979.537,157.066,-382.401,-1592.82,146.539,630.355,1663.4,390.568,-1767.98,-422.267,-1066.21,3073.98,426.967,1910.6,-1257.09,-400.344,-1141.72,499.265,-2604.22,-1076.11,-4120.46,-2216.12,-5824.17,-626.233,4606.2,242.817,3643.23,1542.24,2193.71,656.864,865.569,271.498,-601.193,3442.11,1343.81,-669.027,-589.169,-124.323,-568.395,1995.34,2199.27,3168.19,1360.03,-1589.59,215.181,-2315.43,-552.459,2949.46,968.289,-1405.52
-250354,0,1,0,1,1,250413,-0.384764,0.00591807,1.98251,0.65987,0.194549,-1.62464,-1.32884,-0.638008,0.776036,1.76188,-0.149657,0.116447,-1.54277,-0.0636614,0.2482,-1.00728,-1.59481,-1.01706,-0.127135,0.559175,1.40119,-1.61276,1.8305,-0.0898098,-1.26576,-1.76124,1.23195,-0.269686,1.22789,-1.59845,-1.56077,0.458786,1.996,-0.185011,-1.75004,1.38731,-0.797919,-1.56933,0.936032,-1.67351,1.35279,0.444837,1.42627,-1.3104,-0.0724454,0.89088,-0.393547,0.886616,0.0264761,-0.478673,-1.03596,0.226382,0.0675763,-1.26799,0.156639,-0.0321617,0.998724,0.212245,-0.63784,-0.775643,-0.788799,1.94885,1.21166,0.828242,-0.92643,-0.62419,-1.08532,0.0134659,-0.922084,-1.04397,-1.82062,-0.720654,-1.94471,-0.376988,1.76676,-0.594025,1.17955,0.313105,1.16384,0.0323358,0.112372,0.276904,0.173359,1.84303,0.871915,-1.30925,-0.819472,-0.271119,0.144731,1.18899,1.07535,1.68402,1.67163,-0.91779,-0.253471,-1.68299,-0.374937,1.42931,0.855572,-1.19532,-0.0940546,0.896296,0.0732965,0.658205,0.531215,0.538425,0.805654,0.653898,0.755809,0.571447,-0.170002,-0.360394,0.0219888,-0.297088,-2.04667,-1.93667,-0.941088,-2.65131,-1.40035,-1.89383,-0.754047,-1.05708,0.210255,1.28387,-0.685147,-1.98286,1.42487,-0.379941,-0.867872,-0.949492,-1.17428,0.465527,-0.367137,0.244296,-1.34159,-2.25375,-0.394629,-1.56834,-0.79111,-2.3304,-2.99912,0.969929,-0.144873,0.62121,-1.43077,-0.233943,2.26787,-1.40215,0.0187284,1.30477,1.91174,-0.91166,0.955735,0.192441,-0.95829,0.31468,-0.326051,0.944314,-0.405227,1.11031,-0.719344,0.0271752,0.900949,1.57385,-1.12873,-0.430074,-0.886349,1.28309,-2.12191,-1.00262,-0.420369,0.649443,-1.0152,-0.62735,-0.235024,-0.0140786,-0.533761,-0.554077,-0.411272,-0.0395146,-0.379671,1.05619,-2.00053,-0.400082,0.126943,0.336881,-1.49672,-1.661,-0.255522,-0.92567,-0.817903,1.50748,0.341304,0.0510847,0.260662,-0.861165,-0.539165,-1.42537,0.276798,0.16208,-547.184,-508.299,2761.5,815.011,520.894,-1882.04,-2005.36,-819.359,713.376,4167.89,684.524,-60.5022,-3825.74,-379.508,89.5438,-786.665,-2764.26,-1893.05,-1138.15,1330.48,3721.9,-4549.31,2287.66,267.703,-2638.59,-2872.07,3581.78,-691.08,1559.76,-2665.15,-3407.54,531.827,2745.55,-223.138,-3512.96,4957.76,-1430.38,-3610.6,1490.59,-2808.39,2647.86,134.514,1058.66,-2025.01,485.435,3088.29,-408.039,1755.96,-843.537,223.64,-979.537,157.066,-382.401,-1592.82,146.539,630.355,1663.4,390.568,-1767.98,-422.267,-1066.21,3073.98,426.967,1910.6,-1257.09,-400.344,-1141.72,499.265,-2604.22,-1076.11,-4120.46,-2216.12,-5824.17,-626.233,4606.2,242.817,3643.23,1542.24,2193.71,656.864,865.569,271.498,-601.193,3442.11,1343.81,-669.027,-589.169,-124.323,-568.395,1995.34,2199.27,3168.19,1360.03,-1589.59,215.181,-2315.43,-552.459,2949.46,968.289,-1405.52
-250354,0,1,0,1,1,250414,-0.384764,0.00591807,1.98251,0.65987,0.194549,-1.62464,-1.32884,-0.638008,0.776036,1.76188,-0.149657,0.116447,-1.54277,-0.0636614,0.2482,-1.00728,-1.59481,-1.01706,-0.127135,0.559175,1.40119,-1.61276,1.8305,-0.0898098,-1.26576,-1.76124,1.23195,-0.269686,1.22789,-1.59845,-1.56077,0.458786,1.996,-0.185011,-1.75004,1.38731,-0.797919,-1.56933,0.936032,-1.67351,1.35279,0.444837,1.42627,-1.3104,-0.0724454,0.89088,-0.393547,0.886616,0.0264761,-0.478673,-1.03596,0.226382,0.0675763,-1.26799,0.156639,-0.0321617,0.998724,0.212245,-0.63784,-0.775643,-0.788799,1.94885,1.21166,0.828242,-0.92643,-0.62419,-1.08532,0.0134659,-0.922084,-1.04397,-1.82062,-0.720654,-1.94471,-0.376988,1.76676,-0.594025,1.17955,0.313105,1.16384,0.0323358,0.112372,0.276904,0.173359,1.84303,0.871915,-1.30925,-0.819472,-0.271119,0.144731,1.18899,1.07535,1.68402,1.67163,-0.91779,-0.253471,-1.68299,-0.374937,1.42931,0.855572,-1.19532,-1.44721,0.485977,-1.36651,-0.428231,0.117653,0.751999,-0.499247,1.3673,-0.340047,-1.22407,1.69079,0.92319,-0.835964,1.09886,0.352743,-1.99456,0.84425,0.563934,1.3119,-1.33676,1.34274,-0.464013,-0.970957,-0.488312,-0.867577,0.681706,-1.45551,-0.333738,1.5301,-1.84174,1.34265,-0.498326,-1.36794,-2.28702,-0.290251,0.337255,-0.499597,-2.742,-0.966335,-0.855314,-0.367858,-0.944489,-1.58574,0.0187899,0.208688,-0.0286022,-0.454852,1.90151,1.86488,-1.31426,0.208738,-0.906046,2.21118,-1.41161,1.19766,-1.01615,-0.386357,-0.258155,1.56928,2.09934,-0.941536,0.459435,-1.72194,1.93497,-1.18709,0.0159979,-0.155536,1.28135,0.0134745,2.0289,-0.233199,0.595871,0.446272,0.059388,-0.836568,-0.956851,0.151383,-1.08624,1.76018,1.06523,0.338389,-0.391226,1.52062,0.175035,-0.231101,-0.122369,0.144487,0.90391,1.30432,0.535578,-0.495808,1.05241,0.341715,-0.41169,-2.06998,-0.203533,0.919176,-0.0503417,0.0934533,1.07244,-547.184,-508.299,2761.5,815.011,520.894,-1882.04,-2005.36,-819.359,713.376,4167.89,684.524,-60.5022,-3825.74,-379.508,89.5438,-786.665,-2764.26,-1893.05,-1138.15,1330.48,3721.9,-4549.31,2287.66,267.703,-2638.59,-2872.07,3581.78,-691.08,1559.76,-2665.15,-3407.54,531.827,2745.55,-223.138,-3512.96,4957.76,-1430.38,-3610.6,1490.59,-2808.39,2647.86,134.514,1058.66,-2025.01,485.435,3088.29,-408.039,1755.96,-843.537,223.64,-979.537,157.066,-382.401,-1592.82,146.539,630.355,1663.4,390.568,-1767.98,-422.267,-1066.21,3073.98,426.967,1910.6,-1257.09,-400.344,-1141.72,499.265,-2604.22,-1076.11,-4120.46,-2216.12,-5824.17,-626.233,4606.2,242.817,3643.23,1542.24,2193.71,656.864,865.569,271.498,-601.193,3442.11,1343.81,-669.027,-589.169,-124.323,-568.395,1995.34,2199.27,3168.19,1360.03,-1589.59,215.181,-2315.43,-552.459,2949.46,968.289,-1405.52
-250354,0,1,0,1,1,250417,-0.384764,0.00591807,1.98251,0.65987,0.194549,-1.62464,-1.32884,-0.638008,0.776036,1.76188,-0.149657,0.116447,-1.54277,-0.0636614,0.2482,-1.00728,-1.59481,-1.01706,-0.127135,0.559175,1.40119,-1.61276,1.8305,-0.0898098,-1.26576,-1.76124,1.23195,-0.269686,1.22789,-1.59845,-1.56077,0.458786,1.996,-0.185011,-1.75004,1.38731,-0.797919,-1.56933,0.936032,-1.67351,1.35279,0.444837,1.42627,-1.3104,-0.0724454,0.89088,-0.393547,0.886616,0.0264761,-0.478673,-1.03596,0.226382,0.0675763,-1.26799,0.156639,-0.0321617,0.998724,0.212245,-0.63784,-0.775643,-0.788799,1.94885,1.21166,0.828242,-0.92643,-0.62419,-1.08532,0.0134659,-0.922084,-1.04397,-1.82062,-0.720654,-1.94471,-0.376988,1.76676,-0.594025,1.17955,0.313105,1.16384,0.0323358,0.112372,0.276904,0.173359,1.84303,0.871915,-1.30925,-0.819472,-0.271119,0.144731,1.18899,1.07535,1.68402,1.67163,-0.91779,-0.253471,-1.68299,-0.374937,1.42931,0.855572,-1.19532,-0.0372067,2.47235,-0.531456,-1.94252,-0.18495,0.562182,-0.738726,-0.201829,1.29152,-0.860544,1.01589,-0.622001,0.63083,0.864432,-0.956595,-2.57203,-1.04984,-0.607395,-1.12024,-0.0467485,-0.0576868,0.471888,1.41625,0.885159,1.32294,2.20766,-2.1155,-1.27803,-0.637725,-3.90842,-1.5118,-1.23838,0.107795,-1.97621,0.826637,-0.581518,-0.615486,-0.152798,0.047265,-0.183786,-0.296393,-1.51274,0.426838,-0.973087,-0.188476,0.460682,0.312186,0.215527,1.43327,-1.4417,-1.61545,-0.495963,-1.21255,1.38027,0.638862,0.712884,-1.40356,-0.247026,-2.14757,1.83802,0.549314,-0.324595,-0.632391,-0.256654,-0.461013,2.21347,0.85884,1.28189,1.07548,0.627588,-0.663623,-0.855473,1.22826,0.730868,-0.00774247,0.0157632,1.37533,1.09168,1.14923,0.801541,0.945622,-1.52097,-0.582746,0.681211,-0.684297,0.992231,-1.38401,0.794079,-1.06176,-0.271084,-0.615683,0.187936,-1.59362,-0.394248,-0.222625,0.372905,-0.250522,0.752784,-0.421053,-1.59802,-547.184,-508.299,2761.5,815.011,520.894,-1882.04,-2005.36,-819.359,713.376,4167.89,684.524,-60.5022,-3825.74,-379.508,89.5438,-786.665,-2764.26,-1893.05,-1138.15,1330.48,3721.9,-4549.31,2287.66,267.703,-2638.59,-2872.07,3581.78,-691.08,1559.76,-2665.15,-3407.54,531.827,2745.55,-223.138,-3512.96,4957.76,-1430.38,-3610.6,1490.59,-2808.39,2647.86,134.514,1058.66,-2025.01,485.435,3088.29,-408.039,1755.96,-843.537,223.64,-979.537,157.066,-382.401,-1592.82,146.539,630.355,1663.4,390.568,-1767.98,-422.267,-1066.21,3073.98,426.967,1910.6,-1257.09,-400.344,-1141.72,499.265,-2604.22,-1076.11,-4120.46,-2216.12,-5824.17,-626.233,4606.2,242.817,3643.23,1542.24,2193.71,656.864,865.569,271.498,-601.193,3442.11,1343.81,-669.027,-589.169,-124.323,-568.395,1995.34,2199.27,3168.19,1360.03,-1589.59,215.181,-2315.43,-552.459,2949.46,968.289,-1405.52
-250354,0,1,0,1,1,250397,-0.384764,0.00591807,1.98251,0.65987,0.194549,-1.62464,-1.32884,-0.638008,0.776036,1.76188,-0.149657,0.116447,-1.54277,-0.0636614,0.2482,-1.00728,-1.59481,-1.01706,-0.127135,0.559175,1.40119,-1.61276,1.8305,-0.0898098,-1.26576,-1.76124,1.23195,-0.269686,1.22789,-1.59845,-1.56077,0.458786,1.996,-0.185011,-1.75004,1.38731,-0.797919,-1.56933,0.936032,-1.67351,1.35279,0.444837,1.42627,-1.3104,-0.0724454,0.89088,-0.393547,0.886616,0.0264761,-0.478673,-1.03596,0.226382,0.0675763,-1.26799,0.156639,-0.0321617,0.998724,0.212245,-0.63784,-0.775643,-0.788799,1.94885,1.21166,0.828242,-0.92643,-0.62419,-1.08532,0.0134659,-0.922084,-1.04397,-1.82062,-0.720654,-1.94471,-0.376988,1.76676,-0.594025,1.17955,0.313105,1.16384,0.0323358,0.112372,0.276904,0.173359,1.84303,0.871915,-1.30925,-0.819472,-0.271119,0.144731,1.18899,1.07535,1.68402,1.67163,-0.91779,-0.253471,-1.68299,-0.374937,1.42931,0.855572,-1.19532,0.680042,1.06991,-0.464717,-0.101084,-1.36777,-1.60869,-0.0961297,-1.48668,-0.308563,-0.705698,1.50689,1.09753,-0.789858,0.0818517,-0.281152,1.2942,-1.17222,-0.0256186,-0.74524,-0.680113,-1.61928,0.6074,-0.943808,-0.0335518,0.789255,0.781389,0.638757,0.999258,1.25755,-0.895684,-0.419847,1.45544,-2.06716,0.21904,-0.661589,1.04881,-0.189511,-0.191284,1.19347,0.607743,0.382339,0.865316,-0.129514,0.00585289,-1.55973,0.246065,-1.53884,0.375953,-0.739735,-2.70029,1.1441,-0.974707,-0.296908,-0.665519,0.146489,-1.24326,-2.15186,-0.9644,-1.20355,0.365496,-0.0995875,-0.960069,0.302894,0.0153602,-0.528517,0.807506,-0.0907313,-0.745565,-0.12354,0.380527,0.182683,-0.589124,0.340604,0.475629,2.11226,-1.16904,-0.0974258,-0.707915,-0.859917,1.22079,0.890967,0.47107,-1.39716,0.455863,-0.720948,1.89342,0.340476,-0.868269,-0.129433,0.509734,-0.663275,-0.21057,0.315902,0.400927,1.07152,-0.660271,-0.336482,0.94627,0.879001,-0.565354,-547.184,-508.299,2761.5,815.011,520.894,-1882.04,-2005.36,-819.359,713.376,4167.89,684.524,-60.5022,-3825.74,-379.508,89.5438,-786.665,-2764.26,-1893.05,-1138.15,1330.48,3721.9,-4549.31,2287.66,267.703,-2638.59,-2872.07,3581.78,-691.08,1559.76,-2665.15,-3407.54,531.827,2745.55,-223.138,-3512.96,4957.76,-1430.38,-3610.6,1490.59,-2808.39,2647.86,134.514,1058.66,-2025.01,485.435,3088.29,-408.039,1755.96,-843.537,223.64,-979.537,157.066,-382.401,-1592.82,146.539,630.355,1663.4,390.568,-1767.98,-422.267,-1066.21,3073.98,426.967,1910.6,-1257.09,-400.344,-1141.72,499.265,-2604.22,-1076.11,-4120.46,-2216.12,-5824.17,-626.233,4606.2,242.817,3643.23,1542.24,2193.71,656.864,865.569,271.498,-601.193,3442.11,1343.81,-669.027,-589.169,-124.323,-568.395,1995.34,2199.27,3168.19,1360.03,-1589.59,215.181,-2315.43,-552.459,2949.46,968.289,-1405.52
-250354,0,1,0,1,1,250412,-0.384764,0.00591807,1.98251,0.65987,0.194549,-1.62464,-1.32884,-0.638008,0.776036,1.76188,-0.149657,0.116447,-1.54277,-0.0636614,0.2482,-1.00728,-1.59481,-1.01706,-0.127135,0.559175,1.40119,-1.61276,1.8305,-0.0898098,-1.26576,-1.76124,1.23195,-0.269686,1.22789,-1.59845,-1.56077,0.458786,1.996,-0.185011,-1.75004,1.38731,-0.797919,-1.56933,0.936032,-1.67351,1.35279,0.444837,1.42627,-1.3104,-0.0724454,0.89088,-0.393547,0.886616,0.0264761,-0.478673,-1.03596,0.226382,0.0675763,-1.26799,0.156639,-0.0321617,0.998724,0.212245,-0.63784,-0.775643,-0.788799,1.94885,1.21166,0.828242,-0.92643,-0.62419,-1.08532,0.0134659,-0.922084,-1.04397,-1.82062,-0.720654,-1.94471,-0.376988,1.76676,-0.594025,1.17955,0.313105,1.16384,0.0323358,0.112372,0.276904,0.173359,1.84303,0.871915,-1.30925,-0.819472,-0.271119,0.144731,1.18899,1.07535,1.68402,1.67163,-0.91779,-0.253471,-1.68299,-0.374937,1.42931,0.855572,-1.19532,1.68908,-0.0885758,-2.00658,0.263669,0.836771,0.582903,1.48062,-2.06013,0.00489713,0.470741,-0.0891035,1.16631,-2.70523,-1.51548,-0.838953,-0.212067,0.662713,-0.292357,-1.30064,0.157687,0.413123,0.667822,0.923522,1.51753,1.22024,-0.208882,-0.298432,-0.931803,-1.17986,-1.26785,-1.69753,0.894717,0.10409,-0.598537,-0.869817,-1.90212,-0.425414,1.90786,0.912468,-0.00158686,1.60997,-0.60456,1.42093,2.00727,0.345481,-3.1617,1.14505,-0.577387,0.546063,-0.154331,1.66305,0.54465,1.02628,-0.359638,0.340997,-0.357275,-1.21087,-0.250966,1.4265,-0.216053,1.03223,-0.907846,2.04921,0.510401,-0.563432,1.82616,-0.518386,-1.09954,-0.810649,0.761369,-0.276945,0.510022,0.570855,-0.395869,-1.12254,0.408707,0.22015,1.33666,-0.224488,-0.253569,-0.723078,-0.438987,-0.210443,0.904357,0.94547,-1.4293,-0.819242,-0.892402,1.48638,-1.02035,-0.18878,0.771425,1.10827,-1.88749,-0.19531,-1.22781,-0.118773,1.55646,-0.33422,0.145854,-547.184,-508.299,2761.5,815.011,520.894,-1882.04,-2005.36,-819.359,713.376,4167.89,684.524,-60.5022,-3825.74,-379.508,89.5438,-786.665,-2764.26,-1893.05,-1138.15,1330.48,3721.9,-4549.31,2287.66,267.703,-2638.59,-2872.07,3581.78,-691.08,1559.76,-2665.15,-3407.54,531.827,2745.55,-223.138,-3512.96,4957.76,-1430.38,-3610.6,1490.59,-2808.39,2647.86,134.514,1058.66,-2025.01,485.435,3088.29,-408.039,1755.96,-843.537,223.64,-979.537,157.066,-382.401,-1592.82,146.539,630.355,1663.4,390.568,-1767.98,-422.267,-1066.21,3073.98,426.967,1910.6,-1257.09,-400.344,-1141.72,499.265,-2604.22,-1076.11,-4120.46,-2216.12,-5824.17,-626.233,4606.2,242.817,3643.23,1542.24,2193.71,656.864,865.569,271.498,-601.193,3442.11,1343.81,-669.027,-589.169,-124.323,-568.395,1995.34,2199.27,3168.19,1360.03,-1589.59,215.181,-2315.43,-552.459,2949.46,968.289,-1405.52
-250354,0,1,0,1,1,250408,-0.384764,0.00591807,1.98251,0.65987,0.194549,-1.62464,-1.32884,-0.638008,0.776036,1.76188,-0.149657,0.116447,-1.54277,-0.0636614,0.2482,-1.00728,-1.59481,-1.01706,-0.127135,0.559175,1.40119,-1.61276,1.8305,-0.0898098,-1.26576,-1.76124,1.23195,-0.269686,1.22789,-1.59845,-1.56077,0.458786,1.996,-0.185011,-1.75004,1.38731,-0.797919,-1.56933,0.936032,-1.67351,1.35279,0.444837,1.42627,-1.3104,-0.0724454,0.89088,-0.393547,0.886616,0.0264761,-0.478673,-1.03596,0.226382,0.0675763,-1.26799,0.156639,-0.0321617,0.998724,0.212245,-0.63784,-0.775643,-0.788799,1.94885,1.21166,0.828242,-0.92643,-0.62419,-1.08532,0.0134659,-0.922084,-1.04397,-1.82062,-0.720654,-1.94471,-0.376988,1.76676,-0.594025,1.17955,0.313105,1.16384,0.0323358,0.112372,0.276904,0.173359,1.84303,0.871915,-1.30925,-0.819472,-0.271119,0.144731,1.18899,1.07535,1.68402,1.67163,-0.91779,-0.253471,-1.68299,-0.374937,1.42931,0.855572,-1.19532,0.283655,0.367777,-1.72522,1.13267,-0.359628,-0.256554,-0.260259,-1.87289,-0.347985,0.465108,-1.19797,1.3918,0.172847,-0.579192,-1.12316,-0.70836,1.33654,-0.619832,0.291371,1.80602,-0.145179,0.345353,0.585122,0.417373,-0.361248,0.0416811,-1.6808,1.37585,0.293862,-0.287596,1.28496,2.23151,-1.13517,0.162792,-0.773366,0.433321,-0.255265,-0.388839,-0.255225,-1.86417,-0.286556,-1.53371,-3.08699,0.441169,1.4375,2.06123,-0.978672,-0.186939,-0.596117,-0.46428,-1.27015,-1.70589,-0.137054,1.07792,0.818485,-0.780888,0.314797,-0.558765,0.139765,1.29944,1.59891,-0.228292,-1.39347,-0.25141,-1.02548,-1.75928,0.439543,-1.48877,0.626079,-0.469898,0.037556,0.668249,-0.794705,0.640951,1.27732,-1.2696,1.64602,-0.187874,0.690638,-0.64982,-0.789936,0.173133,-0.280097,-0.279029,-0.825426,-2.44748,0.283166,0.181422,-1.13196,1.02128,-1.36828,1.32252,0.559921,-1.09539,0.148199,-1.2157,-1.46117,1.28839,-0.716873,0.922064,-547.184,-508.299,2761.5,815.011,520.894,-1882.04,-2005.36,-819.359,713.376,4167.89,684.524,-60.5022,-3825.74,-379.508,89.5438,-786.665,-2764.26,-1893.05,-1138.15,1330.48,3721.9,-4549.31,2287.66,267.703,-2638.59,-2872.07,3581.78,-691.08,1559.76,-2665.15,-3407.54,531.827,2745.55,-223.138,-3512.96,4957.76,-1430.38,-3610.6,1490.59,-2808.39,2647.86,134.514,1058.66,-2025.01,485.435,3088.29,-408.039,1755.96,-843.537,223.64,-979.537,157.066,-382.401,-1592.82,146.539,630.355,1663.4,390.568,-1767.98,-422.267,-1066.21,3073.98,426.967,1910.6,-1257.09,-400.344,-1141.72,499.265,-2604.22,-1076.11,-4120.46,-2216.12,-5824.17,-626.233,4606.2,242.817,3643.23,1542.24,2193.71,656.864,865.569,271.498,-601.193,3442.11,1343.81,-669.027,-589.169,-124.323,-568.395,1995.34,2199.27,3168.19,1360.03,-1589.59,215.181,-2315.43,-552.459,2949.46,968.289,-1405.52
-250354,0,1,0,1,1,250400,-0.384764,0.00591807,1.98251,0.65987,0.194549,-1.62464,-1.32884,-0.638008,0.776036,1.76188,-0.149657,0.116447,-1.54277,-0.0636614,0.2482,-1.00728,-1.59481,-1.01706,-0.127135,0.559175,1.40119,-1.61276,1.8305,-0.0898098,-1.26576,-1.76124,1.23195,-0.269686,1.22789,-1.59845,-1.56077,0.458786,1.996,-0.185011,-1.75004,1.38731,-0.797919,-1.56933,0.936032,-1.67351,1.35279,0.444837,1.42627,-1.3104,-0.0724454,0.89088,-0.393547,0.886616,0.0264761,-0.478673,-1.03596,0.226382,0.0675763,-1.26799,0.156639,-0.0321617,0.998724,0.212245,-0.63784,-0.775643,-0.788799,1.94885,1.21166,0.828242,-0.92643,-0.62419,-1.08532,0.0134659,-0.922084,-1.04397,-1.82062,-0.720654,-1.94471,-0.376988,1.76676,-0.594025,1.17955,0.313105,1.16384,0.0323358,0.112372,0.276904,0.173359,1.84303,0.871915,-1.30925,-0.819472,-0.271119,0.144731,1.18899,1.07535,1.68402,1.67163,-0.91779,-0.253471,-1.68299,-0.374937,1.42931,0.855572,-1.19532,-1.53857,-0.2037,-2.86521,-0.380217,0.191255,0.159474,0.990177,0.349242,-0.102914,0.722693,-1.11727,2.65602,-0.385482,0.879071,0.224973,-0.133188,-0.205383,0.00138483,0.600485,-0.536028,-1.68585,0.374619,-1.05111,1.19452,-0.706077,-1.42931,0.374207,-2.61738,-0.0342863,-0.899582,0.901796,-1.02104,-0.6362,1.39986,1.18113,-0.625201,0.230156,1.65343,0.651619,-0.166525,-0.456543,0.190587,0.901417,0.956857,1.44585,-0.428915,0.0467984,-1.1991,0.543988,1.06203,0.773147,-0.297988,1.55341,-0.848167,-0.612224,0.0929041,-1.88866,-0.563375,-0.533445,0.19809,0.471122,-0.885474,-0.125236,-1.20769,0.78643,-0.0830069,0.100032,1.16681,-0.536427,-0.16525,-0.760901,1.10621,0.283439,0.135546,0.492102,-0.427802,0.927842,-0.402443,-0.386487,-0.392625,-0.234843,-1.64199,-0.325623,-0.287058,-1.08132,-1.08782,-0.183062,0.507533,-0.0050406,2.41783,-1.83293,-1.77521,0.00268346,-0.00322876,-0.0188733,0.714311,0.0267197,-1.2946,0.641982,-0.131358,-547.184,-508.299,2761.5,815.011,520.894,-1882.04,-2005.36,-819.359,713.376,4167.89,684.524,-60.5022,-3825.74,-379.508,89.5438,-786.665,-2764.26,-1893.05,-1138.15,1330.48,3721.9,-4549.31,2287.66,267.703,-2638.59,-2872.07,3581.78,-691.08,1559.76,-2665.15,-3407.54,531.827,2745.55,-223.138,-3512.96,4957.76,-1430.38,-3610.6,1490.59,-2808.39,2647.86,134.514,1058.66,-2025.01,485.435,3088.29,-408.039,1755.96,-843.537,223.64,-979.537,157.066,-382.401,-1592.82,146.539,630.355,1663.4,390.568,-1767.98,-422.267,-1066.21,3073.98,426.967,1910.6,-1257.09,-400.344,-1141.72,499.265,-2604.22,-1076.11,-4120.46,-2216.12,-5824.17,-626.233,4606.2,242.817,3643.23,1542.24,2193.71,656.864,865.569,271.498,-601.193,3442.11,1343.81,-669.027,-589.169,-124.323,-568.395,1995.34,2199.27,3168.19,1360.03,-1589.59,215.181,-2315.43,-552.459,2949.46,968.289,-1405.52
-250354,0,1,0,1,1,250408,-0.384764,0.00591807,1.98251,0.65987,0.194549,-1.62464,-1.32884,-0.638008,0.776036,1.76188,-0.149657,0.116447,-1.54277,-0.0636614,0.2482,-1.00728,-1.59481,-1.01706,-0.127135,0.559175,1.40119,-1.61276,1.8305,-0.0898098,-1.26576,-1.76124,1.23195,-0.269686,1.22789,-1.59845,-1.56077,0.458786,1.996,-0.185011,-1.75004,1.38731,-0.797919,-1.56933,0.936032,-1.67351,1.35279,0.444837,1.42627,-1.3104,-0.0724454,0.89088,-0.393547,0.886616,0.0264761,-0.478673,-1.03596,0.226382,0.0675763,-1.26799,0.156639,-0.0321617,0.998724,0.212245,-0.63784,-0.775643,-0.788799,1.94885,1.21166,0.828242,-0.92643,-0.62419,-1.08532,0.0134659,-0.922084,-1.04397,-1.82062,-0.720654,-1.94471,-0.376988,1.76676,-0.594025,1.17955,0.313105,1.16384,0.0323358,0.112372,0.276904,0.173359,1.84303,0.871915,-1.30925,-0.819472,-0.271119,0.144731,1.18899,1.07535,1.68402,1.67163,-0.91779,-0.253471,-1.68299,-0.374937,1.42931,0.855572,-1.19532,-0.047484,1.9343,0.0756143,-1.56485,0.69446,1.09062,-1.42718,-0.185255,1.47582,-0.325987,1.16308,-0.255299,0.477607,-0.380372,2.26341,1.16911,-0.000811134,0.147046,0.690541,-0.483451,-0.686904,0.737916,-0.868381,0.274601,-0.151156,0.506172,-0.17022,-0.901896,1.4452,0.946707,-1.32353,1.26735,0.0897128,0.0881481,0.131064,1.28233,-1.82578,0.314924,-0.577681,-1.73905,-1.7713,0.530367,-1.56884,0.487496,3.2387,-0.924512,0.353762,-0.993688,-0.389101,-0.876128,1.25329,-0.274074,-0.181469,-0.206383,-0.430547,0.0247153,1.37081,0.556274,0.0187849,-0.265459,-0.292192,-1.26956,1.85236,-0.15571,-2.49485,-0.237429,0.710963,0.033116,0.041673,3.17247,0.284075,-0.863176,1.28082,0.0453224,0.257132,0.893719,0.113392,0.142553,-0.452219,1.98158,0.159474,0.726076,1.01818,0.711941,0.830029,-0.545156,0.0540869,0.606528,1.72348,-0.536168,-1.74581,-1.0412,0.432583,-0.476878,0.964418,-0.0724898,-0.0908168,-0.225493,-0.838904,1.70579,-547.184,-508.299,2761.5,815.011,520.894,-1882.04,-2005.36,-819.359,713.376,4167.89,684.524,-60.5022,-3825.74,-379.508,89.5438,-786.665,-2764.26,-1893.05,-1138.15,1330.48,3721.9,-4549.31,2287.66,267.703,-2638.59,-2872.07,3581.78,-691.08,1559.76,-2665.15,-3407.54,531.827,2745.55,-223.138,-3512.96,4957.76,-1430.38,-3610.6,1490.59,-2808.39,2647.86,134.514,1058.66,-2025.01,485.435,3088.29,-408.039,1755.96,-843.537,223.64,-979.537,157.066,-382.401,-1592.82,146.539,630.355,1663.4,390.568,-1767.98,-422.267,-1066.21,3073.98,426.967,1910.6,-1257.09,-400.344,-1141.72,499.265,-2604.22,-1076.11,-4120.46,-2216.12,-5824.17,-626.233,4606.2,242.817,3643.23,1542.24,2193.71,656.864,865.569,271.498,-601.193,3442.11,1343.81,-669.027,-589.169,-124.323,-568.395,1995.34,2199.27,3168.19,1360.03,-1589.59,215.181,-2315.43,-552.459,2949.46,968.289,-1405.52
-250354,0,1,0,1,1,250411,-0.384764,0.00591807,1.98251,0.65987,0.194549,-1.62464,-1.32884,-0.638008,0.776036,1.76188,-0.149657,0.116447,-1.54277,-0.0636614,0.2482,-1.00728,-1.59481,-1.01706,-0.127135,0.559175,1.40119,-1.61276,1.8305,-0.0898098,-1.26576,-1.76124,1.23195,-0.269686,1.22789,-1.59845,-1.56077,0.458786,1.996,-0.185011,-1.75004,1.38731,-0.797919,-1.56933,0.936032,-1.67351,1.35279,0.444837,1.42627,-1.3104,-0.0724454,0.89088,-0.393547,0.886616,0.0264761,-0.478673,-1.03596,0.226382,0.0675763,-1.26799,0.156639,-0.0321617,0.998724,0.212245,-0.63784,-0.775643,-0.788799,1.94885,1.21166,0.828242,-0.92643,-0.62419,-1.08532,0.0134659,-0.922084,-1.04397,-1.82062,-0.720654,-1.94471,-0.376988,1.76676,-0.594025,1.17955,0.313105,1.16384,0.0323358,0.112372,0.276904,0.173359,1.84303,0.871915,-1.30925,-0.819472,-0.271119,0.144731,1.18899,1.07535,1.68402,1.67163,-0.91779,-0.253471,-1.68299,-0.374937,1.42931,0.855572,-1.19532,-0.0826047,1.09052,-0.00181891,-1.36911,1.45949,-0.570521,-1.06792,-0.31883,2.06255,-0.708674,0.0179561,-0.0512243,-0.267084,-1.2345,-0.0506921,1.48085,-1.16566,0.999281,-0.0339742,0.921707,2.24856,1.77051,0.532477,-0.959347,0.417228,-1.4253,-1.35834,0.265662,-1.09942,0.426852,-0.532092,0.73902,0.965531,0.271681,2.11553,2.59685,-0.352272,0.593149,-0.129204,0.639441,-1.30348,1.83033,0.696724,-0.974417,1.99816,-1.82681,1.07199,1.68691,-0.105294,1.1208,0.0450385,-0.564145,1.2705,0.28474,1.18935,1.15767,1.07995,1.94631,0.91204,-0.321157,0.177962,0.217818,0.624417,0.318891,1.479,-0.594636,1.05395,0.525929,-0.36918,1.43493,-2.28549,0.430462,-0.866806,0.170159,-0.863415,0.543911,-0.512855,-0.404698,0.0859288,-1.23918,0.872866,-1.42833,-0.253901,1.13438,-1.66953,0.680091,0.708413,-0.647303,-1.14557,-1.16529,-0.252928,-1.95826,1.10171,-1.61293,-1.05041,-0.264214,-0.825655,0.0304334,0.640991,-0.834176,-547.184,-508.299,2761.5,815.011,520.894,-1882.04,-2005.36,-819.359,713.376,4167.89,684.524,-60.5022,-3825.74,-379.508,89.5438,-786.665,-2764.26,-1893.05,-1138.15,1330.48,3721.9,-4549.31,2287.66,267.703,-2638.59,-2872.07,3581.78,-691.08,1559.76,-2665.15,-3407.54,531.827,2745.55,-223.138,-3512.96,4957.76,-1430.38,-3610.6,1490.59,-2808.39,2647.86,134.514,1058.66,-2025.01,485.435,3088.29,-408.039,1755.96,-843.537,223.64,-979.537,157.066,-382.401,-1592.82,146.539,630.355,1663.4,390.568,-1767.98,-422.267,-1066.21,3073.98,426.967,1910.6,-1257.09,-400.344,-1141.72,499.265,-2604.22,-1076.11,-4120.46,-2216.12,-5824.17,-626.233,4606.2,242.817,3643.23,1542.24,2193.71,656.864,865.569,271.498,-601.193,3442.11,1343.81,-669.027,-589.169,-124.323,-568.395,1995.34,2199.27,3168.19,1360.03,-1589.59,215.181,-2315.43,-552.459,2949.46,968.289,-1405.52
-250354,0,1,0,1,1,250415,-0.384764,0.00591807,1.98251,0.65987,0.194549,-1.62464,-1.32884,-0.638008,0.776036,1.76188,-0.149657,0.116447,-1.54277,-0.0636614,0.2482,-1.00728,-1.59481,-1.01706,-0.127135,0.559175,1.40119,-1.61276,1.8305,-0.0898098,-1.26576,-1.76124,1.23195,-0.269686,1.22789,-1.59845,-1.56077,0.458786,1.996,-0.185011,-1.75004,1.38731,-0.797919,-1.56933,0.936032,-1.67351,1.35279,0.444837,1.42627,-1.3104,-0.0724454,0.89088,-0.393547,0.886616,0.0264761,-0.478673,-1.03596,0.226382,0.0675763,-1.26799,0.156639,-0.0321617,0.998724,0.212245,-0.63784,-0.775643,-0.788799,1.94885,1.21166,0.828242,-0.92643,-0.62419,-1.08532,0.0134659,-0.922084,-1.04397,-1.82062,-0.720654,-1.94471,-0.376988,1.76676,-0.594025,1.17955,0.313105,1.16384,0.0323358,0.112372,0.276904,0.173359,1.84303,0.871915,-1.30925,-0.819472,-0.271119,0.144731,1.18899,1.07535,1.68402,1.67163,-0.91779,-0.253471,-1.68299,-0.374937,1.42931,0.855572,-1.19532,0.354022,-1.60977,-0.0859413,-0.278494,1.51047,0.949033,0.131246,-0.839454,0.705532,-0.500655,0.234875,0.766216,1.09787,-0.745766,-0.186753,-1.8874,-1.63054,-1.05345,-0.65146,-1.63975,0.443434,-1.60452,0.910797,2.22648,1.43142,0.511008,-0.56527,1.33079,-2.07939,1.60693,-1.54565,-0.793239,-1.46092,-0.0922117,-0.752304,0.528709,-1.59767,-0.89844,-1.85402,0.407897,-0.893164,-0.216756,0.76865,-1.09682,0.581779,0.278331,-0.948913,-0.967878,0.997316,-0.531269,-1.186,1.16284,1.06061,0.57522,1.23375,0.605587,-0.523494,-0.552368,-0.750223,1.00056,0.278694,-0.300594,0.733416,-1.36569,-0.532674,0.484173,-0.0799593,-2.33501,-0.149896,0.107526,0.440286,-2.38526,-0.00523183,1.0481,-1.92662,0.196542,0.762994,0.147693,1.51857,-1.04648,1.01913,0.12437,0.0148192,-0.46686,0.173614,0.597401,0.0551149,-0.535829,-1.77923,0.63124,0.798234,-0.6155,-1.01798,1.13476,-0.867196,-0.131106,1.94013,0.411325,-3.15312,-2.72396,-547.184,-508.299,2761.5,815.011,520.894,-1882.04,-2005.36,-819.359,713.376,4167.89,684.524,-60.5022,-3825.74,-379.508,89.5438,-786.665,-2764.26,-1893.05,-1138.15,1330.48,3721.9,-4549.31,2287.66,267.703,-2638.59,-2872.07,3581.78,-691.08,1559.76,-2665.15,-3407.54,531.827,2745.55,-223.138,-3512.96,4957.76,-1430.38,-3610.6,1490.59,-2808.39,2647.86,134.514,1058.66,-2025.01,485.435,3088.29,-408.039,1755.96,-843.537,223.64,-979.537,157.066,-382.401,-1592.82,146.539,630.355,1663.4,390.568,-1767.98,-422.267,-1066.21,3073.98,426.967,1910.6,-1257.09,-400.344,-1141.72,499.265,-2604.22,-1076.11,-4120.46,-2216.12,-5824.17,-626.233,4606.2,242.817,3643.23,1542.24,2193.71,656.864,865.569,271.498,-601.193,3442.11,1343.81,-669.027,-589.169,-124.323,-568.395,1995.34,2199.27,3168.19,1360.03,-1589.59,215.181,-2315.43,-552.459,2949.46,968.289,-1405.52
-250354,0,1,0,1,1,250407,-0.384764,0.00591807,1.98251,0.65987,0.194549,-1.62464,-1.32884,-0.638008,0.776036,1.76188,-0.149657,0.116447,-1.54277,-0.0636614,0.2482,-1.00728,-1.59481,-1.01706,-0.127135,0.559175,1.40119,-1.61276,1.8305,-0.0898098,-1.26576,-1.76124,1.23195,-0.269686,1.22789,-1.59845,-1.56077,0.458786,1.996,-0.185011,-1.75004,1.38731,-0.797919,-1.56933,0.936032,-1.67351,1.35279,0.444837,1.42627,-1.3104,-0.0724454,0.89088,-0.393547,0.886616,0.0264761,-0.478673,-1.03596,0.226382,0.0675763,-1.26799,0.156639,-0.0321617,0.998724,0.212245,-0.63784,-0.775643,-0.788799,1.94885,1.21166,0.828242,-0.92643,-0.62419,-1.08532,0.0134659,-0.922084,-1.04397,-1.82062,-0.720654,-1.94471,-0.376988,1.76676,-0.594025,1.17955,0.313105,1.16384,0.0323358,0.112372,0.276904,0.173359,1.84303,0.871915,-1.30925,-0.819472,-0.271119,0.144731,1.18899,1.07535,1.68402,1.67163,-0.91779,-0.253471,-1.68299,-0.374937,1.42931,0.855572,-1.19532,-0.0122622,-0.897784,0.275567,0.210124,-0.478794,-1.09059,0.660047,0.4953,-0.88617,2.63985,-0.625468,-0.598629,0.649512,-0.13217,2.46784,0.375667,1.48522,-0.180388,0.340011,-0.435742,-0.118422,0.0900052,-1.25995,2.40031,-0.198332,1.8756,-1.57096,0.329821,2.16051,1.61088,0.480334,1.24479,0.609688,1.50931,-1.61197,0.1397,-0.469574,0.0866984,-1.63724,0.0285318,0.216931,-0.143152,2.35122,-0.086096,-0.452463,-0.317046,0.541164,-0.300862,-0.124362,-0.557128,0.158585,-0.796016,1.28263,0.303953,-1.48425,-0.836328,0.224452,0.423833,-1.06686,-0.593527,-0.398189,-1.49731,-0.359665,-0.413591,1.24565,0.211928,-0.119755,-0.422728,-2.02417,1.74204,1.67568,1.71686,0.10794,-0.198179,-0.0997796,1.40134,-2.44967,1.20877,0.375504,0.0300853,0.734264,-1.09254,-0.518794,-0.54365,0.609818,-1.00911,-1.24213,0.517295,-0.894772,1.11864,-0.621675,1.01764,-0.245144,0.949687,-0.962716,-0.333226,-0.224388,1.42444,0.153143,0.132382,-547.184,-508.299,2761.5,815.011,520.894,-1882.04,-2005.36,-819.359,713.376,4167.89,684.524,-60.5022,-3825.74,-379.508,89.5438,-786.665,-2764.26,-1893.05,-1138.15,1330.48,3721.9,-4549.31,2287.66,267.703,-2638.59,-2872.07,3581.78,-691.08,1559.76,-2665.15,-3407.54,531.827,2745.55,-223.138,-3512.96,4957.76,-1430.38,-3610.6,1490.59,-2808.39,2647.86,134.514,1058.66,-2025.01,485.435,3088.29,-408.039,1755.96,-843.537,223.64,-979.537,157.066,-382.401,-1592.82,146.539,630.355,1663.4,390.568,-1767.98,-422.267,-1066.21,3073.98,426.967,1910.6,-1257.09,-400.344,-1141.72,499.265,-2604.22,-1076.11,-4120.46,-2216.12,-5824.17,-626.233,4606.2,242.817,3643.23,1542.24,2193.71,656.864,865.569,271.498,-601.193,3442.11,1343.81,-669.027,-589.169,-124.323,-568.395,1995.34,2199.27,3168.19,1360.03,-1589.59,215.181,-2315.43,-552.459,2949.46,968.289,-1405.52
-250354,0,1,0,1,1,250404,-0.384764,0.00591807,1.98251,0.65987,0.194549,-1.62464,-1.32884,-0.638008,0.776036,1.76188,-0.149657,0.116447,-1.54277,-0.0636614,0.2482,-1.00728,-1.59481,-1.01706,-0.127135,0.559175,1.40119,-1.61276,1.8305,-0.0898098,-1.26576,-1.76124,1.23195,-0.269686,1.22789,-1.59845,-1.56077,0.458786,1.996,-0.185011,-1.75004,1.38731,-0.797919,-1.56933,0.936032,-1.67351,1.35279,0.444837,1.42627,-1.3104,-0.0724454,0.89088,-0.393547,0.886616,0.0264761,-0.478673,-1.03596,0.226382,0.0675763,-1.26799,0.156639,-0.0321617,0.998724,0.212245,-0.63784,-0.775643,-0.788799,1.94885,1.21166,0.828242,-0.92643,-0.62419,-1.08532,0.0134659,-0.922084,-1.04397,-1.82062,-0.720654,-1.94471,-0.376988,1.76676,-0.594025,1.17955,0.313105,1.16384,0.0323358,0.112372,0.276904,0.173359,1.84303,0.871915,-1.30925,-0.819472,-0.271119,0.144731,1.18899,1.07535,1.68402,1.67163,-0.91779,-0.253471,-1.68299,-0.374937,1.42931,0.855572,-1.19532,1.00598,0.124832,2.06257,-1.24129,-0.157358,-0.482363,2.01711,0.707263,1.06771,-0.922691,0.488592,0.822817,0.548559,-0.683943,0.23742,-1.14772,-0.477034,0.940537,0.729836,-0.277853,-0.179921,0.190823,-0.444582,0.391639,1.02547,-1.11593,0.866856,-1.68233,1.48297,0.672538,0.19153,2.22247,-0.345635,0.720719,-2.30297,-0.629407,0.0150147,1.01041,-0.262085,0.217218,1.16666,-0.287506,0.59212,0.196797,-2.0914,-1.42895,-0.124869,1.62332,-1.41378,-1.65016,0.183553,0.10892,-0.504932,-1.11574,-1.58926,-0.164519,-0.528622,0.607478,0.832766,0.467718,-2.08917,-0.682762,0.439257,-1.12518,-0.187719,-1.07813,-0.853952,-0.242316,-1.13097,-0.492663,0.939068,0.626732,1.73761,1.53446,-0.628693,-0.00545336,0.345047,-0.294177,0.125547,0.505319,1.11034,1.92216,-0.497087,-0.791889,-1.789,1.39236,-0.440623,-1.45262,0.999175,1.38528,0.500925,-0.281066,-0.107521,0.120498,0.265806,-0.240286,1.76645,0.692833,0.296633,-0.349567,-547.184,-508.299,2761.5,815.011,520.894,-1882.04,-2005.36,-819.359,713.376,4167.89,684.524,-60.5022,-3825.74,-379.508,89.5438,-786.665,-2764.26,-1893.05,-1138.15,1330.48,3721.9,-4549.31,2287.66,267.703,-2638.59,-2872.07,3581.78,-691.08,1559.76,-2665.15,-3407.54,531.827,2745.55,-223.138,-3512.96,4957.76,-1430.38,-3610.6,1490.59,-2808.39,2647.86,134.514,1058.66,-2025.01,485.435,3088.29,-408.039,1755.96,-843.537,223.64,-979.537,157.066,-382.401,-1592.82,146.539,630.355,1663.4,390.568,-1767.98,-422.267,-1066.21,3073.98,426.967,1910.6,-1257.09,-400.344,-1141.72,499.265,-2604.22,-1076.11,-4120.46,-2216.12,-5824.17,-626.233,4606.2,242.817,3643.23,1542.24,2193.71,656.864,865.569,271.498,-601.193,3442.11,1343.81,-669.027,-589.169,-124.323,-568.395,1995.34,2199.27,3168.19,1360.03,-1589.59,215.181,-2315.43,-552.459,2949.46,968.289,-1405.52
-250354,0,1,0,1,1,250412,-0.384764,0.00591807,1.98251,0.65987,0.194549,-1.62464,-1.32884,-0.638008,0.776036,1.76188,-0.149657,0.116447,-1.54277,-0.0636614,0.2482,-1.00728,-1.59481,-1.01706,-0.127135,0.559175,1.40119,-1.61276,1.8305,-0.0898098,-1.26576,-1.76124,1.23195,-0.269686,1.22789,-1.59845,-1.56077,0.458786,1.996,-0.185011,-1.75004,1.38731,-0.797919,-1.56933,0.936032,-1.67351,1.35279,0.444837,1.42627,-1.3104,-0.0724454,0.89088,-0.393547,0.886616,0.0264761,-0.478673,-1.03596,0.226382,0.0675763,-1.26799,0.156639,-0.0321617,0.998724,0.212245,-0.63784,-0.775643,-0.788799,1.94885,1.21166,0.828242,-0.92643,-0.62419,-1.08532,0.0134659,-0.922084,-1.04397,-1.82062,-0.720654,-1.94471,-0.376988,1.76676,-0.594025,1.17955,0.313105,1.16384,0.0323358,0.112372,0.276904,0.173359,1.84303,0.871915,-1.30925,-0.819472,-0.271119,0.144731,1.18899,1.07535,1.68402,1.67163,-0.91779,-0.253471,-1.68299,-0.374937,1.42931,0.855572,-1.19532,-0.535349,-0.17559,-1.29647,0.719966,0.512362,-0.319537,-0.638847,0.0125235,1.35799,-0.79091,0.189354,-1.29013,-0.0425071,-1.37112,1.63923,-0.253836,1.05789,-0.633644,-2.57565,-1.45672,-2.05626,0.542592,0.541871,0.896146,1.29475,1.40055,-1.10768,-0.126674,-0.143072,-1.46021,-0.939861,-1.03992,-1.57665,-0.377983,0.527858,-0.264414,-0.634528,1.43917,2.14191,0.611108,-0.786527,0.588304,0.659114,-0.705477,0.68582,-0.299211,-0.741706,-1.01154,-0.242584,-1.12559,1.58305,-2.03359,-1.23562,-0.758407,0.372529,-0.371686,-0.649863,-1.79657,-0.219064,-1.3178,-0.770664,-0.279527,-0.952378,-1.53505,-0.838182,0.923639,1.09192,-0.820837,0.579411,1.20586,-0.540638,-0.272035,1.74123,2.71356,-1.25636,-0.330189,0.163711,0.0610647,0.352395,-0.014399,0.528438,1.77353,-0.748864,2.26147,0.933401,0.662198,-1.83432,-0.122928,1.32024,-0.265641,1.63125,0.986443,0.327902,-1.41051,-1.06799,0.607747,0.0959526,1.58438,0.274597,0.906937,-547.184,-508.299,2761.5,815.011,520.894,-1882.04,-2005.36,-819.359,713.376,4167.89,684.524,-60.5022,-3825.74,-379.508,89.5438,-786.665,-2764.26,-1893.05,-1138.15,1330.48,3721.9,-4549.31,2287.66,267.703,-2638.59,-2872.07,3581.78,-691.08,1559.76,-2665.15,-3407.54,531.827,2745.55,-223.138,-3512.96,4957.76,-1430.38,-3610.6,1490.59,-2808.39,2647.86,134.514,1058.66,-2025.01,485.435,3088.29,-408.039,1755.96,-843.537,223.64,-979.537,157.066,-382.401,-1592.82,146.539,630.355,1663.4,390.568,-1767.98,-422.267,-1066.21,3073.98,426.967,1910.6,-1257.09,-400.344,-1141.72,499.265,-2604.22,-1076.11,-4120.46,-2216.12,-5824.17,-626.233,4606.2,242.817,3643.23,1542.24,2193.71,656.864,865.569,271.498,-601.193,3442.11,1343.81,-669.027,-589.169,-124.323,-568.395,1995.34,2199.27,3168.19,1360.03,-1589.59,215.181,-2315.43,-552.459,2949.46,968.289,-1405.52
-250354,0,1,0,1,1,250394,-0.384764,0.00591807,1.98251,0.65987,0.194549,-1.62464,-1.32884,-0.638008,0.776036,1.76188,-0.149657,0.116447,-1.54277,-0.0636614,0.2482,-1.00728,-1.59481,-1.01706,-0.127135,0.559175,1.40119,-1.61276,1.8305,-0.0898098,-1.26576,-1.76124,1.23195,-0.269686,1.22789,-1.59845,-1.56077,0.458786,1.996,-0.185011,-1.75004,1.38731,-0.797919,-1.56933,0.936032,-1.67351,1.35279,0.444837,1.42627,-1.3104,-0.0724454,0.89088,-0.393547,0.886616,0.0264761,-0.478673,-1.03596,0.226382,0.0675763,-1.26799,0.156639,-0.0321617,0.998724,0.212245,-0.63784,-0.775643,-0.788799,1.94885,1.21166,0.828242,-0.92643,-0.62419,-1.08532,0.0134659,-0.922084,-1.04397,-1.82062,-0.720654,-1.94471,-0.376988,1.76676,-0.594025,1.17955,0.313105,1.16384,0.0323358,0.112372,0.276904,0.173359,1.84303,0.871915,-1.30925,-0.819472,-0.271119,0.144731,1.18899,1.07535,1.68402,1.67163,-0.91779,-0.253471,-1.68299,-0.374937,1.42931,0.855572,-1.19532,0.320451,0.165576,0.183591,-0.518742,0.876684,0.894547,-0.424235,0.794065,0.752302,0.45551,-1.31246,-1.79215,0.344787,0.584254,-0.413388,-0.184484,2.53591,-0.605444,0.00728567,-1.3448,-0.454054,1.30775,0.0408725,-0.170146,-0.121803,0.541012,0.408683,0.0205301,-0.613507,-1.89968,-0.559151,-0.974363,-0.106301,0.266802,-0.396642,0.012575,-0.470009,0.0454828,0.489488,0.782924,0.583901,-0.772658,0.991379,1.07205,0.695494,-0.554162,1.03565,1.65486,0.537108,-0.956056,-0.0998434,-0.456564,-0.0351297,-0.0761868,1.21788,1.07062,0.71945,0.133179,-0.568777,0.361668,-1.73334,0.388316,-0.234819,0.107048,1.40256,1.59061,-0.765286,1.66171,0.0503752,-1.72419,1.06645,0.701712,-0.707607,-0.405686,0.477706,0.118979,-0.52876,-0.776344,1.32499,-0.394984,1.23591,-0.692924,1.60541,1.51971,-1.30753,-1.4859,0.96417,-1.22168,0.189121,0.147112,-0.912413,-0.514773,0.757154,1.8376,0.879841,0.677281,-0.474048,0.80514,0.656479,0.278787,-547.184,-508.299,2761.5,815.011,520.894,-1882.04,-2005.36,-819.359,713.376,4167.89,684.524,-60.5022,-3825.74,-379.508,89.5438,-786.665,-2764.26,-1893.05,-1138.15,1330.48,3721.9,-4549.31,2287.66,267.703,-2638.59,-2872.07,3581.78,-691.08,1559.76,-2665.15,-3407.54,531.827,2745.55,-223.138,-3512.96,4957.76,-1430.38,-3610.6,1490.59,-2808.39,2647.86,134.514,1058.66,-2025.01,485.435,3088.29,-408.039,1755.96,-843.537,223.64,-979.537,157.066,-382.401,-1592.82,146.539,630.355,1663.4,390.568,-1767.98,-422.267,-1066.21,3073.98,426.967,1910.6,-1257.09,-400.344,-1141.72,499.265,-2604.22,-1076.11,-4120.46,-2216.12,-5824.17,-626.233,4606.2,242.817,3643.23,1542.24,2193.71,656.864,865.569,271.498,-601.193,3442.11,1343.81,-669.027,-589.169,-124.323,-568.395,1995.34,2199.27,3168.19,1360.03,-1589.59,215.181,-2315.43,-552.459,2949.46,968.289,-1405.52
-250354,0,1,0,1,1,250398,-0.384764,0.00591807,1.98251,0.65987,0.194549,-1.62464,-1.32884,-0.638008,0.776036,1.76188,-0.149657,0.116447,-1.54277,-0.0636614,0.2482,-1.00728,-1.59481,-1.01706,-0.127135,0.559175,1.40119,-1.61276,1.8305,-0.0898098,-1.26576,-1.76124,1.23195,-0.269686,1.22789,-1.59845,-1.56077,0.458786,1.996,-0.185011,-1.75004,1.38731,-0.797919,-1.56933,0.936032,-1.67351,1.35279,0.444837,1.42627,-1.3104,-0.0724454,0.89088,-0.393547,0.886616,0.0264761,-0.478673,-1.03596,0.226382,0.0675763,-1.26799,0.156639,-0.0321617,0.998724,0.212245,-0.63784,-0.775643,-0.788799,1.94885,1.21166,0.828242,-0.92643,-0.62419,-1.08532,0.0134659,-0.922084,-1.04397,-1.82062,-0.720654,-1.94471,-0.376988,1.76676,-0.594025,1.17955,0.313105,1.16384,0.0323358,0.112372,0.276904,0.173359,1.84303,0.871915,-1.30925,-0.819472,-0.271119,0.144731,1.18899,1.07535,1.68402,1.67163,-0.91779,-0.253471,-1.68299,-0.374937,1.42931,0.855572,-1.19532,-0.0264743,1.27265,-0.322956,-1.04368,-0.898817,0.55113,0.788614,-0.423844,-0.83149,2.24539,-0.513273,-0.864793,-1.26554,-1.02189,1.39126,0.534462,-1.67852,-1.67047,-0.124395,1.56217,0.983433,-0.125544,1.36893,0.336409,0.809769,0.329562,0.526863,-0.58125,-0.925298,-1.45048,-0.388681,0.815887,-0.295913,0.0321561,-0.869,0.597762,-0.276409,-0.562672,-0.14834,-0.205816,-0.374497,0.899162,0.675562,1.37539,-0.143958,-0.119389,-1.77256,0.178648,-0.834935,1.36803,-0.506401,-1.10012,-1.04442,1.40707,-1.21834,-1.34678,-1.24172,1.36808,-2.31227,-0.209766,0.73892,0.64811,0.388426,0.556678,-1.60663,1.43322,0.974434,0.346205,0.985664,1.27427,0.836243,-0.638261,1.36752,-0.263607,-0.446228,0.531866,-0.0375032,0.236718,-0.911883,-0.24808,-0.993932,0.00934579,-1.13948,0.366596,-0.944071,0.256245,-0.517509,-1.30421,0.846354,1.18662,-0.279558,0.792468,0.887201,0.366413,1.38228,0.467763,-0.552844,-1.00653,-0.733528,-0.195824,-547.184,-508.299,2761.5,815.011,520.894,-1882.04,-2005.36,-819.359,713.376,4167.89,684.524,-60.5022,-3825.74,-379.508,89.5438,-786.665,-2764.26,-1893.05,-1138.15,1330.48,3721.9,-4549.31,2287.66,267.703,-2638.59,-2872.07,3581.78,-691.08,1559.76,-2665.15,-3407.54,531.827,2745.55,-223.138,-3512.96,4957.76,-1430.38,-3610.6,1490.59,-2808.39,2647.86,134.514,1058.66,-2025.01,485.435,3088.29,-408.039,1755.96,-843.537,223.64,-979.537,157.066,-382.401,-1592.82,146.539,630.355,1663.4,390.568,-1767.98,-422.267,-1066.21,3073.98,426.967,1910.6,-1257.09,-400.344,-1141.72,499.265,-2604.22,-1076.11,-4120.46,-2216.12,-5824.17,-626.233,4606.2,242.817,3643.23,1542.24,2193.71,656.864,865.569,271.498,-601.193,3442.11,1343.81,-669.027,-589.169,-124.323,-568.395,1995.34,2199.27,3168.19,1360.03,-1589.59,215.181,-2315.43,-552.459,2949.46,968.289,-1405.52
-250354,0,1,0,1,1,250391,-0.384764,0.00591807,1.98251,0.65987,0.194549,-1.62464,-1.32884,-0.638008,0.776036,1.76188,-0.149657,0.116447,-1.54277,-0.0636614,0.2482,-1.00728,-1.59481,-1.01706,-0.127135,0.559175,1.40119,-1.61276,1.8305,-0.0898098,-1.26576,-1.76124,1.23195,-0.269686,1.22789,-1.59845,-1.56077,0.458786,1.996,-0.185011,-1.75004,1.38731,-0.797919,-1.56933,0.936032,-1.67351,1.35279,0.444837,1.42627,-1.3104,-0.0724454,0.89088,-0.393547,0.886616,0.0264761,-0.478673,-1.03596,0.226382,0.0675763,-1.26799,0.156639,-0.0321617,0.998724,0.212245,-0.63784,-0.775643,-0.788799,1.94885,1.21166,0.828242,-0.92643,-0.62419,-1.08532,0.0134659,-0.922084,-1.04397,-1.82062,-0.720654,-1.94471,-0.376988,1.76676,-0.594025,1.17955,0.313105,1.16384,0.0323358,0.112372,0.276904,0.173359,1.84303,0.871915,-1.30925,-0.819472,-0.271119,0.144731,1.18899,1.07535,1.68402,1.67163,-0.91779,-0.253471,-1.68299,-0.374937,1.42931,0.855572,-1.19532,-1.01524,1.02314,-1.20641,-0.518168,0.477,0.176991,0.113057,-0.779893,0.08607,0.988799,-0.785625,2.27457,-1.03577,-0.318887,0.703637,-0.417702,0.241564,0.0904469,0.609572,0.830105,0.0365457,0.785435,1.73034,1.27624,0.725417,-0.364365,0.828185,-0.622681,-0.0191912,0.454065,-0.400376,1.69864,-0.873681,-0.530558,-1.59852,0.661347,1.12911,-0.722975,1.07013,-0.0758863,-0.038262,1.23379,0.372004,0.509107,-0.859323,-1.00315,0.940491,-0.95412,0.272782,0.656908,-0.303981,0.905997,-1.44195,0.325306,0.565238,0.280086,0.410423,-0.369273,-1.1011,0.2037,-0.63538,0.380377,1.30779,0.375376,0.00213554,-0.0386458,-0.286595,-0.534747,-0.553313,0.268846,0.929168,0.0830942,1.34118,0.841252,0.322568,0.198534,-1.09583,1.50151,0.112741,0.308277,-0.463224,-0.710365,-2.30172,-1.15207,-0.758594,0.152004,0.957913,1.15902,-0.728586,-0.324803,0.756697,1.375,1.10595,-0.0867306,0.957068,1.4876,-0.178087,1.07301,-0.149111,1.03813,-547.184,-508.299,2761.5,815.011,520.894,-1882.04,-2005.36,-819.359,713.376,4167.89,684.524,-60.5022,-3825.74,-379.508,89.5438,-786.665,-2764.26,-1893.05,-1138.15,1330.48,3721.9,-4549.31,2287.66,267.703,-2638.59,-2872.07,3581.78,-691.08,1559.76,-2665.15,-3407.54,531.827,2745.55,-223.138,-3512.96,4957.76,-1430.38,-3610.6,1490.59,-2808.39,2647.86,134.514,1058.66,-2025.01,485.435,3088.29,-408.039,1755.96,-843.537,223.64,-979.537,157.066,-382.401,-1592.82,146.539,630.355,1663.4,390.568,-1767.98,-422.267,-1066.21,3073.98,426.967,1910.6,-1257.09,-400.344,-1141.72,499.265,-2604.22,-1076.11,-4120.46,-2216.12,-5824.17,-626.233,4606.2,242.817,3643.23,1542.24,2193.71,656.864,865.569,271.498,-601.193,3442.11,1343.81,-669.027,-589.169,-124.323,-568.395,1995.34,2199.27,3168.19,1360.03,-1589.59,215.181,-2315.43,-552.459,2949.46,968.289,-1405.52
-250354,0,1,0,1,1,250409,-0.384764,0.00591807,1.98251,0.65987,0.194549,-1.62464,-1.32884,-0.638008,0.776036,1.76188,-0.149657,0.116447,-1.54277,-0.0636614,0.2482,-1.00728,-1.59481,-1.01706,-0.127135,0.559175,1.40119,-1.61276,1.8305,-0.0898098,-1.26576,-1.76124,1.23195,-0.269686,1.22789,-1.59845,-1.56077,0.458786,1.996,-0.185011,-1.75004,1.38731,-0.797919,-1.56933,0.936032,-1.67351,1.35279,0.444837,1.42627,-1.3104,-0.0724454,0.89088,-0.393547,0.886616,0.0264761,-0.478673,-1.03596,0.226382,0.0675763,-1.26799,0.156639,-0.0321617,0.998724,0.212245,-0.63784,-0.775643,-0.788799,1.94885,1.21166,0.828242,-0.92643,-0.62419,-1.08532,0.0134659,-0.922084,-1.04397,-1.82062,-0.720654,-1.94471,-0.376988,1.76676,-0.594025,1.17955,0.313105,1.16384,0.0323358,0.112372,0.276904,0.173359,1.84303,0.871915,-1.30925,-0.819472,-0.271119,0.144731,1.18899,1.07535,1.68402,1.67163,-0.91779,-0.253471,-1.68299,-0.374937,1.42931,0.855572,-1.19532,-1.80229,-0.50591,1.78965,0.0118286,-2.02448,-0.965993,-0.703133,-0.309685,0.235711,1.92075,0.518101,-0.277938,-0.280728,0.902244,-0.355381,1.43958,0.988678,-0.0679266,0.54413,-1.93236,-0.317297,0.174641,0.0351507,1.84022,0.799423,-0.297223,0.978692,1.68147,0.731702,-0.375178,1.09924,-1.05648,1.72128,-1.1131,1.19366,-0.918849,-1.08567,1.56614,0.093031,-1.85223,-1.05026,0.585577,0.287731,0.676341,0.325639,-0.887804,1.01768,1.24289,-1.34994,0.421492,-1.63908,1.1239,-0.341835,0.400403,0.251508,2.32432,-0.345013,1.04491,-1.59345,0.0731516,-1.48859,0.274468,-0.0711735,-0.550872,-0.733159,-1.42799,-0.372245,-0.783985,-1.81019,1.58578,-1.39423,-1.37278,-0.00482152,-0.410389,-0.0986744,-0.585516,-0.580346,-0.167055,0.943902,-1.47151,2.47577,0.206502,-1.07236,-0.0974853,1.78847,1.24558,-0.202183,-0.407768,-0.921715,0.647475,-1.05643,-0.277942,0.0129703,-2.29261,-0.234566,0.340808,0.841188,-0.0514317,-0.370262,0.356354,-547.184,-508.299,2761.5,815.011,520.894,-1882.04,-2005.36,-819.359,713.376,4167.89,684.524,-60.5022,-3825.74,-379.508,89.5438,-786.665,-2764.26,-1893.05,-1138.15,1330.48,3721.9,-4549.31,2287.66,267.703,-2638.59,-2872.07,3581.78,-691.08,1559.76,-2665.15,-3407.54,531.827,2745.55,-223.138,-3512.96,4957.76,-1430.38,-3610.6,1490.59,-2808.39,2647.86,134.514,1058.66,-2025.01,485.435,3088.29,-408.039,1755.96,-843.537,223.64,-979.537,157.066,-382.401,-1592.82,146.539,630.355,1663.4,390.568,-1767.98,-422.267,-1066.21,3073.98,426.967,1910.6,-1257.09,-400.344,-1141.72,499.265,-2604.22,-1076.11,-4120.46,-2216.12,-5824.17,-626.233,4606.2,242.817,3643.23,1542.24,2193.71,656.864,865.569,271.498,-601.193,3442.11,1343.81,-669.027,-589.169,-124.323,-568.395,1995.34,2199.27,3168.19,1360.03,-1589.59,215.181,-2315.43,-552.459,2949.46,968.289,-1405.52
-250354,0,1,0,1,1,250395,-0.384764,0.00591807,1.98251,0.65987,0.194549,-1.62464,-1.32884,-0.638008,0.776036,1.76188,-0.149657,0.116447,-1.54277,-0.0636614,0.2482,-1.00728,-1.59481,-1.01706,-0.127135,0.559175,1.40119,-1.61276,1.8305,-0.0898098,-1.26576,-1.76124,1.23195,-0.269686,1.22789,-1.59845,-1.56077,0.458786,1.996,-0.185011,-1.75004,1.38731,-0.797919,-1.56933,0.936032,-1.67351,1.35279,0.444837,1.42627,-1.3104,-0.0724454,0.89088,-0.393547,0.886616,0.0264761,-0.478673,-1.03596,0.226382,0.0675763,-1.26799,0.156639,-0.0321617,0.998724,0.212245,-0.63784,-0.775643,-0.788799,1.94885,1.21166,0.828242,-0.92643,-0.62419,-1.08532,0.0134659,-0.922084,-1.04397,-1.82062,-0.720654,-1.94471,-0.376988,1.76676,-0.594025,1.17955,0.313105,1.16384,0.0323358,0.112372,0.276904,0.173359,1.84303,0.871915,-1.30925,-0.819472,-0.271119,0.144731,1.18899,1.07535,1.68402,1.67163,-0.91779,-0.253471,-1.68299,-0.374937,1.42931,0.855572,-1.19532,-0.223994,-0.247568,0.624418,0.269286,-0.135302,-0.0655944,0.897075,-0.225361,-1.07399,0.951664,-0.0517521,0.788346,-0.74756,1.09053,-0.798965,0.117774,2.39068,1.05176,-1.64923,-0.131796,-0.663382,1.82025,0.611366,-0.766778,3.02977,0.37108,-0.825009,0.40931,0.361529,0.477275,1.07664,0.690516,-0.658922,0.283272,0.624855,0.28727,0.582895,1.02756,0.101121,-0.0450737,-0.0888379,-0.503932,-1.99532,1.4697,1.60062,-1.96108,0.377525,0.191486,0.379414,0.309102,-0.855974,-0.0274562,0.899475,0.148257,0.924059,-0.853257,0.703661,0.366299,-0.515847,1.04521,-0.758863,1.51854,-0.646229,-1.29496,0.884481,-0.830405,-0.456283,1.32469,-0.0641092,1.04096,0.66109,0.3654,-0.164443,0.911573,0.881086,0.239274,1.31929,-0.151761,-1.30784,0.450661,-0.905294,1.33619,0.00178405,-0.680692,0.239957,-0.672833,-1.16889,-0.678439,-1.20919,-0.584384,1.11434,-0.991411,1.13235,0.202417,-0.54023,0.854832,0.0607179,-0.411253,-0.256756,-0.472792,-547.184,-508.299,2761.5,815.011,520.894,-1882.04,-2005.36,-819.359,713.376,4167.89,684.524,-60.5022,-3825.74,-379.508,89.5438,-786.665,-2764.26,-1893.05,-1138.15,1330.48,3721.9,-4549.31,2287.66,267.703,-2638.59,-2872.07,3581.78,-691.08,1559.76,-2665.15,-3407.54,531.827,2745.55,-223.138,-3512.96,4957.76,-1430.38,-3610.6,1490.59,-2808.39,2647.86,134.514,1058.66,-2025.01,485.435,3088.29,-408.039,1755.96,-843.537,223.64,-979.537,157.066,-382.401,-1592.82,146.539,630.355,1663.4,390.568,-1767.98,-422.267,-1066.21,3073.98,426.967,1910.6,-1257.09,-400.344,-1141.72,499.265,-2604.22,-1076.11,-4120.46,-2216.12,-5824.17,-626.233,4606.2,242.817,3643.23,1542.24,2193.71,656.864,865.569,271.498,-601.193,3442.11,1343.81,-669.027,-589.169,-124.323,-568.395,1995.34,2199.27,3168.19,1360.03,-1589.59,215.181,-2315.43,-552.459,2949.46,968.289,-1405.52
-250354,0,1,0,1,1,250407,-0.384764,0.00591807,1.98251,0.65987,0.194549,-1.62464,-1.32884,-0.638008,0.776036,1.76188,-0.149657,0.116447,-1.54277,-0.0636614,0.2482,-1.00728,-1.59481,-1.01706,-0.127135,0.559175,1.40119,-1.61276,1.8305,-0.0898098,-1.26576,-1.76124,1.23195,-0.269686,1.22789,-1.59845,-1.56077,0.458786,1.996,-0.185011,-1.75004,1.38731,-0.797919,-1.56933,0.936032,-1.67351,1.35279,0.444837,1.42627,-1.3104,-0.0724454,0.89088,-0.393547,0.886616,0.0264761,-0.478673,-1.03596,0.226382,0.0675763,-1.26799,0.156639,-0.0321617,0.998724,0.212245,-0.63784,-0.775643,-0.788799,1.94885,1.21166,0.828242,-0.92643,-0.62419,-1.08532,0.0134659,-0.922084,-1.04397,-1.82062,-0.720654,-1.94471,-0.376988,1.76676,-0.594025,1.17955,0.313105,1.16384,0.0323358,0.112372,0.276904,0.173359,1.84303,0.871915,-1.30925,-0.819472,-0.271119,0.144731,1.18899,1.07535,1.68402,1.67163,-0.91779,-0.253471,-1.68299,-0.374937,1.42931,0.855572,-1.19532,-1.54814,-1.69327,-1.06806,-0.781894,-1.14355,2.2245,0.0860297,0.046573,-0.811998,-0.953914,-0.0345577,0.691228,-0.193556,-1.43262,-0.883435,1.37097,-0.333959,-0.525349,0.842733,-1.45909,-2.3791,0.481661,-0.903556,-0.472677,0.445758,1.20557,-1.21164,0.4499,0.0845531,1.02526,0.729314,0.932318,0.490869,0.611133,0.673314,0.657643,0.639512,2.2958,0.214738,1.5321,1.25662,-0.494543,1.41244,1.03908,-0.78455,0.9352,0.190017,0.209383,-0.0132883,-0.154856,-1.15113,-1.19578,0.830684,-0.394814,-1.12965,-0.868807,-0.776631,-0.806593,2.15633,1.38021,0.690127,-1.6553,-0.314156,0.0555575,0.163059,0.933689,0.737904,1.02484,0.324007,-1.54797,0.846178,-0.0656567,-0.899683,-0.0681171,-1.04963,-0.620915,0.78357,1.41753,0.172818,-0.203495,0.887048,0.211163,-0.0800767,2.06102,1.08961,-1.87665,0.462978,-1.2089,-1.01201,1.05755,-0.351971,-1.17876,-1.47671,-1.33681,2.46365,0.42248,-0.650698,0.37514,-0.374691,0.00745411,-547.184,-508.299,2761.5,815.011,520.894,-1882.04,-2005.36,-819.359,713.376,4167.89,684.524,-60.5022,-3825.74,-379.508,89.5438,-786.665,-2764.26,-1893.05,-1138.15,1330.48,3721.9,-4549.31,2287.66,267.703,-2638.59,-2872.07,3581.78,-691.08,1559.76,-2665.15,-3407.54,531.827,2745.55,-223.138,-3512.96,4957.76,-1430.38,-3610.6,1490.59,-2808.39,2647.86,134.514,1058.66,-2025.01,485.435,3088.29,-408.039,1755.96,-843.537,223.64,-979.537,157.066,-382.401,-1592.82,146.539,630.355,1663.4,390.568,-1767.98,-422.267,-1066.21,3073.98,426.967,1910.6,-1257.09,-400.344,-1141.72,499.265,-2604.22,-1076.11,-4120.46,-2216.12,-5824.17,-626.233,4606.2,242.817,3643.23,1542.24,2193.71,656.864,865.569,271.498,-601.193,3442.11,1343.81,-669.027,-589.169,-124.323,-568.395,1995.34,2199.27,3168.19,1360.03,-1589.59,215.181,-2315.43,-552.459,2949.46,968.289,-1405.52
-250354,0,1,0,1,1,250407,-0.384764,0.00591807,1.98251,0.65987,0.194549,-1.62464,-1.32884,-0.638008,0.776036,1.76188,-0.149657,0.116447,-1.54277,-0.0636614,0.2482,-1.00728,-1.59481,-1.01706,-0.127135,0.559175,1.40119,-1.61276,1.8305,-0.0898098,-1.26576,-1.76124,1.23195,-0.269686,1.22789,-1.59845,-1.56077,0.458786,1.996,-0.185011,-1.75004,1.38731,-0.797919,-1.56933,0.936032,-1.67351,1.35279,0.444837,1.42627,-1.3104,-0.0724454,0.89088,-0.393547,0.886616,0.0264761,-0.478673,-1.03596,0.226382,0.0675763,-1.26799,0.156639,-0.0321617,0.998724,0.212245,-0.63784,-0.775643,-0.788799,1.94885,1.21166,0.828242,-0.92643,-0.62419,-1.08532,0.0134659,-0.922084,-1.04397,-1.82062,-0.720654,-1.94471,-0.376988,1.76676,-0.594025,1.17955,0.313105,1.16384,0.0323358,0.112372,0.276904,0.173359,1.84303,0.871915,-1.30925,-0.819472,-0.271119,0.144731,1.18899,1.07535,1.68402,1.67163,-0.91779,-0.253471,-1.68299,-0.374937,1.42931,0.855572,-1.19532,-0.739308,-2.29133,1.41101,-0.704465,-0.487407,0.91247,-0.0542265,1.33697,0.135422,0.579689,-2.29569,-0.108443,0.0858306,0.850828,0.278172,2.4817,0.51172,-0.437051,0.468581,-0.730389,-0.737071,-1.12639,1.81899,-1.13347,-0.462563,1.70591,-1.67866,-0.787832,-0.53156,1.25124,-0.388178,-0.322163,-1.29184,-0.0469735,-1.51214,1.98884,0.843114,-0.616483,-0.128364,0.180727,0.0684463,1.51929,2.28316,-0.933076,-0.438069,1.93047,-0.807008,0.406787,0.145271,1.27787,-0.874851,0.496406,0.150898,-0.394104,-1.20856,0.373755,1.52861,-1.23294,-1.04396,0.241644,0.0452494,1.76489,0.426799,-0.503084,1.72251,0.133117,0.590865,1.7531,0.0103272,0.577361,-0.958581,0.48585,1.58757,-0.827478,0.301114,-1.05462,0.298745,0.486411,-0.196362,0.206063,0.0721731,-0.725279,0.0220436,0.365349,-0.551509,-0.378983,-1.29599,-0.786714,-0.307478,-0.556594,-0.309459,0.0212411,-1.66674,2.23933,1.43069,1.56322,0.407999,-0.657875,-0.855634,1.01524,-547.184,-508.299,2761.5,815.011,520.894,-1882.04,-2005.36,-819.359,713.376,4167.89,684.524,-60.5022,-3825.74,-379.508,89.5438,-786.665,-2764.26,-1893.05,-1138.15,1330.48,3721.9,-4549.31,2287.66,267.703,-2638.59,-2872.07,3581.78,-691.08,1559.76,-2665.15,-3407.54,531.827,2745.55,-223.138,-3512.96,4957.76,-1430.38,-3610.6,1490.59,-2808.39,2647.86,134.514,1058.66,-2025.01,485.435,3088.29,-408.039,1755.96,-843.537,223.64,-979.537,157.066,-382.401,-1592.82,146.539,630.355,1663.4,390.568,-1767.98,-422.267,-1066.21,3073.98,426.967,1910.6,-1257.09,-400.344,-1141.72,499.265,-2604.22,-1076.11,-4120.46,-2216.12,-5824.17,-626.233,4606.2,242.817,3643.23,1542.24,2193.71,656.864,865.569,271.498,-601.193,3442.11,1343.81,-669.027,-589.169,-124.323,-568.395,1995.34,2199.27,3168.19,1360.03,-1589.59,215.181,-2315.43,-552.459,2949.46,968.289,-1405.52
-250354,0,1,0,1,1,250401,-0.384764,0.00591807,1.98251,0.65987,0.194549,-1.62464,-1.32884,-0.638008,0.776036,1.76188,-0.149657,0.116447,-1.54277,-0.0636614,0.2482,-1.00728,-1.59481,-1.01706,-0.127135,0.559175,1.40119,-1.61276,1.8305,-0.0898098,-1.26576,-1.76124,1.23195,-0.269686,1.22789,-1.59845,-1.56077,0.458786,1.996,-0.185011,-1.75004,1.38731,-0.797919,-1.56933,0.936032,-1.67351,1.35279,0.444837,1.42627,-1.3104,-0.0724454,0.89088,-0.393547,0.886616,0.0264761,-0.478673,-1.03596,0.226382,0.0675763,-1.26799,0.156639,-0.0321617,0.998724,0.212245,-0.63784,-0.775643,-0.788799,1.94885,1.21166,0.828242,-0.92643,-0.62419,-1.08532,0.0134659,-0.922084,-1.04397,-1.82062,-0.720654,-1.94471,-0.376988,1.76676,-0.594025,1.17955,0.313105,1.16384,0.0323358,0.112372,0.276904,0.173359,1.84303,0.871915,-1.30925,-0.819472,-0.271119,0.144731,1.18899,1.07535,1.68402,1.67163,-0.91779,-0.253471,-1.68299,-0.374937,1.42931,0.855572,-1.19532,-0.989964,-0.0117831,-0.377946,-0.171241,0.341856,1.86275,-0.117718,-0.695342,2.0342,-0.757386,-1.27702,0.802503,-0.447923,1.14739,0.384299,0.0943198,1.17774,-1.06875,1.96565,0.885296,2.16363,-0.621147,0.205337,-1.11432,0.376869,1.07139,-1.23512,-0.650354,0.641842,-0.833482,-1.23643,-0.59624,-1.65153,0.245118,1.48792,1.38023,2.87473,1.11611,-0.206242,0.485115,-0.487948,0.380316,2.35583,0.433679,-1.24508,0.943996,-0.261765,0.206815,-0.679146,-1.06623,-0.982567,-0.404434,0.511515,-0.433544,0.858394,-1.13429,-0.467313,-0.504714,-0.42423,0.485508,0.268433,-0.258683,-0.542029,1.79306,-0.504069,-0.545271,-0.389117,0.143556,0.757008,0.128948,1.68382,0.466777,0.0889317,-0.538727,-1.30702,-1.15998,-0.120258,-0.00548314,0.41567,-0.570223,0.745907,-0.272114,-0.483955,-0.634651,0.150527,1.6225,0.780175,0.337911,0.817015,1.56847,1.12188,-0.448908,-1.2913,0.116712,0.293086,-1.74678,0.455245,0.0261069,1.48564,0.895188,-547.184,-508.299,2761.5,815.011,520.894,-1882.04,-2005.36,-819.359,713.376,4167.89,684.524,-60.5022,-3825.74,-379.508,89.5438,-786.665,-2764.26,-1893.05,-1138.15,1330.48,3721.9,-4549.31,2287.66,267.703,-2638.59,-2872.07,3581.78,-691.08,1559.76,-2665.15,-3407.54,531.827,2745.55,-223.138,-3512.96,4957.76,-1430.38,-3610.6,1490.59,-2808.39,2647.86,134.514,1058.66,-2025.01,485.435,3088.29,-408.039,1755.96,-843.537,223.64,-979.537,157.066,-382.401,-1592.82,146.539,630.355,1663.4,390.568,-1767.98,-422.267,-1066.21,3073.98,426.967,1910.6,-1257.09,-400.344,-1141.72,499.265,-2604.22,-1076.11,-4120.46,-2216.12,-5824.17,-626.233,4606.2,242.817,3643.23,1542.24,2193.71,656.864,865.569,271.498,-601.193,3442.11,1343.81,-669.027,-589.169,-124.323,-568.395,1995.34,2199.27,3168.19,1360.03,-1589.59,215.181,-2315.43,-552.459,2949.46,968.289,-1405.52
-250354,0,1,0,1,1,250395,-0.384764,0.00591807,1.98251,0.65987,0.194549,-1.62464,-1.32884,-0.638008,0.776036,1.76188,-0.149657,0.116447,-1.54277,-0.0636614,0.2482,-1.00728,-1.59481,-1.01706,-0.127135,0.559175,1.40119,-1.61276,1.8305,-0.0898098,-1.26576,-1.76124,1.23195,-0.269686,1.22789,-1.59845,-1.56077,0.458786,1.996,-0.185011,-1.75004,1.38731,-0.797919,-1.56933,0.936032,-1.67351,1.35279,0.444837,1.42627,-1.3104,-0.0724454,0.89088,-0.393547,0.886616,0.0264761,-0.478673,-1.03596,0.226382,0.0675763,-1.26799,0.156639,-0.0321617,0.998724,0.212245,-0.63784,-0.775643,-0.788799,1.94885,1.21166,0.828242,-0.92643,-0.62419,-1.08532,0.0134659,-0.922084,-1.04397,-1.82062,-0.720654,-1.94471,-0.376988,1.76676,-0.594025,1.17955,0.313105,1.16384,0.0323358,0.112372,0.276904,0.173359,1.84303,0.871915,-1.30925,-0.819472,-0.271119,0.144731,1.18899,1.07535,1.68402,1.67163,-0.91779,-0.253471,-1.68299,-0.374937,1.42931,0.855572,-1.19532,0.573124,-0.408427,0.758908,1.07333,0.229761,-0.594211,-0.415539,1.98471,0.354876,0.690237,-0.167988,0.547603,-0.859735,0.766433,-0.934976,1.0864,-0.283501,2.39847,-0.476521,-0.258183,-1.9479,-0.0462304,1.27054,-0.436796,-1.26228,1.1529,0.0164768,0.931571,0.705201,0.396898,1.4871,0.134249,-0.251084,0.238927,0.620818,1.01136,0.812761,-0.684854,-0.703051,-1.63866,0.710893,0.101141,-0.115464,0.734576,-0.0783573,-0.892618,-0.22149,0.0428486,0.461573,-0.786851,-0.948244,-1.34166,-1.19938,-0.22888,0.126049,0.816904,-0.34991,1.781,-0.447921,0.66411,-0.552161,0.37719,-0.680897,1.29551,0.100382,-0.017556,-0.0674598,1.68801,-0.221941,0.450402,0.231707,-1.35473,-0.672423,-0.423193,0.318474,-0.616805,-0.219474,0.382969,-0.667148,1.37507,1.41814,-1.33447,-2.07794,-0.0890332,0.289602,-0.119709,-2.37325,0.616019,-0.888498,0.477215,0.974272,-0.0961459,0.458403,-1.65468,0.109734,1.00261,0.133471,-1.82051,0.159862,-0.130301,-547.184,-508.299,2761.5,815.011,520.894,-1882.04,-2005.36,-819.359,713.376,4167.89,684.524,-60.5022,-3825.74,-379.508,89.5438,-786.665,-2764.26,-1893.05,-1138.15,1330.48,3721.9,-4549.31,2287.66,267.703,-2638.59,-2872.07,3581.78,-691.08,1559.76,-2665.15,-3407.54,531.827,2745.55,-223.138,-3512.96,4957.76,-1430.38,-3610.6,1490.59,-2808.39,2647.86,134.514,1058.66,-2025.01,485.435,3088.29,-408.039,1755.96,-843.537,223.64,-979.537,157.066,-382.401,-1592.82,146.539,630.355,1663.4,390.568,-1767.98,-422.267,-1066.21,3073.98,426.967,1910.6,-1257.09,-400.344,-1141.72,499.265,-2604.22,-1076.11,-4120.46,-2216.12,-5824.17,-626.233,4606.2,242.817,3643.23,1542.24,2193.71,656.864,865.569,271.498,-601.193,3442.11,1343.81,-669.027,-589.169,-124.323,-568.395,1995.34,2199.27,3168.19,1360.03,-1589.59,215.181,-2315.43,-552.459,2949.46,968.289,-1405.52
-250354,0,1,0,1,1,250397,-0.384764,0.00591807,1.98251,0.65987,0.194549,-1.62464,-1.32884,-0.638008,0.776036,1.76188,-0.149657,0.116447,-1.54277,-0.0636614,0.2482,-1.00728,-1.59481,-1.01706,-0.127135,0.559175,1.40119,-1.61276,1.8305,-0.0898098,-1.26576,-1.76124,1.23195,-0.269686,1.22789,-1.59845,-1.56077,0.458786,1.996,-0.185011,-1.75004,1.38731,-0.797919,-1.56933,0.936032,-1.67351,1.35279,0.444837,1.42627,-1.3104,-0.0724454,0.89088,-0.393547,0.886616,0.0264761,-0.478673,-1.03596,0.226382,0.0675763,-1.26799,0.156639,-0.0321617,0.998724,0.212245,-0.63784,-0.775643,-0.788799,1.94885,1.21166,0.828242,-0.92643,-0.62419,-1.08532,0.0134659,-0.922084,-1.04397,-1.82062,-0.720654,-1.94471,-0.376988,1.76676,-0.594025,1.17955,0.313105,1.16384,0.0323358,0.112372,0.276904,0.173359,1.84303,0.871915,-1.30925,-0.819472,-0.271119,0.144731,1.18899,1.07535,1.68402,1.67163,-0.91779,-0.253471,-1.68299,-0.374937,1.42931,0.855572,-1.19532,-0.0792691,-1.11047,-1.16113,0.675773,0.531731,0.156636,1.92946,0.517813,0.838242,-1.11477,0.65261,-1.2891,1.30925,0.406297,2.64387,0.368543,-0.762562,0.352605,0.54165,1.42138,-1.09413,0.747591,-1.48769,0.146049,-0.511786,-0.310217,-0.808095,-1.42084,0.17169,-0.514859,0.563903,1.64176,0.0403127,1.06777,-0.275677,0.769441,-1.36761,-0.00705857,-1.30443,0.258894,0.921995,-0.405156,0.46466,-0.178396,0.109099,0.187769,0.920921,1.98884,1.16619,-0.365007,0.970506,0.141172,0.797187,1.31335,0.14408,-0.50776,0.324862,1.94595,0.128584,0.187827,-0.485037,1.14045,0.68154,2.12609,0.00128063,-1.13448,-0.188693,-2.02127,-0.738253,-1.21854,-0.60546,-0.0527545,-0.561798,0.217171,1.07254,-0.483513,-0.537603,-0.695282,0.481129,-0.794762,0.716164,-0.60745,0.529251,-1.70112,1.85568,-0.95334,-0.315437,-0.0441698,0.0485777,0.704257,0.681935,0.517023,0.0949015,-0.967312,0.418459,0.706697,-0.00203554,1.43216,0.67849,0.200257,-547.184,-508.299,2761.5,815.011,520.894,-1882.04,-2005.36,-819.359,713.376,4167.89,684.524,-60.5022,-3825.74,-379.508,89.5438,-786.665,-2764.26,-1893.05,-1138.15,1330.48,3721.9,-4549.31,2287.66,267.703,-2638.59,-2872.07,3581.78,-691.08,1559.76,-2665.15,-3407.54,531.827,2745.55,-223.138,-3512.96,4957.76,-1430.38,-3610.6,1490.59,-2808.39,2647.86,134.514,1058.66,-2025.01,485.435,3088.29,-408.039,1755.96,-843.537,223.64,-979.537,157.066,-382.401,-1592.82,146.539,630.355,1663.4,390.568,-1767.98,-422.267,-1066.21,3073.98,426.967,1910.6,-1257.09,-400.344,-1141.72,499.265,-2604.22,-1076.11,-4120.46,-2216.12,-5824.17,-626.233,4606.2,242.817,3643.23,1542.24,2193.71,656.864,865.569,271.498,-601.193,3442.11,1343.81,-669.027,-589.169,-124.323,-568.395,1995.34,2199.27,3168.19,1360.03,-1589.59,215.181,-2315.43,-552.459,2949.46,968.289,-1405.52
-250354,0,1,0,1,1,250398,-0.384764,0.00591807,1.98251,0.65987,0.194549,-1.62464,-1.32884,-0.638008,0.776036,1.76188,-0.149657,0.116447,-1.54277,-0.0636614,0.2482,-1.00728,-1.59481,-1.01706,-0.127135,0.559175,1.40119,-1.61276,1.8305,-0.0898098,-1.26576,-1.76124,1.23195,-0.269686,1.22789,-1.59845,-1.56077,0.458786,1.996,-0.185011,-1.75004,1.38731,-0.797919,-1.56933,0.936032,-1.67351,1.35279,0.444837,1.42627,-1.3104,-0.0724454,0.89088,-0.393547,0.886616,0.0264761,-0.478673,-1.03596,0.226382,0.0675763,-1.26799,0.156639,-0.0321617,0.998724,0.212245,-0.63784,-0.775643,-0.788799,1.94885,1.21166,0.828242,-0.92643,-0.62419,-1.08532,0.0134659,-0.922084,-1.04397,-1.82062,-0.720654,-1.94471,-0.376988,1.76676,-0.594025,1.17955,0.313105,1.16384,0.0323358,0.112372,0.276904,0.173359,1.84303,0.871915,-1.30925,-0.819472,-0.271119,0.144731,1.18899,1.07535,1.68402,1.67163,-0.91779,-0.253471,-1.68299,-0.374937,1.42931,0.855572,-1.19532,1.61613,-0.234107,-0.128878,-0.213483,-2.05448,1.23951,-0.825866,0.81421,1.04487,0.440995,0.642715,-0.754123,-1.17254,-1.22757,0.604541,-0.747161,1.16495,0.0491261,-1.31864,0.785183,-1.62131,0.790312,-0.38314,0.822381,-0.406487,0.804148,-1.11197,0.562633,-0.543365,-0.27377,-0.821891,-0.0712294,0.0391871,0.0520675,-0.427564,-1.03209,0.667864,-0.0642732,-0.489463,-0.350143,-1.22903,0.304237,-1.13691,0.98625,-0.589077,0.803576,-1.52329,1.45138,0.740719,-1.53593,0.217157,0.624037,-1.31043,1.65826,-0.359328,0.560525,0.377871,1.51214,2.11953,1.607,-0.804994,-0.235909,-0.302923,0.945056,0.887658,-0.602584,0.722706,1.45301,1.98934,-0.678062,-0.578012,0.139247,-0.5035,2.01813,-0.427476,0.346418,-0.365414,-0.598869,0.0789312,1.37867,-1.06374,0.0180518,2.13574,0.252469,0.682713,-0.315157,-0.852815,1.66276,-0.762073,-0.295553,0.384754,0.322034,0.311218,0.587329,0.953052,-0.964401,0.114018,-1.06021,-0.30074,0.238775,-547.184,-508.299,2761.5,815.011,520.894,-1882.04,-2005.36,-819.359,713.376,4167.89,684.524,-60.5022,-3825.74,-379.508,89.5438,-786.665,-2764.26,-1893.05,-1138.15,1330.48,3721.9,-4549.31,2287.66,267.703,-2638.59,-2872.07,3581.78,-691.08,1559.76,-2665.15,-3407.54,531.827,2745.55,-223.138,-3512.96,4957.76,-1430.38,-3610.6,1490.59,-2808.39,2647.86,134.514,1058.66,-2025.01,485.435,3088.29,-408.039,1755.96,-843.537,223.64,-979.537,157.066,-382.401,-1592.82,146.539,630.355,1663.4,390.568,-1767.98,-422.267,-1066.21,3073.98,426.967,1910.6,-1257.09,-400.344,-1141.72,499.265,-2604.22,-1076.11,-4120.46,-2216.12,-5824.17,-626.233,4606.2,242.817,3643.23,1542.24,2193.71,656.864,865.569,271.498,-601.193,3442.11,1343.81,-669.027,-589.169,-124.323,-568.395,1995.34,2199.27,3168.19,1360.03,-1589.59,215.181,-2315.43,-552.459,2949.46,968.289,-1405.52
-250354,0,1,0,1,1,250408,-0.384764,0.00591807,1.98251,0.65987,0.194549,-1.62464,-1.32884,-0.638008,0.776036,1.76188,-0.149657,0.116447,-1.54277,-0.0636614,0.2482,-1.00728,-1.59481,-1.01706,-0.127135,0.559175,1.40119,-1.61276,1.8305,-0.0898098,-1.26576,-1.76124,1.23195,-0.269686,1.22789,-1.59845,-1.56077,0.458786,1.996,-0.185011,-1.75004,1.38731,-0.797919,-1.56933,0.936032,-1.67351,1.35279,0.444837,1.42627,-1.3104,-0.0724454,0.89088,-0.393547,0.886616,0.0264761,-0.478673,-1.03596,0.226382,0.0675763,-1.26799,0.156639,-0.0321617,0.998724,0.212245,-0.63784,-0.775643,-0.788799,1.94885,1.21166,0.828242,-0.92643,-0.62419,-1.08532,0.0134659,-0.922084,-1.04397,-1.82062,-0.720654,-1.94471,-0.376988,1.76676,-0.594025,1.17955,0.313105,1.16384,0.0323358,0.112372,0.276904,0.173359,1.84303,0.871915,-1.30925,-0.819472,-0.271119,0.144731,1.18899,1.07535,1.68402,1.67163,-0.91779,-0.253471,-1.68299,-0.374937,1.42931,0.855572,-1.19532,-0.774781,0.629452,1.28629,0.695754,-0.427992,1.17139,-1.73057,-1.26462,1.49942,1.33644,-1.18843,-0.354839,-0.244246,1.18405,1.11778,-0.0612456,-1.17217,1.60873,-0.58613,0.394592,0.192369,-1.49586,-0.550461,0.215464,-0.532538,-0.142233,1.75687,-0.90754,-0.541627,1.34273,1.05618,-0.292308,-0.954215,0.741972,-0.736937,2.28841,1.18664,-1.16345,-0.489769,0.935356,1.44347,0.465516,-0.404371,-0.145132,0.923715,-0.607023,0.206872,1.38328,0.843657,-0.207888,0.305247,-0.351288,-1.41331,0.00283008,1.32214,-0.655403,0.622472,-1.51202,-1.59173,1.13588,1.42195,-0.929361,1.42548,-2.27915,2.0961,-0.277051,2.18986,-0.348917,0.398255,-1.0345,1.97125,1.59358,-0.12622,-0.30062,0.0591473,1.79645,-0.574687,0.24941,-0.956472,1.13491,-0.669425,0.0351912,1.34565,2.52146,-0.0108578,1.55696,0.954203,0.290351,-1.32784,-0.360622,-0.0786729,0.059374,-0.0941338,-0.524647,-0.0667949,-0.427643,0.0918604,0.694881,0.0239086,-0.419633,-547.184,-508.299,2761.5,815.011,520.894,-1882.04,-2005.36,-819.359,713.376,4167.89,684.524,-60.5022,-3825.74,-379.508,89.5438,-786.665,-2764.26,-1893.05,-1138.15,1330.48,3721.9,-4549.31,2287.66,267.703,-2638.59,-2872.07,3581.78,-691.08,1559.76,-2665.15,-3407.54,531.827,2745.55,-223.138,-3512.96,4957.76,-1430.38,-3610.6,1490.59,-2808.39,2647.86,134.514,1058.66,-2025.01,485.435,3088.29,-408.039,1755.96,-843.537,223.64,-979.537,157.066,-382.401,-1592.82,146.539,630.355,1663.4,390.568,-1767.98,-422.267,-1066.21,3073.98,426.967,1910.6,-1257.09,-400.344,-1141.72,499.265,-2604.22,-1076.11,-4120.46,-2216.12,-5824.17,-626.233,4606.2,242.817,3643.23,1542.24,2193.71,656.864,865.569,271.498,-601.193,3442.11,1343.81,-669.027,-589.169,-124.323,-568.395,1995.34,2199.27,3168.19,1360.03,-1589.59,215.181,-2315.43,-552.459,2949.46,968.289,-1405.52
-250354,0,1,0,1,1,250404,-0.384764,0.00591807,1.98251,0.65987,0.194549,-1.62464,-1.32884,-0.638008,0.776036,1.76188,-0.149657,0.116447,-1.54277,-0.0636614,0.2482,-1.00728,-1.59481,-1.01706,-0.127135,0.559175,1.40119,-1.61276,1.8305,-0.0898098,-1.26576,-1.76124,1.23195,-0.269686,1.22789,-1.59845,-1.56077,0.458786,1.996,-0.185011,-1.75004,1.38731,-0.797919,-1.56933,0.936032,-1.67351,1.35279,0.444837,1.42627,-1.3104,-0.0724454,0.89088,-0.393547,0.886616,0.0264761,-0.478673,-1.03596,0.226382,0.0675763,-1.26799,0.156639,-0.0321617,0.998724,0.212245,-0.63784,-0.775643,-0.788799,1.94885,1.21166,0.828242,-0.92643,-0.62419,-1.08532,0.0134659,-0.922084,-1.04397,-1.82062,-0.720654,-1.94471,-0.376988,1.76676,-0.594025,1.17955,0.313105,1.16384,0.0323358,0.112372,0.276904,0.173359,1.84303,0.871915,-1.30925,-0.819472,-0.271119,0.144731,1.18899,1.07535,1.68402,1.67163,-0.91779,-0.253471,-1.68299,-0.374937,1.42931,0.855572,-1.19532,0.119518,0.181418,0.802384,0.0635873,1.01873,0.591836,0.352282,-0.623593,1.10638,-2.35187,2.02825,1.0887,1.48596,1.6709,-0.413233,0.723156,1.86514,0.233485,-0.839164,1.26563,-1.01606,0.331985,-1.80089,1.28707,-0.837012,0.5312,-0.0230697,0.883089,0.0409711,0.21891,-0.96999,0.628227,-0.40384,-0.474891,-0.76587,0.725393,-1.49323,-0.222743,0.443714,2.3307,-1.28017,-1.54909,-0.675664,0.908052,0.673373,-0.290453,-0.608048,-0.232781,-0.0976123,-0.732831,1.24394,0.335394,0.550769,-0.976627,0.24032,0.337009,-0.382392,0.324523,0.736957,0.926334,-0.586906,0.330383,-0.611986,-1.74019,-1.28669,0.579937,1.74826,-1.80636,1.3552,0.00659514,1.2019,-0.0582546,-0.29012,-0.664489,-0.761097,1.48524,1.32705,-0.0479773,-1.34829,0.532361,-0.166003,0.0384801,-0.0503754,-0.70371,-0.132347,-1.45509,1.24813,-0.891098,-0.136156,1.94392,-0.383156,0.315997,-0.431258,-1.05855,-0.977094,0.427827,-2.69077,1.41399,0.285302,0.592507,-547.184,-508.299,2761.5,815.011,520.894,-1882.04,-2005.36,-819.359,713.376,4167.89,684.524,-60.5022,-3825.74,-379.508,89.5438,-786.665,-2764.26,-1893.05,-1138.15,1330.48,3721.9,-4549.31,2287.66,267.703,-2638.59,-2872.07,3581.78,-691.08,1559.76,-2665.15,-3407.54,531.827,2745.55,-223.138,-3512.96,4957.76,-1430.38,-3610.6,1490.59,-2808.39,2647.86,134.514,1058.66,-2025.01,485.435,3088.29,-408.039,1755.96,-843.537,223.64,-979.537,157.066,-382.401,-1592.82,146.539,630.355,1663.4,390.568,-1767.98,-422.267,-1066.21,3073.98,426.967,1910.6,-1257.09,-400.344,-1141.72,499.265,-2604.22,-1076.11,-4120.46,-2216.12,-5824.17,-626.233,4606.2,242.817,3643.23,1542.24,2193.71,656.864,865.569,271.498,-601.193,3442.11,1343.81,-669.027,-589.169,-124.323,-568.395,1995.34,2199.27,3168.19,1360.03,-1589.59,215.181,-2315.43,-552.459,2949.46,968.289,-1405.52
-250354,0,1,0,1,1,250395,-0.384764,0.00591807,1.98251,0.65987,0.194549,-1.62464,-1.32884,-0.638008,0.776036,1.76188,-0.149657,0.116447,-1.54277,-0.0636614,0.2482,-1.00728,-1.59481,-1.01706,-0.127135,0.559175,1.40119,-1.61276,1.8305,-0.0898098,-1.26576,-1.76124,1.23195,-0.269686,1.22789,-1.59845,-1.56077,0.458786,1.996,-0.185011,-1.75004,1.38731,-0.797919,-1.56933,0.936032,-1.67351,1.35279,0.444837,1.42627,-1.3104,-0.0724454,0.89088,-0.393547,0.886616,0.0264761,-0.478673,-1.03596,0.226382,0.0675763,-1.26799,0.156639,-0.0321617,0.998724,0.212245,-0.63784,-0.775643,-0.788799,1.94885,1.21166,0.828242,-0.92643,-0.62419,-1.08532,0.0134659,-0.922084,-1.04397,-1.82062,-0.720654,-1.94471,-0.376988,1.76676,-0.594025,1.17955,0.313105,1.16384,0.0323358,0.112372,0.276904,0.173359,1.84303,0.871915,-1.30925,-0.819472,-0.271119,0.144731,1.18899,1.07535,1.68402,1.67163,-0.91779,-0.253471,-1.68299,-0.374937,1.42931,0.855572,-1.19532,1.28278,1.20723,0.15007,-1.05124,-0.507091,-0.0479637,0.054173,0.0250455,-0.810788,-0.645384,0.0239911,-0.687148,-2.01634,-1.53258,-1.42301,-0.100202,0.563891,0.140401,1.07012,0.269504,-0.440655,0.925208,1.13781,-0.556963,-1.17155,1.65652,0.162136,-0.641263,-0.299712,1.01088,1.18064,-1.27476,0.710813,0.0998255,-0.640452,-0.0833039,-0.133547,0.0521819,1.02811,1.11031,-0.667147,-0.925101,1.06933,-0.172716,0.889512,-0.403356,-0.856807,-0.539983,1.55927,-1.24106,-0.806434,-0.894546,1.19535,1.32602,-0.78131,-0.249934,-1.22831,-0.376809,1.61394,-0.397747,0.75288,0.228848,0.54211,1.1078,0.234471,1.00338,0.242352,-1.06731,0.61445,0.243555,0.450422,-0.534227,-0.164312,-0.675658,0.780888,-0.358032,1.16074,0.116409,0.47255,-0.077763,0.905847,-1.86121,-0.126242,-0.218307,-0.993698,0.109585,-1.22098,0.232967,1.72094,0.91335,0.451131,1.54149,0.573585,-1.18961,1.37912,-2.43648,0.856657,-0.378521,1.31853,0.117295,-547.184,-508.299,2761.5,815.011,520.894,-1882.04,-2005.36,-819.359,713.376,4167.89,684.524,-60.5022,-3825.74,-379.508,89.5438,-786.665,-2764.26,-1893.05,-1138.15,1330.48,3721.9,-4549.31,2287.66,267.703,-2638.59,-2872.07,3581.78,-691.08,1559.76,-2665.15,-3407.54,531.827,2745.55,-223.138,-3512.96,4957.76,-1430.38,-3610.6,1490.59,-2808.39,2647.86,134.514,1058.66,-2025.01,485.435,3088.29,-408.039,1755.96,-843.537,223.64,-979.537,157.066,-382.401,-1592.82,146.539,630.355,1663.4,390.568,-1767.98,-422.267,-1066.21,3073.98,426.967,1910.6,-1257.09,-400.344,-1141.72,499.265,-2604.22,-1076.11,-4120.46,-2216.12,-5824.17,-626.233,4606.2,242.817,3643.23,1542.24,2193.71,656.864,865.569,271.498,-601.193,3442.11,1343.81,-669.027,-589.169,-124.323,-568.395,1995.34,2199.27,3168.19,1360.03,-1589.59,215.181,-2315.43,-552.459,2949.46,968.289,-1405.52
-250354,0,1,0,1,1,250399,-0.384764,0.00591807,1.98251,0.65987,0.194549,-1.62464,-1.32884,-0.638008,0.776036,1.76188,-0.149657,0.116447,-1.54277,-0.0636614,0.2482,-1.00728,-1.59481,-1.01706,-0.127135,0.559175,1.40119,-1.61276,1.8305,-0.0898098,-1.26576,-1.76124,1.23195,-0.269686,1.22789,-1.59845,-1.56077,0.458786,1.996,-0.185011,-1.75004,1.38731,-0.797919,-1.56933,0.936032,-1.67351,1.35279,0.444837,1.42627,-1.3104,-0.0724454,0.89088,-0.393547,0.886616,0.0264761,-0.478673,-1.03596,0.226382,0.0675763,-1.26799,0.156639,-0.0321617,0.998724,0.212245,-0.63784,-0.775643,-0.788799,1.94885,1.21166,0.828242,-0.92643,-0.62419,-1.08532,0.0134659,-0.922084,-1.04397,-1.82062,-0.720654,-1.94471,-0.376988,1.76676,-0.594025,1.17955,0.313105,1.16384,0.0323358,0.112372,0.276904,0.173359,1.84303,0.871915,-1.30925,-0.819472,-0.271119,0.144731,1.18899,1.07535,1.68402,1.67163,-0.91779,-0.253471,-1.68299,-0.374937,1.42931,0.855572,-1.19532,0.104856,1.05925,1.24634,-0.551412,-1.58455,0.649348,-0.762438,1.46702,-0.0361657,2.0608,0.326329,0.715889,-0.125908,-0.816516,0.500707,0.271373,0.126322,0.917612,-0.553894,-0.456687,2.41289,-0.454407,1.65764,-0.551282,0.963019,-0.00464047,-0.0887181,1.02917,0.671954,-0.901901,0.768375,-1.46818,0.463219,-0.0579379,-0.221218,0.0649795,-1.72304,0.912487,0.646093,0.663138,-1.13061,-1.05037,1.08302,1.26386,-0.581679,0.918545,-0.842141,0.896758,-0.0186815,-0.393829,-0.328335,-0.342156,-0.506168,-1.82489,-0.752194,1.09069,0.467534,0.0425338,-0.168856,0.935524,0.828645,0.920615,-1.00608,0.491557,-1.27696,0.0505044,-0.407449,-0.758261,-0.255649,-1.69074,-1.66292,1.27334,1.58775,-0.929624,0.900769,0.853403,0.649963,0.369484,0.459707,0.99116,1.57329,-0.877708,-1.02216,-0.337298,-0.212555,-0.596511,-0.126252,-0.151953,0.135364,-0.319566,1.74081,-0.758189,-1.07141,1.04659,-0.34576,1.7915,-1.47036,-0.336559,-1.56425,0.901926,-547.184,-508.299,2761.5,815.011,520.894,-1882.04,-2005.36,-819.359,713.376,4167.89,684.524,-60.5022,-3825.74,-379.508,89.5438,-786.665,-2764.26,-1893.05,-1138.15,1330.48,3721.9,-4549.31,2287.66,267.703,-2638.59,-2872.07,3581.78,-691.08,1559.76,-2665.15,-3407.54,531.827,2745.55,-223.138,-3512.96,4957.76,-1430.38,-3610.6,1490.59,-2808.39,2647.86,134.514,1058.66,-2025.01,485.435,3088.29,-408.039,1755.96,-843.537,223.64,-979.537,157.066,-382.401,-1592.82,146.539,630.355,1663.4,390.568,-1767.98,-422.267,-1066.21,3073.98,426.967,1910.6,-1257.09,-400.344,-1141.72,499.265,-2604.22,-1076.11,-4120.46,-2216.12,-5824.17,-626.233,4606.2,242.817,3643.23,1542.24,2193.71,656.864,865.569,271.498,-601.193,3442.11,1343.81,-669.027,-589.169,-124.323,-568.395,1995.34,2199.27,3168.19,1360.03,-1589.59,215.181,-2315.43,-552.459,2949.46,968.289,-1405.52
-250354,0,1,0,1,1,250395,-0.384764,0.00591807,1.98251,0.65987,0.194549,-1.62464,-1.32884,-0.638008,0.776036,1.76188,-0.149657,0.116447,-1.54277,-0.0636614,0.2482,-1.00728,-1.59481,-1.01706,-0.127135,0.559175,1.40119,-1.61276,1.8305,-0.0898098,-1.26576,-1.76124,1.23195,-0.269686,1.22789,-1.59845,-1.56077,0.458786,1.996,-0.185011,-1.75004,1.38731,-0.797919,-1.56933,0.936032,-1.67351,1.35279,0.444837,1.42627,-1.3104,-0.0724454,0.89088,-0.393547,0.886616,0.0264761,-0.478673,-1.03596,0.226382,0.0675763,-1.26799,0.156639,-0.0321617,0.998724,0.212245,-0.63784,-0.775643,-0.788799,1.94885,1.21166,0.828242,-0.92643,-0.62419,-1.08532,0.0134659,-0.922084,-1.04397,-1.82062,-0.720654,-1.94471,-0.376988,1.76676,-0.594025,1.17955,0.313105,1.16384,0.0323358,0.112372,0.276904,0.173359,1.84303,0.871915,-1.30925,-0.819472,-0.271119,0.144731,1.18899,1.07535,1.68402,1.67163,-0.91779,-0.253471,-1.68299,-0.374937,1.42931,0.855572,-1.19532,-0.0159632,-0.150941,-0.545809,-0.685315,0.903535,0.540406,0.759577,-1.09645,0.996646,-0.436197,1.47438,0.387133,-0.148924,-0.550777,-0.341218,2.1552,-0.140431,-0.309598,0.931995,0.241663,1.63261,0.828908,-0.482904,1.08268,-0.227207,0.760597,1.08638,0.882984,0.221368,-0.068829,1.05043,-1.80197,0.71419,0.204893,0.122592,1.59603,0.504367,-0.202645,1.13522,-0.966677,-1.01499,0.614262,1.93014,-0.374061,0.698207,1.11136,-0.606477,-0.427904,-1.09001,0.89307,0.775017,-0.368671,0.724947,0.0306583,-0.260021,-0.344104,-1.83398,0.212083,0.474259,-1.83998,0.941371,0.300059,1.37152,-0.0245096,-0.380795,-0.930691,0.648113,-1.47613,-1.13734,-1.84956,0.166687,-0.728933,-0.891537,0.651261,0.066573,0.0183427,-1.1722,-0.848255,-0.600922,-0.400876,-0.193004,-1.06716,-2.60508,-0.499479,-0.449569,-0.0744357,-0.230686,0.953325,-1.43605,1.33706,-1.18183,-0.51293,0.121155,-1.07804,-0.0347799,-0.491489,0.438299,0.0899271,-0.209652,0.319182,-547.184,-508.299,2761.5,815.011,520.894,-1882.04,-2005.36,-819.359,713.376,4167.89,684.524,-60.5022,-3825.74,-379.508,89.5438,-786.665,-2764.26,-1893.05,-1138.15,1330.48,3721.9,-4549.31,2287.66,267.703,-2638.59,-2872.07,3581.78,-691.08,1559.76,-2665.15,-3407.54,531.827,2745.55,-223.138,-3512.96,4957.76,-1430.38,-3610.6,1490.59,-2808.39,2647.86,134.514,1058.66,-2025.01,485.435,3088.29,-408.039,1755.96,-843.537,223.64,-979.537,157.066,-382.401,-1592.82,146.539,630.355,1663.4,390.568,-1767.98,-422.267,-1066.21,3073.98,426.967,1910.6,-1257.09,-400.344,-1141.72,499.265,-2604.22,-1076.11,-4120.46,-2216.12,-5824.17,-626.233,4606.2,242.817,3643.23,1542.24,2193.71,656.864,865.569,271.498,-601.193,3442.11,1343.81,-669.027,-589.169,-124.323,-568.395,1995.34,2199.27,3168.19,1360.03,-1589.59,215.181,-2315.43,-552.459,2949.46,968.289,-1405.52
-250354,0,1,0,1,1,250394,-0.384764,0.00591807,1.98251,0.65987,0.194549,-1.62464,-1.32884,-0.638008,0.776036,1.76188,-0.149657,0.116447,-1.54277,-0.0636614,0.2482,-1.00728,-1.59481,-1.01706,-0.127135,0.559175,1.40119,-1.61276,1.8305,-0.0898098,-1.26576,-1.76124,1.23195,-0.269686,1.22789,-1.59845,-1.56077,0.458786,1.996,-0.185011,-1.75004,1.38731,-0.797919,-1.56933,0.936032,-1.67351,1.35279,0.444837,1.42627,-1.3104,-0.0724454,0.89088,-0.393547,0.886616,0.0264761,-0.478673,-1.03596,0.226382,0.0675763,-1.26799,0.156639,-0.0321617,0.998724,0.212245,-0.63784,-0.775643,-0.788799,1.94885,1.21166,0.828242,-0.92643,-0.62419,-1.08532,0.0134659,-0.922084,-1.04397,-1.82062,-0.720654,-1.94471,-0.376988,1.76676,-0.594025,1.17955,0.313105,1.16384,0.0323358,0.112372,0.276904,0.173359,1.84303,0.871915,-1.30925,-0.819472,-0.271119,0.144731,1.18899,1.07535,1.68402,1.67163,-0.91779,-0.253471,-1.68299,-0.374937,1.42931,0.855572,-1.19532,-0.0572454,-0.878159,-0.197429,0.52496,0.652192,1.7424,0.555133,1.32139,0.942205,-0.08222,-0.908294,0.295292,1.61207,0.989726,-1.57805,-1.24579,-0.0517232,0.428054,-0.19978,0.546329,-0.0182371,0.526938,0.564186,-0.898713,-1.41445,-0.819463,0.491516,1.45162,-0.693292,-0.729494,0.567329,1.10312,-0.412054,0.386617,-0.524338,-0.840815,-0.4272,1.34777,-0.105591,-0.740929,0.200764,-0.347226,-0.814295,2.08763,-0.821909,-0.961212,-0.204693,-1.56927,-1.02193,1.70541,-0.414793,-2.70735,0.0249229,0.666384,0.767954,0.241293,1.23026,0.992175,-0.528416,0.611636,-0.19454,-0.727045,-0.313875,0.657245,-0.916976,-0.218591,0.858319,0.425492,-1.3868,-0.693376,0.0685966,0.505307,-0.446935,0.0883167,-0.76073,1.29652,-1.07094,-0.470875,0.714674,0.585711,1.49234,-0.876873,1.25679,-0.452328,-0.327691,-0.238244,0.522284,0.206428,-0.148018,0.132247,-0.537825,0.547179,1.22098,0.128399,-0.921632,-2.17787,0.373354,-0.736681,-1.23142,0.527363,-547.184,-508.299,2761.5,815.011,520.894,-1882.04,-2005.36,-819.359,713.376,4167.89,684.524,-60.5022,-3825.74,-379.508,89.5438,-786.665,-2764.26,-1893.05,-1138.15,1330.48,3721.9,-4549.31,2287.66,267.703,-2638.59,-2872.07,3581.78,-691.08,1559.76,-2665.15,-3407.54,531.827,2745.55,-223.138,-3512.96,4957.76,-1430.38,-3610.6,1490.59,-2808.39,2647.86,134.514,1058.66,-2025.01,485.435,3088.29,-408.039,1755.96,-843.537,223.64,-979.537,157.066,-382.401,-1592.82,146.539,630.355,1663.4,390.568,-1767.98,-422.267,-1066.21,3073.98,426.967,1910.6,-1257.09,-400.344,-1141.72,499.265,-2604.22,-1076.11,-4120.46,-2216.12,-5824.17,-626.233,4606.2,242.817,3643.23,1542.24,2193.71,656.864,865.569,271.498,-601.193,3442.11,1343.81,-669.027,-589.169,-124.323,-568.395,1995.34,2199.27,3168.19,1360.03,-1589.59,215.181,-2315.43,-552.459,2949.46,968.289,-1405.52
-250354,0,1,0,1,1,250399,-0.384764,0.00591807,1.98251,0.65987,0.194549,-1.62464,-1.32884,-0.638008,0.776036,1.76188,-0.149657,0.116447,-1.54277,-0.0636614,0.2482,-1.00728,-1.59481,-1.01706,-0.127135,0.559175,1.40119,-1.61276,1.8305,-0.0898098,-1.26576,-1.76124,1.23195,-0.269686,1.22789,-1.59845,-1.56077,0.458786,1.996,-0.185011,-1.75004,1.38731,-0.797919,-1.56933,0.936032,-1.67351,1.35279,0.444837,1.42627,-1.3104,-0.0724454,0.89088,-0.393547,0.886616,0.0264761,-0.478673,-1.03596,0.226382,0.0675763,-1.26799,0.156639,-0.0321617,0.998724,0.212245,-0.63784,-0.775643,-0.788799,1.94885,1.21166,0.828242,-0.92643,-0.62419,-1.08532,0.0134659,-0.922084,-1.04397,-1.82062,-0.720654,-1.94471,-0.376988,1.76676,-0.594025,1.17955,0.313105,1.16384,0.0323358,0.112372,0.276904,0.173359,1.84303,0.871915,-1.30925,-0.819472,-0.271119,0.144731,1.18899,1.07535,1.68402,1.67163,-0.91779,-0.253471,-1.68299,-0.374937,1.42931,0.855572,-1.19532,0.1541,0.832735,0.814,0.346553,-0.700728,-2.4172,0.878238,0.713507,0.376338,1.07424,0.648433,-0.16244,-1.26302,-0.54481,-1.48388,-1.15062,-1.40627,-1.42452,-1.54524,0.592557,0.640227,0.518924,-0.171133,-0.41015,-0.664685,-0.843538,2.11475,0.391671,0.0116697,1.01958,-2.02465,0.478289,0.34509,-0.633834,1.23817,0.437893,1.09019,0.864071,-0.445685,-1.47871,0.0984682,-0.625914,-0.0777894,-0.606187,-1.7063,0.419899,-0.562636,-0.142671,0.869198,-0.818398,-0.515786,0.345804,-0.949689,-0.690196,1.26269,-0.595621,-1.09424,-0.289686,-0.259899,0.890335,-0.196414,1.14494,0.548733,0.543329,-0.73216,1.01002,-1.41616,1.20237,-0.446091,0.172336,-1.62131,-1.24277,-1.83407,1.00351,-0.411093,1.10401,-0.732208,0.823678,-0.0947594,1.24649,-1.62754,-0.775488,-0.00804234,-0.073706,-0.0622992,-0.0005729,1.69482,-0.60998,0.299772,0.137502,-0.364922,-0.910685,-0.389435,1.48365,0.661181,1.22281,-0.239951,0.520632,-1.88839,-1.09986,-547.184,-508.299,2761.5,815.011,520.894,-1882.04,-2005.36,-819.359,713.376,4167.89,684.524,-60.5022,-3825.74,-379.508,89.5438,-786.665,-2764.26,-1893.05,-1138.15,1330.48,3721.9,-4549.31,2287.66,267.703,-2638.59,-2872.07,3581.78,-691.08,1559.76,-2665.15,-3407.54,531.827,2745.55,-223.138,-3512.96,4957.76,-1430.38,-3610.6,1490.59,-2808.39,2647.86,134.514,1058.66,-2025.01,485.435,3088.29,-408.039,1755.96,-843.537,223.64,-979.537,157.066,-382.401,-1592.82,146.539,630.355,1663.4,390.568,-1767.98,-422.267,-1066.21,3073.98,426.967,1910.6,-1257.09,-400.344,-1141.72,499.265,-2604.22,-1076.11,-4120.46,-2216.12,-5824.17,-626.233,4606.2,242.817,3643.23,1542.24,2193.71,656.864,865.569,271.498,-601.193,3442.11,1343.81,-669.027,-589.169,-124.323,-568.395,1995.34,2199.27,3168.19,1360.03,-1589.59,215.181,-2315.43,-552.459,2949.46,968.289,-1405.52
-250354,0,1,0,1,1,250390,-0.384764,0.00591807,1.98251,0.65987,0.194549,-1.62464,-1.32884,-0.638008,0.776036,1.76188,-0.149657,0.116447,-1.54277,-0.0636614,0.2482,-1.00728,-1.59481,-1.01706,-0.127135,0.559175,1.40119,-1.61276,1.8305,-0.0898098,-1.26576,-1.76124,1.23195,-0.269686,1.22789,-1.59845,-1.56077,0.458786,1.996,-0.185011,-1.75004,1.38731,-0.797919,-1.56933,0.936032,-1.67351,1.35279,0.444837,1.42627,-1.3104,-0.0724454,0.89088,-0.393547,0.886616,0.0264761,-0.478673,-1.03596,0.226382,0.0675763,-1.26799,0.156639,-0.0321617,0.998724,0.212245,-0.63784,-0.775643,-0.788799,1.94885,1.21166,0.828242,-0.92643,-0.62419,-1.08532,0.0134659,-0.922084,-1.04397,-1.82062,-0.720654,-1.94471,-0.376988,1.76676,-0.594025,1.17955,0.313105,1.16384,0.0323358,0.112372,0.276904,0.173359,1.84303,0.871915,-1.30925,-0.819472,-0.271119,0.144731,1.18899,1.07535,1.68402,1.67163,-0.91779,-0.253471,-1.68299,-0.374937,1.42931,0.855572,-1.19532,0.819774,0.389134,0.362399,1.1507,0.138836,-0.0978481,-1.23452,-0.556419,0.777341,-2.05544,1.3984,-0.895908,0.341339,-0.250543,1.78451,-0.113775,-0.89854,-0.106725,-1.8087,0.852415,0.697406,-0.473833,-0.580715,-0.892238,-1.65956,-0.00963831,0.451108,0.566719,0.291222,0.854093,0.140843,0.805277,-0.486961,-0.925521,0.199016,0.7422,0.834801,-0.0244629,0.994798,-0.213098,-0.880436,-0.41694,-0.791229,0.701536,0.587078,0.513169,-0.504393,-0.343937,-0.671149,0.242209,-0.6027,0.151069,1.05687,-2.18959,-0.544856,0.369365,-0.909458,-0.824255,-0.765987,0.39756,-0.273649,0.773684,0.0903713,-1.75569,1.38396,0.103687,-0.804743,-0.298856,0.183,0.469848,2.01245,0.693896,-0.268748,-0.0376363,-1.45797,0.525607,-0.918631,0.258553,-1.18906,0.63711,-0.418857,0.623861,-0.0762646,0.663783,0.0643043,0.747092,0.500397,0.212921,1.00949,1.41178,-1.55053,0.131759,-0.120474,0.095793,-1.34707,-1.14178,0.150662,-1.35895,0.371451,-0.930729,-547.184,-508.299,2761.5,815.011,520.894,-1882.04,-2005.36,-819.359,713.376,4167.89,684.524,-60.5022,-3825.74,-379.508,89.5438,-786.665,-2764.26,-1893.05,-1138.15,1330.48,3721.9,-4549.31,2287.66,267.703,-2638.59,-2872.07,3581.78,-691.08,1559.76,-2665.15,-3407.54,531.827,2745.55,-223.138,-3512.96,4957.76,-1430.38,-3610.6,1490.59,-2808.39,2647.86,134.514,1058.66,-2025.01,485.435,3088.29,-408.039,1755.96,-843.537,223.64,-979.537,157.066,-382.401,-1592.82,146.539,630.355,1663.4,390.568,-1767.98,-422.267,-1066.21,3073.98,426.967,1910.6,-1257.09,-400.344,-1141.72,499.265,-2604.22,-1076.11,-4120.46,-2216.12,-5824.17,-626.233,4606.2,242.817,3643.23,1542.24,2193.71,656.864,865.569,271.498,-601.193,3442.11,1343.81,-669.027,-589.169,-124.323,-568.395,1995.34,2199.27,3168.19,1360.03,-1589.59,215.181,-2315.43,-552.459,2949.46,968.289,-1405.52
-250354,0,1,0,1,1,250403,-0.384764,0.00591807,1.98251,0.65987,0.194549,-1.62464,-1.32884,-0.638008,0.776036,1.76188,-0.149657,0.116447,-1.54277,-0.0636614,0.2482,-1.00728,-1.59481,-1.01706,-0.127135,0.559175,1.40119,-1.61276,1.8305,-0.0898098,-1.26576,-1.76124,1.23195,-0.269686,1.22789,-1.59845,-1.56077,0.458786,1.996,-0.185011,-1.75004,1.38731,-0.797919,-1.56933,0.936032,-1.67351,1.35279,0.444837,1.42627,-1.3104,-0.0724454,0.89088,-0.393547,0.886616,0.0264761,-0.478673,-1.03596,0.226382,0.0675763,-1.26799,0.156639,-0.0321617,0.998724,0.212245,-0.63784,-0.775643,-0.788799,1.94885,1.21166,0.828242,-0.92643,-0.62419,-1.08532,0.0134659,-0.922084,-1.04397,-1.82062,-0.720654,-1.94471,-0.376988,1.76676,-0.594025,1.17955,0.313105,1.16384,0.0323358,0.112372,0.276904,0.173359,1.84303,0.871915,-1.30925,-0.819472,-0.271119,0.144731,1.18899,1.07535,1.68402,1.67163,-0.91779,-0.253471,-1.68299,-0.374937,1.42931,0.855572,-1.19532,0.779965,0.572758,0.447051,0.57623,-0.689853,0.736519,0.518602,2.3374,0.969351,-1.52473,-0.770398,0.437034,0.471821,-0.359455,0.526105,0.552008,0.583325,-0.195776,0.786821,0.080758,-0.314602,-0.95328,-1.18003,1.0769,0.900165,-0.182735,2.13335,-0.918916,-0.082173,0.140133,0.048566,-2.44675,0.72386,-0.118678,1.10114,-0.141534,-0.618308,1.91762,-1.44072,0.518809,0.260838,-1.18299,-0.396645,0.635642,-0.66007,1.4192,0.437571,0.266918,0.593886,1.00694,1.92987,-1.24576,-0.216575,1.21525,0.35323,2.29985,0.412923,-0.188897,-0.00246586,-0.482222,0.297754,0.624386,0.450577,0.569397,0.98345,1.00029,-0.482452,0.120602,0.416435,-0.18627,-0.957766,-0.745022,1.3322,-1.09296,-0.284302,0.507038,0.24425,-0.216911,-0.199384,-1.32717,0.343016,-1.58139,1.45094,1.02458,-0.0850189,0.870383,-0.349078,-1.95974,1.58221,1.00608,-1.5249,0.256656,0.777544,1.43959,-1.69446,-1.34028,1.18488,1.45057,0.846597,-1.82406,-547.184,-508.299,2761.5,815.011,520.894,-1882.04,-2005.36,-819.359,713.376,4167.89,684.524,-60.5022,-3825.74,-379.508,89.5438,-786.665,-2764.26,-1893.05,-1138.15,1330.48,3721.9,-4549.31,2287.66,267.703,-2638.59,-2872.07,3581.78,-691.08,1559.76,-2665.15,-3407.54,531.827,2745.55,-223.138,-3512.96,4957.76,-1430.38,-3610.6,1490.59,-2808.39,2647.86,134.514,1058.66,-2025.01,485.435,3088.29,-408.039,1755.96,-843.537,223.64,-979.537,157.066,-382.401,-1592.82,146.539,630.355,1663.4,390.568,-1767.98,-422.267,-1066.21,3073.98,426.967,1910.6,-1257.09,-400.344,-1141.72,499.265,-2604.22,-1076.11,-4120.46,-2216.12,-5824.17,-626.233,4606.2,242.817,3643.23,1542.24,2193.71,656.864,865.569,271.498,-601.193,3442.11,1343.81,-669.027,-589.169,-124.323,-568.395,1995.34,2199.27,3168.19,1360.03,-1589.59,215.181,-2315.43,-552.459,2949.46,968.289,-1405.52
-250354,0,1,0,1,1,250404,-0.384764,0.00591807,1.98251,0.65987,0.194549,-1.62464,-1.32884,-0.638008,0.776036,1.76188,-0.149657,0.116447,-1.54277,-0.0636614,0.2482,-1.00728,-1.59481,-1.01706,-0.127135,0.559175,1.40119,-1.61276,1.8305,-0.0898098,-1.26576,-1.76124,1.23195,-0.269686,1.22789,-1.59845,-1.56077,0.458786,1.996,-0.185011,-1.75004,1.38731,-0.797919,-1.56933,0.936032,-1.67351,1.35279,0.444837,1.42627,-1.3104,-0.0724454,0.89088,-0.393547,0.886616,0.0264761,-0.478673,-1.03596,0.226382,0.0675763,-1.26799,0.156639,-0.0321617,0.998724,0.212245,-0.63784,-0.775643,-0.788799,1.94885,1.21166,0.828242,-0.92643,-0.62419,-1.08532,0.0134659,-0.922084,-1.04397,-1.82062,-0.720654,-1.94471,-0.376988,1.76676,-0.594025,1.17955,0.313105,1.16384,0.0323358,0.112372,0.276904,0.173359,1.84303,0.871915,-1.30925,-0.819472,-0.271119,0.144731,1.18899,1.07535,1.68402,1.67163,-0.91779,-0.253471,-1.68299,-0.374937,1.42931,0.855572,-1.19532,-0.98768,-0.680903,0.314181,-0.129744,0.0640034,0.299481,0.542248,0.220467,0.910364,-0.564984,0.387065,0.915836,-2.63118,-0.429245,-0.16461,0.851074,-0.438981,-0.849313,-0.904162,0.866879,0.628831,-0.956128,1.59801,-1.5138,1.29677,0.260965,0.757359,-0.211223,0.528866,-1.2908,-0.234397,0.259957,-0.942901,-0.213395,0.607213,0.223893,-0.294565,-0.286538,0.177971,-0.687453,1.17193,-1.10329,0.842613,0.275509,-0.300212,0.884271,0.0893533,-0.229001,0.256202,-0.51817,0.934366,0.921019,0.466304,-0.731751,-0.133167,2.12533,-0.366812,-1.76128,0.807203,-0.372451,-1.95617,-0.0352727,-0.172187,1.95511,0.58223,-0.267499,-0.502748,0.857989,-0.867307,-2.6078,-1.69355,-0.631186,-1.0202,0.123943,0.143219,1.26483,0.334898,0.881643,1.88636,0.0699174,-0.676827,0.0939077,0.359996,0.932917,0.756046,0.405686,-0.165463,-1.03494,0.24148,-0.420707,-0.922932,-1.03251,-0.46599,2.05125,-1.15264,-1.24391,-1.69455,-0.417397,0.578752,3.72965,-547.184,-508.299,2761.5,815.011,520.894,-1882.04,-2005.36,-819.359,713.376,4167.89,684.524,-60.5022,-3825.74,-379.508,89.5438,-786.665,-2764.26,-1893.05,-1138.15,1330.48,3721.9,-4549.31,2287.66,267.703,-2638.59,-2872.07,3581.78,-691.08,1559.76,-2665.15,-3407.54,531.827,2745.55,-223.138,-3512.96,4957.76,-1430.38,-3610.6,1490.59,-2808.39,2647.86,134.514,1058.66,-2025.01,485.435,3088.29,-408.039,1755.96,-843.537,223.64,-979.537,157.066,-382.401,-1592.82,146.539,630.355,1663.4,390.568,-1767.98,-422.267,-1066.21,3073.98,426.967,1910.6,-1257.09,-400.344,-1141.72,499.265,-2604.22,-1076.11,-4120.46,-2216.12,-5824.17,-626.233,4606.2,242.817,3643.23,1542.24,2193.71,656.864,865.569,271.498,-601.193,3442.11,1343.81,-669.027,-589.169,-124.323,-568.395,1995.34,2199.27,3168.19,1360.03,-1589.59,215.181,-2315.43,-552.459,2949.46,968.289,-1405.52
-250354,0,1,0,1,1,250405,-0.384764,0.00591807,1.98251,0.65987,0.194549,-1.62464,-1.32884,-0.638008,0.776036,1.76188,-0.149657,0.116447,-1.54277,-0.0636614,0.2482,-1.00728,-1.59481,-1.01706,-0.127135,0.559175,1.40119,-1.61276,1.8305,-0.0898098,-1.26576,-1.76124,1.23195,-0.269686,1.22789,-1.59845,-1.56077,0.458786,1.996,-0.185011,-1.75004,1.38731,-0.797919,-1.56933,0.936032,-1.67351,1.35279,0.444837,1.42627,-1.3104,-0.0724454,0.89088,-0.393547,0.886616,0.0264761,-0.478673,-1.03596,0.226382,0.0675763,-1.26799,0.156639,-0.0321617,0.998724,0.212245,-0.63784,-0.775643,-0.788799,1.94885,1.21166,0.828242,-0.92643,-0.62419,-1.08532,0.0134659,-0.922084,-1.04397,-1.82062,-0.720654,-1.94471,-0.376988,1.76676,-0.594025,1.17955,0.313105,1.16384,0.0323358,0.112372,0.276904,0.173359,1.84303,0.871915,-1.30925,-0.819472,-0.271119,0.144731,1.18899,1.07535,1.68402,1.67163,-0.91779,-0.253471,-1.68299,-0.374937,1.42931,0.855572,-1.19532,0.693211,-0.165253,1.28005,-0.956441,0.937504,-0.14146,-0.989866,-0.845948,0.326067,-0.965622,0.631163,1.35038,-0.194283,-0.782253,-0.152713,-1.80125,-0.82234,2.07369,-0.898002,-0.255471,1.22577,1.07437,-1.67297,0.0960373,-0.0663679,0.346799,-0.671202,-2.11599,1.61533,-0.41367,-1.53364,0.761684,-1.16224,0.318234,-0.259059,0.767697,1.89494,-0.0525772,-0.935104,-0.914641,0.585799,-0.416337,0.0485237,2.13445,-1.73861,-0.216451,-0.566002,-0.914454,-0.0924658,-0.669395,0.368613,0.984211,-0.271474,1.0129,-0.244423,-0.985606,-0.206328,0.113392,1.11418,0.940605,-0.189979,0.316701,-0.94299,0.883601,1.00543,0.865347,0.935856,0.577869,2.13683,1.48291,1.05611,1.1356,0.541227,-0.838085,0.601754,-0.335012,0.282414,0.763297,-0.139525,0.0815242,0.959979,-0.695752,-0.23597,1.53143,-1.11791,-0.295784,0.716581,1.38141,1.31404,-3.18312,0.705335,0.188783,1.73016,0.00954353,0.10794,0.854615,-0.0586173,-1.86275,-1.2011,-0.544027,-547.184,-508.299,2761.5,815.011,520.894,-1882.04,-2005.36,-819.359,713.376,4167.89,684.524,-60.5022,-3825.74,-379.508,89.5438,-786.665,-2764.26,-1893.05,-1138.15,1330.48,3721.9,-4549.31,2287.66,267.703,-2638.59,-2872.07,3581.78,-691.08,1559.76,-2665.15,-3407.54,531.827,2745.55,-223.138,-3512.96,4957.76,-1430.38,-3610.6,1490.59,-2808.39,2647.86,134.514,1058.66,-2025.01,485.435,3088.29,-408.039,1755.96,-843.537,223.64,-979.537,157.066,-382.401,-1592.82,146.539,630.355,1663.4,390.568,-1767.98,-422.267,-1066.21,3073.98,426.967,1910.6,-1257.09,-400.344,-1141.72,499.265,-2604.22,-1076.11,-4120.46,-2216.12,-5824.17,-626.233,4606.2,242.817,3643.23,1542.24,2193.71,656.864,865.569,271.498,-601.193,3442.11,1343.81,-669.027,-589.169,-124.323,-568.395,1995.34,2199.27,3168.19,1360.03,-1589.59,215.181,-2315.43,-552.459,2949.46,968.289,-1405.52
-250354,0,1,0,1,1,250409,-0.384764,0.00591807,1.98251,0.65987,0.194549,-1.62464,-1.32884,-0.638008,0.776036,1.76188,-0.149657,0.116447,-1.54277,-0.0636614,0.2482,-1.00728,-1.59481,-1.01706,-0.127135,0.559175,1.40119,-1.61276,1.8305,-0.0898098,-1.26576,-1.76124,1.23195,-0.269686,1.22789,-1.59845,-1.56077,0.458786,1.996,-0.185011,-1.75004,1.38731,-0.797919,-1.56933,0.936032,-1.67351,1.35279,0.444837,1.42627,-1.3104,-0.0724454,0.89088,-0.393547,0.886616,0.0264761,-0.478673,-1.03596,0.226382,0.0675763,-1.26799,0.156639,-0.0321617,0.998724,0.212245,-0.63784,-0.775643,-0.788799,1.94885,1.21166,0.828242,-0.92643,-0.62419,-1.08532,0.0134659,-0.922084,-1.04397,-1.82062,-0.720654,-1.94471,-0.376988,1.76676,-0.594025,1.17955,0.313105,1.16384,0.0323358,0.112372,0.276904,0.173359,1.84303,0.871915,-1.30925,-0.819472,-0.271119,0.144731,1.18899,1.07535,1.68402,1.67163,-0.91779,-0.253471,-1.68299,-0.374937,1.42931,0.855572,-1.19532,0.346303,0.939416,-0.856908,-0.281045,1.05516,-0.137909,0.676769,-3.09079,0.834637,-0.59876,0.200156,0.104623,-0.373378,0.344239,0.25295,-0.553759,2.32657,-0.189158,-0.34658,-0.0748454,-0.305988,-1.24427,-0.806771,-1.28014,0.662203,0.912681,0.454492,0.00913697,2.20906,0.951116,2.22435,-0.0391302,0.826305,1.76323,0.572832,0.380366,-0.319361,-0.0548519,-0.38074,-0.215396,0.309122,0.94493,1.02478,-0.609678,-1.15561,0.474302,-1.08753,1.07183,1.52898,-0.311792,-1.35726,-0.608968,1.57263,0.515338,1.97499,0.554957,-0.575604,-1.14434,-0.440345,-0.0753871,-1.07583,-0.419793,2.61836,-0.672415,-0.168582,-0.199973,1.36301,-1.0942,0.0824085,-1.90056,-0.328925,0.726463,-1.60726,1.3402,-0.446301,-0.350373,-1.3081,-0.323385,0.474598,-0.425953,-2.33973,0.648153,2.60831,-0.270401,0.790668,0.12796,-2.36418,0.396592,0.703572,-0.907485,0.571844,0.136072,0.00563159,1.649,-0.554923,-0.163211,-0.41258,0.0471485,0.72993,1.4558,-547.184,-508.299,2761.5,815.011,520.894,-1882.04,-2005.36,-819.359,713.376,4167.89,684.524,-60.5022,-3825.74,-379.508,89.5438,-786.665,-2764.26,-1893.05,-1138.15,1330.48,3721.9,-4549.31,2287.66,267.703,-2638.59,-2872.07,3581.78,-691.08,1559.76,-2665.15,-3407.54,531.827,2745.55,-223.138,-3512.96,4957.76,-1430.38,-3610.6,1490.59,-2808.39,2647.86,134.514,1058.66,-2025.01,485.435,3088.29,-408.039,1755.96,-843.537,223.64,-979.537,157.066,-382.401,-1592.82,146.539,630.355,1663.4,390.568,-1767.98,-422.267,-1066.21,3073.98,426.967,1910.6,-1257.09,-400.344,-1141.72,499.265,-2604.22,-1076.11,-4120.46,-2216.12,-5824.17,-626.233,4606.2,242.817,3643.23,1542.24,2193.71,656.864,865.569,271.498,-601.193,3442.11,1343.81,-669.027,-589.169,-124.323,-568.395,1995.34,2199.27,3168.19,1360.03,-1589.59,215.181,-2315.43,-552.459,2949.46,968.289,-1405.52
-250354,0,1,0,1,1,250399,-0.384764,0.00591807,1.98251,0.65987,0.194549,-1.62464,-1.32884,-0.638008,0.776036,1.76188,-0.149657,0.116447,-1.54277,-0.0636614,0.2482,-1.00728,-1.59481,-1.01706,-0.127135,0.559175,1.40119,-1.61276,1.8305,-0.0898098,-1.26576,-1.76124,1.23195,-0.269686,1.22789,-1.59845,-1.56077,0.458786,1.996,-0.185011,-1.75004,1.38731,-0.797919,-1.56933,0.936032,-1.67351,1.35279,0.444837,1.42627,-1.3104,-0.0724454,0.89088,-0.393547,0.886616,0.0264761,-0.478673,-1.03596,0.226382,0.0675763,-1.26799,0.156639,-0.0321617,0.998724,0.212245,-0.63784,-0.775643,-0.788799,1.94885,1.21166,0.828242,-0.92643,-0.62419,-1.08532,0.0134659,-0.922084,-1.04397,-1.82062,-0.720654,-1.94471,-0.376988,1.76676,-0.594025,1.17955,0.313105,1.16384,0.0323358,0.112372,0.276904,0.173359,1.84303,0.871915,-1.30925,-0.819472,-0.271119,0.144731,1.18899,1.07535,1.68402,1.67163,-0.91779,-0.253471,-1.68299,-0.374937,1.42931,0.855572,-1.19532,0.654951,-0.00265047,1.49397,-1.25214,-0.937611,-1.03212,-1.3952,0.889907,0.931418,-0.425369,0.583051,-0.508064,0.568403,-1.01049,0.289135,-0.494141,-1.22679,1.67564,0.878269,-0.00944101,0.11662,-0.545512,-1.98894,0.0634839,0.519722,1.24677,1.07055,-1.32721,-0.0863038,-0.238919,0.436923,-0.510266,-0.705466,0.0148359,-0.158644,0.508689,0.739752,-0.732613,-0.0674029,-0.833489,-0.667723,0.86436,-0.533663,0.277485,-0.18128,0.616668,-1.15233,-0.117377,0.640081,-0.318714,1.53717,0.199783,-0.305572,0.985897,-1.86644,-0.980907,-0.83253,0.209741,0.00255214,-3.24388,0.0338689,1.25415,0.364601,-0.0417061,0.284283,-0.39916,0.973875,-0.507763,1.80701,-0.709735,1.01806,-2.08003,1.2061,0.90962,-1.108,-0.842555,0.123406,-0.712632,-0.0295393,0.655592,-0.678986,0.544492,-1.45625,-1.32879,-0.778836,1.17266,1.82585,0.844408,0.554545,1.0071,-1.53956,1.04277,0.376192,0.722307,-1.33933,-0.37772,0.739738,-0.156574,0.0752501,-1.47009,-547.184,-508.299,2761.5,815.011,520.894,-1882.04,-2005.36,-819.359,713.376,4167.89,684.524,-60.5022,-3825.74,-379.508,89.5438,-786.665,-2764.26,-1893.05,-1138.15,1330.48,3721.9,-4549.31,2287.66,267.703,-2638.59,-2872.07,3581.78,-691.08,1559.76,-2665.15,-3407.54,531.827,2745.55,-223.138,-3512.96,4957.76,-1430.38,-3610.6,1490.59,-2808.39,2647.86,134.514,1058.66,-2025.01,485.435,3088.29,-408.039,1755.96,-843.537,223.64,-979.537,157.066,-382.401,-1592.82,146.539,630.355,1663.4,390.568,-1767.98,-422.267,-1066.21,3073.98,426.967,1910.6,-1257.09,-400.344,-1141.72,499.265,-2604.22,-1076.11,-4120.46,-2216.12,-5824.17,-626.233,4606.2,242.817,3643.23,1542.24,2193.71,656.864,865.569,271.498,-601.193,3442.11,1343.81,-669.027,-589.169,-124.323,-568.395,1995.34,2199.27,3168.19,1360.03,-1589.59,215.181,-2315.43,-552.459,2949.46,968.289,-1405.52
-250354,0,1,0,1,1,250397,-0.384764,0.00591807,1.98251,0.65987,0.194549,-1.62464,-1.32884,-0.638008,0.776036,1.76188,-0.149657,0.116447,-1.54277,-0.0636614,0.2482,-1.00728,-1.59481,-1.01706,-0.127135,0.559175,1.40119,-1.61276,1.8305,-0.0898098,-1.26576,-1.76124,1.23195,-0.269686,1.22789,-1.59845,-1.56077,0.458786,1.996,-0.185011,-1.75004,1.38731,-0.797919,-1.56933,0.936032,-1.67351,1.35279,0.444837,1.42627,-1.3104,-0.0724454,0.89088,-0.393547,0.886616,0.0264761,-0.478673,-1.03596,0.226382,0.0675763,-1.26799,0.156639,-0.0321617,0.998724,0.212245,-0.63784,-0.775643,-0.788799,1.94885,1.21166,0.828242,-0.92643,-0.62419,-1.08532,0.0134659,-0.922084,-1.04397,-1.82062,-0.720654,-1.94471,-0.376988,1.76676,-0.594025,1.17955,0.313105,1.16384,0.0323358,0.112372,0.276904,0.173359,1.84303,0.871915,-1.30925,-0.819472,-0.271119,0.144731,1.18899,1.07535,1.68402,1.67163,-0.91779,-0.253471,-1.68299,-0.374937,1.42931,0.855572,-1.19532,-0.261655,0.0794587,0.155855,0.603535,0.0573803,-0.37327,-1.24973,1.64901,0.929139,-0.730031,-2.24229,1.47508,0.0799441,-0.782411,0.562399,0.228608,0.677546,-1.07384,-1.55906,-1.11776,2.07274,-0.346388,0.220142,0.00911075,0.198266,-0.659019,-1.04261,0.966647,0.753661,-1.67367,-0.800192,0.0815487,0.106286,-0.0502339,1.98008,0.37472,-1.04943,-0.720407,0.57376,-0.730039,-0.191943,-1.71623,-0.208561,0.202974,0.882214,-1.17177,-0.0801047,0.146983,0.859375,-0.918667,-0.740732,0.497805,-0.0547455,0.466101,-0.184141,-0.225906,-1.42446,0.0957125,-0.946212,-1.85227,2.01194,1.76503,-0.0749443,-0.256054,-0.54151,1.01969,0.956663,-1.04175,1.15248,0.563187,0.100565,0.273334,-0.00836188,-0.838672,-1.59161,-0.154891,-0.205871,0.491486,-0.0451558,0.291152,-0.600495,-1.31039,2.26142,-0.693344,0.157295,-0.451599,1.99409,1.09581,1.00466,1.22002,-0.870821,-0.579019,-0.0188553,-0.336347,-0.427318,-1.07036,0.0486211,-0.190004,-0.24875,0.563418,-547.184,-508.299,2761.5,815.011,520.894,-1882.04,-2005.36,-819.359,713.376,4167.89,684.524,-60.5022,-3825.74,-379.508,89.5438,-786.665,-2764.26,-1893.05,-1138.15,1330.48,3721.9,-4549.31,2287.66,267.703,-2638.59,-2872.07,3581.78,-691.08,1559.76,-2665.15,-3407.54,531.827,2745.55,-223.138,-3512.96,4957.76,-1430.38,-3610.6,1490.59,-2808.39,2647.86,134.514,1058.66,-2025.01,485.435,3088.29,-408.039,1755.96,-843.537,223.64,-979.537,157.066,-382.401,-1592.82,146.539,630.355,1663.4,390.568,-1767.98,-422.267,-1066.21,3073.98,426.967,1910.6,-1257.09,-400.344,-1141.72,499.265,-2604.22,-1076.11,-4120.46,-2216.12,-5824.17,-626.233,4606.2,242.817,3643.23,1542.24,2193.71,656.864,865.569,271.498,-601.193,3442.11,1343.81,-669.027,-589.169,-124.323,-568.395,1995.34,2199.27,3168.19,1360.03,-1589.59,215.181,-2315.43,-552.459,2949.46,968.289,-1405.52
-250354,0,1,0,1,1,250412,-0.384764,0.00591807,1.98251,0.65987,0.194549,-1.62464,-1.32884,-0.638008,0.776036,1.76188,-0.149657,0.116447,-1.54277,-0.0636614,0.2482,-1.00728,-1.59481,-1.01706,-0.127135,0.559175,1.40119,-1.61276,1.8305,-0.0898098,-1.26576,-1.76124,1.23195,-0.269686,1.22789,-1.59845,-1.56077,0.458786,1.996,-0.185011,-1.75004,1.38731,-0.797919,-1.56933,0.936032,-1.67351,1.35279,0.444837,1.42627,-1.3104,-0.0724454,0.89088,-0.393547,0.886616,0.0264761,-0.478673,-1.03596,0.226382,0.0675763,-1.26799,0.156639,-0.0321617,0.998724,0.212245,-0.63784,-0.775643,-0.788799,1.94885,1.21166,0.828242,-0.92643,-0.62419,-1.08532,0.0134659,-0.922084,-1.04397,-1.82062,-0.720654,-1.94471,-0.376988,1.76676,-0.594025,1.17955,0.313105,1.16384,0.0323358,0.112372,0.276904,0.173359,1.84303,0.871915,-1.30925,-0.819472,-0.271119,0.144731,1.18899,1.07535,1.68402,1.67163,-0.91779,-0.253471,-1.68299,-0.374937,1.42931,0.855572,-1.19532,-0.319201,2.41162,0.633589,-1.56812,0.422001,1.59033,-0.235734,1.26113,0.268759,-0.06619,0.222206,1.71901,-0.385594,-0.664397,1.68018,-0.599756,-0.04642,0.0720253,-0.388194,-2.00509,0.178883,-0.439255,0.114085,-0.707948,0.155253,0.518584,-1.40755,-0.209551,-0.352998,1.99552,1.08058,-0.433839,0.427232,0.428083,0.71725,-1.63951,3.00228,1.22091,-1.73746,-0.111827,0.670179,0.024284,-0.325196,0.320515,0.484744,0.735733,-1.82405,1.28229,-1.25422,-0.615099,-0.729074,-1.45229,-0.812083,-0.680694,-0.37265,0.514055,-1.2987,0.992548,-0.589353,-1.23092,-1.19792,0.758163,-2.66642,-0.408679,-0.555613,-0.203909,-0.632071,0.0106051,0.531414,0.963714,-0.825687,2.55667,0.212106,-1.21657,-0.209912,0.747865,-0.98338,0.103838,0.559605,-2.22718,0.717265,1.60191,0.742419,0.488008,0.855817,-2.20806,-0.23665,0.862585,0.262834,0.238415,-0.866609,0.463083,-0.689114,-0.00279064,2.25018,-0.558271,1.32647,1.55274,-0.424267,0.398199,-547.184,-508.299,2761.5,815.011,520.894,-1882.04,-2005.36,-819.359,713.376,4167.89,684.524,-60.5022,-3825.74,-379.508,89.5438,-786.665,-2764.26,-1893.05,-1138.15,1330.48,3721.9,-4549.31,2287.66,267.703,-2638.59,-2872.07,3581.78,-691.08,1559.76,-2665.15,-3407.54,531.827,2745.55,-223.138,-3512.96,4957.76,-1430.38,-3610.6,1490.59,-2808.39,2647.86,134.514,1058.66,-2025.01,485.435,3088.29,-408.039,1755.96,-843.537,223.64,-979.537,157.066,-382.401,-1592.82,146.539,630.355,1663.4,390.568,-1767.98,-422.267,-1066.21,3073.98,426.967,1910.6,-1257.09,-400.344,-1141.72,499.265,-2604.22,-1076.11,-4120.46,-2216.12,-5824.17,-626.233,4606.2,242.817,3643.23,1542.24,2193.71,656.864,865.569,271.498,-601.193,3442.11,1343.81,-669.027,-589.169,-124.323,-568.395,1995.34,2199.27,3168.19,1360.03,-1589.59,215.181,-2315.43,-552.459,2949.46,968.289,-1405.52
-250354,0,1,0,1,1,250413,-0.384764,0.00591807,1.98251,0.65987,0.194549,-1.62464,-1.32884,-0.638008,0.776036,1.76188,-0.149657,0.116447,-1.54277,-0.0636614,0.2482,-1.00728,-1.59481,-1.01706,-0.127135,0.559175,1.40119,-1.61276,1.8305,-0.0898098,-1.26576,-1.76124,1.23195,-0.269686,1.22789,-1.59845,-1.56077,0.458786,1.996,-0.185011,-1.75004,1.38731,-0.797919,-1.56933,0.936032,-1.67351,1.35279,0.444837,1.42627,-1.3104,-0.0724454,0.89088,-0.393547,0.886616,0.0264761,-0.478673,-1.03596,0.226382,0.0675763,-1.26799,0.156639,-0.0321617,0.998724,0.212245,-0.63784,-0.775643,-0.788799,1.94885,1.21166,0.828242,-0.92643,-0.62419,-1.08532,0.0134659,-0.922084,-1.04397,-1.82062,-0.720654,-1.94471,-0.376988,1.76676,-0.594025,1.17955,0.313105,1.16384,0.0323358,0.112372,0.276904,0.173359,1.84303,0.871915,-1.30925,-0.819472,-0.271119,0.144731,1.18899,1.07535,1.68402,1.67163,-0.91779,-0.253471,-1.68299,-0.374937,1.42931,0.855572,-1.19532,-2.66093,-1.10961,-0.179167,0.0523629,0.165318,-2.28376,-0.387415,0.839682,-0.834323,-1.34745,-0.705505,-1.53933,0.566877,1.73807,0.548741,0.50596,1.68951,-2.51963,-2.87545,1.86427,-2.58997,0.398189,-0.101876,-0.900707,-1.33207,-1.08338,0.233696,0.029178,0.122734,-0.59651,-0.0671936,0.628705,-0.102927,0.776023,-0.972084,-0.201502,-0.986163,0.390277,0.169576,0.330376,-0.457292,-1.60106,0.709137,-0.546328,-0.0755641,-1.01646,-0.353462,-0.00574154,0.238128,-0.92917,-1.87163,-0.252672,0.337028,0.433303,-0.347633,1.0134,-1.95485,-0.649567,-1.43084,-0.13499,0.17304,1.4645,-0.85715,1.35278,-0.783412,-0.772042,-0.511094,0.175975,-1.68793,-2.62242,0.954326,1.5562,-0.400109,-1.8623,-0.753171,-0.209159,0.14318,0.663074,2.21772,1.01033,-0.695475,-1.14973,-0.637331,0.204692,0.377059,-0.977873,0.479701,0.378183,1.31663,0.828909,1.48704,-0.0671879,-0.101284,-1.36659,0.800782,-0.247875,0.287336,-1.17236,-0.415356,-0.291964,-547.184,-508.299,2761.5,815.011,520.894,-1882.04,-2005.36,-819.359,713.376,4167.89,684.524,-60.5022,-3825.74,-379.508,89.5438,-786.665,-2764.26,-1893.05,-1138.15,1330.48,3721.9,-4549.31,2287.66,267.703,-2638.59,-2872.07,3581.78,-691.08,1559.76,-2665.15,-3407.54,531.827,2745.55,-223.138,-3512.96,4957.76,-1430.38,-3610.6,1490.59,-2808.39,2647.86,134.514,1058.66,-2025.01,485.435,3088.29,-408.039,1755.96,-843.537,223.64,-979.537,157.066,-382.401,-1592.82,146.539,630.355,1663.4,390.568,-1767.98,-422.267,-1066.21,3073.98,426.967,1910.6,-1257.09,-400.344,-1141.72,499.265,-2604.22,-1076.11,-4120.46,-2216.12,-5824.17,-626.233,4606.2,242.817,3643.23,1542.24,2193.71,656.864,865.569,271.498,-601.193,3442.11,1343.81,-669.027,-589.169,-124.323,-568.395,1995.34,2199.27,3168.19,1360.03,-1589.59,215.181,-2315.43,-552.459,2949.46,968.289,-1405.52
-250354,0,1,0,1,1,250398,-0.384764,0.00591807,1.98251,0.65987,0.194549,-1.62464,-1.32884,-0.638008,0.776036,1.76188,-0.149657,0.116447,-1.54277,-0.0636614,0.2482,-1.00728,-1.59481,-1.01706,-0.127135,0.559175,1.40119,-1.61276,1.8305,-0.0898098,-1.26576,-1.76124,1.23195,-0.269686,1.22789,-1.59845,-1.56077,0.458786,1.996,-0.185011,-1.75004,1.38731,-0.797919,-1.56933,0.936032,-1.67351,1.35279,0.444837,1.42627,-1.3104,-0.0724454,0.89088,-0.393547,0.886616,0.0264761,-0.478673,-1.03596,0.226382,0.0675763,-1.26799,0.156639,-0.0321617,0.998724,0.212245,-0.63784,-0.775643,-0.788799,1.94885,1.21166,0.828242,-0.92643,-0.62419,-1.08532,0.0134659,-0.922084,-1.04397,-1.82062,-0.720654,-1.94471,-0.376988,1.76676,-0.594025,1.17955,0.313105,1.16384,0.0323358,0.112372,0.276904,0.173359,1.84303,0.871915,-1.30925,-0.819472,-0.271119,0.144731,1.18899,1.07535,1.68402,1.67163,-0.91779,-0.253471,-1.68299,-0.374937,1.42931,0.855572,-1.19532,0.903517,1.28648,0.018847,1.62953,-0.0608325,-0.211621,1.67831,-0.381389,0.750577,-0.370983,-0.218783,-0.473069,1.01145,-0.621872,-1.63784,-0.940953,-1.2005,-0.867369,-0.362678,-1.69371,1.19975,-0.777816,-0.289891,-1.65529,-0.879921,-1.1168,2.01692,-1.72736,0.83993,-1.18624,0.237277,1.01037,0.302649,-0.914002,1.03743,-1.19823,1.51577,-0.0184211,1.3944,0.560665,0.335907,0.214404,-0.423326,-1.72719,-0.908188,-2.05994,0.537012,-0.51696,0.00189987,-0.579222,-0.968281,0.958626,-1.32734,0.468932,0.157286,0.763095,-0.0406751,1.6974,-0.265793,-0.304636,-0.45511,-0.505003,0.284116,-1.63354,-0.698495,-1.87679,0.360466,-0.37357,-0.368215,-0.890598,0.826283,0.5805,-0.725233,0.0940515,0.10251,-0.607697,-0.523337,1.36268,-0.574272,1.80897,-0.785179,-1.21988,0.436055,-0.457945,-0.554705,0.394213,-0.475768,0.0330013,0.658649,0.705819,1.68026,-1.38118,-0.0821378,0.548994,0.646044,-0.0884087,0.217284,0.847092,-0.632716,0.271196,-547.184,-508.299,2761.5,815.011,520.894,-1882.04,-2005.36,-819.359,713.376,4167.89,684.524,-60.5022,-3825.74,-379.508,89.5438,-786.665,-2764.26,-1893.05,-1138.15,1330.48,3721.9,-4549.31,2287.66,267.703,-2638.59,-2872.07,3581.78,-691.08,1559.76,-2665.15,-3407.54,531.827,2745.55,-223.138,-3512.96,4957.76,-1430.38,-3610.6,1490.59,-2808.39,2647.86,134.514,1058.66,-2025.01,485.435,3088.29,-408.039,1755.96,-843.537,223.64,-979.537,157.066,-382.401,-1592.82,146.539,630.355,1663.4,390.568,-1767.98,-422.267,-1066.21,3073.98,426.967,1910.6,-1257.09,-400.344,-1141.72,499.265,-2604.22,-1076.11,-4120.46,-2216.12,-5824.17,-626.233,4606.2,242.817,3643.23,1542.24,2193.71,656.864,865.569,271.498,-601.193,3442.11,1343.81,-669.027,-589.169,-124.323,-568.395,1995.34,2199.27,3168.19,1360.03,-1589.59,215.181,-2315.43,-552.459,2949.46,968.289,-1405.52
-250354,0,1,0,1,1,250398,-0.384764,0.00591807,1.98251,0.65987,0.194549,-1.62464,-1.32884,-0.638008,0.776036,1.76188,-0.149657,0.116447,-1.54277,-0.0636614,0.2482,-1.00728,-1.59481,-1.01706,-0.127135,0.559175,1.40119,-1.61276,1.8305,-0.0898098,-1.26576,-1.76124,1.23195,-0.269686,1.22789,-1.59845,-1.56077,0.458786,1.996,-0.185011,-1.75004,1.38731,-0.797919,-1.56933,0.936032,-1.67351,1.35279,0.444837,1.42627,-1.3104,-0.0724454,0.89088,-0.393547,0.886616,0.0264761,-0.478673,-1.03596,0.226382,0.0675763,-1.26799,0.156639,-0.0321617,0.998724,0.212245,-0.63784,-0.775643,-0.788799,1.94885,1.21166,0.828242,-0.92643,-0.62419,-1.08532,0.0134659,-0.922084,-1.04397,-1.82062,-0.720654,-1.94471,-0.376988,1.76676,-0.594025,1.17955,0.313105,1.16384,0.0323358,0.112372,0.276904,0.173359,1.84303,0.871915,-1.30925,-0.819472,-0.271119,0.144731,1.18899,1.07535,1.68402,1.67163,-0.91779,-0.253471,-1.68299,-0.374937,1.42931,0.855572,-1.19532,0.0163725,-0.846575,-0.259794,-0.297074,0.239234,-0.189872,1.61902,0.0809194,-0.850928,0.527838,-0.165532,-1.52705,-1.98979,-1.04539,-0.00162249,-0.511964,-0.839414,-0.282897,-1.03929,-0.0851209,1.61072,-0.385193,-0.956335,2.05062,0.43759,1.06163,-0.881479,-0.537059,-0.952956,1.11111,-0.525551,-1.11982,1.88762,-0.552631,0.327625,-0.462869,0.446322,-0.0354169,-0.539437,1.62586,0.600344,-0.55331,0.181794,1.56373,-0.101046,0.52857,-1.16096,-0.94162,-0.138973,0.671797,0.0944877,-1.01099,1.25865,1.77236,-0.133152,-0.465628,-0.968898,0.157337,0.442245,1.41256,2.35796,-0.390668,-0.131248,1.52349,0.0996412,-0.22148,-0.187894,-0.884747,0.953445,-1.02035,-0.548366,1.24073,-0.316386,0.50014,-0.979733,-0.491621,-1.05382,-0.333224,-0.189246,-0.565408,-0.693899,-0.0336493,0.259499,1.29945,1.39754,1.85991,1.60237,-0.455561,0.124932,0.122682,-1.43494,0.199143,-0.318707,-1.80158,-0.514328,-0.268126,0.603744,-0.00500236,1.11217,-1.68688,-547.184,-508.299,2761.5,815.011,520.894,-1882.04,-2005.36,-819.359,713.376,4167.89,684.524,-60.5022,-3825.74,-379.508,89.5438,-786.665,-2764.26,-1893.05,-1138.15,1330.48,3721.9,-4549.31,2287.66,267.703,-2638.59,-2872.07,3581.78,-691.08,1559.76,-2665.15,-3407.54,531.827,2745.55,-223.138,-3512.96,4957.76,-1430.38,-3610.6,1490.59,-2808.39,2647.86,134.514,1058.66,-2025.01,485.435,3088.29,-408.039,1755.96,-843.537,223.64,-979.537,157.066,-382.401,-1592.82,146.539,630.355,1663.4,390.568,-1767.98,-422.267,-1066.21,3073.98,426.967,1910.6,-1257.09,-400.344,-1141.72,499.265,-2604.22,-1076.11,-4120.46,-2216.12,-5824.17,-626.233,4606.2,242.817,3643.23,1542.24,2193.71,656.864,865.569,271.498,-601.193,3442.11,1343.81,-669.027,-589.169,-124.323,-568.395,1995.34,2199.27,3168.19,1360.03,-1589.59,215.181,-2315.43,-552.459,2949.46,968.289,-1405.52
-250354,0,1,0,1,1,250399,-0.384764,0.00591807,1.98251,0.65987,0.194549,-1.62464,-1.32884,-0.638008,0.776036,1.76188,-0.149657,0.116447,-1.54277,-0.0636614,0.2482,-1.00728,-1.59481,-1.01706,-0.127135,0.559175,1.40119,-1.61276,1.8305,-0.0898098,-1.26576,-1.76124,1.23195,-0.269686,1.22789,-1.59845,-1.56077,0.458786,1.996,-0.185011,-1.75004,1.38731,-0.797919,-1.56933,0.936032,-1.67351,1.35279,0.444837,1.42627,-1.3104,-0.0724454,0.89088,-0.393547,0.886616,0.0264761,-0.478673,-1.03596,0.226382,0.0675763,-1.26799,0.156639,-0.0321617,0.998724,0.212245,-0.63784,-0.775643,-0.788799,1.94885,1.21166,0.828242,-0.92643,-0.62419,-1.08532,0.0134659,-0.922084,-1.04397,-1.82062,-0.720654,-1.94471,-0.376988,1.76676,-0.594025,1.17955,0.313105,1.16384,0.0323358,0.112372,0.276904,0.173359,1.84303,0.871915,-1.30925,-0.819472,-0.271119,0.144731,1.18899,1.07535,1.68402,1.67163,-0.91779,-0.253471,-1.68299,-0.374937,1.42931,0.855572,-1.19532,-0.778981,-0.613987,0.20686,-1.24082,-0.692359,0.0685015,0.00205845,0.380735,-0.574215,2.02126,-0.81306,1.74621,-0.433175,0.911269,1.31341,-0.406686,2.05242,-1.09526,-0.371402,0.445864,-0.480454,0.0493237,1.3717,0.518693,0.0939728,0.532913,-0.657273,-0.377533,0.42856,1.21294,-1.03569,-0.655185,-0.479313,1.34995,0.751565,0.589099,0.355958,0.202151,0.80449,-1.47659,-0.890426,-1.12721,0.416785,-0.694407,-0.48185,-2.5995,0.179896,0.29677,0.200032,0.386816,0.267275,-0.714884,1.27956,-1.72106,1.57393,1.08843,1.30087,0.0527525,-1.06072,-1.07871,-0.00525486,-0.832639,0.742919,0.0868968,-0.466597,1.74986,-0.994566,-1.36161,0.657859,0.392739,-0.967521,-0.986777,1.18483,0.128948,-2.0557,1.40359,0.0162602,0.824968,0.0064009,-0.553589,0.295528,-0.187487,-0.928593,-0.578967,-1.93994,-0.0373153,0.0585251,-1.08409,-0.666564,0.304468,0.646071,-0.328642,1.38374,-0.937181,-0.392787,-1.30887,0.172156,1.79142,-0.109219,-0.811209,-547.184,-508.299,2761.5,815.011,520.894,-1882.04,-2005.36,-819.359,713.376,4167.89,684.524,-60.5022,-3825.74,-379.508,89.5438,-786.665,-2764.26,-1893.05,-1138.15,1330.48,3721.9,-4549.31,2287.66,267.703,-2638.59,-2872.07,3581.78,-691.08,1559.76,-2665.15,-3407.54,531.827,2745.55,-223.138,-3512.96,4957.76,-1430.38,-3610.6,1490.59,-2808.39,2647.86,134.514,1058.66,-2025.01,485.435,3088.29,-408.039,1755.96,-843.537,223.64,-979.537,157.066,-382.401,-1592.82,146.539,630.355,1663.4,390.568,-1767.98,-422.267,-1066.21,3073.98,426.967,1910.6,-1257.09,-400.344,-1141.72,499.265,-2604.22,-1076.11,-4120.46,-2216.12,-5824.17,-626.233,4606.2,242.817,3643.23,1542.24,2193.71,656.864,865.569,271.498,-601.193,3442.11,1343.81,-669.027,-589.169,-124.323,-568.395,1995.34,2199.27,3168.19,1360.03,-1589.59,215.181,-2315.43,-552.459,2949.46,968.289,-1405.52
-250354,0,1,0,1,1,250398,-0.384764,0.00591807,1.98251,0.65987,0.194549,-1.62464,-1.32884,-0.638008,0.776036,1.76188,-0.149657,0.116447,-1.54277,-0.0636614,0.2482,-1.00728,-1.59481,-1.01706,-0.127135,0.559175,1.40119,-1.61276,1.8305,-0.0898098,-1.26576,-1.76124,1.23195,-0.269686,1.22789,-1.59845,-1.56077,0.458786,1.996,-0.185011,-1.75004,1.38731,-0.797919,-1.56933,0.936032,-1.67351,1.35279,0.444837,1.42627,-1.3104,-0.0724454,0.89088,-0.393547,0.886616,0.0264761,-0.478673,-1.03596,0.226382,0.0675763,-1.26799,0.156639,-0.0321617,0.998724,0.212245,-0.63784,-0.775643,-0.788799,1.94885,1.21166,0.828242,-0.92643,-0.62419,-1.08532,0.0134659,-0.922084,-1.04397,-1.82062,-0.720654,-1.94471,-0.376988,1.76676,-0.594025,1.17955,0.313105,1.16384,0.0323358,0.112372,0.276904,0.173359,1.84303,0.871915,-1.30925,-0.819472,-0.271119,0.144731,1.18899,1.07535,1.68402,1.67163,-0.91779,-0.253471,-1.68299,-0.374937,1.42931,0.855572,-1.19532,-0.058762,1.22464,-0.741219,0.496081,0.65966,0.300364,-0.44527,1.80857,-0.167654,0.958457,0.0260062,-0.230111,1.85953,0.23332,-1.07395,0.122473,-1.31765,-0.948727,-0.421345,0.309672,-0.729533,-0.138926,1.14411,1.50169,0.55843,0.859113,-1.34133,1.33217,0.021887,-0.237653,-0.170414,0.0870433,0.326452,-0.447474,0.984954,0.323492,0.250322,0.273672,-1.12032,0.72169,-0.60817,0.0790036,-0.217311,0.847739,0.60172,-1.64186,-0.486553,-0.432713,0.546313,-1.18566,-0.774388,-0.853594,2.90251,0.0596755,-0.130621,0.204211,0.434791,-1.23224,1.5156,0.12792,-1.22316,0.844423,-0.629955,-1.15992,-0.582752,0.325986,-1.77539,-1.16517,1.37913,-0.0813869,0.286565,0.601353,0.783898,-0.694339,0.0565617,0.323967,-0.0317536,1.30684,-0.484151,-1.52833,-0.554563,-1.16554,0.869147,0.490147,0.140239,1.88123,0.00965644,0.210324,1.37386,0.343108,-0.829173,0.376003,0.526872,-2.13455,-2.15288,-1.29853,-0.783787,-1.10764,0.89763,0.24132,-547.184,-508.299,2761.5,815.011,520.894,-1882.04,-2005.36,-819.359,713.376,4167.89,684.524,-60.5022,-3825.74,-379.508,89.5438,-786.665,-2764.26,-1893.05,-1138.15,1330.48,3721.9,-4549.31,2287.66,267.703,-2638.59,-2872.07,3581.78,-691.08,1559.76,-2665.15,-3407.54,531.827,2745.55,-223.138,-3512.96,4957.76,-1430.38,-3610.6,1490.59,-2808.39,2647.86,134.514,1058.66,-2025.01,485.435,3088.29,-408.039,1755.96,-843.537,223.64,-979.537,157.066,-382.401,-1592.82,146.539,630.355,1663.4,390.568,-1767.98,-422.267,-1066.21,3073.98,426.967,1910.6,-1257.09,-400.344,-1141.72,499.265,-2604.22,-1076.11,-4120.46,-2216.12,-5824.17,-626.233,4606.2,242.817,3643.23,1542.24,2193.71,656.864,865.569,271.498,-601.193,3442.11,1343.81,-669.027,-589.169,-124.323,-568.395,1995.34,2199.27,3168.19,1360.03,-1589.59,215.181,-2315.43,-552.459,2949.46,968.289,-1405.52
-250354,0,1,0,1,1,250403,-0.384764,0.00591807,1.98251,0.65987,0.194549,-1.62464,-1.32884,-0.638008,0.776036,1.76188,-0.149657,0.116447,-1.54277,-0.0636614,0.2482,-1.00728,-1.59481,-1.01706,-0.127135,0.559175,1.40119,-1.61276,1.8305,-0.0898098,-1.26576,-1.76124,1.23195,-0.269686,1.22789,-1.59845,-1.56077,0.458786,1.996,-0.185011,-1.75004,1.38731,-0.797919,-1.56933,0.936032,-1.67351,1.35279,0.444837,1.42627,-1.3104,-0.0724454,0.89088,-0.393547,0.886616,0.0264761,-0.478673,-1.03596,0.226382,0.0675763,-1.26799,0.156639,-0.0321617,0.998724,0.212245,-0.63784,-0.775643,-0.788799,1.94885,1.21166,0.828242,-0.92643,-0.62419,-1.08532,0.0134659,-0.922084,-1.04397,-1.82062,-0.720654,-1.94471,-0.376988,1.76676,-0.594025,1.17955,0.313105,1.16384,0.0323358,0.112372,0.276904,0.173359,1.84303,0.871915,-1.30925,-0.819472,-0.271119,0.144731,1.18899,1.07535,1.68402,1.67163,-0.91779,-0.253471,-1.68299,-0.374937,1.42931,0.855572,-1.19532,-0.440361,-0.4761,0.679447,-1.82049,-0.941897,-1.00178,1.61379,1.66027,1.31333,-1.57506,0.12411,-0.730928,-0.157683,-0.154305,-0.51628,0.0212967,0.388705,0.260184,0.467556,-0.334981,-0.492342,2.67551,-0.574045,-0.063907,0.00407267,-0.642702,-2.2715,-0.409971,-1.35093,-0.332085,-0.498067,0.3678,-0.224946,2.8141,0.105435,-0.410329,-1.13642,0.497669,0.356273,0.756691,0.414317,-0.443913,0.136256,-0.873331,-0.944156,-1.45983,-1.46326,-1.89877,-0.108976,-0.494894,-0.760671,-0.518256,-0.00347857,-0.884264,0.78247,-0.984876,0.326255,-0.0795415,-2.44811,0.143525,-0.798972,0.471873,0.551579,1.50549,0.671157,-1.3703,-0.606184,-0.509326,-2.24634,2.08155,-0.128385,0.508841,-1.15016,-0.275298,0.184655,0.363917,2.46714,0.653475,1.21911,-0.184617,-0.384441,-0.941175,1.22319,0.0417076,-0.618156,-0.906037,0.0811335,-0.622735,0.212615,0.352564,-0.778184,0.0428309,-0.800929,0.230963,0.8913,-0.922962,-0.0811113,0.367155,-0.298005,-1.60874,-547.184,-508.299,2761.5,815.011,520.894,-1882.04,-2005.36,-819.359,713.376,4167.89,684.524,-60.5022,-3825.74,-379.508,89.5438,-786.665,-2764.26,-1893.05,-1138.15,1330.48,3721.9,-4549.31,2287.66,267.703,-2638.59,-2872.07,3581.78,-691.08,1559.76,-2665.15,-3407.54,531.827,2745.55,-223.138,-3512.96,4957.76,-1430.38,-3610.6,1490.59,-2808.39,2647.86,134.514,1058.66,-2025.01,485.435,3088.29,-408.039,1755.96,-843.537,223.64,-979.537,157.066,-382.401,-1592.82,146.539,630.355,1663.4,390.568,-1767.98,-422.267,-1066.21,3073.98,426.967,1910.6,-1257.09,-400.344,-1141.72,499.265,-2604.22,-1076.11,-4120.46,-2216.12,-5824.17,-626.233,4606.2,242.817,3643.23,1542.24,2193.71,656.864,865.569,271.498,-601.193,3442.11,1343.81,-669.027,-589.169,-124.323,-568.395,1995.34,2199.27,3168.19,1360.03,-1589.59,215.181,-2315.43,-552.459,2949.46,968.289,-1405.52
-250354,0,1,0,1,1,250403,-0.384764,0.00591807,1.98251,0.65987,0.194549,-1.62464,-1.32884,-0.638008,0.776036,1.76188,-0.149657,0.116447,-1.54277,-0.0636614,0.2482,-1.00728,-1.59481,-1.01706,-0.127135,0.559175,1.40119,-1.61276,1.8305,-0.0898098,-1.26576,-1.76124,1.23195,-0.269686,1.22789,-1.59845,-1.56077,0.458786,1.996,-0.185011,-1.75004,1.38731,-0.797919,-1.56933,0.936032,-1.67351,1.35279,0.444837,1.42627,-1.3104,-0.0724454,0.89088,-0.393547,0.886616,0.0264761,-0.478673,-1.03596,0.226382,0.0675763,-1.26799,0.156639,-0.0321617,0.998724,0.212245,-0.63784,-0.775643,-0.788799,1.94885,1.21166,0.828242,-0.92643,-0.62419,-1.08532,0.0134659,-0.922084,-1.04397,-1.82062,-0.720654,-1.94471,-0.376988,1.76676,-0.594025,1.17955,0.313105,1.16384,0.0323358,0.112372,0.276904,0.173359,1.84303,0.871915,-1.30925,-0.819472,-0.271119,0.144731,1.18899,1.07535,1.68402,1.67163,-0.91779,-0.253471,-1.68299,-0.374937,1.42931,0.855572,-1.19532,-0.568049,1.08697,1.20981,-0.940954,-0.265655,-0.174057,0.887757,-0.643942,1.84381,-1.16162,-0.174787,-0.461155,0.681282,0.838606,-0.701999,0.0480022,-0.715288,-0.283028,-0.33646,-2.07246,-1.20619,0.370291,0.842789,0.192721,-0.797185,-0.103502,0.836168,0.0864361,2.02336,2.06134,0.432562,0.322057,-2.18828,0.802309,0.66059,-0.242353,-1.31381,0.251134,0.552485,-1.13494,0.0469408,-0.206724,0.0892564,0.403598,-1.75468,1.35905,0.403748,-1.00192,1.01112,1.06438,-0.475721,-0.477474,0.259764,-0.497999,1.69431,-0.276304,-1.94954,-0.992894,2.32307,1.31425,-0.331556,0.692316,-1.33938,1.95542,-0.0273825,-1.63466,-0.547286,0.283237,0.142385,0.372038,0.899044,1.56801,0.367077,0.745227,-0.578916,0.541388,0.569336,0.674574,-0.496242,1.26686,0.667661,-0.3141,-0.644584,0.918145,1.17818,0.150204,0.311295,-0.409057,0.550965,0.66252,0.166071,0.19369,2.14021,1.05249,1.56789,-1.08794,-0.956807,1.1434,1.34741,0.508871,-547.184,-508.299,2761.5,815.011,520.894,-1882.04,-2005.36,-819.359,713.376,4167.89,684.524,-60.5022,-3825.74,-379.508,89.5438,-786.665,-2764.26,-1893.05,-1138.15,1330.48,3721.9,-4549.31,2287.66,267.703,-2638.59,-2872.07,3581.78,-691.08,1559.76,-2665.15,-3407.54,531.827,2745.55,-223.138,-3512.96,4957.76,-1430.38,-3610.6,1490.59,-2808.39,2647.86,134.514,1058.66,-2025.01,485.435,3088.29,-408.039,1755.96,-843.537,223.64,-979.537,157.066,-382.401,-1592.82,146.539,630.355,1663.4,390.568,-1767.98,-422.267,-1066.21,3073.98,426.967,1910.6,-1257.09,-400.344,-1141.72,499.265,-2604.22,-1076.11,-4120.46,-2216.12,-5824.17,-626.233,4606.2,242.817,3643.23,1542.24,2193.71,656.864,865.569,271.498,-601.193,3442.11,1343.81,-669.027,-589.169,-124.323,-568.395,1995.34,2199.27,3168.19,1360.03,-1589.59,215.181,-2315.43,-552.459,2949.46,968.289,-1405.52
-250354,0,1,0,1,1,250402,-0.384764,0.00591807,1.98251,0.65987,0.194549,-1.62464,-1.32884,-0.638008,0.776036,1.76188,-0.149657,0.116447,-1.54277,-0.0636614,0.2482,-1.00728,-1.59481,-1.01706,-0.127135,0.559175,1.40119,-1.61276,1.8305,-0.0898098,-1.26576,-1.76124,1.23195,-0.269686,1.22789,-1.59845,-1.56077,0.458786,1.996,-0.185011,-1.75004,1.38731,-0.797919,-1.56933,0.936032,-1.67351,1.35279,0.444837,1.42627,-1.3104,-0.0724454,0.89088,-0.393547,0.886616,0.0264761,-0.478673,-1.03596,0.226382,0.0675763,-1.26799,0.156639,-0.0321617,0.998724,0.212245,-0.63784,-0.775643,-0.788799,1.94885,1.21166,0.828242,-0.92643,-0.62419,-1.08532,0.0134659,-0.922084,-1.04397,-1.82062,-0.720654,-1.94471,-0.376988,1.76676,-0.594025,1.17955,0.313105,1.16384,0.0323358,0.112372,0.276904,0.173359,1.84303,0.871915,-1.30925,-0.819472,-0.271119,0.144731,1.18899,1.07535,1.68402,1.67163,-0.91779,-0.253471,-1.68299,-0.374937,1.42931,0.855572,-1.19532,0.141544,-0.359236,1.7187,1.01889,0.826991,0.529906,0.874457,0.7757,0.923079,0.304881,0.797481,-0.182595,0.941166,-0.725959,0.0693637,0.461088,0.847278,1.57283,0.336033,1.12291,-0.443015,-0.135668,-0.781831,-0.751203,-1.89608,-1.07828,-0.690342,1.09127,0.938712,-2.11174,-0.481523,-0.094349,-0.877645,-1.17055,0.847151,-0.0250626,-0.9912,0.448242,0.179572,-0.90296,1.91726,0.905651,2.01217,-0.435866,-0.109354,0.751871,1.30977,-0.340577,-0.172979,-0.908787,-0.972092,-2.07912,-1.0816,-1.14596,1.19078,-1.77149,1.27348,1.0623,-0.855084,0.317565,-1.13213,0.584272,-0.19433,-0.0654544,-0.435656,-1.00722,-0.48086,-1.56206,0.674938,-0.182184,-0.531788,-1.41982,-0.1598,-0.632991,-1.45835,-0.802339,1.57423,0.78907,0.682458,0.522611,-0.893589,-0.032371,-1.43706,-0.928242,0.857899,-0.415035,0.814917,-0.844966,0.669623,1.23414,-0.483546,0.0961955,2.60971,-0.610476,-0.563098,0.123326,0.024503,-1.02505,1.61431,0.917428,-547.184,-508.299,2761.5,815.011,520.894,-1882.04,-2005.36,-819.359,713.376,4167.89,684.524,-60.5022,-3825.74,-379.508,89.5438,-786.665,-2764.26,-1893.05,-1138.15,1330.48,3721.9,-4549.31,2287.66,267.703,-2638.59,-2872.07,3581.78,-691.08,1559.76,-2665.15,-3407.54,531.827,2745.55,-223.138,-3512.96,4957.76,-1430.38,-3610.6,1490.59,-2808.39,2647.86,134.514,1058.66,-2025.01,485.435,3088.29,-408.039,1755.96,-843.537,223.64,-979.537,157.066,-382.401,-1592.82,146.539,630.355,1663.4,390.568,-1767.98,-422.267,-1066.21,3073.98,426.967,1910.6,-1257.09,-400.344,-1141.72,499.265,-2604.22,-1076.11,-4120.46,-2216.12,-5824.17,-626.233,4606.2,242.817,3643.23,1542.24,2193.71,656.864,865.569,271.498,-601.193,3442.11,1343.81,-669.027,-589.169,-124.323,-568.395,1995.34,2199.27,3168.19,1360.03,-1589.59,215.181,-2315.43,-552.459,2949.46,968.289,-1405.52
-250354,0,1,0,1,1,250402,-0.384764,0.00591807,1.98251,0.65987,0.194549,-1.62464,-1.32884,-0.638008,0.776036,1.76188,-0.149657,0.116447,-1.54277,-0.0636614,0.2482,-1.00728,-1.59481,-1.01706,-0.127135,0.559175,1.40119,-1.61276,1.8305,-0.0898098,-1.26576,-1.76124,1.23195,-0.269686,1.22789,-1.59845,-1.56077,0.458786,1.996,-0.185011,-1.75004,1.38731,-0.797919,-1.56933,0.936032,-1.67351,1.35279,0.444837,1.42627,-1.3104,-0.0724454,0.89088,-0.393547,0.886616,0.0264761,-0.478673,-1.03596,0.226382,0.0675763,-1.26799,0.156639,-0.0321617,0.998724,0.212245,-0.63784,-0.775643,-0.788799,1.94885,1.21166,0.828242,-0.92643,-0.62419,-1.08532,0.0134659,-0.922084,-1.04397,-1.82062,-0.720654,-1.94471,-0.376988,1.76676,-0.594025,1.17955,0.313105,1.16384,0.0323358,0.112372,0.276904,0.173359,1.84303,0.871915,-1.30925,-0.819472,-0.271119,0.144731,1.18899,1.07535,1.68402,1.67163,-0.91779,-0.253471,-1.68299,-0.374937,1.42931,0.855572,-1.19532,0.78273,0.479695,-0.52608,-0.835073,0.362398,-0.239744,0.114683,-1.90887,1.88658,-0.27945,0.610057,2.05762,0.0730996,0.322982,-0.425921,0.467899,0.457098,0.155811,-0.938923,-0.735395,-0.642767,0.15141,-0.791629,0.234988,-0.336935,0.0766089,-1.5039,0.381788,0.808411,1.50398,0.742357,1.27631,0.596384,-0.965948,2.98211,0.459752,-1.05421,1.41546,1.16047,0.453125,0.270552,0.366646,0.143955,1.09141,0.278797,0.275357,1.47014,0.919076,-1.69473,1.06088,0.985347,0.826935,0.0494881,0.281049,0.491509,0.0232282,-0.343291,0.205643,-0.999005,-1.52428,1.12695,-0.313812,-1.93936,-2.04939,-0.289992,-0.756913,0.631446,0.0186467,0.198432,-0.709994,-0.574855,0.398411,-0.308616,-0.618184,1.27186,-0.206552,-0.658003,-1.28263,0.943619,-0.374122,0.847742,0.260908,1.04418,-1.68013,-0.106904,-0.900345,-1.55138,2.63982,0.504533,-0.400597,1.16631,-0.238162,2.08368,1.50381,-0.70356,0.372095,0.113219,-0.851788,-0.0512087,0.674809,-547.184,-508.299,2761.5,815.011,520.894,-1882.04,-2005.36,-819.359,713.376,4167.89,684.524,-60.5022,-3825.74,-379.508,89.5438,-786.665,-2764.26,-1893.05,-1138.15,1330.48,3721.9,-4549.31,2287.66,267.703,-2638.59,-2872.07,3581.78,-691.08,1559.76,-2665.15,-3407.54,531.827,2745.55,-223.138,-3512.96,4957.76,-1430.38,-3610.6,1490.59,-2808.39,2647.86,134.514,1058.66,-2025.01,485.435,3088.29,-408.039,1755.96,-843.537,223.64,-979.537,157.066,-382.401,-1592.82,146.539,630.355,1663.4,390.568,-1767.98,-422.267,-1066.21,3073.98,426.967,1910.6,-1257.09,-400.344,-1141.72,499.265,-2604.22,-1076.11,-4120.46,-2216.12,-5824.17,-626.233,4606.2,242.817,3643.23,1542.24,2193.71,656.864,865.569,271.498,-601.193,3442.11,1343.81,-669.027,-589.169,-124.323,-568.395,1995.34,2199.27,3168.19,1360.03,-1589.59,215.181,-2315.43,-552.459,2949.46,968.289,-1405.52
-250354,0,1,0,1,1,250404,-0.384764,0.00591807,1.98251,0.65987,0.194549,-1.62464,-1.32884,-0.638008,0.776036,1.76188,-0.149657,0.116447,-1.54277,-0.0636614,0.2482,-1.00728,-1.59481,-1.01706,-0.127135,0.559175,1.40119,-1.61276,1.8305,-0.0898098,-1.26576,-1.76124,1.23195,-0.269686,1.22789,-1.59845,-1.56077,0.458786,1.996,-0.185011,-1.75004,1.38731,-0.797919,-1.56933,0.936032,-1.67351,1.35279,0.444837,1.42627,-1.3104,-0.0724454,0.89088,-0.393547,0.886616,0.0264761,-0.478673,-1.03596,0.226382,0.0675763,-1.26799,0.156639,-0.0321617,0.998724,0.212245,-0.63784,-0.775643,-0.788799,1.94885,1.21166,0.828242,-0.92643,-0.62419,-1.08532,0.0134659,-0.922084,-1.04397,-1.82062,-0.720654,-1.94471,-0.376988,1.76676,-0.594025,1.17955,0.313105,1.16384,0.0323358,0.112372,0.276904,0.173359,1.84303,0.871915,-1.30925,-0.819472,-0.271119,0.144731,1.18899,1.07535,1.68402,1.67163,-0.91779,-0.253471,-1.68299,-0.374937,1.42931,0.855572,-1.19532,-0.535225,0.112404,-1.40868,-0.84007,-0.66112,0.423088,0.0981046,0.0586829,-0.208458,-0.153317,-0.843975,0.803346,2.31847,-0.619206,0.524356,-0.624646,0.513834,0.515802,0.795077,-1.77743,1.12316,0.283518,0.126074,0.620163,1.31051,-0.229922,0.418345,-0.63277,-2.20798,-0.575484,0.52017,1.77234,0.821836,-0.0922805,-0.122705,-1.31744,-1.09726,0.760921,1.04418,-0.300454,-0.168915,0.325696,-0.186167,0.493604,-1.74955,-0.107286,-0.331807,1.02203,-0.0668623,-0.576484,-1.71178,1.31357,2.03988,-1.24022,0.422119,0.16468,-1.19036,-0.794331,1.21551,1.29196,1.80437,0.580578,-0.360866,0.46018,0.202904,0.404139,0.713517,-2.44428,0.186421,-1.12683,-1.82483,-0.325756,-1.49261,0.100512,-2.28318,-1.85134,-0.586097,0.312749,-2.04315,0.651268,-0.0751353,-0.776336,-0.793002,-0.673257,-0.532462,-0.434993,0.709626,-1.45659,-0.497452,0.135649,0.602734,-0.174663,-0.0410415,-0.0292828,-2.40537,0.718108,0.278502,0.970009,-0.97818,-0.416498,-547.184,-508.299,2761.5,815.011,520.894,-1882.04,-2005.36,-819.359,713.376,4167.89,684.524,-60.5022,-3825.74,-379.508,89.5438,-786.665,-2764.26,-1893.05,-1138.15,1330.48,3721.9,-4549.31,2287.66,267.703,-2638.59,-2872.07,3581.78,-691.08,1559.76,-2665.15,-3407.54,531.827,2745.55,-223.138,-3512.96,4957.76,-1430.38,-3610.6,1490.59,-2808.39,2647.86,134.514,1058.66,-2025.01,485.435,3088.29,-408.039,1755.96,-843.537,223.64,-979.537,157.066,-382.401,-1592.82,146.539,630.355,1663.4,390.568,-1767.98,-422.267,-1066.21,3073.98,426.967,1910.6,-1257.09,-400.344,-1141.72,499.265,-2604.22,-1076.11,-4120.46,-2216.12,-5824.17,-626.233,4606.2,242.817,3643.23,1542.24,2193.71,656.864,865.569,271.498,-601.193,3442.11,1343.81,-669.027,-589.169,-124.323,-568.395,1995.34,2199.27,3168.19,1360.03,-1589.59,215.181,-2315.43,-552.459,2949.46,968.289,-1405.52
-250354,0,1,0,1,1,250406,-0.384764,0.00591807,1.98251,0.65987,0.194549,-1.62464,-1.32884,-0.638008,0.776036,1.76188,-0.149657,0.116447,-1.54277,-0.0636614,0.2482,-1.00728,-1.59481,-1.01706,-0.127135,0.559175,1.40119,-1.61276,1.8305,-0.0898098,-1.26576,-1.76124,1.23195,-0.269686,1.22789,-1.59845,-1.56077,0.458786,1.996,-0.185011,-1.75004,1.38731,-0.797919,-1.56933,0.936032,-1.67351,1.35279,0.444837,1.42627,-1.3104,-0.0724454,0.89088,-0.393547,0.886616,0.0264761,-0.478673,-1.03596,0.226382,0.0675763,-1.26799,0.156639,-0.0321617,0.998724,0.212245,-0.63784,-0.775643,-0.788799,1.94885,1.21166,0.828242,-0.92643,-0.62419,-1.08532,0.0134659,-0.922084,-1.04397,-1.82062,-0.720654,-1.94471,-0.376988,1.76676,-0.594025,1.17955,0.313105,1.16384,0.0323358,0.112372,0.276904,0.173359,1.84303,0.871915,-1.30925,-0.819472,-0.271119,0.144731,1.18899,1.07535,1.68402,1.67163,-0.91779,-0.253471,-1.68299,-0.374937,1.42931,0.855572,-1.19532,0.614369,0.523425,-1.04304,1.14713,-0.175846,1.2046,1.07306,1.26583,-1.2155,-0.527883,0.486262,0.482573,-0.262021,-0.417913,-0.660072,0.729213,1.57519,-1.05233,0.345278,0.445072,0.174179,-0.6205,-0.551672,-0.89422,-0.237813,0.434927,0.669474,-0.294371,-2.62189,0.235975,0.98039,-1.38431,0.958025,0.286425,0.250219,0.86618,0.437259,1.25899,-0.320314,2.24766,1.05021,1.02412,0.0410745,-0.537193,0.0968974,0.724318,0.705318,1.50257,0.37588,0.748523,0.731005,0.227282,0.585779,-1.5117,-0.506904,0.685198,1.17411,-0.163807,1.53006,0.481838,-0.51228,-1.65682,-2.31891,-1.37278,-1.42005,-1.42488,-0.623912,0.978323,-0.0539973,-1.84806,0.741046,1.39205,1.34622,0.37668,0.680732,0.455202,0.34855,0.221772,-0.477222,-0.691318,-2.28471,-1.49463,0.232321,0.167812,-0.68935,2.85919,-0.619486,-0.636466,-0.836988,0.056607,0.507542,0.914335,-0.0716008,-0.577823,-1.40386,0.457537,-0.298741,1.20237,0.705774,-2.23525,-547.184,-508.299,2761.5,815.011,520.894,-1882.04,-2005.36,-819.359,713.376,4167.89,684.524,-60.5022,-3825.74,-379.508,89.5438,-786.665,-2764.26,-1893.05,-1138.15,1330.48,3721.9,-4549.31,2287.66,267.703,-2638.59,-2872.07,3581.78,-691.08,1559.76,-2665.15,-3407.54,531.827,2745.55,-223.138,-3512.96,4957.76,-1430.38,-3610.6,1490.59,-2808.39,2647.86,134.514,1058.66,-2025.01,485.435,3088.29,-408.039,1755.96,-843.537,223.64,-979.537,157.066,-382.401,-1592.82,146.539,630.355,1663.4,390.568,-1767.98,-422.267,-1066.21,3073.98,426.967,1910.6,-1257.09,-400.344,-1141.72,499.265,-2604.22,-1076.11,-4120.46,-2216.12,-5824.17,-626.233,4606.2,242.817,3643.23,1542.24,2193.71,656.864,865.569,271.498,-601.193,3442.11,1343.81,-669.027,-589.169,-124.323,-568.395,1995.34,2199.27,3168.19,1360.03,-1589.59,215.181,-2315.43,-552.459,2949.46,968.289,-1405.52
-250354,0,1,0,1,1,250402,-0.384764,0.00591807,1.98251,0.65987,0.194549,-1.62464,-1.32884,-0.638008,0.776036,1.76188,-0.149657,0.116447,-1.54277,-0.0636614,0.2482,-1.00728,-1.59481,-1.01706,-0.127135,0.559175,1.40119,-1.61276,1.8305,-0.0898098,-1.26576,-1.76124,1.23195,-0.269686,1.22789,-1.59845,-1.56077,0.458786,1.996,-0.185011,-1.75004,1.38731,-0.797919,-1.56933,0.936032,-1.67351,1.35279,0.444837,1.42627,-1.3104,-0.0724454,0.89088,-0.393547,0.886616,0.0264761,-0.478673,-1.03596,0.226382,0.0675763,-1.26799,0.156639,-0.0321617,0.998724,0.212245,-0.63784,-0.775643,-0.788799,1.94885,1.21166,0.828242,-0.92643,-0.62419,-1.08532,0.0134659,-0.922084,-1.04397,-1.82062,-0.720654,-1.94471,-0.376988,1.76676,-0.594025,1.17955,0.313105,1.16384,0.0323358,0.112372,0.276904,0.173359,1.84303,0.871915,-1.30925,-0.819472,-0.271119,0.144731,1.18899,1.07535,1.68402,1.67163,-0.91779,-0.253471,-1.68299,-0.374937,1.42931,0.855572,-1.19532,-1.56008,0.476052,-1.2091,1.03949,0.41495,-0.600952,0.838506,1.13124,0.0358295,1.59469,-0.160649,1.2303,0.547191,-0.805254,0.75139,0.280512,0.724559,-0.862858,0.867357,-0.285634,-1.13205,1.47695,-1.57107,-0.141124,-0.223843,0.248322,1.1959,0.639538,-0.829811,0.581612,-0.796927,-0.574117,0.55703,0.768654,-0.450946,-1.68678,0.0423763,-0.381416,0.333581,-0.654779,-0.247404,1.41771,0.62575,-2.6757,0.527206,-0.602094,1.50208,-0.408247,-0.339673,0.858129,0.483597,0.15772,-1.51438,-1.39049,-0.610749,0.0913317,-0.445177,-0.109788,-1.22828,0.764308,-0.508405,-2.36039,-0.360806,0.223935,0.012855,1.54176,0.843069,0.605907,0.213493,-0.53306,0.939291,1.53159,0.535237,0.198552,1.23041,1.33872,0.911216,-0.193964,-0.829708,0.286355,-0.193198,-0.693302,1.77097,0.350585,1.12925,1.15412,-0.443745,-2.42182,0.224179,1.02235,-0.304924,1.73898,-0.761956,-1.42832,-0.0302536,0.72259,0.0824721,-1.60174,1.86079,-0.570967,-547.184,-508.299,2761.5,815.011,520.894,-1882.04,-2005.36,-819.359,713.376,4167.89,684.524,-60.5022,-3825.74,-379.508,89.5438,-786.665,-2764.26,-1893.05,-1138.15,1330.48,3721.9,-4549.31,2287.66,267.703,-2638.59,-2872.07,3581.78,-691.08,1559.76,-2665.15,-3407.54,531.827,2745.55,-223.138,-3512.96,4957.76,-1430.38,-3610.6,1490.59,-2808.39,2647.86,134.514,1058.66,-2025.01,485.435,3088.29,-408.039,1755.96,-843.537,223.64,-979.537,157.066,-382.401,-1592.82,146.539,630.355,1663.4,390.568,-1767.98,-422.267,-1066.21,3073.98,426.967,1910.6,-1257.09,-400.344,-1141.72,499.265,-2604.22,-1076.11,-4120.46,-2216.12,-5824.17,-626.233,4606.2,242.817,3643.23,1542.24,2193.71,656.864,865.569,271.498,-601.193,3442.11,1343.81,-669.027,-589.169,-124.323,-568.395,1995.34,2199.27,3168.19,1360.03,-1589.59,215.181,-2315.43,-552.459,2949.46,968.289,-1405.52
-250354,0,1,0,1,1,250399,-0.384764,0.00591807,1.98251,0.65987,0.194549,-1.62464,-1.32884,-0.638008,0.776036,1.76188,-0.149657,0.116447,-1.54277,-0.0636614,0.2482,-1.00728,-1.59481,-1.01706,-0.127135,0.559175,1.40119,-1.61276,1.8305,-0.0898098,-1.26576,-1.76124,1.23195,-0.269686,1.22789,-1.59845,-1.56077,0.458786,1.996,-0.185011,-1.75004,1.38731,-0.797919,-1.56933,0.936032,-1.67351,1.35279,0.444837,1.42627,-1.3104,-0.0724454,0.89088,-0.393547,0.886616,0.0264761,-0.478673,-1.03596,0.226382,0.0675763,-1.26799,0.156639,-0.0321617,0.998724,0.212245,-0.63784,-0.775643,-0.788799,1.94885,1.21166,0.828242,-0.92643,-0.62419,-1.08532,0.0134659,-0.922084,-1.04397,-1.82062,-0.720654,-1.94471,-0.376988,1.76676,-0.594025,1.17955,0.313105,1.16384,0.0323358,0.112372,0.276904,0.173359,1.84303,0.871915,-1.30925,-0.819472,-0.271119,0.144731,1.18899,1.07535,1.68402,1.67163,-0.91779,-0.253471,-1.68299,-0.374937,1.42931,0.855572,-1.19532,-2.41177,0.0766135,-0.214156,-0.592985,0.748932,-1.52708,-1.92115,0.200359,-0.389514,-0.512251,0.62436,0.778253,1.78367,0.295196,-1.81072,-1.17039,-1.89197,-0.316796,0.678718,0.240274,-2.33499,0.307293,-0.669159,-1.54981,0.962229,-0.589631,0.408542,-1.59425,-1.06887,0.0697945,-0.756041,-1.58853,0.832315,1.21001,1.4454,1.91309,-0.667942,-1.16379,-1.4608,0.686215,1.02624,-0.0692183,-0.123263,-0.686513,-0.505216,0.421431,0.137267,1.28135,-0.753841,0.606163,1.93631,0.575404,-0.0379139,-0.619334,-0.262915,0.554994,0.552848,-0.177482,-0.958703,0.816946,-0.279349,0.953489,-1.31246,-1.50113,-1.58384,0.627162,-1.13162,0.131059,-0.0280999,0.399229,-0.623592,-0.517552,0.0296223,-0.377324,-0.874354,-0.333551,-0.810715,0.39454,-0.033565,0.54113,-0.581975,0.344817,0.217011,0.953493,-0.270567,0.255572,-0.39151,-0.0305005,0.290301,1.68419,0.916205,1.13613,-0.141483,0.362837,0.781301,-0.488755,0.0947211,-0.323893,1.90449,0.43835,-547.184,-508.299,2761.5,815.011,520.894,-1882.04,-2005.36,-819.359,713.376,4167.89,684.524,-60.5022,-3825.74,-379.508,89.5438,-786.665,-2764.26,-1893.05,-1138.15,1330.48,3721.9,-4549.31,2287.66,267.703,-2638.59,-2872.07,3581.78,-691.08,1559.76,-2665.15,-3407.54,531.827,2745.55,-223.138,-3512.96,4957.76,-1430.38,-3610.6,1490.59,-2808.39,2647.86,134.514,1058.66,-2025.01,485.435,3088.29,-408.039,1755.96,-843.537,223.64,-979.537,157.066,-382.401,-1592.82,146.539,630.355,1663.4,390.568,-1767.98,-422.267,-1066.21,3073.98,426.967,1910.6,-1257.09,-400.344,-1141.72,499.265,-2604.22,-1076.11,-4120.46,-2216.12,-5824.17,-626.233,4606.2,242.817,3643.23,1542.24,2193.71,656.864,865.569,271.498,-601.193,3442.11,1343.81,-669.027,-589.169,-124.323,-568.395,1995.34,2199.27,3168.19,1360.03,-1589.59,215.181,-2315.43,-552.459,2949.46,968.289,-1405.52
-250354,0,1,0,1,1,250410,-0.384764,0.00591807,1.98251,0.65987,0.194549,-1.62464,-1.32884,-0.638008,0.776036,1.76188,-0.149657,0.116447,-1.54277,-0.0636614,0.2482,-1.00728,-1.59481,-1.01706,-0.127135,0.559175,1.40119,-1.61276,1.8305,-0.0898098,-1.26576,-1.76124,1.23195,-0.269686,1.22789,-1.59845,-1.56077,0.458786,1.996,-0.185011,-1.75004,1.38731,-0.797919,-1.56933,0.936032,-1.67351,1.35279,0.444837,1.42627,-1.3104,-0.0724454,0.89088,-0.393547,0.886616,0.0264761,-0.478673,-1.03596,0.226382,0.0675763,-1.26799,0.156639,-0.0321617,0.998724,0.212245,-0.63784,-0.775643,-0.788799,1.94885,1.21166,0.828242,-0.92643,-0.62419,-1.08532,0.0134659,-0.922084,-1.04397,-1.82062,-0.720654,-1.94471,-0.376988,1.76676,-0.594025,1.17955,0.313105,1.16384,0.0323358,0.112372,0.276904,0.173359,1.84303,0.871915,-1.30925,-0.819472,-0.271119,0.144731,1.18899,1.07535,1.68402,1.67163,-0.91779,-0.253471,-1.68299,-0.374937,1.42931,0.855572,-1.19532,0.949568,-0.588083,-2.73844,-0.802853,1.23419,0.261849,-1.33063,-0.316534,-0.700154,-1.48776,0.145489,-0.64785,0.118449,-0.312929,-2.33676,-0.913868,0.829185,1.71855,-1.56921,-0.261626,0.859703,1.07513,0.480646,-0.284977,0.260952,-0.734682,-0.0313244,1.00024,0.0279268,1.38785,0.109714,1.80029,0.465824,-1.51727,0.558262,-2.41973,-0.352037,1.66305,0.116672,0.203791,0.68478,0.859289,-0.254881,0.440117,-0.586877,0.226565,-1.85129,-0.666314,-0.327441,-0.435191,-0.912918,-0.52921,2.69873,0.290054,-1.52573,0.764591,1.77539,0.469747,-0.1603,-0.466765,1.0137,0.150631,-0.567488,1.01081,-1.63914,0.0252928,-1.53722,0.736615,-0.543252,-1.50301,1.18369,-1.529,-0.634563,-0.378592,0.0648675,0.253205,-0.666084,0.261942,-0.625777,1.70279,-1.42082,1.94806,0.0270169,-1.785,0.989107,0.796891,0.403256,0.51533,-1.30595,-1.52914,0.536885,0.202779,-1.25503,0.380291,0.800168,-1.5529,0.288439,-1.15287,-0.769156,-0.194687,-547.184,-508.299,2761.5,815.011,520.894,-1882.04,-2005.36,-819.359,713.376,4167.89,684.524,-60.5022,-3825.74,-379.508,89.5438,-786.665,-2764.26,-1893.05,-1138.15,1330.48,3721.9,-4549.31,2287.66,267.703,-2638.59,-2872.07,3581.78,-691.08,1559.76,-2665.15,-3407.54,531.827,2745.55,-223.138,-3512.96,4957.76,-1430.38,-3610.6,1490.59,-2808.39,2647.86,134.514,1058.66,-2025.01,485.435,3088.29,-408.039,1755.96,-843.537,223.64,-979.537,157.066,-382.401,-1592.82,146.539,630.355,1663.4,390.568,-1767.98,-422.267,-1066.21,3073.98,426.967,1910.6,-1257.09,-400.344,-1141.72,499.265,-2604.22,-1076.11,-4120.46,-2216.12,-5824.17,-626.233,4606.2,242.817,3643.23,1542.24,2193.71,656.864,865.569,271.498,-601.193,3442.11,1343.81,-669.027,-589.169,-124.323,-568.395,1995.34,2199.27,3168.19,1360.03,-1589.59,215.181,-2315.43,-552.459,2949.46,968.289,-1405.52
-250354,0,1,0,1,1,250395,-0.384764,0.00591807,1.98251,0.65987,0.194549,-1.62464,-1.32884,-0.638008,0.776036,1.76188,-0.149657,0.116447,-1.54277,-0.0636614,0.2482,-1.00728,-1.59481,-1.01706,-0.127135,0.559175,1.40119,-1.61276,1.8305,-0.0898098,-1.26576,-1.76124,1.23195,-0.269686,1.22789,-1.59845,-1.56077,0.458786,1.996,-0.185011,-1.75004,1.38731,-0.797919,-1.56933,0.936032,-1.67351,1.35279,0.444837,1.42627,-1.3104,-0.0724454,0.89088,-0.393547,0.886616,0.0264761,-0.478673,-1.03596,0.226382,0.0675763,-1.26799,0.156639,-0.0321617,0.998724,0.212245,-0.63784,-0.775643,-0.788799,1.94885,1.21166,0.828242,-0.92643,-0.62419,-1.08532,0.0134659,-0.922084,-1.04397,-1.82062,-0.720654,-1.94471,-0.376988,1.76676,-0.594025,1.17955,0.313105,1.16384,0.0323358,0.112372,0.276904,0.173359,1.84303,0.871915,-1.30925,-0.819472,-0.271119,0.144731,1.18899,1.07535,1.68402,1.67163,-0.91779,-0.253471,-1.68299,-0.374937,1.42931,0.855572,-1.19532,1.39711,0.498714,-1.53113,-2.07662,1.12895,-0.179174,-0.536945,1.33917,-1.58709,0.33029,0.213148,0.75075,-0.285603,-0.576665,1.23625,0.32126,0.0358213,0.743226,-0.298401,-0.437055,0.255447,-1.24127,-1.65749,-0.276442,1.10242,-1.18994,-0.0359897,1.08899,-0.994409,-0.224131,0.0173144,-0.0415814,0.151692,0.987786,1.72715,-0.329956,-0.0273092,0.338718,-2.02779,0.263176,-1.03531,-0.835711,0.381357,0.519506,-2.13855,0.499877,-1.693,0.313625,-1.38012,1.05745,1.12946,-0.368022,0.429917,0.573954,0.483129,0.254201,-0.92094,-0.545053,-0.794305,1.09604,-2.1325,0.018533,-0.0833948,0.604853,0.85875,-0.507712,2.56911,-0.373669,-0.429072,0.94533,-0.401895,-0.527222,-0.0233047,0.0396682,-1.06731,0.31305,0.995383,1.02487,-0.512801,0.575381,1.63511,-0.708995,0.669562,1.14811,1.01475,0.761559,-0.100548,-0.225199,0.950911,0.952225,-0.693584,0.308681,-0.381536,-0.05933,-0.524026,0.00962195,0.3071,-0.327406,0.272544,-0.473858,-547.184,-508.299,2761.5,815.011,520.894,-1882.04,-2005.36,-819.359,713.376,4167.89,684.524,-60.5022,-3825.74,-379.508,89.5438,-786.665,-2764.26,-1893.05,-1138.15,1330.48,3721.9,-4549.31,2287.66,267.703,-2638.59,-2872.07,3581.78,-691.08,1559.76,-2665.15,-3407.54,531.827,2745.55,-223.138,-3512.96,4957.76,-1430.38,-3610.6,1490.59,-2808.39,2647.86,134.514,1058.66,-2025.01,485.435,3088.29,-408.039,1755.96,-843.537,223.64,-979.537,157.066,-382.401,-1592.82,146.539,630.355,1663.4,390.568,-1767.98,-422.267,-1066.21,3073.98,426.967,1910.6,-1257.09,-400.344,-1141.72,499.265,-2604.22,-1076.11,-4120.46,-2216.12,-5824.17,-626.233,4606.2,242.817,3643.23,1542.24,2193.71,656.864,865.569,271.498,-601.193,3442.11,1343.81,-669.027,-589.169,-124.323,-568.395,1995.34,2199.27,3168.19,1360.03,-1589.59,215.181,-2315.43,-552.459,2949.46,968.289,-1405.52
-250354,0,1,0,1,1,250409,-0.384764,0.00591807,1.98251,0.65987,0.194549,-1.62464,-1.32884,-0.638008,0.776036,1.76188,-0.149657,0.116447,-1.54277,-0.0636614,0.2482,-1.00728,-1.59481,-1.01706,-0.127135,0.559175,1.40119,-1.61276,1.8305,-0.0898098,-1.26576,-1.76124,1.23195,-0.269686,1.22789,-1.59845,-1.56077,0.458786,1.996,-0.185011,-1.75004,1.38731,-0.797919,-1.56933,0.936032,-1.67351,1.35279,0.444837,1.42627,-1.3104,-0.0724454,0.89088,-0.393547,0.886616,0.0264761,-0.478673,-1.03596,0.226382,0.0675763,-1.26799,0.156639,-0.0321617,0.998724,0.212245,-0.63784,-0.775643,-0.788799,1.94885,1.21166,0.828242,-0.92643,-0.62419,-1.08532,0.0134659,-0.922084,-1.04397,-1.82062,-0.720654,-1.94471,-0.376988,1.76676,-0.594025,1.17955,0.313105,1.16384,0.0323358,0.112372,0.276904,0.173359,1.84303,0.871915,-1.30925,-0.819472,-0.271119,0.144731,1.18899,1.07535,1.68402,1.67163,-0.91779,-0.253471,-1.68299,-0.374937,1.42931,0.855572,-1.19532,-1.85712,-0.546824,-1.00145,0.872831,1.76652,0.397867,-0.666984,0.0714784,-0.21799,-2.56887,-0.804536,-0.197504,0.700324,0.674202,-2.20718,-1.6801,-0.704707,0.444033,0.288718,1.16338,0.157803,0.738661,0.00137753,0.0391757,-0.07057,0.423866,0.389193,-0.232808,0.130645,-0.142121,-0.938968,0.689135,-1.42992,-0.360634,2.27588,-1.42481,0.686717,-1.4178,1.64174,0.269556,1.85162,0.00129968,1.28227,-0.669339,-0.18689,1.25394,-1.30273,-1.58407,2.13058,-0.310699,0.900219,0.965252,-0.618165,1.00327,-1.4923,-0.467934,-1.26202,-1.40903,1.69805,-1.44203,-0.0419189,-0.568777,-1.75937,-1.29849,-0.167028,-0.610453,-0.750254,0.591519,-1.56279,-1.41837,-0.106504,-0.546769,0.801679,0.0370981,0.134411,-1.16977,0.111326,0.44858,-0.066412,-1.97853,-1.20826,-1.51092,0.0345141,0.765819,-0.591807,-0.330577,0.935232,-1.03018,1.05313,-1.46172,-1.06823,-0.894355,0.363555,-1.00043,1.1693,-0.405373,1.70544,-0.106788,0.128654,-1.01793,-547.184,-508.299,2761.5,815.011,520.894,-1882.04,-2005.36,-819.359,713.376,4167.89,684.524,-60.5022,-3825.74,-379.508,89.5438,-786.665,-2764.26,-1893.05,-1138.15,1330.48,3721.9,-4549.31,2287.66,267.703,-2638.59,-2872.07,3581.78,-691.08,1559.76,-2665.15,-3407.54,531.827,2745.55,-223.138,-3512.96,4957.76,-1430.38,-3610.6,1490.59,-2808.39,2647.86,134.514,1058.66,-2025.01,485.435,3088.29,-408.039,1755.96,-843.537,223.64,-979.537,157.066,-382.401,-1592.82,146.539,630.355,1663.4,390.568,-1767.98,-422.267,-1066.21,3073.98,426.967,1910.6,-1257.09,-400.344,-1141.72,499.265,-2604.22,-1076.11,-4120.46,-2216.12,-5824.17,-626.233,4606.2,242.817,3643.23,1542.24,2193.71,656.864,865.569,271.498,-601.193,3442.11,1343.81,-669.027,-589.169,-124.323,-568.395,1995.34,2199.27,3168.19,1360.03,-1589.59,215.181,-2315.43,-552.459,2949.46,968.289,-1405.52
-250354,0,1,0,1,1,250407,-0.384764,0.00591807,1.98251,0.65987,0.194549,-1.62464,-1.32884,-0.638008,0.776036,1.76188,-0.149657,0.116447,-1.54277,-0.0636614,0.2482,-1.00728,-1.59481,-1.01706,-0.127135,0.559175,1.40119,-1.61276,1.8305,-0.0898098,-1.26576,-1.76124,1.23195,-0.269686,1.22789,-1.59845,-1.56077,0.458786,1.996,-0.185011,-1.75004,1.38731,-0.797919,-1.56933,0.936032,-1.67351,1.35279,0.444837,1.42627,-1.3104,-0.0724454,0.89088,-0.393547,0.886616,0.0264761,-0.478673,-1.03596,0.226382,0.0675763,-1.26799,0.156639,-0.0321617,0.998724,0.212245,-0.63784,-0.775643,-0.788799,1.94885,1.21166,0.828242,-0.92643,-0.62419,-1.08532,0.0134659,-0.922084,-1.04397,-1.82062,-0.720654,-1.94471,-0.376988,1.76676,-0.594025,1.17955,0.313105,1.16384,0.0323358,0.112372,0.276904,0.173359,1.84303,0.871915,-1.30925,-0.819472,-0.271119,0.144731,1.18899,1.07535,1.68402,1.67163,-0.91779,-0.253471,-1.68299,-0.374937,1.42931,0.855572,-1.19532,-0.48866,1.07614,0.820267,0.417645,-0.817986,-0.251674,-0.31206,1.89931,-1.43546,1.50684,0.52419,1.09048,0.998323,0.443769,-0.996227,-0.313358,0.432637,-1.14313,-0.873888,0.191786,-1.04058,1.47716,-0.725207,0.121936,1.49737,0.583398,0.910435,-1.94644,0.44313,3.81783,-0.489899,0.180893,-0.0385029,1.05908,0.469975,-0.249332,-1.41032,-1.93014,-0.282273,0.127012,-0.0671105,1.91442,1.867,0.137415,-0.115541,0.546536,0.725753,-0.240109,0.22943,0.242589,-1.87596,0.125904,0.614438,0.815033,0.167524,0.270266,1.48044,-0.122554,0.725491,0.415723,-2.06285,0.804063,-1.53561,-1.19308,-0.36402,1.12599,-0.388878,0.704216,1.75104,0.206575,1.60489,-0.07146,-0.152031,-1.20066,0.354216,-0.393946,-1.45192,-0.65668,0.739604,-0.625048,-0.0162027,-1.42803,0.274543,0.209064,-0.333625,-0.338339,-1.04377,1.5121,0.359075,-0.652054,0.152007,1.91815,-1.11043,-0.136659,-0.173588,0.612058,-0.617662,-2.23995,-0.340564,1.13883,-547.184,-508.299,2761.5,815.011,520.894,-1882.04,-2005.36,-819.359,713.376,4167.89,684.524,-60.5022,-3825.74,-379.508,89.5438,-786.665,-2764.26,-1893.05,-1138.15,1330.48,3721.9,-4549.31,2287.66,267.703,-2638.59,-2872.07,3581.78,-691.08,1559.76,-2665.15,-3407.54,531.827,2745.55,-223.138,-3512.96,4957.76,-1430.38,-3610.6,1490.59,-2808.39,2647.86,134.514,1058.66,-2025.01,485.435,3088.29,-408.039,1755.96,-843.537,223.64,-979.537,157.066,-382.401,-1592.82,146.539,630.355,1663.4,390.568,-1767.98,-422.267,-1066.21,3073.98,426.967,1910.6,-1257.09,-400.344,-1141.72,499.265,-2604.22,-1076.11,-4120.46,-2216.12,-5824.17,-626.233,4606.2,242.817,3643.23,1542.24,2193.71,656.864,865.569,271.498,-601.193,3442.11,1343.81,-669.027,-589.169,-124.323,-568.395,1995.34,2199.27,3168.19,1360.03,-1589.59,215.181,-2315.43,-552.459,2949.46,968.289,-1405.52
-250354,0,1,0,1,1,250415,-0.384764,0.00591807,1.98251,0.65987,0.194549,-1.62464,-1.32884,-0.638008,0.776036,1.76188,-0.149657,0.116447,-1.54277,-0.0636614,0.2482,-1.00728,-1.59481,-1.01706,-0.127135,0.559175,1.40119,-1.61276,1.8305,-0.0898098,-1.26576,-1.76124,1.23195,-0.269686,1.22789,-1.59845,-1.56077,0.458786,1.996,-0.185011,-1.75004,1.38731,-0.797919,-1.56933,0.936032,-1.67351,1.35279,0.444837,1.42627,-1.3104,-0.0724454,0.89088,-0.393547,0.886616,0.0264761,-0.478673,-1.03596,0.226382,0.0675763,-1.26799,0.156639,-0.0321617,0.998724,0.212245,-0.63784,-0.775643,-0.788799,1.94885,1.21166,0.828242,-0.92643,-0.62419,-1.08532,0.0134659,-0.922084,-1.04397,-1.82062,-0.720654,-1.94471,-0.376988,1.76676,-0.594025,1.17955,0.313105,1.16384,0.0323358,0.112372,0.276904,0.173359,1.84303,0.871915,-1.30925,-0.819472,-0.271119,0.144731,1.18899,1.07535,1.68402,1.67163,-0.91779,-0.253471,-1.68299,-0.374937,1.42931,0.855572,-1.19532,-0.759208,0.346607,-1.772,-1.14404,-0.836712,0.203214,-0.592827,-1.49041,0.352647,1.17278,0.133807,-0.861357,0.333425,0.0407954,-0.634966,0.607835,1.57557,0.134088,-1.70045,0.527243,0.0132129,-2.02124,0.868561,-0.746097,1.23678,-0.280718,0.484413,1.4674,-2.044,1.15695,-1.54171,0.843781,0.219212,0.151266,-0.586538,0.826088,0.0245445,-1.12952,-2.26168,-0.876778,1.92141,2.42909,-1.65865,1.08962,1.5325,-0.374854,-0.187302,0.627044,-1.07558,0.980012,0.558431,-2.35964,0.634698,-0.0282903,-0.645002,1.17173,0.6276,0.165448,-0.323504,0.323504,1.39922,-0.0600156,-0.682214,-0.216166,-0.105295,-0.206594,-1.43692,-0.34813,-0.368471,-0.565035,2.56163,-0.377135,0.40628,-0.512385,1.39036,-1.09484,-0.288582,0.392344,-0.324982,0.344399,-1.05926,-3.4493,0.491111,1.29045,-0.724807,-0.098055,0.503359,0.532205,1.73456,0.317638,-1.7451,1.99845,1.20108,-1.37318,-0.931413,-1.64377,0.345243,0.941042,-1.19084,0.753869,-547.184,-508.299,2761.5,815.011,520.894,-1882.04,-2005.36,-819.359,713.376,4167.89,684.524,-60.5022,-3825.74,-379.508,89.5438,-786.665,-2764.26,-1893.05,-1138.15,1330.48,3721.9,-4549.31,2287.66,267.703,-2638.59,-2872.07,3581.78,-691.08,1559.76,-2665.15,-3407.54,531.827,2745.55,-223.138,-3512.96,4957.76,-1430.38,-3610.6,1490.59,-2808.39,2647.86,134.514,1058.66,-2025.01,485.435,3088.29,-408.039,1755.96,-843.537,223.64,-979.537,157.066,-382.401,-1592.82,146.539,630.355,1663.4,390.568,-1767.98,-422.267,-1066.21,3073.98,426.967,1910.6,-1257.09,-400.344,-1141.72,499.265,-2604.22,-1076.11,-4120.46,-2216.12,-5824.17,-626.233,4606.2,242.817,3643.23,1542.24,2193.71,656.864,865.569,271.498,-601.193,3442.11,1343.81,-669.027,-589.169,-124.323,-568.395,1995.34,2199.27,3168.19,1360.03,-1589.59,215.181,-2315.43,-552.459,2949.46,968.289,-1405.52
-250354,0,1,0,1,1,250402,-0.384764,0.00591807,1.98251,0.65987,0.194549,-1.62464,-1.32884,-0.638008,0.776036,1.76188,-0.149657,0.116447,-1.54277,-0.0636614,0.2482,-1.00728,-1.59481,-1.01706,-0.127135,0.559175,1.40119,-1.61276,1.8305,-0.0898098,-1.26576,-1.76124,1.23195,-0.269686,1.22789,-1.59845,-1.56077,0.458786,1.996,-0.185011,-1.75004,1.38731,-0.797919,-1.56933,0.936032,-1.67351,1.35279,0.444837,1.42627,-1.3104,-0.0724454,0.89088,-0.393547,0.886616,0.0264761,-0.478673,-1.03596,0.226382,0.0675763,-1.26799,0.156639,-0.0321617,0.998724,0.212245,-0.63784,-0.775643,-0.788799,1.94885,1.21166,0.828242,-0.92643,-0.62419,-1.08532,0.0134659,-0.922084,-1.04397,-1.82062,-0.720654,-1.94471,-0.376988,1.76676,-0.594025,1.17955,0.313105,1.16384,0.0323358,0.112372,0.276904,0.173359,1.84303,0.871915,-1.30925,-0.819472,-0.271119,0.144731,1.18899,1.07535,1.68402,1.67163,-0.91779,-0.253471,-1.68299,-0.374937,1.42931,0.855572,-1.19532,0.194925,0.801052,0.82347,-0.0441313,0.0825372,0.551102,0.805798,0.0657066,-0.491675,0.219991,0.030667,0.183865,-0.186272,0.879647,1.11136,0.408442,-0.8168,1.02659,1.49426,-0.0128767,-0.940662,-0.286882,0.670967,0.680914,0.579491,-1.83545,1.6291,-0.387691,-0.320433,-1.56782,0.290717,1.42074,0.363703,-1.02037,0.00103492,-0.0944409,0.0380718,-0.72038,-0.554836,-0.586143,-0.1552,0.569584,-0.404496,0.581654,0.137436,-0.279753,1.21415,0.268687,-1.14891,-0.373455,-0.32519,0.843934,0.0587284,0.180614,0.929737,1.56323,-0.904412,0.859756,0.0861737,-0.00112735,-1.07485,-0.153537,0.783746,-2.65563,0.113591,-0.527461,0.152347,0.0829848,-0.279896,0.523086,-1.09679,-0.294104,2.41334,-2.04624,1.96172,-0.393188,1.18214,3.39928,-0.371171,0.796716,2.27736,-0.730508,1.40751,-0.999159,1.42121,0.24305,-0.321685,-0.00917532,-0.640696,-0.125409,-1.02133,-0.179175,1.43205,1.65987,1.10209,0.769721,1.05824,0.93288,-0.0413263,-1.45054,-547.184,-508.299,2761.5,815.011,520.894,-1882.04,-2005.36,-819.359,713.376,4167.89,684.524,-60.5022,-3825.74,-379.508,89.5438,-786.665,-2764.26,-1893.05,-1138.15,1330.48,3721.9,-4549.31,2287.66,267.703,-2638.59,-2872.07,3581.78,-691.08,1559.76,-2665.15,-3407.54,531.827,2745.55,-223.138,-3512.96,4957.76,-1430.38,-3610.6,1490.59,-2808.39,2647.86,134.514,1058.66,-2025.01,485.435,3088.29,-408.039,1755.96,-843.537,223.64,-979.537,157.066,-382.401,-1592.82,146.539,630.355,1663.4,390.568,-1767.98,-422.267,-1066.21,3073.98,426.967,1910.6,-1257.09,-400.344,-1141.72,499.265,-2604.22,-1076.11,-4120.46,-2216.12,-5824.17,-626.233,4606.2,242.817,3643.23,1542.24,2193.71,656.864,865.569,271.498,-601.193,3442.11,1343.81,-669.027,-589.169,-124.323,-568.395,1995.34,2199.27,3168.19,1360.03,-1589.59,215.181,-2315.43,-552.459,2949.46,968.289,-1405.52
-250354,0,1,0,1,1,250412,-0.384764,0.00591807,1.98251,0.65987,0.194549,-1.62464,-1.32884,-0.638008,0.776036,1.76188,-0.149657,0.116447,-1.54277,-0.0636614,0.2482,-1.00728,-1.59481,-1.01706,-0.127135,0.559175,1.40119,-1.61276,1.8305,-0.0898098,-1.26576,-1.76124,1.23195,-0.269686,1.22789,-1.59845,-1.56077,0.458786,1.996,-0.185011,-1.75004,1.38731,-0.797919,-1.56933,0.936032,-1.67351,1.35279,0.444837,1.42627,-1.3104,-0.0724454,0.89088,-0.393547,0.886616,0.0264761,-0.478673,-1.03596,0.226382,0.0675763,-1.26799,0.156639,-0.0321617,0.998724,0.212245,-0.63784,-0.775643,-0.788799,1.94885,1.21166,0.828242,-0.92643,-0.62419,-1.08532,0.0134659,-0.922084,-1.04397,-1.82062,-0.720654,-1.94471,-0.376988,1.76676,-0.594025,1.17955,0.313105,1.16384,0.0323358,0.112372,0.276904,0.173359,1.84303,0.871915,-1.30925,-0.819472,-0.271119,0.144731,1.18899,1.07535,1.68402,1.67163,-0.91779,-0.253471,-1.68299,-0.374937,1.42931,0.855572,-1.19532,1.08245,-0.534925,-0.00763186,-0.0285799,0.695332,-1.0164,-1.94344,1.28518,1.77265,0.382748,0.673448,0.0168018,0.568033,0.178892,0.20617,0.188185,-0.229866,-1.24704,0.989289,0.641729,-0.940104,-0.710505,0.00246322,0.991646,-1.0238,0.00506354,-1.15172,0.0765096,1.21676,0.653081,0.167459,-1.25278,-1.30688,0.695541,0.369452,-2.44389,-0.598951,0.0833086,0.0210342,-0.642086,1.20166,0.161815,-0.0475428,-1.32995,0.254573,1.78955,1.09006,-0.193076,0.144869,2.75882,0.948842,0.825902,-1.8138,-0.857808,-0.195812,-1.65493,-0.873369,0.811931,2.9276,1.47017,-0.389709,-0.123015,-0.275635,0.668116,1.91979,0.230651,0.798508,-1.17395,-0.339223,-0.307556,0.63106,-0.169509,-0.793397,-0.260046,-0.504442,0.544626,0.995486,0.172141,-1.70042,0.048986,0.45408,-0.551558,1.64137,1.51623,-0.760366,1.83693,-2.54574,1.00601,1.69739,0.65817,-0.610228,0.365539,2.11029,-1.24304,1.20433,0.636535,1.10143,1.5823,-0.919428,-0.93365,-547.184,-508.299,2761.5,815.011,520.894,-1882.04,-2005.36,-819.359,713.376,4167.89,684.524,-60.5022,-3825.74,-379.508,89.5438,-786.665,-2764.26,-1893.05,-1138.15,1330.48,3721.9,-4549.31,2287.66,267.703,-2638.59,-2872.07,3581.78,-691.08,1559.76,-2665.15,-3407.54,531.827,2745.55,-223.138,-3512.96,4957.76,-1430.38,-3610.6,1490.59,-2808.39,2647.86,134.514,1058.66,-2025.01,485.435,3088.29,-408.039,1755.96,-843.537,223.64,-979.537,157.066,-382.401,-1592.82,146.539,630.355,1663.4,390.568,-1767.98,-422.267,-1066.21,3073.98,426.967,1910.6,-1257.09,-400.344,-1141.72,499.265,-2604.22,-1076.11,-4120.46,-2216.12,-5824.17,-626.233,4606.2,242.817,3643.23,1542.24,2193.71,656.864,865.569,271.498,-601.193,3442.11,1343.81,-669.027,-589.169,-124.323,-568.395,1995.34,2199.27,3168.19,1360.03,-1589.59,215.181,-2315.43,-552.459,2949.46,968.289,-1405.52
-250354,0,1,0,1,1,250410,-0.384764,0.00591807,1.98251,0.65987,0.194549,-1.62464,-1.32884,-0.638008,0.776036,1.76188,-0.149657,0.116447,-1.54277,-0.0636614,0.2482,-1.00728,-1.59481,-1.01706,-0.127135,0.559175,1.40119,-1.61276,1.8305,-0.0898098,-1.26576,-1.76124,1.23195,-0.269686,1.22789,-1.59845,-1.56077,0.458786,1.996,-0.185011,-1.75004,1.38731,-0.797919,-1.56933,0.936032,-1.67351,1.35279,0.444837,1.42627,-1.3104,-0.0724454,0.89088,-0.393547,0.886616,0.0264761,-0.478673,-1.03596,0.226382,0.0675763,-1.26799,0.156639,-0.0321617,0.998724,0.212245,-0.63784,-0.775643,-0.788799,1.94885,1.21166,0.828242,-0.92643,-0.62419,-1.08532,0.0134659,-0.922084,-1.04397,-1.82062,-0.720654,-1.94471,-0.376988,1.76676,-0.594025,1.17955,0.313105,1.16384,0.0323358,0.112372,0.276904,0.173359,1.84303,0.871915,-1.30925,-0.819472,-0.271119,0.144731,1.18899,1.07535,1.68402,1.67163,-0.91779,-0.253471,-1.68299,-0.374937,1.42931,0.855572,-1.19532,-0.963105,0.865465,0.427213,-0.256245,1.44303,1.42045,-0.99641,0.540355,-1.17965,0.878607,1.52269,-0.831193,0.181743,1.08635,0.350316,-0.166158,0.807275,-0.830785,-1.44892,-0.52655,0.0185899,1.73672,-1.24326,1.22454,-0.954338,0.328936,-0.638516,0.196633,-2.31465,-0.294979,1.32511,-0.696529,-1.18514,1.04389,3.03217,-0.378741,-0.701659,0.0786378,-1.02634,1.17505,-0.255218,0.529521,-1.35719,0.733836,0.149378,0.429267,1.35207,-0.0805589,1.04932,-0.623795,-2.96095,0.169118,0.132687,-0.571983,-0.644999,-0.226215,-0.969848,0.927316,-0.773011,1.72446,-0.274581,-0.49393,-1.5647,0.286087,-0.256356,0.0170148,0.141848,0.997782,0.705959,-2.10454,-0.761674,-1.83675,-0.231505,0.238805,1.51464,1.08197,-0.122119,-0.490607,0.217137,1.42708,0.0172189,0.922403,-1.31665,-0.0835068,1.02101,1.31651,-1.09262,-1.07006,0.253621,0.317493,1.35897,-1.40664,-1.94376,-1.14365,-0.703012,0.862101,-1.54505,1.75189,-0.0976611,0.834817,-547.184,-508.299,2761.5,815.011,520.894,-1882.04,-2005.36,-819.359,713.376,4167.89,684.524,-60.5022,-3825.74,-379.508,89.5438,-786.665,-2764.26,-1893.05,-1138.15,1330.48,3721.9,-4549.31,2287.66,267.703,-2638.59,-2872.07,3581.78,-691.08,1559.76,-2665.15,-3407.54,531.827,2745.55,-223.138,-3512.96,4957.76,-1430.38,-3610.6,1490.59,-2808.39,2647.86,134.514,1058.66,-2025.01,485.435,3088.29,-408.039,1755.96,-843.537,223.64,-979.537,157.066,-382.401,-1592.82,146.539,630.355,1663.4,390.568,-1767.98,-422.267,-1066.21,3073.98,426.967,1910.6,-1257.09,-400.344,-1141.72,499.265,-2604.22,-1076.11,-4120.46,-2216.12,-5824.17,-626.233,4606.2,242.817,3643.23,1542.24,2193.71,656.864,865.569,271.498,-601.193,3442.11,1343.81,-669.027,-589.169,-124.323,-568.395,1995.34,2199.27,3168.19,1360.03,-1589.59,215.181,-2315.43,-552.459,2949.46,968.289,-1405.52
-250354,0,1,0,1,1,250412,-0.384764,0.00591807,1.98251,0.65987,0.194549,-1.62464,-1.32884,-0.638008,0.776036,1.76188,-0.149657,0.116447,-1.54277,-0.0636614,0.2482,-1.00728,-1.59481,-1.01706,-0.127135,0.559175,1.40119,-1.61276,1.8305,-0.0898098,-1.26576,-1.76124,1.23195,-0.269686,1.22789,-1.59845,-1.56077,0.458786,1.996,-0.185011,-1.75004,1.38731,-0.797919,-1.56933,0.936032,-1.67351,1.35279,0.444837,1.42627,-1.3104,-0.0724454,0.89088,-0.393547,0.886616,0.0264761,-0.478673,-1.03596,0.226382,0.0675763,-1.26799,0.156639,-0.0321617,0.998724,0.212245,-0.63784,-0.775643,-0.788799,1.94885,1.21166,0.828242,-0.92643,-0.62419,-1.08532,0.0134659,-0.922084,-1.04397,-1.82062,-0.720654,-1.94471,-0.376988,1.76676,-0.594025,1.17955,0.313105,1.16384,0.0323358,0.112372,0.276904,0.173359,1.84303,0.871915,-1.30925,-0.819472,-0.271119,0.144731,1.18899,1.07535,1.68402,1.67163,-0.91779,-0.253471,-1.68299,-0.374937,1.42931,0.855572,-1.19532,-1.52901,0.89877,-1.52903,-1.91244,1.67746,-0.729307,0.328993,0.950679,0.140605,0.565164,-0.667148,0.0481561,-1.11214,-1.75483,-0.101594,2.7047,-0.549761,-0.00760805,-0.166052,-0.288278,-0.827398,-0.986326,1.15501,0.90237,1.18283,0.139479,0.130403,-1.25229,-0.553975,-0.506498,0.364521,0.0657958,-1.52785,-0.300297,-0.679943,0.239355,0.860378,-0.0447144,0.267533,0.24631,-0.53992,-1.29999,0.497692,0.305677,0.443162,-0.411911,1.75417,-3.01609,-0.229854,0.388652,-1.36686,-0.514708,0.554609,-2.03794,1.22474,0.0756369,-3.47825,0.578607,1.73701,-1.17144,-0.62517,0.368448,-0.891352,0.133395,-1.28044,-0.253109,1.04852,-0.00854003,-1.52324,-0.820852,1.55256,0.272335,0.710909,-1.45251,-1.22874,0.247856,-0.51327,-0.41167,-0.234067,0.669007,-0.359751,0.759342,0.134058,1.01,-0.486992,0.47148,-0.257691,-0.897441,-1.87178,-1.96739,-0.101276,-0.631618,-0.243704,-0.283779,-0.140354,-0.854671,1.35731,1.14895,-2.9272,0.680796,-547.184,-508.299,2761.5,815.011,520.894,-1882.04,-2005.36,-819.359,713.376,4167.89,684.524,-60.5022,-3825.74,-379.508,89.5438,-786.665,-2764.26,-1893.05,-1138.15,1330.48,3721.9,-4549.31,2287.66,267.703,-2638.59,-2872.07,3581.78,-691.08,1559.76,-2665.15,-3407.54,531.827,2745.55,-223.138,-3512.96,4957.76,-1430.38,-3610.6,1490.59,-2808.39,2647.86,134.514,1058.66,-2025.01,485.435,3088.29,-408.039,1755.96,-843.537,223.64,-979.537,157.066,-382.401,-1592.82,146.539,630.355,1663.4,390.568,-1767.98,-422.267,-1066.21,3073.98,426.967,1910.6,-1257.09,-400.344,-1141.72,499.265,-2604.22,-1076.11,-4120.46,-2216.12,-5824.17,-626.233,4606.2,242.817,3643.23,1542.24,2193.71,656.864,865.569,271.498,-601.193,3442.11,1343.81,-669.027,-589.169,-124.323,-568.395,1995.34,2199.27,3168.19,1360.03,-1589.59,215.181,-2315.43,-552.459,2949.46,968.289,-1405.52
-250354,0,1,0,1,1,250397,-0.384764,0.00591807,1.98251,0.65987,0.194549,-1.62464,-1.32884,-0.638008,0.776036,1.76188,-0.149657,0.116447,-1.54277,-0.0636614,0.2482,-1.00728,-1.59481,-1.01706,-0.127135,0.559175,1.40119,-1.61276,1.8305,-0.0898098,-1.26576,-1.76124,1.23195,-0.269686,1.22789,-1.59845,-1.56077,0.458786,1.996,-0.185011,-1.75004,1.38731,-0.797919,-1.56933,0.936032,-1.67351,1.35279,0.444837,1.42627,-1.3104,-0.0724454,0.89088,-0.393547,0.886616,0.0264761,-0.478673,-1.03596,0.226382,0.0675763,-1.26799,0.156639,-0.0321617,0.998724,0.212245,-0.63784,-0.775643,-0.788799,1.94885,1.21166,0.828242,-0.92643,-0.62419,-1.08532,0.0134659,-0.922084,-1.04397,-1.82062,-0.720654,-1.94471,-0.376988,1.76676,-0.594025,1.17955,0.313105,1.16384,0.0323358,0.112372,0.276904,0.173359,1.84303,0.871915,-1.30925,-0.819472,-0.271119,0.144731,1.18899,1.07535,1.68402,1.67163,-0.91779,-0.253471,-1.68299,-0.374937,1.42931,0.855572,-1.19532,-1.79731,-0.255098,-0.49578,-0.145799,-0.478441,0.674551,0.817071,-0.152186,0.297003,0.36316,1.19091,0.34546,-0.325846,-0.560222,-1.18882,-1.33029,0.310604,0.699668,0.45815,-0.383933,1.62376,0.561008,-0.744908,-0.426114,-0.700843,-0.491283,-1.30871,1.42205,-0.0887852,0.772496,-0.520432,-0.274912,0.305403,1.54502,1.32789,0.184674,0.0868144,0.180375,0.678107,-0.39162,-0.270514,0.839659,0.181541,-0.468662,0.622889,-1.11586,-0.975566,0.369805,0.339138,0.709207,-0.534001,1.96012,-0.553224,-0.926027,0.0863485,-0.0156326,-0.67037,2.48862,1.19201,-0.467451,0.193715,0.547965,0.643108,-1.58134,1.02401,0.50066,-0.099551,-1.51098,-1.75957,-1.0095,0.587668,0.216014,1.21722,0.416834,-0.857832,0.791375,0.940889,1.14942,-0.635024,-1.42946,1.36158,-0.477052,0.046927,1.35686,2.59858,-0.112357,-0.166123,-0.40972,0.973963,-0.376583,0.0845653,0.947738,0.830209,0.738327,1.01709,-1.54082,0.373561,0.438546,0.514582,2.21376,-547.184,-508.299,2761.5,815.011,520.894,-1882.04,-2005.36,-819.359,713.376,4167.89,684.524,-60.5022,-3825.74,-379.508,89.5438,-786.665,-2764.26,-1893.05,-1138.15,1330.48,3721.9,-4549.31,2287.66,267.703,-2638.59,-2872.07,3581.78,-691.08,1559.76,-2665.15,-3407.54,531.827,2745.55,-223.138,-3512.96,4957.76,-1430.38,-3610.6,1490.59,-2808.39,2647.86,134.514,1058.66,-2025.01,485.435,3088.29,-408.039,1755.96,-843.537,223.64,-979.537,157.066,-382.401,-1592.82,146.539,630.355,1663.4,390.568,-1767.98,-422.267,-1066.21,3073.98,426.967,1910.6,-1257.09,-400.344,-1141.72,499.265,-2604.22,-1076.11,-4120.46,-2216.12,-5824.17,-626.233,4606.2,242.817,3643.23,1542.24,2193.71,656.864,865.569,271.498,-601.193,3442.11,1343.81,-669.027,-589.169,-124.323,-568.395,1995.34,2199.27,3168.19,1360.03,-1589.59,215.181,-2315.43,-552.459,2949.46,968.289,-1405.52
-250354,0,1,0,1,1,250404,-0.384764,0.00591807,1.98251,0.65987,0.194549,-1.62464,-1.32884,-0.638008,0.776036,1.76188,-0.149657,0.116447,-1.54277,-0.0636614,0.2482,-1.00728,-1.59481,-1.01706,-0.127135,0.559175,1.40119,-1.61276,1.8305,-0.0898098,-1.26576,-1.76124,1.23195,-0.269686,1.22789,-1.59845,-1.56077,0.458786,1.996,-0.185011,-1.75004,1.38731,-0.797919,-1.56933,0.936032,-1.67351,1.35279,0.444837,1.42627,-1.3104,-0.0724454,0.89088,-0.393547,0.886616,0.0264761,-0.478673,-1.03596,0.226382,0.0675763,-1.26799,0.156639,-0.0321617,0.998724,0.212245,-0.63784,-0.775643,-0.788799,1.94885,1.21166,0.828242,-0.92643,-0.62419,-1.08532,0.0134659,-0.922084,-1.04397,-1.82062,-0.720654,-1.94471,-0.376988,1.76676,-0.594025,1.17955,0.313105,1.16384,0.0323358,0.112372,0.276904,0.173359,1.84303,0.871915,-1.30925,-0.819472,-0.271119,0.144731,1.18899,1.07535,1.68402,1.67163,-0.91779,-0.253471,-1.68299,-0.374937,1.42931,0.855572,-1.19532,-0.70003,1.85505,0.633285,-1.51173,0.107536,-1.5829,-1.59852,0.426787,1.77591,0.203154,1.03225,-1.07522,1.36706,0.47817,-1.18703,-0.124072,0.779255,-0.597461,-1.61866,0.27826,-0.334415,0.467868,-0.32482,-0.334551,-0.313518,-1.02515,-1.30215,0.415893,1.01477,-0.69489,-0.0842596,-0.82459,-2.71783,-0.367673,1.95371,0.979205,1.4927,-0.0488985,1.14406,0.217895,-1.30951,-1.62257,-1.18992,0.296948,0.698722,1.79576,0.953166,0.913708,1.24992,0.266275,-0.700781,-1.48742,0.59661,1.414,-1.61946,-1.24158,1.49573,0.186928,-0.275902,-1.21437,-1.8946,0.191795,-0.938288,0.929174,-1.34193,-0.29578,-1.19896,1.51689,-0.780093,1.13252,0.0269678,-1.38999,0.617887,0.595513,0.104546,0.301325,-1.01263,0.274296,0.0569211,-0.235848,0.230133,1.18368,-0.345441,0.224682,1.9659,-0.454559,-0.314127,-0.30566,-0.832585,1.03879,0.476142,0.148439,0.298338,-0.995481,-0.0916669,1.16771,-0.265896,-0.928897,0.529137,-0.00798032,-547.184,-508.299,2761.5,815.011,520.894,-1882.04,-2005.36,-819.359,713.376,4167.89,684.524,-60.5022,-3825.74,-379.508,89.5438,-786.665,-2764.26,-1893.05,-1138.15,1330.48,3721.9,-4549.31,2287.66,267.703,-2638.59,-2872.07,3581.78,-691.08,1559.76,-2665.15,-3407.54,531.827,2745.55,-223.138,-3512.96,4957.76,-1430.38,-3610.6,1490.59,-2808.39,2647.86,134.514,1058.66,-2025.01,485.435,3088.29,-408.039,1755.96,-843.537,223.64,-979.537,157.066,-382.401,-1592.82,146.539,630.355,1663.4,390.568,-1767.98,-422.267,-1066.21,3073.98,426.967,1910.6,-1257.09,-400.344,-1141.72,499.265,-2604.22,-1076.11,-4120.46,-2216.12,-5824.17,-626.233,4606.2,242.817,3643.23,1542.24,2193.71,656.864,865.569,271.498,-601.193,3442.11,1343.81,-669.027,-589.169,-124.323,-568.395,1995.34,2199.27,3168.19,1360.03,-1589.59,215.181,-2315.43,-552.459,2949.46,968.289,-1405.52
-250354,0,1,0,1,1,250408,-0.384764,0.00591807,1.98251,0.65987,0.194549,-1.62464,-1.32884,-0.638008,0.776036,1.76188,-0.149657,0.116447,-1.54277,-0.0636614,0.2482,-1.00728,-1.59481,-1.01706,-0.127135,0.559175,1.40119,-1.61276,1.8305,-0.0898098,-1.26576,-1.76124,1.23195,-0.269686,1.22789,-1.59845,-1.56077,0.458786,1.996,-0.185011,-1.75004,1.38731,-0.797919,-1.56933,0.936032,-1.67351,1.35279,0.444837,1.42627,-1.3104,-0.0724454,0.89088,-0.393547,0.886616,0.0264761,-0.478673,-1.03596,0.226382,0.0675763,-1.26799,0.156639,-0.0321617,0.998724,0.212245,-0.63784,-0.775643,-0.788799,1.94885,1.21166,0.828242,-0.92643,-0.62419,-1.08532,0.0134659,-0.922084,-1.04397,-1.82062,-0.720654,-1.94471,-0.376988,1.76676,-0.594025,1.17955,0.313105,1.16384,0.0323358,0.112372,0.276904,0.173359,1.84303,0.871915,-1.30925,-0.819472,-0.271119,0.144731,1.18899,1.07535,1.68402,1.67163,-0.91779,-0.253471,-1.68299,-0.374937,1.42931,0.855572,-1.19532,0.650439,-0.00945324,1.06361,0.250775,0.253468,-1.24561,-0.841991,0.381816,-0.0525794,-1.06916,1.01647,-0.313995,0.435284,-1.11124,-0.57191,-0.229375,1.80109,0.727952,0.528289,0.0778878,-0.258315,-2.59972,-0.456291,-0.569968,1.02859,0.656735,0.111236,0.00823926,-1.32846,-0.570806,0.199127,-1.11585,-0.516343,1.04457,0.231785,-0.52672,0.380444,-1.36706,0.321427,0.121634,1.97786,-0.641616,1.31396,-3.36929,-0.164701,-1.15671,0.853153,-0.703886,-0.49892,-0.177141,0.15362,-0.571183,0.673059,-1.68871,-0.599246,-2.53998,-2.10805,0.929348,0.713487,-0.0523583,-2.25675,-0.137518,1.13004,-0.541751,1.88926,0.154761,0.618531,0.320483,0.672946,-0.241782,0.855651,-0.117654,-0.123893,0.942252,-0.266311,0.0967308,-1.26862,1.30533,0.662832,-1.61127,-0.31586,0.87316,-0.733926,-1.62823,-2.07345,-1.47909,0.409326,-0.913904,1.0593,-1.51709,-0.213039,-0.0105744,-0.315535,-0.440022,0.329168,0.384725,-1.34743,-1.93636,0.0835817,-1.40581,-547.184,-508.299,2761.5,815.011,520.894,-1882.04,-2005.36,-819.359,713.376,4167.89,684.524,-60.5022,-3825.74,-379.508,89.5438,-786.665,-2764.26,-1893.05,-1138.15,1330.48,3721.9,-4549.31,2287.66,267.703,-2638.59,-2872.07,3581.78,-691.08,1559.76,-2665.15,-3407.54,531.827,2745.55,-223.138,-3512.96,4957.76,-1430.38,-3610.6,1490.59,-2808.39,2647.86,134.514,1058.66,-2025.01,485.435,3088.29,-408.039,1755.96,-843.537,223.64,-979.537,157.066,-382.401,-1592.82,146.539,630.355,1663.4,390.568,-1767.98,-422.267,-1066.21,3073.98,426.967,1910.6,-1257.09,-400.344,-1141.72,499.265,-2604.22,-1076.11,-4120.46,-2216.12,-5824.17,-626.233,4606.2,242.817,3643.23,1542.24,2193.71,656.864,865.569,271.498,-601.193,3442.11,1343.81,-669.027,-589.169,-124.323,-568.395,1995.34,2199.27,3168.19,1360.03,-1589.59,215.181,-2315.43,-552.459,2949.46,968.289,-1405.52
-250354,0,1,0,1,1,250406,-0.384764,0.00591807,1.98251,0.65987,0.194549,-1.62464,-1.32884,-0.638008,0.776036,1.76188,-0.149657,0.116447,-1.54277,-0.0636614,0.2482,-1.00728,-1.59481,-1.01706,-0.127135,0.559175,1.40119,-1.61276,1.8305,-0.0898098,-1.26576,-1.76124,1.23195,-0.269686,1.22789,-1.59845,-1.56077,0.458786,1.996,-0.185011,-1.75004,1.38731,-0.797919,-1.56933,0.936032,-1.67351,1.35279,0.444837,1.42627,-1.3104,-0.0724454,0.89088,-0.393547,0.886616,0.0264761,-0.478673,-1.03596,0.226382,0.0675763,-1.26799,0.156639,-0.0321617,0.998724,0.212245,-0.63784,-0.775643,-0.788799,1.94885,1.21166,0.828242,-0.92643,-0.62419,-1.08532,0.0134659,-0.922084,-1.04397,-1.82062,-0.720654,-1.94471,-0.376988,1.76676,-0.594025,1.17955,0.313105,1.16384,0.0323358,0.112372,0.276904,0.173359,1.84303,0.871915,-1.30925,-0.819472,-0.271119,0.144731,1.18899,1.07535,1.68402,1.67163,-0.91779,-0.253471,-1.68299,-0.374937,1.42931,0.855572,-1.19532,-0.527763,1.18996,-0.105393,-0.0971144,1.14993,0.447676,0.456656,0.663584,0.711574,-0.160635,0.130266,-0.185402,-0.647236,1.74596,0.123186,-1.21227,0.341832,0.765617,-0.846567,0.00106519,-1.15114,-0.0969585,0.128511,2.386,-2.5733,0.620991,-0.805812,0.183454,0.0817573,1.34708,-1.45092,-1.2893,0.0854112,0.645854,-0.784694,-0.691336,0.0992688,-1.28736,-1.1258,0.124719,1.17505,0.263848,0.818207,-0.146634,1.58162,-1.03478,-0.931564,1.05528,0.206648,0.713507,0.390983,0.806989,1.3938,-0.0802762,0.58281,-0.262921,0.407741,-1.00538,0.950376,0.583606,1.30424,-0.853621,-1.00038,-0.67215,-0.664979,0.500371,0.378346,0.912053,-2.11302,0.71764,-0.202342,0.775074,2.56669,1.77434,-2.52725,-0.207127,1.51711,0.225805,1.17736,0.801225,0.633175,1.01441,0.312933,-2.13587,0.171051,-1.62037,-0.0413626,0.338111,0.672876,2.19127,0.687858,1.22676,1.00934,1.07456,-0.584952,-0.273616,-1.69006,-0.440171,0.406046,0.188289,-547.184,-508.299,2761.5,815.011,520.894,-1882.04,-2005.36,-819.359,713.376,4167.89,684.524,-60.5022,-3825.74,-379.508,89.5438,-786.665,-2764.26,-1893.05,-1138.15,1330.48,3721.9,-4549.31,2287.66,267.703,-2638.59,-2872.07,3581.78,-691.08,1559.76,-2665.15,-3407.54,531.827,2745.55,-223.138,-3512.96,4957.76,-1430.38,-3610.6,1490.59,-2808.39,2647.86,134.514,1058.66,-2025.01,485.435,3088.29,-408.039,1755.96,-843.537,223.64,-979.537,157.066,-382.401,-1592.82,146.539,630.355,1663.4,390.568,-1767.98,-422.267,-1066.21,3073.98,426.967,1910.6,-1257.09,-400.344,-1141.72,499.265,-2604.22,-1076.11,-4120.46,-2216.12,-5824.17,-626.233,4606.2,242.817,3643.23,1542.24,2193.71,656.864,865.569,271.498,-601.193,3442.11,1343.81,-669.027,-589.169,-124.323,-568.395,1995.34,2199.27,3168.19,1360.03,-1589.59,215.181,-2315.43,-552.459,2949.46,968.289,-1405.52
-250354,0,1,0,1,1,250418,-0.384764,0.00591807,1.98251,0.65987,0.194549,-1.62464,-1.32884,-0.638008,0.776036,1.76188,-0.149657,0.116447,-1.54277,-0.0636614,0.2482,-1.00728,-1.59481,-1.01706,-0.127135,0.559175,1.40119,-1.61276,1.8305,-0.0898098,-1.26576,-1.76124,1.23195,-0.269686,1.22789,-1.59845,-1.56077,0.458786,1.996,-0.185011,-1.75004,1.38731,-0.797919,-1.56933,0.936032,-1.67351,1.35279,0.444837,1.42627,-1.3104,-0.0724454,0.89088,-0.393547,0.886616,0.0264761,-0.478673,-1.03596,0.226382,0.0675763,-1.26799,0.156639,-0.0321617,0.998724,0.212245,-0.63784,-0.775643,-0.788799,1.94885,1.21166,0.828242,-0.92643,-0.62419,-1.08532,0.0134659,-0.922084,-1.04397,-1.82062,-0.720654,-1.94471,-0.376988,1.76676,-0.594025,1.17955,0.313105,1.16384,0.0323358,0.112372,0.276904,0.173359,1.84303,0.871915,-1.30925,-0.819472,-0.271119,0.144731,1.18899,1.07535,1.68402,1.67163,-0.91779,-0.253471,-1.68299,-0.374937,1.42931,0.855572,-1.19532,0.376939,-1.45018,-2.6499,-1.35721,1.45813,0.8318,1.16576,0.0544869,-1.71113,0.0296181,-0.0648503,1.18063,0.249163,2.04422,-0.973927,-0.134177,0.617153,-1.25266,-1.54259,0.523761,0.714948,-0.876071,2.16196,1.97851,-0.423748,-0.281537,0.963929,-0.2938,-0.395336,0.147205,-0.83875,-0.611233,1.72264,-0.417609,0.204972,-0.394903,0.926296,0.0378191,-0.965962,0.68557,0.319978,0.512045,-0.263049,0.922871,-0.550616,-0.015982,0.297227,1.88156,-0.710831,-2.3412,-1.98538,0.658126,2.70371,-1.45702,-0.139175,0.64582,-0.792384,0.53162,0.0417031,-1.51097,-2.30592,-1.19536,1.11746,0.755792,1.31834,2.75794,-0.805672,-1.40522,-0.432258,-0.154773,0.976051,-0.0470847,-1.09335,1.78219,0.542841,-1.79106,0.648605,-0.869954,-0.938975,-0.438261,0.212132,-0.362227,-1.64654,0.874445,-0.708254,2.22197,-0.359474,1.07303,-1.10166,1.06756,-1.11255,-1.50467,-1.2955,-1.31622,0.906462,0.335236,0.190193,-0.162457,0.178949,-0.234377,-547.184,-508.299,2761.5,815.011,520.894,-1882.04,-2005.36,-819.359,713.376,4167.89,684.524,-60.5022,-3825.74,-379.508,89.5438,-786.665,-2764.26,-1893.05,-1138.15,1330.48,3721.9,-4549.31,2287.66,267.703,-2638.59,-2872.07,3581.78,-691.08,1559.76,-2665.15,-3407.54,531.827,2745.55,-223.138,-3512.96,4957.76,-1430.38,-3610.6,1490.59,-2808.39,2647.86,134.514,1058.66,-2025.01,485.435,3088.29,-408.039,1755.96,-843.537,223.64,-979.537,157.066,-382.401,-1592.82,146.539,630.355,1663.4,390.568,-1767.98,-422.267,-1066.21,3073.98,426.967,1910.6,-1257.09,-400.344,-1141.72,499.265,-2604.22,-1076.11,-4120.46,-2216.12,-5824.17,-626.233,4606.2,242.817,3643.23,1542.24,2193.71,656.864,865.569,271.498,-601.193,3442.11,1343.81,-669.027,-589.169,-124.323,-568.395,1995.34,2199.27,3168.19,1360.03,-1589.59,215.181,-2315.43,-552.459,2949.46,968.289,-1405.52
-250354,0,1,0,1,1,250403,-0.384764,0.00591807,1.98251,0.65987,0.194549,-1.62464,-1.32884,-0.638008,0.776036,1.76188,-0.149657,0.116447,-1.54277,-0.0636614,0.2482,-1.00728,-1.59481,-1.01706,-0.127135,0.559175,1.40119,-1.61276,1.8305,-0.0898098,-1.26576,-1.76124,1.23195,-0.269686,1.22789,-1.59845,-1.56077,0.458786,1.996,-0.185011,-1.75004,1.38731,-0.797919,-1.56933,0.936032,-1.67351,1.35279,0.444837,1.42627,-1.3104,-0.0724454,0.89088,-0.393547,0.886616,0.0264761,-0.478673,-1.03596,0.226382,0.0675763,-1.26799,0.156639,-0.0321617,0.998724,0.212245,-0.63784,-0.775643,-0.788799,1.94885,1.21166,0.828242,-0.92643,-0.62419,-1.08532,0.0134659,-0.922084,-1.04397,-1.82062,-0.720654,-1.94471,-0.376988,1.76676,-0.594025,1.17955,0.313105,1.16384,0.0323358,0.112372,0.276904,0.173359,1.84303,0.871915,-1.30925,-0.819472,-0.271119,0.144731,1.18899,1.07535,1.68402,1.67163,-0.91779,-0.253471,-1.68299,-0.374937,1.42931,0.855572,-1.19532,0.246448,-1.69496,0.257694,0.231727,-1.51182,-1.28377,0.577897,0.228807,1.76408,1.20821,-0.74322,-0.764071,1.13206,0.469816,-1.25601,0.530802,2.32975,-0.59404,-0.378809,1.31248,-1.41055,-2.09064,0.415768,-0.0949098,0.456358,-1.24164,0.825463,0.584816,-0.759233,0.465804,-0.818844,0.0475486,-1.06482,-0.607295,-0.292807,-1.47397,1.22677,0.854272,0.815762,0.632594,-1.06314,0.241169,-0.47691,0.353524,1.03083,-0.300945,-0.150496,1.58683,0.321904,-0.603212,0.312305,1.65787,1.11892,0.0614863,1.09282,1.43293,-0.0764358,1.18522,-2.09776,-0.565713,0.537341,-0.884108,1.41723,0.586329,1.97452,-0.296354,0.699548,-1.09592,-0.988225,-0.0948141,-0.477188,1.98702,-0.953437,-0.556332,-0.699709,-0.224264,-0.234277,-1.43944,-0.996421,0.308671,-1.67015,-0.0955291,0.647895,-0.0880839,-0.769608,-0.600406,0.822601,0.595263,1.29058,2.13593,-0.589694,0.249735,1.19078,-0.713127,0.548649,0.478154,-0.34539,-0.663709,-1.83856,-0.3817,-547.184,-508.299,2761.5,815.011,520.894,-1882.04,-2005.36,-819.359,713.376,4167.89,684.524,-60.5022,-3825.74,-379.508,89.5438,-786.665,-2764.26,-1893.05,-1138.15,1330.48,3721.9,-4549.31,2287.66,267.703,-2638.59,-2872.07,3581.78,-691.08,1559.76,-2665.15,-3407.54,531.827,2745.55,-223.138,-3512.96,4957.76,-1430.38,-3610.6,1490.59,-2808.39,2647.86,134.514,1058.66,-2025.01,485.435,3088.29,-408.039,1755.96,-843.537,223.64,-979.537,157.066,-382.401,-1592.82,146.539,630.355,1663.4,390.568,-1767.98,-422.267,-1066.21,3073.98,426.967,1910.6,-1257.09,-400.344,-1141.72,499.265,-2604.22,-1076.11,-4120.46,-2216.12,-5824.17,-626.233,4606.2,242.817,3643.23,1542.24,2193.71,656.864,865.569,271.498,-601.193,3442.11,1343.81,-669.027,-589.169,-124.323,-568.395,1995.34,2199.27,3168.19,1360.03,-1589.59,215.181,-2315.43,-552.459,2949.46,968.289,-1405.52
-250354,0,1,0,1,1,250393,-0.384764,0.00591807,1.98251,0.65987,0.194549,-1.62464,-1.32884,-0.638008,0.776036,1.76188,-0.149657,0.116447,-1.54277,-0.0636614,0.2482,-1.00728,-1.59481,-1.01706,-0.127135,0.559175,1.40119,-1.61276,1.8305,-0.0898098,-1.26576,-1.76124,1.23195,-0.269686,1.22789,-1.59845,-1.56077,0.458786,1.996,-0.185011,-1.75004,1.38731,-0.797919,-1.56933,0.936032,-1.67351,1.35279,0.444837,1.42627,-1.3104,-0.0724454,0.89088,-0.393547,0.886616,0.0264761,-0.478673,-1.03596,0.226382,0.0675763,-1.26799,0.156639,-0.0321617,0.998724,0.212245,-0.63784,-0.775643,-0.788799,1.94885,1.21166,0.828242,-0.92643,-0.62419,-1.08532,0.0134659,-0.922084,-1.04397,-1.82062,-0.720654,-1.94471,-0.376988,1.76676,-0.594025,1.17955,0.313105,1.16384,0.0323358,0.112372,0.276904,0.173359,1.84303,0.871915,-1.30925,-0.819472,-0.271119,0.144731,1.18899,1.07535,1.68402,1.67163,-0.91779,-0.253471,-1.68299,-0.374937,1.42931,0.855572,-1.19532,0.945946,-2.02252,-0.39776,-0.260245,0.474872,-0.108455,0.867938,-0.117982,-0.20644,-0.274675,0.182536,-0.803057,-1.22669,-1.03375,1.07754,0.734565,1.13007,1.14104,0.495263,0.0405126,-1.0784,-1.1596,-0.509932,0.0511175,0.577423,-0.513836,-0.185833,-0.377521,-1.27701,0.630969,-0.92508,-2.2048,-0.0707934,0.0215444,-0.368535,-0.334433,0.471297,0.751462,0.14869,1.22287,-0.966622,0.72833,-0.0725175,0.0287753,1.28319,0.694116,-1.00344,-0.138942,0.14074,-1.2361,-0.511691,-0.54733,0.0690458,-1.76935,1.40963,0.471254,1.34893,-0.316947,-0.635209,0.737216,0.865002,0.471816,0.0389361,-1.10546,0.407907,-0.144659,0.623036,-1.2562,-0.140468,1.50934,-0.892757,1.57077,-0.122858,0.205452,-0.709413,-1.99746,-0.0387094,-0.665902,0.0122145,-0.600964,0.327995,1.62232,-0.8829,0.653806,0.160497,-1.08762,0.79292,1.42548,-0.659947,-0.675696,-1.99136,0.135791,-0.522796,1.24589,-0.302561,-1.19464,-1.58176,-0.973935,0.724726,-0.322655,-547.184,-508.299,2761.5,815.011,520.894,-1882.04,-2005.36,-819.359,713.376,4167.89,684.524,-60.5022,-3825.74,-379.508,89.5438,-786.665,-2764.26,-1893.05,-1138.15,1330.48,3721.9,-4549.31,2287.66,267.703,-2638.59,-2872.07,3581.78,-691.08,1559.76,-2665.15,-3407.54,531.827,2745.55,-223.138,-3512.96,4957.76,-1430.38,-3610.6,1490.59,-2808.39,2647.86,134.514,1058.66,-2025.01,485.435,3088.29,-408.039,1755.96,-843.537,223.64,-979.537,157.066,-382.401,-1592.82,146.539,630.355,1663.4,390.568,-1767.98,-422.267,-1066.21,3073.98,426.967,1910.6,-1257.09,-400.344,-1141.72,499.265,-2604.22,-1076.11,-4120.46,-2216.12,-5824.17,-626.233,4606.2,242.817,3643.23,1542.24,2193.71,656.864,865.569,271.498,-601.193,3442.11,1343.81,-669.027,-589.169,-124.323,-568.395,1995.34,2199.27,3168.19,1360.03,-1589.59,215.181,-2315.43,-552.459,2949.46,968.289,-1405.52
-250354,0,1,0,1,1,250395,-0.384764,0.00591807,1.98251,0.65987,0.194549,-1.62464,-1.32884,-0.638008,0.776036,1.76188,-0.149657,0.116447,-1.54277,-0.0636614,0.2482,-1.00728,-1.59481,-1.01706,-0.127135,0.559175,1.40119,-1.61276,1.8305,-0.0898098,-1.26576,-1.76124,1.23195,-0.269686,1.22789,-1.59845,-1.56077,0.458786,1.996,-0.185011,-1.75004,1.38731,-0.797919,-1.56933,0.936032,-1.67351,1.35279,0.444837,1.42627,-1.3104,-0.0724454,0.89088,-0.393547,0.886616,0.0264761,-0.478673,-1.03596,0.226382,0.0675763,-1.26799,0.156639,-0.0321617,0.998724,0.212245,-0.63784,-0.775643,-0.788799,1.94885,1.21166,0.828242,-0.92643,-0.62419,-1.08532,0.0134659,-0.922084,-1.04397,-1.82062,-0.720654,-1.94471,-0.376988,1.76676,-0.594025,1.17955,0.313105,1.16384,0.0323358,0.112372,0.276904,0.173359,1.84303,0.871915,-1.30925,-0.819472,-0.271119,0.144731,1.18899,1.07535,1.68402,1.67163,-0.91779,-0.253471,-1.68299,-0.374937,1.42931,0.855572,-1.19532,-0.444887,0.636862,-0.0512783,0.397029,0.288511,-1.42614,0.115293,-1.00548,-0.371166,1.42472,-0.333822,-0.648039,0.231516,0.554295,1.75242,0.599656,-0.526952,-0.0846915,0.595251,0.456506,-0.0122671,-0.621618,1.21536,0.702488,-0.726376,-1.2091,1.00299,-1.25083,-0.652204,-0.48011,0.374862,-0.154599,-0.830535,-0.733889,-0.476476,-0.569053,-1.85032,-0.967628,2.72682,-0.519663,0.992174,0.865119,-1.29018,-1.33799,0.861388,-0.137245,0.0573243,-0.054931,-0.353265,-0.195504,-0.157962,-0.801613,-1.34787,0.189183,0.037751,-0.15621,0.592835,1.35786,0.651877,-0.871963,0.270789,-0.033954,0.71164,-0.752522,-1.40612,0.333735,-0.137958,0.744261,0.177456,-0.186656,0.685834,1.47623,2.32253,-0.772022,-0.586811,0.73186,-0.0721632,-0.39495,0.821248,1.02921,-0.479857,-1.32079,2.43106,0.696699,-0.600321,-0.0228861,0.929601,0.671643,-1.08373,-0.0440155,-0.230326,-0.132476,1.68453,0.176572,0.793454,-1.56657,-1.29768,0.175199,-1.25286,1.15304,-547.184,-508.299,2761.5,815.011,520.894,-1882.04,-2005.36,-819.359,713.376,4167.89,684.524,-60.5022,-3825.74,-379.508,89.5438,-786.665,-2764.26,-1893.05,-1138.15,1330.48,3721.9,-4549.31,2287.66,267.703,-2638.59,-2872.07,3581.78,-691.08,1559.76,-2665.15,-3407.54,531.827,2745.55,-223.138,-3512.96,4957.76,-1430.38,-3610.6,1490.59,-2808.39,2647.86,134.514,1058.66,-2025.01,485.435,3088.29,-408.039,1755.96,-843.537,223.64,-979.537,157.066,-382.401,-1592.82,146.539,630.355,1663.4,390.568,-1767.98,-422.267,-1066.21,3073.98,426.967,1910.6,-1257.09,-400.344,-1141.72,499.265,-2604.22,-1076.11,-4120.46,-2216.12,-5824.17,-626.233,4606.2,242.817,3643.23,1542.24,2193.71,656.864,865.569,271.498,-601.193,3442.11,1343.81,-669.027,-589.169,-124.323,-568.395,1995.34,2199.27,3168.19,1360.03,-1589.59,215.181,-2315.43,-552.459,2949.46,968.289,-1405.52
-250354,0,1,0,1,1,250396,-0.384764,0.00591807,1.98251,0.65987,0.194549,-1.62464,-1.32884,-0.638008,0.776036,1.76188,-0.149657,0.116447,-1.54277,-0.0636614,0.2482,-1.00728,-1.59481,-1.01706,-0.127135,0.559175,1.40119,-1.61276,1.8305,-0.0898098,-1.26576,-1.76124,1.23195,-0.269686,1.22789,-1.59845,-1.56077,0.458786,1.996,-0.185011,-1.75004,1.38731,-0.797919,-1.56933,0.936032,-1.67351,1.35279,0.444837,1.42627,-1.3104,-0.0724454,0.89088,-0.393547,0.886616,0.0264761,-0.478673,-1.03596,0.226382,0.0675763,-1.26799,0.156639,-0.0321617,0.998724,0.212245,-0.63784,-0.775643,-0.788799,1.94885,1.21166,0.828242,-0.92643,-0.62419,-1.08532,0.0134659,-0.922084,-1.04397,-1.82062,-0.720654,-1.94471,-0.376988,1.76676,-0.594025,1.17955,0.313105,1.16384,0.0323358,0.112372,0.276904,0.173359,1.84303,0.871915,-1.30925,-0.819472,-0.271119,0.144731,1.18899,1.07535,1.68402,1.67163,-0.91779,-0.253471,-1.68299,-0.374937,1.42931,0.855572,-1.19532,0.750853,0.126241,-0.130319,-0.44484,1.63441,-0.0220143,-1.34233,0.889672,1.54726,0.465442,0.160543,0.678058,-0.46542,-1.72741,0.552747,-0.471751,0.905783,-1.85448,0.227781,-0.0600125,-0.0188862,0.11678,-1.17674,-0.8723,-1.03042,-0.969572,-1.1117,-0.67571,-1.81618,-0.272166,0.0469051,0.4177,0.673625,-0.874952,0.326062,-1.17249,-0.714049,0.0475645,0.416932,-1.31254,-0.590758,-0.0658244,-0.421052,0.287091,0.94127,0.593864,0.530849,-0.780679,-1.05798,-0.0334033,-0.313469,-0.690927,-0.57874,-1.13662,1.52555,-1.10147,0.642241,-1.06055,1.6009,0.0333441,-0.579449,-0.525336,-0.180543,-1.25394,-1.02315,0.237917,-0.160697,0.614537,-1.1292,1.24568,-0.0194682,-0.680422,-0.696051,-1.50928,-0.0177094,1.19344,0.216281,-0.0786152,-0.244163,-1.95087,-0.949293,2.66169,-0.501102,-0.233745,1.5009,-1.91857,-0.956069,0.416104,0.463655,-0.0731968,0.220104,-0.341088,-0.781993,0.220095,1.01581,-0.08872,-0.983249,-1.41559,0.650982,1.45022,-547.184,-508.299,2761.5,815.011,520.894,-1882.04,-2005.36,-819.359,713.376,4167.89,684.524,-60.5022,-3825.74,-379.508,89.5438,-786.665,-2764.26,-1893.05,-1138.15,1330.48,3721.9,-4549.31,2287.66,267.703,-2638.59,-2872.07,3581.78,-691.08,1559.76,-2665.15,-3407.54,531.827,2745.55,-223.138,-3512.96,4957.76,-1430.38,-3610.6,1490.59,-2808.39,2647.86,134.514,1058.66,-2025.01,485.435,3088.29,-408.039,1755.96,-843.537,223.64,-979.537,157.066,-382.401,-1592.82,146.539,630.355,1663.4,390.568,-1767.98,-422.267,-1066.21,3073.98,426.967,1910.6,-1257.09,-400.344,-1141.72,499.265,-2604.22,-1076.11,-4120.46,-2216.12,-5824.17,-626.233,4606.2,242.817,3643.23,1542.24,2193.71,656.864,865.569,271.498,-601.193,3442.11,1343.81,-669.027,-589.169,-124.323,-568.395,1995.34,2199.27,3168.19,1360.03,-1589.59,215.181,-2315.43,-552.459,2949.46,968.289,-1405.52
-250354,0,1,0,1,1,250406,-0.384764,0.00591807,1.98251,0.65987,0.194549,-1.62464,-1.32884,-0.638008,0.776036,1.76188,-0.149657,0.116447,-1.54277,-0.0636614,0.2482,-1.00728,-1.59481,-1.01706,-0.127135,0.559175,1.40119,-1.61276,1.8305,-0.0898098,-1.26576,-1.76124,1.23195,-0.269686,1.22789,-1.59845,-1.56077,0.458786,1.996,-0.185011,-1.75004,1.38731,-0.797919,-1.56933,0.936032,-1.67351,1.35279,0.444837,1.42627,-1.3104,-0.0724454,0.89088,-0.393547,0.886616,0.0264761,-0.478673,-1.03596,0.226382,0.0675763,-1.26799,0.156639,-0.0321617,0.998724,0.212245,-0.63784,-0.775643,-0.788799,1.94885,1.21166,0.828242,-0.92643,-0.62419,-1.08532,0.0134659,-0.922084,-1.04397,-1.82062,-0.720654,-1.94471,-0.376988,1.76676,-0.594025,1.17955,0.313105,1.16384,0.0323358,0.112372,0.276904,0.173359,1.84303,0.871915,-1.30925,-0.819472,-0.271119,0.144731,1.18899,1.07535,1.68402,1.67163,-0.91779,-0.253471,-1.68299,-0.374937,1.42931,0.855572,-1.19532,0.723099,0.0291063,-1.57021,0.0838971,0.893666,0.675556,-0.559038,0.226883,-0.334056,1.29657,1.41209,0.995414,0.753094,0.663604,-0.763773,-1.24071,0.71175,-0.212644,0.183893,-0.172502,-0.686789,-2.70255,0.87908,1.18281,1.12326,-0.257265,-2.5354,0.0673435,-1.2817,1.66795,-1.57108,0.0315665,0.422158,-0.783608,1.2808,-0.202493,1.58105,-0.0963504,0.416224,-0.848666,-0.289663,0.325602,0.225801,-0.493967,0.346025,1.0684,0.36641,0.32006,0.380234,-0.468371,-1.59965,-0.473505,-0.801631,1.04324,-0.512583,-0.751388,0.119923,0.127363,1.22873,-1.17542,0.873004,-0.808069,3.53583,1.16479,-1.04415,-0.674101,0.773389,0.260786,-1.07826,2.04838,-1.13987,-0.321707,1.43962,0.898906,1.07127,-0.450219,0.155811,0.0903809,-0.650447,-0.192171,-1.38243,-0.172311,0.0875678,-2.02975,-0.917284,-0.595753,-0.947686,-0.813477,0.666961,-1.00094,1.47826,-1.2325,0.86968,-0.392587,-1.52889,-1.27921,0.597493,-0.643876,-0.442801,0.582822,-547.184,-508.299,2761.5,815.011,520.894,-1882.04,-2005.36,-819.359,713.376,4167.89,684.524,-60.5022,-3825.74,-379.508,89.5438,-786.665,-2764.26,-1893.05,-1138.15,1330.48,3721.9,-4549.31,2287.66,267.703,-2638.59,-2872.07,3581.78,-691.08,1559.76,-2665.15,-3407.54,531.827,2745.55,-223.138,-3512.96,4957.76,-1430.38,-3610.6,1490.59,-2808.39,2647.86,134.514,1058.66,-2025.01,485.435,3088.29,-408.039,1755.96,-843.537,223.64,-979.537,157.066,-382.401,-1592.82,146.539,630.355,1663.4,390.568,-1767.98,-422.267,-1066.21,3073.98,426.967,1910.6,-1257.09,-400.344,-1141.72,499.265,-2604.22,-1076.11,-4120.46,-2216.12,-5824.17,-626.233,4606.2,242.817,3643.23,1542.24,2193.71,656.864,865.569,271.498,-601.193,3442.11,1343.81,-669.027,-589.169,-124.323,-568.395,1995.34,2199.27,3168.19,1360.03,-1589.59,215.181,-2315.43,-552.459,2949.46,968.289,-1405.52
-250354,0,1,0,1,1,250398,-0.384764,0.00591807,1.98251,0.65987,0.194549,-1.62464,-1.32884,-0.638008,0.776036,1.76188,-0.149657,0.116447,-1.54277,-0.0636614,0.2482,-1.00728,-1.59481,-1.01706,-0.127135,0.559175,1.40119,-1.61276,1.8305,-0.0898098,-1.26576,-1.76124,1.23195,-0.269686,1.22789,-1.59845,-1.56077,0.458786,1.996,-0.185011,-1.75004,1.38731,-0.797919,-1.56933,0.936032,-1.67351,1.35279,0.444837,1.42627,-1.3104,-0.0724454,0.89088,-0.393547,0.886616,0.0264761,-0.478673,-1.03596,0.226382,0.0675763,-1.26799,0.156639,-0.0321617,0.998724,0.212245,-0.63784,-0.775643,-0.788799,1.94885,1.21166,0.828242,-0.92643,-0.62419,-1.08532,0.0134659,-0.922084,-1.04397,-1.82062,-0.720654,-1.94471,-0.376988,1.76676,-0.594025,1.17955,0.313105,1.16384,0.0323358,0.112372,0.276904,0.173359,1.84303,0.871915,-1.30925,-0.819472,-0.271119,0.144731,1.18899,1.07535,1.68402,1.67163,-0.91779,-0.253471,-1.68299,-0.374937,1.42931,0.855572,-1.19532,-0.63323,0.348942,0.698503,0.553399,-0.362118,1.60177,-1.72367,1.16114,0.191197,0.732345,0.181019,0.966186,1.15209,-0.603077,-0.479242,-0.222356,0.258455,0.810837,-0.0823971,0.748918,-0.724967,0.067053,-0.181498,0.518338,-1.58532,1.47092,-0.513042,-1.01755,-0.353589,0.0428024,0.71479,-2.46085,-0.224274,-1.02549,0.877764,-1.22684,0.453889,-0.336166,-0.797784,0.183788,0.688362,-0.99175,-0.00963426,-0.597035,-0.709055,-0.936448,-1.24978,-0.24176,-0.0609244,1.93599,-0.50568,0.39715,-1.02856,-0.491482,0.156125,1.58685,-1.03007,-0.102567,0.882816,0.529135,-1.04529,-1.19919,2.08544,-1.43174,0.698415,1.79455,0.287773,-0.659051,-0.494543,-0.298906,-0.937473,-0.681596,-1.22877,-1.17407,1.58409,0.257129,0.4557,1.50482,-0.835823,0.982731,-1.56343,-0.328561,0.559563,0.122202,-0.586169,0.923933,1.32247,-1.68538,0.0755468,-0.301691,-0.101792,-0.908027,0.17248,-0.921002,-0.797492,-0.377007,-1.63434,0.8777,-0.721571,-1.3095,-547.184,-508.299,2761.5,815.011,520.894,-1882.04,-2005.36,-819.359,713.376,4167.89,684.524,-60.5022,-3825.74,-379.508,89.5438,-786.665,-2764.26,-1893.05,-1138.15,1330.48,3721.9,-4549.31,2287.66,267.703,-2638.59,-2872.07,3581.78,-691.08,1559.76,-2665.15,-3407.54,531.827,2745.55,-223.138,-3512.96,4957.76,-1430.38,-3610.6,1490.59,-2808.39,2647.86,134.514,1058.66,-2025.01,485.435,3088.29,-408.039,1755.96,-843.537,223.64,-979.537,157.066,-382.401,-1592.82,146.539,630.355,1663.4,390.568,-1767.98,-422.267,-1066.21,3073.98,426.967,1910.6,-1257.09,-400.344,-1141.72,499.265,-2604.22,-1076.11,-4120.46,-2216.12,-5824.17,-626.233,4606.2,242.817,3643.23,1542.24,2193.71,656.864,865.569,271.498,-601.193,3442.11,1343.81,-669.027,-589.169,-124.323,-568.395,1995.34,2199.27,3168.19,1360.03,-1589.59,215.181,-2315.43,-552.459,2949.46,968.289,-1405.52
-250354,0,1,0,1,1,250401,-0.384764,0.00591807,1.98251,0.65987,0.194549,-1.62464,-1.32884,-0.638008,0.776036,1.76188,-0.149657,0.116447,-1.54277,-0.0636614,0.2482,-1.00728,-1.59481,-1.01706,-0.127135,0.559175,1.40119,-1.61276,1.8305,-0.0898098,-1.26576,-1.76124,1.23195,-0.269686,1.22789,-1.59845,-1.56077,0.458786,1.996,-0.185011,-1.75004,1.38731,-0.797919,-1.56933,0.936032,-1.67351,1.35279,0.444837,1.42627,-1.3104,-0.0724454,0.89088,-0.393547,0.886616,0.0264761,-0.478673,-1.03596,0.226382,0.0675763,-1.26799,0.156639,-0.0321617,0.998724,0.212245,-0.63784,-0.775643,-0.788799,1.94885,1.21166,0.828242,-0.92643,-0.62419,-1.08532,0.0134659,-0.922084,-1.04397,-1.82062,-0.720654,-1.94471,-0.376988,1.76676,-0.594025,1.17955,0.313105,1.16384,0.0323358,0.112372,0.276904,0.173359,1.84303,0.871915,-1.30925,-0.819472,-0.271119,0.144731,1.18899,1.07535,1.68402,1.67163,-0.91779,-0.253471,-1.68299,-0.374937,1.42931,0.855572,-1.19532,0.773736,1.19285,-0.945404,1.45913,0.169534,-0.0764714,-0.765289,0.113896,-0.381861,-0.117832,0.882584,1.46128,1.03181,1.38363,0.484306,-0.823809,0.6624,1.42938,-1.46633,-1.4488,-0.164685,-1.82099,-1.80793,-0.521693,-0.341195,-0.116228,-0.525659,1.20964,-0.62941,-1.84019,-0.432315,0.565485,0.00231588,0.514978,-1.58104,0.387083,2.62806,-1.13255,0.0102931,1.74538,0.984423,-0.301176,-0.219955,0.807192,-0.620959,-1.87202,-0.229643,0.349301,0.172644,0.513193,0.902277,-0.710187,0.333156,-1.27027,-0.495275,1.45581,-0.980699,0.372725,-0.997651,0.554894,0.447181,0.314511,-0.402144,-1.3503,1.25822,0.127968,-0.0678995,1.51763,-1.62725,0.826959,0.745516,-0.136439,-0.51799,-0.0691057,-0.316722,-1.16926,-0.747436,-0.648097,0.927799,-0.840043,-0.241359,-0.120248,-1.4013,0.826349,-0.448275,-0.889568,0.0887272,-2.3679,-1.14272,-0.118072,1.9451,-0.412142,-1.11657,0.611931,-0.206131,0.349768,-0.467872,-0.973593,-0.705003,-0.642772,-547.184,-508.299,2761.5,815.011,520.894,-1882.04,-2005.36,-819.359,713.376,4167.89,684.524,-60.5022,-3825.74,-379.508,89.5438,-786.665,-2764.26,-1893.05,-1138.15,1330.48,3721.9,-4549.31,2287.66,267.703,-2638.59,-2872.07,3581.78,-691.08,1559.76,-2665.15,-3407.54,531.827,2745.55,-223.138,-3512.96,4957.76,-1430.38,-3610.6,1490.59,-2808.39,2647.86,134.514,1058.66,-2025.01,485.435,3088.29,-408.039,1755.96,-843.537,223.64,-979.537,157.066,-382.401,-1592.82,146.539,630.355,1663.4,390.568,-1767.98,-422.267,-1066.21,3073.98,426.967,1910.6,-1257.09,-400.344,-1141.72,499.265,-2604.22,-1076.11,-4120.46,-2216.12,-5824.17,-626.233,4606.2,242.817,3643.23,1542.24,2193.71,656.864,865.569,271.498,-601.193,3442.11,1343.81,-669.027,-589.169,-124.323,-568.395,1995.34,2199.27,3168.19,1360.03,-1589.59,215.181,-2315.43,-552.459,2949.46,968.289,-1405.52
-250354,0,1,0,1,1,250402,-0.384764,0.00591807,1.98251,0.65987,0.194549,-1.62464,-1.32884,-0.638008,0.776036,1.76188,-0.149657,0.116447,-1.54277,-0.0636614,0.2482,-1.00728,-1.59481,-1.01706,-0.127135,0.559175,1.40119,-1.61276,1.8305,-0.0898098,-1.26576,-1.76124,1.23195,-0.269686,1.22789,-1.59845,-1.56077,0.458786,1.996,-0.185011,-1.75004,1.38731,-0.797919,-1.56933,0.936032,-1.67351,1.35279,0.444837,1.42627,-1.3104,-0.0724454,0.89088,-0.393547,0.886616,0.0264761,-0.478673,-1.03596,0.226382,0.0675763,-1.26799,0.156639,-0.0321617,0.998724,0.212245,-0.63784,-0.775643,-0.788799,1.94885,1.21166,0.828242,-0.92643,-0.62419,-1.08532,0.0134659,-0.922084,-1.04397,-1.82062,-0.720654,-1.94471,-0.376988,1.76676,-0.594025,1.17955,0.313105,1.16384,0.0323358,0.112372,0.276904,0.173359,1.84303,0.871915,-1.30925,-0.819472,-0.271119,0.144731,1.18899,1.07535,1.68402,1.67163,-0.91779,-0.253471,-1.68299,-0.374937,1.42931,0.855572,-1.19532,-0.318256,0.238642,-0.390996,-1.86144,0.0839536,-0.185136,-0.114337,0.697672,0.647975,-0.755699,-0.8516,-1.3116,-1.17839,0.296693,1.50501,1.36223,0.490745,0.50994,0.414371,-0.42859,-0.166327,-0.630485,-0.944117,1.04667,0.924251,-0.920445,0.525444,1.25068,-0.913795,-0.518866,1.11328,2.46574,-1.65222,-0.604448,-0.255557,2.45241,-0.608411,0.0568441,-0.620943,-0.878226,0.728655,-0.72555,1.81979,-1.13461,-0.416606,-1.38869,-0.580622,-0.428009,0.22356,0.771159,-1.02532,-1.79361,-0.0242731,0.562843,-0.443714,1.52913,-0.0293245,0.614799,-0.276321,-0.280097,0.182423,0.418262,1.46797,-0.476092,-1.72378,-0.918233,-0.533519,0.441531,-0.166179,-0.564844,1.30165,0.0641749,-0.644563,1.04847,-0.662402,-0.736071,0.0493059,-0.19371,0.0448707,-0.0326209,1.0678,0.966659,-0.755888,-1.34616,-1.60343,2.61142,-0.778712,-1.3832,0.534794,-1.70149,-0.89772,0.63932,0.522127,-0.553629,0.0172954,1.41578,-1.21327,0.345771,-0.613875,1.65573,-547.184,-508.299,2761.5,815.011,520.894,-1882.04,-2005.36,-819.359,713.376,4167.89,684.524,-60.5022,-3825.74,-379.508,89.5438,-786.665,-2764.26,-1893.05,-1138.15,1330.48,3721.9,-4549.31,2287.66,267.703,-2638.59,-2872.07,3581.78,-691.08,1559.76,-2665.15,-3407.54,531.827,2745.55,-223.138,-3512.96,4957.76,-1430.38,-3610.6,1490.59,-2808.39,2647.86,134.514,1058.66,-2025.01,485.435,3088.29,-408.039,1755.96,-843.537,223.64,-979.537,157.066,-382.401,-1592.82,146.539,630.355,1663.4,390.568,-1767.98,-422.267,-1066.21,3073.98,426.967,1910.6,-1257.09,-400.344,-1141.72,499.265,-2604.22,-1076.11,-4120.46,-2216.12,-5824.17,-626.233,4606.2,242.817,3643.23,1542.24,2193.71,656.864,865.569,271.498,-601.193,3442.11,1343.81,-669.027,-589.169,-124.323,-568.395,1995.34,2199.27,3168.19,1360.03,-1589.59,215.181,-2315.43,-552.459,2949.46,968.289,-1405.52
-250354,0,1,0,1,1,250392,-0.384764,0.00591807,1.98251,0.65987,0.194549,-1.62464,-1.32884,-0.638008,0.776036,1.76188,-0.149657,0.116447,-1.54277,-0.0636614,0.2482,-1.00728,-1.59481,-1.01706,-0.127135,0.559175,1.40119,-1.61276,1.8305,-0.0898098,-1.26576,-1.76124,1.23195,-0.269686,1.22789,-1.59845,-1.56077,0.458786,1.996,-0.185011,-1.75004,1.38731,-0.797919,-1.56933,0.936032,-1.67351,1.35279,0.444837,1.42627,-1.3104,-0.0724454,0.89088,-0.393547,0.886616,0.0264761,-0.478673,-1.03596,0.226382,0.0675763,-1.26799,0.156639,-0.0321617,0.998724,0.212245,-0.63784,-0.775643,-0.788799,1.94885,1.21166,0.828242,-0.92643,-0.62419,-1.08532,0.0134659,-0.922084,-1.04397,-1.82062,-0.720654,-1.94471,-0.376988,1.76676,-0.594025,1.17955,0.313105,1.16384,0.0323358,0.112372,0.276904,0.173359,1.84303,0.871915,-1.30925,-0.819472,-0.271119,0.144731,1.18899,1.07535,1.68402,1.67163,-0.91779,-0.253471,-1.68299,-0.374937,1.42931,0.855572,-1.19532,0.355352,0.462913,0.628033,0.219707,-1.29517,-1.33462,-0.075355,-1.44918,0.460936,-0.971737,0.946526,1.05692,-1.04474,1.68774,0.613194,-0.340602,0.326189,0.450154,1.37763,-0.98453,-0.908386,0.970693,1.65742,0.546793,0.203121,0.885823,-0.411321,-1.60183,0.268487,0.714902,1.33457,-0.533795,-0.0935011,-1.75582,-0.122559,-0.217127,-0.317837,-0.0547614,1.59696,1.13302,-0.253541,0.903444,0.455144,0.574504,-1.35881,-0.453169,0.278195,-0.893855,0.617766,-1.22922,-0.237845,0.935381,-1.81199,-0.372115,-1.70468,-1.02166,-0.342812,-1.2531,-0.314469,-0.386229,-0.17857,-0.828982,-1.25111,-0.800737,1.12612,0.210684,0.551217,-0.121007,0.259413,0.618964,-0.0983618,-1.35078,1.50618,-0.281267,-0.355907,-0.981666,0.120109,0.983967,-0.494501,-0.913562,-1.03547,0.747281,0.433315,0.375466,0.0963119,-0.730999,0.193863,0.676633,0.297916,0.786801,-0.681957,0.887905,-0.596235,-1.58,-1.07808,-0.560621,-0.291649,0.831321,-0.913055,-1.05304,-547.184,-508.299,2761.5,815.011,520.894,-1882.04,-2005.36,-819.359,713.376,4167.89,684.524,-60.5022,-3825.74,-379.508,89.5438,-786.665,-2764.26,-1893.05,-1138.15,1330.48,3721.9,-4549.31,2287.66,267.703,-2638.59,-2872.07,3581.78,-691.08,1559.76,-2665.15,-3407.54,531.827,2745.55,-223.138,-3512.96,4957.76,-1430.38,-3610.6,1490.59,-2808.39,2647.86,134.514,1058.66,-2025.01,485.435,3088.29,-408.039,1755.96,-843.537,223.64,-979.537,157.066,-382.401,-1592.82,146.539,630.355,1663.4,390.568,-1767.98,-422.267,-1066.21,3073.98,426.967,1910.6,-1257.09,-400.344,-1141.72,499.265,-2604.22,-1076.11,-4120.46,-2216.12,-5824.17,-626.233,4606.2,242.817,3643.23,1542.24,2193.71,656.864,865.569,271.498,-601.193,3442.11,1343.81,-669.027,-589.169,-124.323,-568.395,1995.34,2199.27,3168.19,1360.03,-1589.59,215.181,-2315.43,-552.459,2949.46,968.289,-1405.52
-250354,0,1,0,1,1,250409,-0.384764,0.00591807,1.98251,0.65987,0.194549,-1.62464,-1.32884,-0.638008,0.776036,1.76188,-0.149657,0.116447,-1.54277,-0.0636614,0.2482,-1.00728,-1.59481,-1.01706,-0.127135,0.559175,1.40119,-1.61276,1.8305,-0.0898098,-1.26576,-1.76124,1.23195,-0.269686,1.22789,-1.59845,-1.56077,0.458786,1.996,-0.185011,-1.75004,1.38731,-0.797919,-1.56933,0.936032,-1.67351,1.35279,0.444837,1.42627,-1.3104,-0.0724454,0.89088,-0.393547,0.886616,0.0264761,-0.478673,-1.03596,0.226382,0.0675763,-1.26799,0.156639,-0.0321617,0.998724,0.212245,-0.63784,-0.775643,-0.788799,1.94885,1.21166,0.828242,-0.92643,-0.62419,-1.08532,0.0134659,-0.922084,-1.04397,-1.82062,-0.720654,-1.94471,-0.376988,1.76676,-0.594025,1.17955,0.313105,1.16384,0.0323358,0.112372,0.276904,0.173359,1.84303,0.871915,-1.30925,-0.819472,-0.271119,0.144731,1.18899,1.07535,1.68402,1.67163,-0.91779,-0.253471,-1.68299,-0.374937,1.42931,0.855572,-1.19532,-1.5624,0.952736,-0.960546,1.91432,0.443699,-2.64478,-1.38006,-0.0906401,0.134816,-0.397754,-0.185489,-0.546393,-0.0139713,0.111823,-0.945163,-1.40917,-0.189266,0.159464,-0.504786,1.88289,1.55158,0.072275,-0.0309412,0.896401,-1.47516,0.161066,0.34797,-0.686138,0.370824,-0.607206,0.71437,0.717841,-0.540698,0.2121,-1.2586,-1.66793,-0.428002,0.73545,0.22767,-0.0377908,0.324792,-1.65283,-0.646035,-0.293855,1.76613,1.12026,-0.555794,0.436611,-0.0468531,0.472728,-0.874771,0.286019,-1.45823,0.280786,0.667922,-0.114873,-0.926369,0.117225,1.76445,-0.310191,-0.390064,-0.401746,2.75598,0.591901,-2.02033,-0.89961,0.0769961,-0.00437503,-0.0946294,-1.38945,0.126018,0.994942,-1.56833,0.405672,-2.59007,-0.0747493,-0.847031,1.33124,0.0414493,0.784425,0.490969,0.759114,-1.18725,-1.41167,0.815905,-2.05159,-0.957413,0.647883,-1.95952,0.496707,1.2318,0.370953,-0.647178,-0.543619,-0.74056,1.41037,2.12276,0.29814,-0.948026,-1.94923,-547.184,-508.299,2761.5,815.011,520.894,-1882.04,-2005.36,-819.359,713.376,4167.89,684.524,-60.5022,-3825.74,-379.508,89.5438,-786.665,-2764.26,-1893.05,-1138.15,1330.48,3721.9,-4549.31,2287.66,267.703,-2638.59,-2872.07,3581.78,-691.08,1559.76,-2665.15,-3407.54,531.827,2745.55,-223.138,-3512.96,4957.76,-1430.38,-3610.6,1490.59,-2808.39,2647.86,134.514,1058.66,-2025.01,485.435,3088.29,-408.039,1755.96,-843.537,223.64,-979.537,157.066,-382.401,-1592.82,146.539,630.355,1663.4,390.568,-1767.98,-422.267,-1066.21,3073.98,426.967,1910.6,-1257.09,-400.344,-1141.72,499.265,-2604.22,-1076.11,-4120.46,-2216.12,-5824.17,-626.233,4606.2,242.817,3643.23,1542.24,2193.71,656.864,865.569,271.498,-601.193,3442.11,1343.81,-669.027,-589.169,-124.323,-568.395,1995.34,2199.27,3168.19,1360.03,-1589.59,215.181,-2315.43,-552.459,2949.46,968.289,-1405.52
-250354,0,1,0,1,1,250420,-0.384764,0.00591807,1.98251,0.65987,0.194549,-1.62464,-1.32884,-0.638008,0.776036,1.76188,-0.149657,0.116447,-1.54277,-0.0636614,0.2482,-1.00728,-1.59481,-1.01706,-0.127135,0.559175,1.40119,-1.61276,1.8305,-0.0898098,-1.26576,-1.76124,1.23195,-0.269686,1.22789,-1.59845,-1.56077,0.458786,1.996,-0.185011,-1.75004,1.38731,-0.797919,-1.56933,0.936032,-1.67351,1.35279,0.444837,1.42627,-1.3104,-0.0724454,0.89088,-0.393547,0.886616,0.0264761,-0.478673,-1.03596,0.226382,0.0675763,-1.26799,0.156639,-0.0321617,0.998724,0.212245,-0.63784,-0.775643,-0.788799,1.94885,1.21166,0.828242,-0.92643,-0.62419,-1.08532,0.0134659,-0.922084,-1.04397,-1.82062,-0.720654,-1.94471,-0.376988,1.76676,-0.594025,1.17955,0.313105,1.16384,0.0323358,0.112372,0.276904,0.173359,1.84303,0.871915,-1.30925,-0.819472,-0.271119,0.144731,1.18899,1.07535,1.68402,1.67163,-0.91779,-0.253471,-1.68299,-0.374937,1.42931,0.855572,-1.19532,1.57078,-1.87876,1.23698,-0.497994,0.617679,-0.633227,2.08423,-2.64722,-0.636224,-0.259425,-2.07977,1.9704,1.41707,0.183792,0.737586,-1.0952,-0.981711,0.583109,-1.93647,0.704171,1.02142,-2.10388,-1.14846,1.21657,-1.77537,1.98187,-0.611194,0.996507,0.57032,0.713288,0.127945,-1.6487,0.0740064,0.823748,1.65475,1.62668,0.20425,-1.9036,1.88194,-0.189723,-0.500544,1.17819,1.00735,0.79271,-0.918941,0.757225,0.0371478,0.323413,-2.07873,0.953738,1.55623,0.173097,-0.735784,-0.956393,1.86161,-0.027519,0.759406,-0.537834,-0.625536,0.00290156,-0.0203024,-2.04714,-1.71849,-0.589299,-0.261777,-1.7807,-0.979234,0.964545,-0.00266651,-1.26001,-0.361315,-1.82597,0.354086,-1.12835,0.906047,-0.764902,-1.17593,1.41006,-0.323629,1.05957,-1.6771,-0.0265801,-0.103317,0.264363,-0.723427,-0.629835,-0.107383,-1.59883,0.592739,1.14091,1.00199,0.959036,-1.78687,0.21486,1.21299,0.365647,-0.802992,-0.439584,-0.545782,0.737974,-547.184,-508.299,2761.5,815.011,520.894,-1882.04,-2005.36,-819.359,713.376,4167.89,684.524,-60.5022,-3825.74,-379.508,89.5438,-786.665,-2764.26,-1893.05,-1138.15,1330.48,3721.9,-4549.31,2287.66,267.703,-2638.59,-2872.07,3581.78,-691.08,1559.76,-2665.15,-3407.54,531.827,2745.55,-223.138,-3512.96,4957.76,-1430.38,-3610.6,1490.59,-2808.39,2647.86,134.514,1058.66,-2025.01,485.435,3088.29,-408.039,1755.96,-843.537,223.64,-979.537,157.066,-382.401,-1592.82,146.539,630.355,1663.4,390.568,-1767.98,-422.267,-1066.21,3073.98,426.967,1910.6,-1257.09,-400.344,-1141.72,499.265,-2604.22,-1076.11,-4120.46,-2216.12,-5824.17,-626.233,4606.2,242.817,3643.23,1542.24,2193.71,656.864,865.569,271.498,-601.193,3442.11,1343.81,-669.027,-589.169,-124.323,-568.395,1995.34,2199.27,3168.19,1360.03,-1589.59,215.181,-2315.43,-552.459,2949.46,968.289,-1405.52
-250354,0,1,0,1,1,250406,-0.384764,0.00591807,1.98251,0.65987,0.194549,-1.62464,-1.32884,-0.638008,0.776036,1.76188,-0.149657,0.116447,-1.54277,-0.0636614,0.2482,-1.00728,-1.59481,-1.01706,-0.127135,0.559175,1.40119,-1.61276,1.8305,-0.0898098,-1.26576,-1.76124,1.23195,-0.269686,1.22789,-1.59845,-1.56077,0.458786,1.996,-0.185011,-1.75004,1.38731,-0.797919,-1.56933,0.936032,-1.67351,1.35279,0.444837,1.42627,-1.3104,-0.0724454,0.89088,-0.393547,0.886616,0.0264761,-0.478673,-1.03596,0.226382,0.0675763,-1.26799,0.156639,-0.0321617,0.998724,0.212245,-0.63784,-0.775643,-0.788799,1.94885,1.21166,0.828242,-0.92643,-0.62419,-1.08532,0.0134659,-0.922084,-1.04397,-1.82062,-0.720654,-1.94471,-0.376988,1.76676,-0.594025,1.17955,0.313105,1.16384,0.0323358,0.112372,0.276904,0.173359,1.84303,0.871915,-1.30925,-0.819472,-0.271119,0.144731,1.18899,1.07535,1.68402,1.67163,-0.91779,-0.253471,-1.68299,-0.374937,1.42931,0.855572,-1.19532,2.3948,0.438742,1.223,-0.166556,0.563623,0.0486903,-0.944671,1.75394,1.49338,-1.81044,0.376044,0.320703,1.54402,1.30908,0.433857,-0.505795,0.775267,0.534684,-0.33513,-0.268606,-2.59848,-1.5391,-2.47757,-0.833524,-1.08566,1.01614,0.218057,-0.211054,0.188501,-0.531049,-1.45244,0.581433,0.915513,-1.20807,-0.737023,-0.0457938,0.424497,0.223106,0.998035,-0.862211,0.880138,2.16459,0.392346,-1.11018,-0.0318948,-0.198211,-0.566424,-0.682404,-0.322237,-0.732189,0.0701015,-0.752669,-0.374387,0.579999,0.028674,0.20819,0.549692,-0.274727,0.845306,-0.122616,0.656665,-0.050786,0.300699,-0.0858707,-0.527356,-0.493671,-1.14996,-0.0434125,0.520992,1.13466,-1.06716,-0.383364,1.14075,-0.765818,1.19355,-0.53725,-1.40553,0.435403,1.713,-1.41906,-0.432747,-0.928895,-0.143649,0.818394,0.357425,1.37783,2.31665,1.1856,1.69097,0.716844,-1.35507,-0.704141,-1.84776,-0.706024,1.13212,-0.196527,-1.91538,0.867155,0.709127,-1.15292,-547.184,-508.299,2761.5,815.011,520.894,-1882.04,-2005.36,-819.359,713.376,4167.89,684.524,-60.5022,-3825.74,-379.508,89.5438,-786.665,-2764.26,-1893.05,-1138.15,1330.48,3721.9,-4549.31,2287.66,267.703,-2638.59,-2872.07,3581.78,-691.08,1559.76,-2665.15,-3407.54,531.827,2745.55,-223.138,-3512.96,4957.76,-1430.38,-3610.6,1490.59,-2808.39,2647.86,134.514,1058.66,-2025.01,485.435,3088.29,-408.039,1755.96,-843.537,223.64,-979.537,157.066,-382.401,-1592.82,146.539,630.355,1663.4,390.568,-1767.98,-422.267,-1066.21,3073.98,426.967,1910.6,-1257.09,-400.344,-1141.72,499.265,-2604.22,-1076.11,-4120.46,-2216.12,-5824.17,-626.233,4606.2,242.817,3643.23,1542.24,2193.71,656.864,865.569,271.498,-601.193,3442.11,1343.81,-669.027,-589.169,-124.323,-568.395,1995.34,2199.27,3168.19,1360.03,-1589.59,215.181,-2315.43,-552.459,2949.46,968.289,-1405.52
-250354,0,1,0,1,1,250408,-0.384764,0.00591807,1.98251,0.65987,0.194549,-1.62464,-1.32884,-0.638008,0.776036,1.76188,-0.149657,0.116447,-1.54277,-0.0636614,0.2482,-1.00728,-1.59481,-1.01706,-0.127135,0.559175,1.40119,-1.61276,1.8305,-0.0898098,-1.26576,-1.76124,1.23195,-0.269686,1.22789,-1.59845,-1.56077,0.458786,1.996,-0.185011,-1.75004,1.38731,-0.797919,-1.56933,0.936032,-1.67351,1.35279,0.444837,1.42627,-1.3104,-0.0724454,0.89088,-0.393547,0.886616,0.0264761,-0.478673,-1.03596,0.226382,0.0675763,-1.26799,0.156639,-0.0321617,0.998724,0.212245,-0.63784,-0.775643,-0.788799,1.94885,1.21166,0.828242,-0.92643,-0.62419,-1.08532,0.0134659,-0.922084,-1.04397,-1.82062,-0.720654,-1.94471,-0.376988,1.76676,-0.594025,1.17955,0.313105,1.16384,0.0323358,0.112372,0.276904,0.173359,1.84303,0.871915,-1.30925,-0.819472,-0.271119,0.144731,1.18899,1.07535,1.68402,1.67163,-0.91779,-0.253471,-1.68299,-0.374937,1.42931,0.855572,-1.19532,-2.33903,-0.366932,0.275609,-0.747895,0.290686,-0.415358,-0.505282,-0.194084,-0.0713276,-1.68411,1.95815,-1.29622,0.552249,0.866778,-2.06944,0.184765,-0.333025,-1.86284,0.884235,0.264057,-1.09759,0.519173,-0.632245,3.3295,-0.292701,-0.828079,0.543557,0.412429,0.908112,-0.198914,-0.814073,-1.25145,0.241035,-0.70904,-0.366215,0.294967,-1.15278,-1.22302,0.1218,0.664399,-0.189356,-0.631124,1.0581,-1.02915,-0.781451,-1.00372,0.1679,0.855287,-0.488997,1.98491,-0.791965,1.45957,0.449477,-2.46488,0.76818,0.0131764,0.944444,-0.328798,-0.853507,0.196155,0.919332,1.64597,2.01034,0.0971081,0.274472,1.08408,1.82012,0.149629,0.885822,-2.46298,0.8627,1.99243,-0.205299,0.125366,0.504366,-0.813231,-1.22219,-0.251829,1.24173,-0.769006,0.3208,1.03409,0.51449,0.387575,-0.856909,0.237322,0.0151976,0.659673,-0.995432,1.04251,-0.804924,0.260468,-0.197106,0.0455499,-0.351689,-0.843586,0.0427558,-1.60039,-1.92527,-0.0415429,-547.184,-508.299,2761.5,815.011,520.894,-1882.04,-2005.36,-819.359,713.376,4167.89,684.524,-60.5022,-3825.74,-379.508,89.5438,-786.665,-2764.26,-1893.05,-1138.15,1330.48,3721.9,-4549.31,2287.66,267.703,-2638.59,-2872.07,3581.78,-691.08,1559.76,-2665.15,-3407.54,531.827,2745.55,-223.138,-3512.96,4957.76,-1430.38,-3610.6,1490.59,-2808.39,2647.86,134.514,1058.66,-2025.01,485.435,3088.29,-408.039,1755.96,-843.537,223.64,-979.537,157.066,-382.401,-1592.82,146.539,630.355,1663.4,390.568,-1767.98,-422.267,-1066.21,3073.98,426.967,1910.6,-1257.09,-400.344,-1141.72,499.265,-2604.22,-1076.11,-4120.46,-2216.12,-5824.17,-626.233,4606.2,242.817,3643.23,1542.24,2193.71,656.864,865.569,271.498,-601.193,3442.11,1343.81,-669.027,-589.169,-124.323,-568.395,1995.34,2199.27,3168.19,1360.03,-1589.59,215.181,-2315.43,-552.459,2949.46,968.289,-1405.52
-250354,0,1,0,1,1,250403,-0.384764,0.00591807,1.98251,0.65987,0.194549,-1.62464,-1.32884,-0.638008,0.776036,1.76188,-0.149657,0.116447,-1.54277,-0.0636614,0.2482,-1.00728,-1.59481,-1.01706,-0.127135,0.559175,1.40119,-1.61276,1.8305,-0.0898098,-1.26576,-1.76124,1.23195,-0.269686,1.22789,-1.59845,-1.56077,0.458786,1.996,-0.185011,-1.75004,1.38731,-0.797919,-1.56933,0.936032,-1.67351,1.35279,0.444837,1.42627,-1.3104,-0.0724454,0.89088,-0.393547,0.886616,0.0264761,-0.478673,-1.03596,0.226382,0.0675763,-1.26799,0.156639,-0.0321617,0.998724,0.212245,-0.63784,-0.775643,-0.788799,1.94885,1.21166,0.828242,-0.92643,-0.62419,-1.08532,0.0134659,-0.922084,-1.04397,-1.82062,-0.720654,-1.94471,-0.376988,1.76676,-0.594025,1.17955,0.313105,1.16384,0.0323358,0.112372,0.276904,0.173359,1.84303,0.871915,-1.30925,-0.819472,-0.271119,0.144731,1.18899,1.07535,1.68402,1.67163,-0.91779,-0.253471,-1.68299,-0.374937,1.42931,0.855572,-1.19532,1.53544,-1.36841,-2.38547,-1.25891,-0.23926,-0.66987,-0.596621,0.721861,-0.547971,-1.04302,-1.14822,0.213231,0.50077,-0.458458,-0.0792157,-0.610207,-1.33286,-0.380976,-1.17422,-0.777066,-0.283578,-0.151116,-0.328831,-1.0546,-0.693776,1.29389,0.299446,1.04518,0.914862,-1.47574,0.968123,0.43958,-1.33406,-0.831337,-0.243737,0.372435,-1.14313,-0.696437,0.424538,1.22274,0.375375,-0.0630715,0.596258,-0.633774,0.765227,0.569527,-1.00568,2.25548,-1.91488,0.127919,-0.502165,-0.570882,-0.738954,0.000194307,0.113852,0.203302,0.75144,-0.688043,1.06694,-0.094195,0.666446,1.31808,-0.300926,0.971494,-0.332101,-1.30664,-1.76611,0.795573,-0.616047,-0.599994,-0.890813,-0.473416,-0.667288,0.662367,-0.585014,0.447168,1.95625,0.844514,3.38266,-0.7828,0.681601,0.563478,-0.447314,-1.04731,-0.695757,-2.763,0.159159,-0.108328,-0.564188,1.84709,0.98933,1.00772,-0.156896,-0.199116,-0.310626,-0.98311,-0.147579,-0.178424,-0.972711,-0.974783,-547.184,-508.299,2761.5,815.011,520.894,-1882.04,-2005.36,-819.359,713.376,4167.89,684.524,-60.5022,-3825.74,-379.508,89.5438,-786.665,-2764.26,-1893.05,-1138.15,1330.48,3721.9,-4549.31,2287.66,267.703,-2638.59,-2872.07,3581.78,-691.08,1559.76,-2665.15,-3407.54,531.827,2745.55,-223.138,-3512.96,4957.76,-1430.38,-3610.6,1490.59,-2808.39,2647.86,134.514,1058.66,-2025.01,485.435,3088.29,-408.039,1755.96,-843.537,223.64,-979.537,157.066,-382.401,-1592.82,146.539,630.355,1663.4,390.568,-1767.98,-422.267,-1066.21,3073.98,426.967,1910.6,-1257.09,-400.344,-1141.72,499.265,-2604.22,-1076.11,-4120.46,-2216.12,-5824.17,-626.233,4606.2,242.817,3643.23,1542.24,2193.71,656.864,865.569,271.498,-601.193,3442.11,1343.81,-669.027,-589.169,-124.323,-568.395,1995.34,2199.27,3168.19,1360.03,-1589.59,215.181,-2315.43,-552.459,2949.46,968.289,-1405.52
-250354,0,1,0,1,1,250418,-0.384764,0.00591807,1.98251,0.65987,0.194549,-1.62464,-1.32884,-0.638008,0.776036,1.76188,-0.149657,0.116447,-1.54277,-0.0636614,0.2482,-1.00728,-1.59481,-1.01706,-0.127135,0.559175,1.40119,-1.61276,1.8305,-0.0898098,-1.26576,-1.76124,1.23195,-0.269686,1.22789,-1.59845,-1.56077,0.458786,1.996,-0.185011,-1.75004,1.38731,-0.797919,-1.56933,0.936032,-1.67351,1.35279,0.444837,1.42627,-1.3104,-0.0724454,0.89088,-0.393547,0.886616,0.0264761,-0.478673,-1.03596,0.226382,0.0675763,-1.26799,0.156639,-0.0321617,0.998724,0.212245,-0.63784,-0.775643,-0.788799,1.94885,1.21166,0.828242,-0.92643,-0.62419,-1.08532,0.0134659,-0.922084,-1.04397,-1.82062,-0.720654,-1.94471,-0.376988,1.76676,-0.594025,1.17955,0.313105,1.16384,0.0323358,0.112372,0.276904,0.173359,1.84303,0.871915,-1.30925,-0.819472,-0.271119,0.144731,1.18899,1.07535,1.68402,1.67163,-0.91779,-0.253471,-1.68299,-0.374937,1.42931,0.855572,-1.19532,-0.853494,-2.41468,1.93793,0.800361,0.25702,-1.57645,0.502185,4.0734,3.15276,1.14247,-0.0744486,-0.485075,-0.797646,-0.196658,0.942919,-0.254977,-1.02298,-1.04185,0.190266,-0.924604,-0.639152,0.845598,1.44436,-0.695393,-0.0137911,-0.64413,0.652558,-0.722645,-0.612929,0.254358,-2.15365,1.92836,0.964598,-0.868276,0.062392,-0.595051,-0.691521,-0.964201,0.843342,0.364063,0.927674,-0.962902,0.19436,-0.228171,0.304836,-0.386325,-1.16302,-1.22183,1.3219,-1.42723,-0.150941,0.215833,-1.59764,-0.0166991,1.4611,-0.591212,-0.546215,0.703716,-1.3433,-0.0347155,0.869969,-2.15889,-0.392169,1.32892,-0.922633,-0.283087,1.03367,0.143656,0.31644,0.00486502,-1.09732,0.192541,-0.951422,-0.917954,-0.240262,-1.39061,0.500745,-0.0531965,-1.80532,0.46264,-1.51485,-1.82782,0.611344,0.158788,-1.10895,1.04251,-0.296282,-0.409175,0.982051,-0.384733,1.46251,-0.47619,-0.113611,-2.48485,-2.47767,-0.928775,1.24395,0.727623,-1.03419,-0.0985155,-547.184,-508.299,2761.5,815.011,520.894,-1882.04,-2005.36,-819.359,713.376,4167.89,684.524,-60.5022,-3825.74,-379.508,89.5438,-786.665,-2764.26,-1893.05,-1138.15,1330.48,3721.9,-4549.31,2287.66,267.703,-2638.59,-2872.07,3581.78,-691.08,1559.76,-2665.15,-3407.54,531.827,2745.55,-223.138,-3512.96,4957.76,-1430.38,-3610.6,1490.59,-2808.39,2647.86,134.514,1058.66,-2025.01,485.435,3088.29,-408.039,1755.96,-843.537,223.64,-979.537,157.066,-382.401,-1592.82,146.539,630.355,1663.4,390.568,-1767.98,-422.267,-1066.21,3073.98,426.967,1910.6,-1257.09,-400.344,-1141.72,499.265,-2604.22,-1076.11,-4120.46,-2216.12,-5824.17,-626.233,4606.2,242.817,3643.23,1542.24,2193.71,656.864,865.569,271.498,-601.193,3442.11,1343.81,-669.027,-589.169,-124.323,-568.395,1995.34,2199.27,3168.19,1360.03,-1589.59,215.181,-2315.43,-552.459,2949.46,968.289,-1405.52
-250354,0,1,0,1,1,250405,-0.384764,0.00591807,1.98251,0.65987,0.194549,-1.62464,-1.32884,-0.638008,0.776036,1.76188,-0.149657,0.116447,-1.54277,-0.0636614,0.2482,-1.00728,-1.59481,-1.01706,-0.127135,0.559175,1.40119,-1.61276,1.8305,-0.0898098,-1.26576,-1.76124,1.23195,-0.269686,1.22789,-1.59845,-1.56077,0.458786,1.996,-0.185011,-1.75004,1.38731,-0.797919,-1.56933,0.936032,-1.67351,1.35279,0.444837,1.42627,-1.3104,-0.0724454,0.89088,-0.393547,0.886616,0.0264761,-0.478673,-1.03596,0.226382,0.0675763,-1.26799,0.156639,-0.0321617,0.998724,0.212245,-0.63784,-0.775643,-0.788799,1.94885,1.21166,0.828242,-0.92643,-0.62419,-1.08532,0.0134659,-0.922084,-1.04397,-1.82062,-0.720654,-1.94471,-0.376988,1.76676,-0.594025,1.17955,0.313105,1.16384,0.0323358,0.112372,0.276904,0.173359,1.84303,0.871915,-1.30925,-0.819472,-0.271119,0.144731,1.18899,1.07535,1.68402,1.67163,-0.91779,-0.253471,-1.68299,-0.374937,1.42931,0.855572,-1.19532,0.234491,1.15365,-0.941715,-0.472118,0.296597,-0.558014,-1.20716,-0.120993,-0.0369128,-2.23847,0.000638407,1.6257,1.17739,-0.258987,0.0239585,-1.06536,0.391321,-1.38542,-0.754699,0.328797,-0.545502,1.69231,0.0305449,1.35095,-0.802095,0.248711,0.652348,0.0881799,0.140633,1.34084,-0.140753,-1.7644,0.140879,1.76082,-0.0779153,1.15877,0.74345,1.0932,-0.529551,-1.3221,1.35014,1.55662,-1.5169,-0.0363134,-1.45788,-1.70703,0.239836,1.97611,2.16188,0.55636,0.494012,1.15973,1.76918,1.07676,0.522445,0.200207,0.503509,-0.627156,-0.976024,0.867348,-0.000454303,-1.44473,-0.669937,2.12392,0.617889,-1.47123,0.911013,0.0644828,-0.615916,-0.103712,-0.486153,0.788226,-0.154868,-0.935419,-0.335357,0.569693,-0.807275,0.642786,-0.861738,-0.81325,1.56959,-0.168878,-0.26323,-2.12016,0.442998,-1.09209,-0.260803,-0.877328,0.0942456,0.82226,1.71566,-0.148609,1.36821,-0.190038,1.45623,0.163937,1.26302,0.965476,-0.324311,0.620062,-547.184,-508.299,2761.5,815.011,520.894,-1882.04,-2005.36,-819.359,713.376,4167.89,684.524,-60.5022,-3825.74,-379.508,89.5438,-786.665,-2764.26,-1893.05,-1138.15,1330.48,3721.9,-4549.31,2287.66,267.703,-2638.59,-2872.07,3581.78,-691.08,1559.76,-2665.15,-3407.54,531.827,2745.55,-223.138,-3512.96,4957.76,-1430.38,-3610.6,1490.59,-2808.39,2647.86,134.514,1058.66,-2025.01,485.435,3088.29,-408.039,1755.96,-843.537,223.64,-979.537,157.066,-382.401,-1592.82,146.539,630.355,1663.4,390.568,-1767.98,-422.267,-1066.21,3073.98,426.967,1910.6,-1257.09,-400.344,-1141.72,499.265,-2604.22,-1076.11,-4120.46,-2216.12,-5824.17,-626.233,4606.2,242.817,3643.23,1542.24,2193.71,656.864,865.569,271.498,-601.193,3442.11,1343.81,-669.027,-589.169,-124.323,-568.395,1995.34,2199.27,3168.19,1360.03,-1589.59,215.181,-2315.43,-552.459,2949.46,968.289,-1405.52
-250354,0,1,0,1,1,250404,-0.384764,0.00591807,1.98251,0.65987,0.194549,-1.62464,-1.32884,-0.638008,0.776036,1.76188,-0.149657,0.116447,-1.54277,-0.0636614,0.2482,-1.00728,-1.59481,-1.01706,-0.127135,0.559175,1.40119,-1.61276,1.8305,-0.0898098,-1.26576,-1.76124,1.23195,-0.269686,1.22789,-1.59845,-1.56077,0.458786,1.996,-0.185011,-1.75004,1.38731,-0.797919,-1.56933,0.936032,-1.67351,1.35279,0.444837,1.42627,-1.3104,-0.0724454,0.89088,-0.393547,0.886616,0.0264761,-0.478673,-1.03596,0.226382,0.0675763,-1.26799,0.156639,-0.0321617,0.998724,0.212245,-0.63784,-0.775643,-0.788799,1.94885,1.21166,0.828242,-0.92643,-0.62419,-1.08532,0.0134659,-0.922084,-1.04397,-1.82062,-0.720654,-1.94471,-0.376988,1.76676,-0.594025,1.17955,0.313105,1.16384,0.0323358,0.112372,0.276904,0.173359,1.84303,0.871915,-1.30925,-0.819472,-0.271119,0.144731,1.18899,1.07535,1.68402,1.67163,-0.91779,-0.253471,-1.68299,-0.374937,1.42931,0.855572,-1.19532,1.69355,0.591351,0.817527,-0.12789,-0.832722,0.238711,1.64271,-1.58701,1.27015,-2.01425,-1.37008,-0.372237,-0.115172,-0.33586,-0.00737167,1.53563,0.451706,-0.142316,-1.20591,-0.0796477,0.0640673,-0.736336,-0.814206,1.09384,1.1354,-0.254345,-0.619868,-2.12979,-1.32944,0.202471,0.262894,0.271554,-0.895149,0.288851,0.0348743,2.33265,-0.0928402,1.84725,-1.25576,-1.18327,-0.252693,-0.0770195,-1.42133,-0.030485,0.215982,-1.46741,0.398261,1.80295,-2.06568,-1.06813,-1.38488,0.732208,-0.526938,-0.500688,0.915295,0.824312,1.14937,-0.597649,0.454366,-0.378337,-0.447648,0.13067,1.49361,1.8964,-1.51263,-1.08664,-0.15601,-0.581851,-0.736659,0.825652,-0.0635226,-0.467197,-0.118533,-0.062747,-0.729836,0.180192,0.202249,-0.0200004,1.84066,0.0349419,0.328218,0.390773,-2.44137,-0.228289,-0.74307,0.65148,0.780079,1.03378,-0.595409,-0.351588,0.585655,0.149754,0.557813,-0.00669584,-0.160642,1.45698,0.151642,-1.21623,2.17902,-1.07073,-547.184,-508.299,2761.5,815.011,520.894,-1882.04,-2005.36,-819.359,713.376,4167.89,684.524,-60.5022,-3825.74,-379.508,89.5438,-786.665,-2764.26,-1893.05,-1138.15,1330.48,3721.9,-4549.31,2287.66,267.703,-2638.59,-2872.07,3581.78,-691.08,1559.76,-2665.15,-3407.54,531.827,2745.55,-223.138,-3512.96,4957.76,-1430.38,-3610.6,1490.59,-2808.39,2647.86,134.514,1058.66,-2025.01,485.435,3088.29,-408.039,1755.96,-843.537,223.64,-979.537,157.066,-382.401,-1592.82,146.539,630.355,1663.4,390.568,-1767.98,-422.267,-1066.21,3073.98,426.967,1910.6,-1257.09,-400.344,-1141.72,499.265,-2604.22,-1076.11,-4120.46,-2216.12,-5824.17,-626.233,4606.2,242.817,3643.23,1542.24,2193.71,656.864,865.569,271.498,-601.193,3442.11,1343.81,-669.027,-589.169,-124.323,-568.395,1995.34,2199.27,3168.19,1360.03,-1589.59,215.181,-2315.43,-552.459,2949.46,968.289,-1405.52
-250354,0,1,0,1,1,250403,-0.384764,0.00591807,1.98251,0.65987,0.194549,-1.62464,-1.32884,-0.638008,0.776036,1.76188,-0.149657,0.116447,-1.54277,-0.0636614,0.2482,-1.00728,-1.59481,-1.01706,-0.127135,0.559175,1.40119,-1.61276,1.8305,-0.0898098,-1.26576,-1.76124,1.23195,-0.269686,1.22789,-1.59845,-1.56077,0.458786,1.996,-0.185011,-1.75004,1.38731,-0.797919,-1.56933,0.936032,-1.67351,1.35279,0.444837,1.42627,-1.3104,-0.0724454,0.89088,-0.393547,0.886616,0.0264761,-0.478673,-1.03596,0.226382,0.0675763,-1.26799,0.156639,-0.0321617,0.998724,0.212245,-0.63784,-0.775643,-0.788799,1.94885,1.21166,0.828242,-0.92643,-0.62419,-1.08532,0.0134659,-0.922084,-1.04397,-1.82062,-0.720654,-1.94471,-0.376988,1.76676,-0.594025,1.17955,0.313105,1.16384,0.0323358,0.112372,0.276904,0.173359,1.84303,0.871915,-1.30925,-0.819472,-0.271119,0.144731,1.18899,1.07535,1.68402,1.67163,-0.91779,-0.253471,-1.68299,-0.374937,1.42931,0.855572,-1.19532,-0.535748,1.02873,1.32995,0.545253,0.116611,-1.37929,-0.258052,0.184938,-0.918514,0.790432,1.37175,-0.875998,-1.04514,-0.606968,0.299232,-0.653831,0.520386,0.193259,-0.813412,0.407107,-0.401243,0.186893,-0.370951,-1.58167,0.116029,0.0568305,-0.675007,1.12983,-0.86122,0.215703,0.0573504,0.150543,0.907832,1.91745,-1.93338,-1.84168,-1.81868,-0.24035,-0.677048,-0.523674,-1.02176,-0.240069,1.96972,-0.702984,-0.815798,-0.013864,0.0438996,-0.702006,2.4454,-1.06842,0.297976,0.185728,-1.55841,0.318477,-0.720237,1.62801,1.08494,0.200246,1.43106,2.58347,0.838113,-0.136931,0.183257,-1.35131,-0.299638,-1.20232,-1.43665,1.93243,1.10742,-0.899338,-0.0635694,-0.676154,0.720638,-1.22847,0.736724,-0.250908,1.30569,-0.754863,0.744282,0.877691,0.733932,-0.553141,1.9676,-0.122981,1.0618,-0.784308,-0.132876,0.491861,-0.29133,0.289441,0.3579,0.681323,-0.846822,-0.374797,-1.96944,0.706781,-0.44794,-0.0711038,-1.28522,1.06072,-547.184,-508.299,2761.5,815.011,520.894,-1882.04,-2005.36,-819.359,713.376,4167.89,684.524,-60.5022,-3825.74,-379.508,89.5438,-786.665,-2764.26,-1893.05,-1138.15,1330.48,3721.9,-4549.31,2287.66,267.703,-2638.59,-2872.07,3581.78,-691.08,1559.76,-2665.15,-3407.54,531.827,2745.55,-223.138,-3512.96,4957.76,-1430.38,-3610.6,1490.59,-2808.39,2647.86,134.514,1058.66,-2025.01,485.435,3088.29,-408.039,1755.96,-843.537,223.64,-979.537,157.066,-382.401,-1592.82,146.539,630.355,1663.4,390.568,-1767.98,-422.267,-1066.21,3073.98,426.967,1910.6,-1257.09,-400.344,-1141.72,499.265,-2604.22,-1076.11,-4120.46,-2216.12,-5824.17,-626.233,4606.2,242.817,3643.23,1542.24,2193.71,656.864,865.569,271.498,-601.193,3442.11,1343.81,-669.027,-589.169,-124.323,-568.395,1995.34,2199.27,3168.19,1360.03,-1589.59,215.181,-2315.43,-552.459,2949.46,968.289,-1405.52
-250354,0,1,0,1,1,250388,-0.384764,0.00591807,1.98251,0.65987,0.194549,-1.62464,-1.32884,-0.638008,0.776036,1.76188,-0.149657,0.116447,-1.54277,-0.0636614,0.2482,-1.00728,-1.59481,-1.01706,-0.127135,0.559175,1.40119,-1.61276,1.8305,-0.0898098,-1.26576,-1.76124,1.23195,-0.269686,1.22789,-1.59845,-1.56077,0.458786,1.996,-0.185011,-1.75004,1.38731,-0.797919,-1.56933,0.936032,-1.67351,1.35279,0.444837,1.42627,-1.3104,-0.0724454,0.89088,-0.393547,0.886616,0.0264761,-0.478673,-1.03596,0.226382,0.0675763,-1.26799,0.156639,-0.0321617,0.998724,0.212245,-0.63784,-0.775643,-0.788799,1.94885,1.21166,0.828242,-0.92643,-0.62419,-1.08532,0.0134659,-0.922084,-1.04397,-1.82062,-0.720654,-1.94471,-0.376988,1.76676,-0.594025,1.17955,0.313105,1.16384,0.0323358,0.112372,0.276904,0.173359,1.84303,0.871915,-1.30925,-0.819472,-0.271119,0.144731,1.18899,1.07535,1.68402,1.67163,-0.91779,-0.253471,-1.68299,-0.374937,1.42931,0.855572,-1.19532,0.385769,0.00333682,1.59272,0.199452,1.2877,-0.693963,-0.17236,-0.202207,-1.08323,-1.3268,-0.310212,-0.512692,-1.94511,-0.83778,1.26242,-0.171162,0.902947,-0.247238,0.180568,-0.517697,1.42114,-0.000143412,-0.0900817,0.305859,1.23171,-1.42968,-0.297601,0.157635,-0.459075,1.37923,-0.783603,-0.837454,1.45637,0.326874,-0.9767,-1.20844,0.112648,1.24376,-1.69421,0.863824,0.358943,-1.52258,1.53887,0.0505235,-0.891245,0.695881,0.720497,-0.116144,0.35181,0.225107,-0.410339,0.0826556,-0.960935,-0.699005,-0.817965,0.839124,-0.173935,0.836407,-0.534797,0.0534587,0.15373,-1.17443,0.222392,-1.06832,-0.154025,-0.202834,-0.9428,1.08308,0.601465,0.729052,-1.16067,-0.757064,0.255187,0.56904,0.562148,-0.201653,-0.966995,0.895241,-0.799869,0.644578,0.0432255,-0.870117,0.316191,0.351497,0.750479,0.0876987,0.316751,0.859147,-0.957902,-0.152467,-1.91696,-0.197622,-0.366341,0.261295,-0.0565942,-0.459415,1.292,0.560692,0.108969,-1.19839,-547.184,-508.299,2761.5,815.011,520.894,-1882.04,-2005.36,-819.359,713.376,4167.89,684.524,-60.5022,-3825.74,-379.508,89.5438,-786.665,-2764.26,-1893.05,-1138.15,1330.48,3721.9,-4549.31,2287.66,267.703,-2638.59,-2872.07,3581.78,-691.08,1559.76,-2665.15,-3407.54,531.827,2745.55,-223.138,-3512.96,4957.76,-1430.38,-3610.6,1490.59,-2808.39,2647.86,134.514,1058.66,-2025.01,485.435,3088.29,-408.039,1755.96,-843.537,223.64,-979.537,157.066,-382.401,-1592.82,146.539,630.355,1663.4,390.568,-1767.98,-422.267,-1066.21,3073.98,426.967,1910.6,-1257.09,-400.344,-1141.72,499.265,-2604.22,-1076.11,-4120.46,-2216.12,-5824.17,-626.233,4606.2,242.817,3643.23,1542.24,2193.71,656.864,865.569,271.498,-601.193,3442.11,1343.81,-669.027,-589.169,-124.323,-568.395,1995.34,2199.27,3168.19,1360.03,-1589.59,215.181,-2315.43,-552.459,2949.46,968.289,-1405.52
-250354,0,1,0,1,1,250414,-0.384764,0.00591807,1.98251,0.65987,0.194549,-1.62464,-1.32884,-0.638008,0.776036,1.76188,-0.149657,0.116447,-1.54277,-0.0636614,0.2482,-1.00728,-1.59481,-1.01706,-0.127135,0.559175,1.40119,-1.61276,1.8305,-0.0898098,-1.26576,-1.76124,1.23195,-0.269686,1.22789,-1.59845,-1.56077,0.458786,1.996,-0.185011,-1.75004,1.38731,-0.797919,-1.56933,0.936032,-1.67351,1.35279,0.444837,1.42627,-1.3104,-0.0724454,0.89088,-0.393547,0.886616,0.0264761,-0.478673,-1.03596,0.226382,0.0675763,-1.26799,0.156639,-0.0321617,0.998724,0.212245,-0.63784,-0.775643,-0.788799,1.94885,1.21166,0.828242,-0.92643,-0.62419,-1.08532,0.0134659,-0.922084,-1.04397,-1.82062,-0.720654,-1.94471,-0.376988,1.76676,-0.594025,1.17955,0.313105,1.16384,0.0323358,0.112372,0.276904,0.173359,1.84303,0.871915,-1.30925,-0.819472,-0.271119,0.144731,1.18899,1.07535,1.68402,1.67163,-0.91779,-0.253471,-1.68299,-0.374937,1.42931,0.855572,-1.19532,-0.317504,-0.0391827,0.486382,-0.488389,-0.24696,1.56681,0.744448,0.185808,2.22093,0.323293,-0.687641,-0.00172282,-1.55468,1.52933,-0.966792,-0.752886,2.6772,1.32758,-0.0133509,0.247724,0.315796,1.69079,0.403283,-0.172856,0.927679,-0.414294,0.715549,0.328275,-1.12453,-0.492879,0.337712,-2.44431,0.279476,-1.11639,-0.974647,0.45909,-0.253321,-2.23191,-0.739592,-2.202,0.117308,1.03923,-1.20798,0.854592,1.3826,-0.266757,-2.43886,0.631913,1.73041,-0.0179129,1.14078,-0.646567,-0.984399,1.74205,0.591948,0.127182,0.51667,-0.875005,1.29673,-1.04953,0.592499,-0.626072,-0.241819,-2.22791,-0.0172416,0.314189,0.159004,0.106569,-0.0341678,-1.12742,0.445192,1.92478,1.30935,2.20114,-1.49169,-0.74527,0.858499,-0.170744,1.21341,-1.86038,-0.463137,-0.460902,1.19058,-0.0567688,-0.0859422,2.06707,-0.800719,0.783407,-1.09194,-0.964613,0.633532,-0.388015,-0.589986,-0.799433,1.28806,-2.03792,0.600519,-1.34581,0.612352,0.327453,-547.184,-508.299,2761.5,815.011,520.894,-1882.04,-2005.36,-819.359,713.376,4167.89,684.524,-60.5022,-3825.74,-379.508,89.5438,-786.665,-2764.26,-1893.05,-1138.15,1330.48,3721.9,-4549.31,2287.66,267.703,-2638.59,-2872.07,3581.78,-691.08,1559.76,-2665.15,-3407.54,531.827,2745.55,-223.138,-3512.96,4957.76,-1430.38,-3610.6,1490.59,-2808.39,2647.86,134.514,1058.66,-2025.01,485.435,3088.29,-408.039,1755.96,-843.537,223.64,-979.537,157.066,-382.401,-1592.82,146.539,630.355,1663.4,390.568,-1767.98,-422.267,-1066.21,3073.98,426.967,1910.6,-1257.09,-400.344,-1141.72,499.265,-2604.22,-1076.11,-4120.46,-2216.12,-5824.17,-626.233,4606.2,242.817,3643.23,1542.24,2193.71,656.864,865.569,271.498,-601.193,3442.11,1343.81,-669.027,-589.169,-124.323,-568.395,1995.34,2199.27,3168.19,1360.03,-1589.59,215.181,-2315.43,-552.459,2949.46,968.289,-1405.52
-250354,0,1,0,1,1,250406,-0.384764,0.00591807,1.98251,0.65987,0.194549,-1.62464,-1.32884,-0.638008,0.776036,1.76188,-0.149657,0.116447,-1.54277,-0.0636614,0.2482,-1.00728,-1.59481,-1.01706,-0.127135,0.559175,1.40119,-1.61276,1.8305,-0.0898098,-1.26576,-1.76124,1.23195,-0.269686,1.22789,-1.59845,-1.56077,0.458786,1.996,-0.185011,-1.75004,1.38731,-0.797919,-1.56933,0.936032,-1.67351,1.35279,0.444837,1.42627,-1.3104,-0.0724454,0.89088,-0.393547,0.886616,0.0264761,-0.478673,-1.03596,0.226382,0.0675763,-1.26799,0.156639,-0.0321617,0.998724,0.212245,-0.63784,-0.775643,-0.788799,1.94885,1.21166,0.828242,-0.92643,-0.62419,-1.08532,0.0134659,-0.922084,-1.04397,-1.82062,-0.720654,-1.94471,-0.376988,1.76676,-0.594025,1.17955,0.313105,1.16384,0.0323358,0.112372,0.276904,0.173359,1.84303,0.871915,-1.30925,-0.819472,-0.271119,0.144731,1.18899,1.07535,1.68402,1.67163,-0.91779,-0.253471,-1.68299,-0.374937,1.42931,0.855572,-1.19532,0.944392,0.158514,1.36584,-0.89974,-1.86224,-0.517813,-0.410916,1.49255,-1.14191,-0.20212,-0.469962,-0.273227,1.55594,-1.36184,0.473867,1.21212,-0.850666,0.475005,0.235911,-0.127749,-1.70111,0.929097,0.902003,0.265776,1.70806,0.811688,0.988724,-0.256829,0.187064,0.802267,0.88242,-0.991121,-1.47483,-0.559631,-1.4431,0.462948,-0.396499,-0.350373,-0.344317,-0.77392,-0.126987,-1.86099,0.149613,0.390327,-0.499937,-1.13275,-1.36925,-0.0608638,-0.939703,-0.456719,0.978418,-1.34566,-0.333898,-0.14095,2.56393,1.67335,1.38009,0.62383,0.686175,-0.267643,0.845629,-1.46421,-1.10288,-1.25985,-0.633604,0.870368,-0.667337,-2.74579,1.18862,-0.634868,-2.7052,-0.831509,-0.272414,-0.752568,-1.36639,-0.805991,0.0888889,0.0688629,0.838535,1.37697,-1.19918,1.21627,0.0868471,-0.144127,-1.14931,-0.179764,-0.531861,0.290398,-0.665529,-0.619106,0.81705,0.862781,1.542,-0.266071,1.43183,0.969638,0.020523,-0.283732,0.843167,-0.570646,-547.184,-508.299,2761.5,815.011,520.894,-1882.04,-2005.36,-819.359,713.376,4167.89,684.524,-60.5022,-3825.74,-379.508,89.5438,-786.665,-2764.26,-1893.05,-1138.15,1330.48,3721.9,-4549.31,2287.66,267.703,-2638.59,-2872.07,3581.78,-691.08,1559.76,-2665.15,-3407.54,531.827,2745.55,-223.138,-3512.96,4957.76,-1430.38,-3610.6,1490.59,-2808.39,2647.86,134.514,1058.66,-2025.01,485.435,3088.29,-408.039,1755.96,-843.537,223.64,-979.537,157.066,-382.401,-1592.82,146.539,630.355,1663.4,390.568,-1767.98,-422.267,-1066.21,3073.98,426.967,1910.6,-1257.09,-400.344,-1141.72,499.265,-2604.22,-1076.11,-4120.46,-2216.12,-5824.17,-626.233,4606.2,242.817,3643.23,1542.24,2193.71,656.864,865.569,271.498,-601.193,3442.11,1343.81,-669.027,-589.169,-124.323,-568.395,1995.34,2199.27,3168.19,1360.03,-1589.59,215.181,-2315.43,-552.459,2949.46,968.289,-1405.52
-250354,0,1,0,1,1,250401,-0.384764,0.00591807,1.98251,0.65987,0.194549,-1.62464,-1.32884,-0.638008,0.776036,1.76188,-0.149657,0.116447,-1.54277,-0.0636614,0.2482,-1.00728,-1.59481,-1.01706,-0.127135,0.559175,1.40119,-1.61276,1.8305,-0.0898098,-1.26576,-1.76124,1.23195,-0.269686,1.22789,-1.59845,-1.56077,0.458786,1.996,-0.185011,-1.75004,1.38731,-0.797919,-1.56933,0.936032,-1.67351,1.35279,0.444837,1.42627,-1.3104,-0.0724454,0.89088,-0.393547,0.886616,0.0264761,-0.478673,-1.03596,0.226382,0.0675763,-1.26799,0.156639,-0.0321617,0.998724,0.212245,-0.63784,-0.775643,-0.788799,1.94885,1.21166,0.828242,-0.92643,-0.62419,-1.08532,0.0134659,-0.922084,-1.04397,-1.82062,-0.720654,-1.94471,-0.376988,1.76676,-0.594025,1.17955,0.313105,1.16384,0.0323358,0.112372,0.276904,0.173359,1.84303,0.871915,-1.30925,-0.819472,-0.271119,0.144731,1.18899,1.07535,1.68402,1.67163,-0.91779,-0.253471,-1.68299,-0.374937,1.42931,0.855572,-1.19532,-0.598691,0.830888,0.697512,0.633023,-0.418576,1.20912,-1.38812,1.0995,0.278472,-0.851374,-0.828563,1.27209,1.13805,-0.814632,1.96854,-0.634649,-1.63752,0.957778,0.131857,0.618768,-1.62955,0.130851,1.92442,0.676664,0.655125,-0.0370117,-1.39891,0.402029,1.37418,0.675665,0.965782,0.0656644,-0.546145,0.161857,0.117967,-0.744765,-0.224692,0.267842,0.45738,0.28212,0.438674,1.36571,0.388967,-0.62909,-0.770568,0.181437,-1.22955,-0.559096,0.708806,-0.167744,0.629947,-0.261061,2.32983,-1.19474,0.202844,-0.634478,0.809444,-0.468972,0.555088,0.437393,0.505347,-0.649347,0.531792,0.0143664,-0.165636,1.00252,0.368585,0.401116,-1.4131,0.957436,1.27186,0.511513,-0.408952,0.236979,0.90149,-1.27758,-0.508622,0.508136,-0.294582,-1.03033,-0.172873,-0.146556,1.77649,-2.86367,0.158626,0.542765,-1.20676,-0.414931,1.73258,-1.43063,0.0204621,0.256099,-2.56925,0.460902,-0.670819,0.448589,-2.28726,-1.42315,-0.900356,0.014187,-547.184,-508.299,2761.5,815.011,520.894,-1882.04,-2005.36,-819.359,713.376,4167.89,684.524,-60.5022,-3825.74,-379.508,89.5438,-786.665,-2764.26,-1893.05,-1138.15,1330.48,3721.9,-4549.31,2287.66,267.703,-2638.59,-2872.07,3581.78,-691.08,1559.76,-2665.15,-3407.54,531.827,2745.55,-223.138,-3512.96,4957.76,-1430.38,-3610.6,1490.59,-2808.39,2647.86,134.514,1058.66,-2025.01,485.435,3088.29,-408.039,1755.96,-843.537,223.64,-979.537,157.066,-382.401,-1592.82,146.539,630.355,1663.4,390.568,-1767.98,-422.267,-1066.21,3073.98,426.967,1910.6,-1257.09,-400.344,-1141.72,499.265,-2604.22,-1076.11,-4120.46,-2216.12,-5824.17,-626.233,4606.2,242.817,3643.23,1542.24,2193.71,656.864,865.569,271.498,-601.193,3442.11,1343.81,-669.027,-589.169,-124.323,-568.395,1995.34,2199.27,3168.19,1360.03,-1589.59,215.181,-2315.43,-552.459,2949.46,968.289,-1405.52
-250354,0,1,0,1,1,250404,-0.384764,0.00591807,1.98251,0.65987,0.194549,-1.62464,-1.32884,-0.638008,0.776036,1.76188,-0.149657,0.116447,-1.54277,-0.0636614,0.2482,-1.00728,-1.59481,-1.01706,-0.127135,0.559175,1.40119,-1.61276,1.8305,-0.0898098,-1.26576,-1.76124,1.23195,-0.269686,1.22789,-1.59845,-1.56077,0.458786,1.996,-0.185011,-1.75004,1.38731,-0.797919,-1.56933,0.936032,-1.67351,1.35279,0.444837,1.42627,-1.3104,-0.0724454,0.89088,-0.393547,0.886616,0.0264761,-0.478673,-1.03596,0.226382,0.0675763,-1.26799,0.156639,-0.0321617,0.998724,0.212245,-0.63784,-0.775643,-0.788799,1.94885,1.21166,0.828242,-0.92643,-0.62419,-1.08532,0.0134659,-0.922084,-1.04397,-1.82062,-0.720654,-1.94471,-0.376988,1.76676,-0.594025,1.17955,0.313105,1.16384,0.0323358,0.112372,0.276904,0.173359,1.84303,0.871915,-1.30925,-0.819472,-0.271119,0.144731,1.18899,1.07535,1.68402,1.67163,-0.91779,-0.253471,-1.68299,-0.374937,1.42931,0.855572,-1.19532,0.426548,-0.380229,-0.594216,-0.520664,-0.266896,0.0682707,-0.371486,-1.74315,-0.13428,-0.459403,-2.68994,-0.636455,-0.835101,0.145637,0.0640396,1.13902,-0.0547873,1.60124,0.0718585,0.0834517,-0.054822,0.119925,-0.0179193,-1.19267,-2.12309,-1.33272,-0.325732,-0.168072,1.20593,0.184938,0.769057,0.45124,-0.0104496,0.947645,0.665436,0.704128,1.6395,2.28036,0.248971,0.565626,-0.877247,0.0665933,-0.499354,0.449721,0.913696,1.63032,-0.402856,0.379288,-0.963749,-1.13275,0.102118,-0.515653,0.732476,-0.258026,1.27646,-0.141659,-1.46205,-1.9367,-1.50169,1.12667,0.892219,-0.280416,-0.126599,-2.28653,0.0271274,1.94642,-1.08112,-1.70319,-1.75956,0.354227,-0.341219,0.148002,0.534437,0.158591,-0.0430078,-1.05544,1.36633,1.14127,-1.78841,0.567464,-0.406768,-0.572431,0.278681,1.69761,-2.84723,0.0182258,0.445444,-0.39831,0.350419,-0.127826,0.726345,0.0545426,-1.36294,1.27723,-0.48668,-1.04091,-0.628533,1.09037,-0.235219,0.126858,-547.184,-508.299,2761.5,815.011,520.894,-1882.04,-2005.36,-819.359,713.376,4167.89,684.524,-60.5022,-3825.74,-379.508,89.5438,-786.665,-2764.26,-1893.05,-1138.15,1330.48,3721.9,-4549.31,2287.66,267.703,-2638.59,-2872.07,3581.78,-691.08,1559.76,-2665.15,-3407.54,531.827,2745.55,-223.138,-3512.96,4957.76,-1430.38,-3610.6,1490.59,-2808.39,2647.86,134.514,1058.66,-2025.01,485.435,3088.29,-408.039,1755.96,-843.537,223.64,-979.537,157.066,-382.401,-1592.82,146.539,630.355,1663.4,390.568,-1767.98,-422.267,-1066.21,3073.98,426.967,1910.6,-1257.09,-400.344,-1141.72,499.265,-2604.22,-1076.11,-4120.46,-2216.12,-5824.17,-626.233,4606.2,242.817,3643.23,1542.24,2193.71,656.864,865.569,271.498,-601.193,3442.11,1343.81,-669.027,-589.169,-124.323,-568.395,1995.34,2199.27,3168.19,1360.03,-1589.59,215.181,-2315.43,-552.459,2949.46,968.289,-1405.52
-250354,0,1,0,1,1,250401,-0.384764,0.00591807,1.98251,0.65987,0.194549,-1.62464,-1.32884,-0.638008,0.776036,1.76188,-0.149657,0.116447,-1.54277,-0.0636614,0.2482,-1.00728,-1.59481,-1.01706,-0.127135,0.559175,1.40119,-1.61276,1.8305,-0.0898098,-1.26576,-1.76124,1.23195,-0.269686,1.22789,-1.59845,-1.56077,0.458786,1.996,-0.185011,-1.75004,1.38731,-0.797919,-1.56933,0.936032,-1.67351,1.35279,0.444837,1.42627,-1.3104,-0.0724454,0.89088,-0.393547,0.886616,0.0264761,-0.478673,-1.03596,0.226382,0.0675763,-1.26799,0.156639,-0.0321617,0.998724,0.212245,-0.63784,-0.775643,-0.788799,1.94885,1.21166,0.828242,-0.92643,-0.62419,-1.08532,0.0134659,-0.922084,-1.04397,-1.82062,-0.720654,-1.94471,-0.376988,1.76676,-0.594025,1.17955,0.313105,1.16384,0.0323358,0.112372,0.276904,0.173359,1.84303,0.871915,-1.30925,-0.819472,-0.271119,0.144731,1.18899,1.07535,1.68402,1.67163,-0.91779,-0.253471,-1.68299,-0.374937,1.42931,0.855572,-1.19532,-0.260079,0.630253,0.580014,-0.118472,-1.33867,0.586445,-0.115104,-1.65728,1.69725,1.31552,1.25496,-0.92723,1.03982,0.35637,-0.914085,-2.42185,1.65162,0.435149,-1.58005,-0.250029,-0.939254,0.473784,1.08448,0.368034,0.500083,-1.13338,-0.648508,-0.936857,-0.409427,1.55992,0.377077,0.893056,0.618056,0.633,-0.263225,-1.96448,0.372729,0.804047,-0.62747,0.352001,0.56966,0.854856,-0.164088,-0.454634,-0.738918,-1.06801,0.729814,0.405255,-0.103241,-0.633446,0.800263,-0.218222,0.0974543,-0.0115956,-0.559763,-2.84607,0.0234988,-0.498313,-0.574873,1.00714,0.165894,-1.87179,0.274012,0.345897,0.899252,2.35228,0.12776,0.163906,-1.20897,0.690018,-1.43235,2.16799,-0.707347,1.46298,-0.688905,0.138963,1.48515,0.524095,-0.184775,0.152337,-0.0481682,-0.0028342,0.742913,0.449893,1.27547,-1.15367,0.81671,0.787165,-0.250919,-0.892519,0.63315,-0.626289,0.587347,-0.693951,-1.01785,0.058698,-0.136846,0.958029,-1.67102,0.871544,-547.184,-508.299,2761.5,815.011,520.894,-1882.04,-2005.36,-819.359,713.376,4167.89,684.524,-60.5022,-3825.74,-379.508,89.5438,-786.665,-2764.26,-1893.05,-1138.15,1330.48,3721.9,-4549.31,2287.66,267.703,-2638.59,-2872.07,3581.78,-691.08,1559.76,-2665.15,-3407.54,531.827,2745.55,-223.138,-3512.96,4957.76,-1430.38,-3610.6,1490.59,-2808.39,2647.86,134.514,1058.66,-2025.01,485.435,3088.29,-408.039,1755.96,-843.537,223.64,-979.537,157.066,-382.401,-1592.82,146.539,630.355,1663.4,390.568,-1767.98,-422.267,-1066.21,3073.98,426.967,1910.6,-1257.09,-400.344,-1141.72,499.265,-2604.22,-1076.11,-4120.46,-2216.12,-5824.17,-626.233,4606.2,242.817,3643.23,1542.24,2193.71,656.864,865.569,271.498,-601.193,3442.11,1343.81,-669.027,-589.169,-124.323,-568.395,1995.34,2199.27,3168.19,1360.03,-1589.59,215.181,-2315.43,-552.459,2949.46,968.289,-1405.52
-250354,0,1,0,1,1,250392,-0.384764,0.00591807,1.98251,0.65987,0.194549,-1.62464,-1.32884,-0.638008,0.776036,1.76188,-0.149657,0.116447,-1.54277,-0.0636614,0.2482,-1.00728,-1.59481,-1.01706,-0.127135,0.559175,1.40119,-1.61276,1.8305,-0.0898098,-1.26576,-1.76124,1.23195,-0.269686,1.22789,-1.59845,-1.56077,0.458786,1.996,-0.185011,-1.75004,1.38731,-0.797919,-1.56933,0.936032,-1.67351,1.35279,0.444837,1.42627,-1.3104,-0.0724454,0.89088,-0.393547,0.886616,0.0264761,-0.478673,-1.03596,0.226382,0.0675763,-1.26799,0.156639,-0.0321617,0.998724,0.212245,-0.63784,-0.775643,-0.788799,1.94885,1.21166,0.828242,-0.92643,-0.62419,-1.08532,0.0134659,-0.922084,-1.04397,-1.82062,-0.720654,-1.94471,-0.376988,1.76676,-0.594025,1.17955,0.313105,1.16384,0.0323358,0.112372,0.276904,0.173359,1.84303,0.871915,-1.30925,-0.819472,-0.271119,0.144731,1.18899,1.07535,1.68402,1.67163,-0.91779,-0.253471,-1.68299,-0.374937,1.42931,0.855572,-1.19532,0.54467,-0.171296,0.501705,-0.186034,0.203407,0.205119,1.13281,1.57832,1.151,-0.5798,-0.455448,-0.195126,-0.734248,-0.856262,0.500997,-0.180631,-0.32877,-0.106474,-0.49099,1.44164,-1.48335,-0.502423,-0.802294,0.386852,0.387446,0.768108,-1.12792,-0.678515,-0.912051,1.28499,-0.156835,-1.85293,0.235216,0.801104,-0.842662,1.38336,-0.219553,-0.767782,0.507484,0.571143,-1.65975,-0.371217,0.724829,1.10788,0.236722,0.353322,0.482783,0.232204,0.276046,-0.822916,0.817566,-0.40554,-1.56992,-0.169264,0.372938,0.0129726,1.56399,0.0312014,0.0746042,-0.219878,1.18619,1.07833,2.00744,0.846724,0.656803,0.162714,-0.00029758,-0.734688,-0.927075,2.08891,1.80574,0.874335,0.155169,-0.294906,-0.477711,-0.0861852,-0.464788,-0.643949,0.752267,0.209824,1.63124,-1.29446,-0.46638,1.77592,0.268846,-0.0613572,-0.590858,-0.260918,-0.892771,-0.669382,1.99951,0.421386,0.191756,-0.461934,-0.425251,1.02567,-1.09634,1.14273,-0.312657,-0.48728,-547.184,-508.299,2761.5,815.011,520.894,-1882.04,-2005.36,-819.359,713.376,4167.89,684.524,-60.5022,-3825.74,-379.508,89.5438,-786.665,-2764.26,-1893.05,-1138.15,1330.48,3721.9,-4549.31,2287.66,267.703,-2638.59,-2872.07,3581.78,-691.08,1559.76,-2665.15,-3407.54,531.827,2745.55,-223.138,-3512.96,4957.76,-1430.38,-3610.6,1490.59,-2808.39,2647.86,134.514,1058.66,-2025.01,485.435,3088.29,-408.039,1755.96,-843.537,223.64,-979.537,157.066,-382.401,-1592.82,146.539,630.355,1663.4,390.568,-1767.98,-422.267,-1066.21,3073.98,426.967,1910.6,-1257.09,-400.344,-1141.72,499.265,-2604.22,-1076.11,-4120.46,-2216.12,-5824.17,-626.233,4606.2,242.817,3643.23,1542.24,2193.71,656.864,865.569,271.498,-601.193,3442.11,1343.81,-669.027,-589.169,-124.323,-568.395,1995.34,2199.27,3168.19,1360.03,-1589.59,215.181,-2315.43,-552.459,2949.46,968.289,-1405.52
-250354,0,1,0,1,1,250405,-0.384764,0.00591807,1.98251,0.65987,0.194549,-1.62464,-1.32884,-0.638008,0.776036,1.76188,-0.149657,0.116447,-1.54277,-0.0636614,0.2482,-1.00728,-1.59481,-1.01706,-0.127135,0.559175,1.40119,-1.61276,1.8305,-0.0898098,-1.26576,-1.76124,1.23195,-0.269686,1.22789,-1.59845,-1.56077,0.458786,1.996,-0.185011,-1.75004,1.38731,-0.797919,-1.56933,0.936032,-1.67351,1.35279,0.444837,1.42627,-1.3104,-0.0724454,0.89088,-0.393547,0.886616,0.0264761,-0.478673,-1.03596,0.226382,0.0675763,-1.26799,0.156639,-0.0321617,0.998724,0.212245,-0.63784,-0.775643,-0.788799,1.94885,1.21166,0.828242,-0.92643,-0.62419,-1.08532,0.0134659,-0.922084,-1.04397,-1.82062,-0.720654,-1.94471,-0.376988,1.76676,-0.594025,1.17955,0.313105,1.16384,0.0323358,0.112372,0.276904,0.173359,1.84303,0.871915,-1.30925,-0.819472,-0.271119,0.144731,1.18899,1.07535,1.68402,1.67163,-0.91779,-0.253471,-1.68299,-0.374937,1.42931,0.855572,-1.19532,-0.475874,0.548336,0.728821,-0.399148,1.62846,2.22137,-0.76627,0.269345,-0.778883,0.32272,-1.50957,-1.69392,-0.276049,-0.303603,-0.517576,2.7558,-0.733296,0.13623,-0.262792,-2.04093,-0.768937,-0.362051,1.03014,-0.0052924,0.587586,-0.698643,0.186046,-1.049,0.762951,1.14689,0.380574,0.811831,-0.88208,-0.914487,-2.19908,-0.0390174,-0.0279354,1.42699,0.901739,-1.16694,0.68207,-0.468951,1.08886,-0.0577018,-0.463447,-0.0484092,0.665766,0.270549,0.302984,0.959584,0.0279219,1.55758,0.239737,-0.886321,-0.401562,-0.0210472,-2.82624,-0.383519,-0.0721678,0.239075,0.574445,1.56842,1.03751,0.30933,-1.28248,-1.35693,1.17814,-1.19328,-0.681441,0.561892,0.683394,0.0840098,-1.37379,0.865286,1.4562,-1.82957,-0.0256077,1.59052,0.084701,-0.336071,-0.21403,-0.221617,0.264563,1.00203,1.71098,-1.21659,-0.907193,0.922778,-0.765926,0.124526,-1.61979,-0.140613,-0.617368,1.05899,-0.320359,-0.198134,0.502248,-0.279208,-1.54158,1.83499,-547.184,-508.299,2761.5,815.011,520.894,-1882.04,-2005.36,-819.359,713.376,4167.89,684.524,-60.5022,-3825.74,-379.508,89.5438,-786.665,-2764.26,-1893.05,-1138.15,1330.48,3721.9,-4549.31,2287.66,267.703,-2638.59,-2872.07,3581.78,-691.08,1559.76,-2665.15,-3407.54,531.827,2745.55,-223.138,-3512.96,4957.76,-1430.38,-3610.6,1490.59,-2808.39,2647.86,134.514,1058.66,-2025.01,485.435,3088.29,-408.039,1755.96,-843.537,223.64,-979.537,157.066,-382.401,-1592.82,146.539,630.355,1663.4,390.568,-1767.98,-422.267,-1066.21,3073.98,426.967,1910.6,-1257.09,-400.344,-1141.72,499.265,-2604.22,-1076.11,-4120.46,-2216.12,-5824.17,-626.233,4606.2,242.817,3643.23,1542.24,2193.71,656.864,865.569,271.498,-601.193,3442.11,1343.81,-669.027,-589.169,-124.323,-568.395,1995.34,2199.27,3168.19,1360.03,-1589.59,215.181,-2315.43,-552.459,2949.46,968.289,-1405.52
-250354,0,1,0,1,1,250409,-0.384764,0.00591807,1.98251,0.65987,0.194549,-1.62464,-1.32884,-0.638008,0.776036,1.76188,-0.149657,0.116447,-1.54277,-0.0636614,0.2482,-1.00728,-1.59481,-1.01706,-0.127135,0.559175,1.40119,-1.61276,1.8305,-0.0898098,-1.26576,-1.76124,1.23195,-0.269686,1.22789,-1.59845,-1.56077,0.458786,1.996,-0.185011,-1.75004,1.38731,-0.797919,-1.56933,0.936032,-1.67351,1.35279,0.444837,1.42627,-1.3104,-0.0724454,0.89088,-0.393547,0.886616,0.0264761,-0.478673,-1.03596,0.226382,0.0675763,-1.26799,0.156639,-0.0321617,0.998724,0.212245,-0.63784,-0.775643,-0.788799,1.94885,1.21166,0.828242,-0.92643,-0.62419,-1.08532,0.0134659,-0.922084,-1.04397,-1.82062,-0.720654,-1.94471,-0.376988,1.76676,-0.594025,1.17955,0.313105,1.16384,0.0323358,0.112372,0.276904,0.173359,1.84303,0.871915,-1.30925,-0.819472,-0.271119,0.144731,1.18899,1.07535,1.68402,1.67163,-0.91779,-0.253471,-1.68299,-0.374937,1.42931,0.855572,-1.19532,1.46483,-0.702711,-1.92715,-0.816403,-0.573337,1.24854,1.06174,1.10778,-1.15375,0.662388,0.569118,-1.94762,-1.46133,1.65676,-0.998264,-1.28634,0.460265,-0.35126,0.231484,-1.07777,2.2225,0.768706,-0.711692,0.490216,-0.773681,-1.09668,-0.13898,-0.744906,-0.145721,0.103451,0.854468,0.578442,1.00359,0.260704,-0.64286,2.29568,1.56399,-0.800348,0.870446,0.798053,-0.664542,-0.814573,-0.89209,0.382087,0.794999,-0.615033,-0.19021,-0.643681,1.16688,-1.21875,0.132044,1.88044,0.825433,-0.420575,-0.490907,-2.74394,0.639946,1.44035,-0.91526,-1.16035,-0.415347,-0.7175,-0.183807,0.637441,-1.51569,0.58685,0.883854,0.311323,-1.17131,0.671333,0.919819,0.237155,-1.38424,-0.514792,-0.342965,-0.135758,1.7676,-0.110707,0.156888,1.39831,1.38127,0.212812,-0.497936,1.25707,1.75418,-1.40849,-1.95455,1.26096,-0.324612,-0.585614,0.51976,-0.356133,-0.416013,1.34861,0.853206,-0.555518,-2.1581,0.383337,-0.03776,-1.51781,-547.184,-508.299,2761.5,815.011,520.894,-1882.04,-2005.36,-819.359,713.376,4167.89,684.524,-60.5022,-3825.74,-379.508,89.5438,-786.665,-2764.26,-1893.05,-1138.15,1330.48,3721.9,-4549.31,2287.66,267.703,-2638.59,-2872.07,3581.78,-691.08,1559.76,-2665.15,-3407.54,531.827,2745.55,-223.138,-3512.96,4957.76,-1430.38,-3610.6,1490.59,-2808.39,2647.86,134.514,1058.66,-2025.01,485.435,3088.29,-408.039,1755.96,-843.537,223.64,-979.537,157.066,-382.401,-1592.82,146.539,630.355,1663.4,390.568,-1767.98,-422.267,-1066.21,3073.98,426.967,1910.6,-1257.09,-400.344,-1141.72,499.265,-2604.22,-1076.11,-4120.46,-2216.12,-5824.17,-626.233,4606.2,242.817,3643.23,1542.24,2193.71,656.864,865.569,271.498,-601.193,3442.11,1343.81,-669.027,-589.169,-124.323,-568.395,1995.34,2199.27,3168.19,1360.03,-1589.59,215.181,-2315.43,-552.459,2949.46,968.289,-1405.52
-250354,0,1,0,1,1,250404,-0.384764,0.00591807,1.98251,0.65987,0.194549,-1.62464,-1.32884,-0.638008,0.776036,1.76188,-0.149657,0.116447,-1.54277,-0.0636614,0.2482,-1.00728,-1.59481,-1.01706,-0.127135,0.559175,1.40119,-1.61276,1.8305,-0.0898098,-1.26576,-1.76124,1.23195,-0.269686,1.22789,-1.59845,-1.56077,0.458786,1.996,-0.185011,-1.75004,1.38731,-0.797919,-1.56933,0.936032,-1.67351,1.35279,0.444837,1.42627,-1.3104,-0.0724454,0.89088,-0.393547,0.886616,0.0264761,-0.478673,-1.03596,0.226382,0.0675763,-1.26799,0.156639,-0.0321617,0.998724,0.212245,-0.63784,-0.775643,-0.788799,1.94885,1.21166,0.828242,-0.92643,-0.62419,-1.08532,0.0134659,-0.922084,-1.04397,-1.82062,-0.720654,-1.94471,-0.376988,1.76676,-0.594025,1.17955,0.313105,1.16384,0.0323358,0.112372,0.276904,0.173359,1.84303,0.871915,-1.30925,-0.819472,-0.271119,0.144731,1.18899,1.07535,1.68402,1.67163,-0.91779,-0.253471,-1.68299,-0.374937,1.42931,0.855572,-1.19532,-1.62574,-0.231319,0.418159,-2.1182,1.53758,0.177016,1.99845,0.115851,-0.0355061,1.47835,-0.273527,0.176504,0.94717,-1.35113,-1.19526,0.8443,1.83706,0.831099,1.79594,-0.599337,1.01155,-2.61062,0.87013,0.108144,-1.29893,2.12915,1.75761,-0.0792978,1.54932,-0.0727417,-0.490951,0.942278,0.932289,1.21973,-1.08536,-0.841313,0.437688,-0.498521,-0.260103,-2.13123,-0.00766249,-0.119568,1.37698,-0.495896,0.968817,0.199392,0.00697105,0.42948,0.155149,1.91861,-0.538593,0.0131717,-0.262851,0.315125,-0.367668,0.242694,-0.831864,0.257904,-0.33538,-0.848902,0.653974,0.199005,0.126159,-0.317601,0.45715,-0.543043,0.835454,0.615598,0.937426,2.11362,-0.4998,1.50097,-0.0768457,0.168202,-0.722084,-0.410597,-1.88133,-0.134909,-0.320094,-1.20906,-1.53166,-1.05161,-0.46865,0.51658,-0.26522,-1.51067,0.217776,1.51156,0.511459,-0.311971,0.909851,-0.364166,0.642671,0.788571,-0.128528,-0.100067,-0.474964,-1.8846,-0.303939,-0.900664,-547.184,-508.299,2761.5,815.011,520.894,-1882.04,-2005.36,-819.359,713.376,4167.89,684.524,-60.5022,-3825.74,-379.508,89.5438,-786.665,-2764.26,-1893.05,-1138.15,1330.48,3721.9,-4549.31,2287.66,267.703,-2638.59,-2872.07,3581.78,-691.08,1559.76,-2665.15,-3407.54,531.827,2745.55,-223.138,-3512.96,4957.76,-1430.38,-3610.6,1490.59,-2808.39,2647.86,134.514,1058.66,-2025.01,485.435,3088.29,-408.039,1755.96,-843.537,223.64,-979.537,157.066,-382.401,-1592.82,146.539,630.355,1663.4,390.568,-1767.98,-422.267,-1066.21,3073.98,426.967,1910.6,-1257.09,-400.344,-1141.72,499.265,-2604.22,-1076.11,-4120.46,-2216.12,-5824.17,-626.233,4606.2,242.817,3643.23,1542.24,2193.71,656.864,865.569,271.498,-601.193,3442.11,1343.81,-669.027,-589.169,-124.323,-568.395,1995.34,2199.27,3168.19,1360.03,-1589.59,215.181,-2315.43,-552.459,2949.46,968.289,-1405.52
-250354,0,1,0,1,1,250414,-0.384764,0.00591807,1.98251,0.65987,0.194549,-1.62464,-1.32884,-0.638008,0.776036,1.76188,-0.149657,0.116447,-1.54277,-0.0636614,0.2482,-1.00728,-1.59481,-1.01706,-0.127135,0.559175,1.40119,-1.61276,1.8305,-0.0898098,-1.26576,-1.76124,1.23195,-0.269686,1.22789,-1.59845,-1.56077,0.458786,1.996,-0.185011,-1.75004,1.38731,-0.797919,-1.56933,0.936032,-1.67351,1.35279,0.444837,1.42627,-1.3104,-0.0724454,0.89088,-0.393547,0.886616,0.0264761,-0.478673,-1.03596,0.226382,0.0675763,-1.26799,0.156639,-0.0321617,0.998724,0.212245,-0.63784,-0.775643,-0.788799,1.94885,1.21166,0.828242,-0.92643,-0.62419,-1.08532,0.0134659,-0.922084,-1.04397,-1.82062,-0.720654,-1.94471,-0.376988,1.76676,-0.594025,1.17955,0.313105,1.16384,0.0323358,0.112372,0.276904,0.173359,1.84303,0.871915,-1.30925,-0.819472,-0.271119,0.144731,1.18899,1.07535,1.68402,1.67163,-0.91779,-0.253471,-1.68299,-0.374937,1.42931,0.855572,-1.19532,1.23444,1.52747,0.453642,0.485357,-0.640703,0.152126,-1.25062,0.698013,-0.655932,0.403421,-0.79395,-0.132666,-0.739722,-0.0580077,-1.26771,0.55238,0.913942,0.244793,-1.61208,-1.22553,0.156269,-0.39613,0.928977,0.680074,2.99663,1.05295,1.61374,0.191981,-0.26099,1.47659,-0.354833,-0.699523,0.914182,-0.844122,-0.64835,0.174708,0.287752,1.42448,-0.440202,-0.159564,-2.67143,-1.11618,0.277815,-0.184379,-1.95422,0.214552,1.9004,2.03367,-1.12725,-2.17589,-0.849071,1.60166,0.629684,-1.34477,-1.5159,-1.38917,-0.80878,0.080509,-3.18867,0.538285,-1.60695,-0.482047,-0.947458,-1.33763,0.64774,-1.00329,0.44027,0.355796,-1.33602,-0.168309,0.355783,0.455651,-0.745077,-0.290127,-0.895899,-0.33389,-3.15969,0.466128,-0.0325851,0.637784,1.11569,-0.642305,0.655694,0.168968,0.209123,-0.209439,-1.51013,-0.293641,0.624615,-1.20479,-0.00210611,1.89663,0.267063,0.439868,0.203149,1.05201,1.58907,-0.257065,0.350821,0.879492,-547.184,-508.299,2761.5,815.011,520.894,-1882.04,-2005.36,-819.359,713.376,4167.89,684.524,-60.5022,-3825.74,-379.508,89.5438,-786.665,-2764.26,-1893.05,-1138.15,1330.48,3721.9,-4549.31,2287.66,267.703,-2638.59,-2872.07,3581.78,-691.08,1559.76,-2665.15,-3407.54,531.827,2745.55,-223.138,-3512.96,4957.76,-1430.38,-3610.6,1490.59,-2808.39,2647.86,134.514,1058.66,-2025.01,485.435,3088.29,-408.039,1755.96,-843.537,223.64,-979.537,157.066,-382.401,-1592.82,146.539,630.355,1663.4,390.568,-1767.98,-422.267,-1066.21,3073.98,426.967,1910.6,-1257.09,-400.344,-1141.72,499.265,-2604.22,-1076.11,-4120.46,-2216.12,-5824.17,-626.233,4606.2,242.817,3643.23,1542.24,2193.71,656.864,865.569,271.498,-601.193,3442.11,1343.81,-669.027,-589.169,-124.323,-568.395,1995.34,2199.27,3168.19,1360.03,-1589.59,215.181,-2315.43,-552.459,2949.46,968.289,-1405.52
-250354,0,1,0,1,1,250407,-0.384764,0.00591807,1.98251,0.65987,0.194549,-1.62464,-1.32884,-0.638008,0.776036,1.76188,-0.149657,0.116447,-1.54277,-0.0636614,0.2482,-1.00728,-1.59481,-1.01706,-0.127135,0.559175,1.40119,-1.61276,1.8305,-0.0898098,-1.26576,-1.76124,1.23195,-0.269686,1.22789,-1.59845,-1.56077,0.458786,1.996,-0.185011,-1.75004,1.38731,-0.797919,-1.56933,0.936032,-1.67351,1.35279,0.444837,1.42627,-1.3104,-0.0724454,0.89088,-0.393547,0.886616,0.0264761,-0.478673,-1.03596,0.226382,0.0675763,-1.26799,0.156639,-0.0321617,0.998724,0.212245,-0.63784,-0.775643,-0.788799,1.94885,1.21166,0.828242,-0.92643,-0.62419,-1.08532,0.0134659,-0.922084,-1.04397,-1.82062,-0.720654,-1.94471,-0.376988,1.76676,-0.594025,1.17955,0.313105,1.16384,0.0323358,0.112372,0.276904,0.173359,1.84303,0.871915,-1.30925,-0.819472,-0.271119,0.144731,1.18899,1.07535,1.68402,1.67163,-0.91779,-0.253471,-1.68299,-0.374937,1.42931,0.855572,-1.19532,-1.17602,-0.177032,1.57514,-2.47918,-0.767011,0.860569,-0.612222,0.411747,-0.403636,0.0315556,-0.561925,-1.36157,1.1451,1.20143,-0.21558,0.248573,1.14512,-0.906931,-0.534236,0.611732,-0.236088,1.30197,-0.286064,-0.00816219,-0.763609,1.73301,1.15945,0.516085,1.02149,1.17813,-0.0357458,0.559274,0.979097,0.862109,0.385194,-1.16942,0.276767,0.0405038,-0.942383,-0.242431,0.692649,-0.561958,0.319619,0.249929,1.19055,1.04471,-0.547268,2.6254,0.152665,-0.963413,-1.68,-1.70191,-0.88192,1.60188,-0.452738,-1.47036,-0.851839,-0.466707,-0.285956,1.65001,0.725263,0.794925,-0.511007,-0.623759,-0.91592,-1.83752,-1.98277,-1.08339,0.664502,-0.278745,1.1246,1.89684,0.454551,0.775002,-0.936097,-1.01932,-1.79783,-0.0518169,0.311428,-0.784903,0.709353,-0.267815,0.481662,0.568135,-1.87083,1.84083,-1.46929,1.26523,0.656347,1.04566,1.00595,0.25305,-1.19034,1.33639,0.548536,0.752715,-1.18624,-0.685794,-0.654289,-0.492218,-547.184,-508.299,2761.5,815.011,520.894,-1882.04,-2005.36,-819.359,713.376,4167.89,684.524,-60.5022,-3825.74,-379.508,89.5438,-786.665,-2764.26,-1893.05,-1138.15,1330.48,3721.9,-4549.31,2287.66,267.703,-2638.59,-2872.07,3581.78,-691.08,1559.76,-2665.15,-3407.54,531.827,2745.55,-223.138,-3512.96,4957.76,-1430.38,-3610.6,1490.59,-2808.39,2647.86,134.514,1058.66,-2025.01,485.435,3088.29,-408.039,1755.96,-843.537,223.64,-979.537,157.066,-382.401,-1592.82,146.539,630.355,1663.4,390.568,-1767.98,-422.267,-1066.21,3073.98,426.967,1910.6,-1257.09,-400.344,-1141.72,499.265,-2604.22,-1076.11,-4120.46,-2216.12,-5824.17,-626.233,4606.2,242.817,3643.23,1542.24,2193.71,656.864,865.569,271.498,-601.193,3442.11,1343.81,-669.027,-589.169,-124.323,-568.395,1995.34,2199.27,3168.19,1360.03,-1589.59,215.181,-2315.43,-552.459,2949.46,968.289,-1405.52
-250354,0,1,0,1,1,250406,-0.384764,0.00591807,1.98251,0.65987,0.194549,-1.62464,-1.32884,-0.638008,0.776036,1.76188,-0.149657,0.116447,-1.54277,-0.0636614,0.2482,-1.00728,-1.59481,-1.01706,-0.127135,0.559175,1.40119,-1.61276,1.8305,-0.0898098,-1.26576,-1.76124,1.23195,-0.269686,1.22789,-1.59845,-1.56077,0.458786,1.996,-0.185011,-1.75004,1.38731,-0.797919,-1.56933,0.936032,-1.67351,1.35279,0.444837,1.42627,-1.3104,-0.0724454,0.89088,-0.393547,0.886616,0.0264761,-0.478673,-1.03596,0.226382,0.0675763,-1.26799,0.156639,-0.0321617,0.998724,0.212245,-0.63784,-0.775643,-0.788799,1.94885,1.21166,0.828242,-0.92643,-0.62419,-1.08532,0.0134659,-0.922084,-1.04397,-1.82062,-0.720654,-1.94471,-0.376988,1.76676,-0.594025,1.17955,0.313105,1.16384,0.0323358,0.112372,0.276904,0.173359,1.84303,0.871915,-1.30925,-0.819472,-0.271119,0.144731,1.18899,1.07535,1.68402,1.67163,-0.91779,-0.253471,-1.68299,-0.374937,1.42931,0.855572,-1.19532,0.256668,-0.257943,1.17638,-0.212049,0.0196832,0.397487,0.874117,0.567622,-0.759347,-1.83406,2.41309,-1.50847,-0.0718336,0.310628,0.874465,-0.0549303,0.580378,0.7683,-0.126944,0.841298,0.651885,0.445956,-0.177967,0.0503081,0.469306,-1.68591,-0.669886,-0.269833,-0.0830189,1.10525,-1.43558,-0.349359,-0.325283,0.493189,-1.11579,-0.0690967,0.254789,0.0613045,0.324482,-0.252046,1.21629,-0.594557,1.78168,-0.190943,-0.727647,-0.957731,1.75516,-0.645995,1.24003,-0.773263,-0.0333343,-0.932913,-1.44464,0.837109,-1.27301,2.27146,-0.563334,1.30261,0.53466,-1.61323,-0.523907,2.15877,1.20864,1.87979,1.61019,0.127613,0.56092,-0.076761,-1.16771,-2.02946,1.32574,-0.5294,-0.980379,-2.40278,1.52313,-0.390689,-0.266063,-0.284693,-2.0501,0.00734355,-0.893975,0.40011,1.0724,1.43177,-0.506023,-0.726755,-0.542944,-1.20493,0.1782,0.194776,1.07968,-0.193369,-1.22787,0.108692,1.34551,-0.752408,-1.13795,0.131819,-1.51779,-0.777982,-547.184,-508.299,2761.5,815.011,520.894,-1882.04,-2005.36,-819.359,713.376,4167.89,684.524,-60.5022,-3825.74,-379.508,89.5438,-786.665,-2764.26,-1893.05,-1138.15,1330.48,3721.9,-4549.31,2287.66,267.703,-2638.59,-2872.07,3581.78,-691.08,1559.76,-2665.15,-3407.54,531.827,2745.55,-223.138,-3512.96,4957.76,-1430.38,-3610.6,1490.59,-2808.39,2647.86,134.514,1058.66,-2025.01,485.435,3088.29,-408.039,1755.96,-843.537,223.64,-979.537,157.066,-382.401,-1592.82,146.539,630.355,1663.4,390.568,-1767.98,-422.267,-1066.21,3073.98,426.967,1910.6,-1257.09,-400.344,-1141.72,499.265,-2604.22,-1076.11,-4120.46,-2216.12,-5824.17,-626.233,4606.2,242.817,3643.23,1542.24,2193.71,656.864,865.569,271.498,-601.193,3442.11,1343.81,-669.027,-589.169,-124.323,-568.395,1995.34,2199.27,3168.19,1360.03,-1589.59,215.181,-2315.43,-552.459,2949.46,968.289,-1405.52
-250354,0,1,0,1,1,250420,-0.384764,0.00591807,1.98251,0.65987,0.194549,-1.62464,-1.32884,-0.638008,0.776036,1.76188,-0.149657,0.116447,-1.54277,-0.0636614,0.2482,-1.00728,-1.59481,-1.01706,-0.127135,0.559175,1.40119,-1.61276,1.8305,-0.0898098,-1.26576,-1.76124,1.23195,-0.269686,1.22789,-1.59845,-1.56077,0.458786,1.996,-0.185011,-1.75004,1.38731,-0.797919,-1.56933,0.936032,-1.67351,1.35279,0.444837,1.42627,-1.3104,-0.0724454,0.89088,-0.393547,0.886616,0.0264761,-0.478673,-1.03596,0.226382,0.0675763,-1.26799,0.156639,-0.0321617,0.998724,0.212245,-0.63784,-0.775643,-0.788799,1.94885,1.21166,0.828242,-0.92643,-0.62419,-1.08532,0.0134659,-0.922084,-1.04397,-1.82062,-0.720654,-1.94471,-0.376988,1.76676,-0.594025,1.17955,0.313105,1.16384,0.0323358,0.112372,0.276904,0.173359,1.84303,0.871915,-1.30925,-0.819472,-0.271119,0.144731,1.18899,1.07535,1.68402,1.67163,-0.91779,-0.253471,-1.68299,-0.374937,1.42931,0.855572,-1.19532,-1.5743,0.768968,0.312725,0.828815,0.462558,-0.880984,1.61589,-0.884433,0.6444,-0.0823009,0.424504,-1.66895,-0.290513,-1.79883,-0.29488,1.45296,-0.0237408,0.949456,1.03759,-0.726072,-0.448858,0.993412,0.095721,1.20473,0.169547,-1.10735,-1.32434,0.218291,0.939154,2.04543,-0.620046,-3.6434,0.685293,0.522057,-0.192302,-0.391442,-0.191818,-0.0183587,1.34474,-1.84527,1.58425,-0.448746,0.354157,-0.239991,0.745057,-0.32872,1.06995,0.628092,-0.825979,-2.58311,0.136997,-0.295242,-1.54315,-1.53772,-0.537514,-2.41641,-0.935494,0.789463,2.13957,-1.5404,-0.63458,0.659092,1.73595,-1.95148,-0.24678,0.108036,-0.885764,-1.71764,-1.06364,1.06572,0.420259,0.598874,0.680865,-1.37005,-0.238689,-2.64507,0.968297,0.905517,-1.21557,0.46538,1.49112,0.682409,-0.426001,-1.56624,-0.611319,-0.265625,0.452702,-0.953752,1.20127,-0.0583964,0.984573,1.60856,1.55734,-2.10355,-0.645215,0.109793,-1.18994,1.28627,-0.818337,0.666086,-547.184,-508.299,2761.5,815.011,520.894,-1882.04,-2005.36,-819.359,713.376,4167.89,684.524,-60.5022,-3825.74,-379.508,89.5438,-786.665,-2764.26,-1893.05,-1138.15,1330.48,3721.9,-4549.31,2287.66,267.703,-2638.59,-2872.07,3581.78,-691.08,1559.76,-2665.15,-3407.54,531.827,2745.55,-223.138,-3512.96,4957.76,-1430.38,-3610.6,1490.59,-2808.39,2647.86,134.514,1058.66,-2025.01,485.435,3088.29,-408.039,1755.96,-843.537,223.64,-979.537,157.066,-382.401,-1592.82,146.539,630.355,1663.4,390.568,-1767.98,-422.267,-1066.21,3073.98,426.967,1910.6,-1257.09,-400.344,-1141.72,499.265,-2604.22,-1076.11,-4120.46,-2216.12,-5824.17,-626.233,4606.2,242.817,3643.23,1542.24,2193.71,656.864,865.569,271.498,-601.193,3442.11,1343.81,-669.027,-589.169,-124.323,-568.395,1995.34,2199.27,3168.19,1360.03,-1589.59,215.181,-2315.43,-552.459,2949.46,968.289,-1405.52
-250354,0,1,0,1,1,250396,-0.384764,0.00591807,1.98251,0.65987,0.194549,-1.62464,-1.32884,-0.638008,0.776036,1.76188,-0.149657,0.116447,-1.54277,-0.0636614,0.2482,-1.00728,-1.59481,-1.01706,-0.127135,0.559175,1.40119,-1.61276,1.8305,-0.0898098,-1.26576,-1.76124,1.23195,-0.269686,1.22789,-1.59845,-1.56077,0.458786,1.996,-0.185011,-1.75004,1.38731,-0.797919,-1.56933,0.936032,-1.67351,1.35279,0.444837,1.42627,-1.3104,-0.0724454,0.89088,-0.393547,0.886616,0.0264761,-0.478673,-1.03596,0.226382,0.0675763,-1.26799,0.156639,-0.0321617,0.998724,0.212245,-0.63784,-0.775643,-0.788799,1.94885,1.21166,0.828242,-0.92643,-0.62419,-1.08532,0.0134659,-0.922084,-1.04397,-1.82062,-0.720654,-1.94471,-0.376988,1.76676,-0.594025,1.17955,0.313105,1.16384,0.0323358,0.112372,0.276904,0.173359,1.84303,0.871915,-1.30925,-0.819472,-0.271119,0.144731,1.18899,1.07535,1.68402,1.67163,-0.91779,-0.253471,-1.68299,-0.374937,1.42931,0.855572,-1.19532,0.167467,0.113872,-0.0679181,-0.690783,-0.202269,-0.00784642,0.795784,-0.226037,-0.801082,-0.169256,1.22743,1.74828,1.40733,0.37351,0.0681354,0.657914,-0.353973,0.535703,-0.730628,0.377549,0.674617,0.634962,-0.503805,-1.04427,-0.00226551,-0.845697,0.992779,0.421463,0.503369,0.0126973,0.171098,1.19681,0.215105,-0.776366,0.646341,-0.69098,0.348619,0.606976,0.687054,0.468291,1.15163,0.0579857,1.39911,1.04424,0.416832,0.59986,-0.151193,-0.298568,-2.54016,1.91827,0.0278428,-2.06523,-1.29453,0.704728,0.175501,0.274463,-1.47629,0.537811,-0.0703502,-0.0283371,1.65398,0.178591,0.491063,-0.568142,-1.94743,1.16662,1.66643,0.532917,0.983302,-0.828624,0.218496,-0.0449517,-1.57407,0.493294,-0.66856,0.591846,1.09141,-0.730568,-0.681629,-0.178227,0.0948709,-0.743002,-0.714632,-0.374056,-1.8844,1.29711,1.30294,-0.726533,-0.610263,-0.748636,0.909398,1.28611,0.830448,-0.714331,-0.672544,1.84319,0.993262,-1.45884,-0.93759,-0.750494,-547.184,-508.299,2761.5,815.011,520.894,-1882.04,-2005.36,-819.359,713.376,4167.89,684.524,-60.5022,-3825.74,-379.508,89.5438,-786.665,-2764.26,-1893.05,-1138.15,1330.48,3721.9,-4549.31,2287.66,267.703,-2638.59,-2872.07,3581.78,-691.08,1559.76,-2665.15,-3407.54,531.827,2745.55,-223.138,-3512.96,4957.76,-1430.38,-3610.6,1490.59,-2808.39,2647.86,134.514,1058.66,-2025.01,485.435,3088.29,-408.039,1755.96,-843.537,223.64,-979.537,157.066,-382.401,-1592.82,146.539,630.355,1663.4,390.568,-1767.98,-422.267,-1066.21,3073.98,426.967,1910.6,-1257.09,-400.344,-1141.72,499.265,-2604.22,-1076.11,-4120.46,-2216.12,-5824.17,-626.233,4606.2,242.817,3643.23,1542.24,2193.71,656.864,865.569,271.498,-601.193,3442.11,1343.81,-669.027,-589.169,-124.323,-568.395,1995.34,2199.27,3168.19,1360.03,-1589.59,215.181,-2315.43,-552.459,2949.46,968.289,-1405.52
-250354,0,1,0,1,1,250409,-0.384764,0.00591807,1.98251,0.65987,0.194549,-1.62464,-1.32884,-0.638008,0.776036,1.76188,-0.149657,0.116447,-1.54277,-0.0636614,0.2482,-1.00728,-1.59481,-1.01706,-0.127135,0.559175,1.40119,-1.61276,1.8305,-0.0898098,-1.26576,-1.76124,1.23195,-0.269686,1.22789,-1.59845,-1.56077,0.458786,1.996,-0.185011,-1.75004,1.38731,-0.797919,-1.56933,0.936032,-1.67351,1.35279,0.444837,1.42627,-1.3104,-0.0724454,0.89088,-0.393547,0.886616,0.0264761,-0.478673,-1.03596,0.226382,0.0675763,-1.26799,0.156639,-0.0321617,0.998724,0.212245,-0.63784,-0.775643,-0.788799,1.94885,1.21166,0.828242,-0.92643,-0.62419,-1.08532,0.0134659,-0.922084,-1.04397,-1.82062,-0.720654,-1.94471,-0.376988,1.76676,-0.594025,1.17955,0.313105,1.16384,0.0323358,0.112372,0.276904,0.173359,1.84303,0.871915,-1.30925,-0.819472,-0.271119,0.144731,1.18899,1.07535,1.68402,1.67163,-0.91779,-0.253471,-1.68299,-0.374937,1.42931,0.855572,-1.19532,0.030085,-0.945201,-0.421627,0.41628,1.82477,-1.69305,-1.17461,1.3456,-1.43339,0.418031,-0.188475,-0.633069,-0.602692,-0.473078,0.326248,0.0416781,1.17395,-1.43284,2.47177,0.347346,0.765363,-0.280061,1.69285,-0.170866,-1.26703,1.56912,1.37545,-1.00513,-0.196061,-0.766872,-0.439672,0.157686,0.431428,1.09399,-0.87661,-0.0400117,-1.32475,-0.543909,1.28248,1.12574,0.105932,-0.838522,1.03547,0.544692,-1.41317,-0.50516,1.58158,-0.685227,0.67239,0.652355,-2.36862,-0.081388,0.893387,-1.26884,0.0211253,-1.02917,-1.14624,-0.8623,-0.362015,0.513033,0.86212,0.965523,-0.119987,-0.393105,1.02805,0.14183,-0.576327,1.75861,0.543078,2.91822,0.556298,1.05804,1.05065,-0.409449,0.599107,0.758357,-2.03741,-0.497925,0.468379,0.781538,0.154282,-1.94414,-0.284701,-2.02932,0.936521,-0.475223,-0.979198,-0.567984,0.0932205,0.802365,0.82192,0.093132,-0.320454,-1.19,2.18787,-1.30052,0.908263,-0.322034,-1.98932,-0.265083,-547.184,-508.299,2761.5,815.011,520.894,-1882.04,-2005.36,-819.359,713.376,4167.89,684.524,-60.5022,-3825.74,-379.508,89.5438,-786.665,-2764.26,-1893.05,-1138.15,1330.48,3721.9,-4549.31,2287.66,267.703,-2638.59,-2872.07,3581.78,-691.08,1559.76,-2665.15,-3407.54,531.827,2745.55,-223.138,-3512.96,4957.76,-1430.38,-3610.6,1490.59,-2808.39,2647.86,134.514,1058.66,-2025.01,485.435,3088.29,-408.039,1755.96,-843.537,223.64,-979.537,157.066,-382.401,-1592.82,146.539,630.355,1663.4,390.568,-1767.98,-422.267,-1066.21,3073.98,426.967,1910.6,-1257.09,-400.344,-1141.72,499.265,-2604.22,-1076.11,-4120.46,-2216.12,-5824.17,-626.233,4606.2,242.817,3643.23,1542.24,2193.71,656.864,865.569,271.498,-601.193,3442.11,1343.81,-669.027,-589.169,-124.323,-568.395,1995.34,2199.27,3168.19,1360.03,-1589.59,215.181,-2315.43,-552.459,2949.46,968.289,-1405.52
-250354,0,1,0,1,1,250410,-0.384764,0.00591807,1.98251,0.65987,0.194549,-1.62464,-1.32884,-0.638008,0.776036,1.76188,-0.149657,0.116447,-1.54277,-0.0636614,0.2482,-1.00728,-1.59481,-1.01706,-0.127135,0.559175,1.40119,-1.61276,1.8305,-0.0898098,-1.26576,-1.76124,1.23195,-0.269686,1.22789,-1.59845,-1.56077,0.458786,1.996,-0.185011,-1.75004,1.38731,-0.797919,-1.56933,0.936032,-1.67351,1.35279,0.444837,1.42627,-1.3104,-0.0724454,0.89088,-0.393547,0.886616,0.0264761,-0.478673,-1.03596,0.226382,0.0675763,-1.26799,0.156639,-0.0321617,0.998724,0.212245,-0.63784,-0.775643,-0.788799,1.94885,1.21166,0.828242,-0.92643,-0.62419,-1.08532,0.0134659,-0.922084,-1.04397,-1.82062,-0.720654,-1.94471,-0.376988,1.76676,-0.594025,1.17955,0.313105,1.16384,0.0323358,0.112372,0.276904,0.173359,1.84303,0.871915,-1.30925,-0.819472,-0.271119,0.144731,1.18899,1.07535,1.68402,1.67163,-0.91779,-0.253471,-1.68299,-0.374937,1.42931,0.855572,-1.19532,1.43218,-1.58399,-0.44014,1.34905,0.102409,0.0581749,-0.612322,-0.751378,-0.116752,-0.504768,-0.0895329,0.246742,2.26791,-1.45072,-2.3607,0.035691,-0.198643,-0.622196,1.15792,0.46294,2.46182,0.289186,0.260584,0.278361,0.323327,0.628813,-1.79057,-0.225075,2.633,0.589966,-0.909573,-1.88625,0.995871,-0.369516,1.46771,1.36894,-1.29345,1.36452,-0.875052,0.907926,0.355712,-0.452976,0.352569,0.00909189,-2.54594,-1.24101,0.320188,-3.01979,-1.46113,1.24642,0.663523,-0.337451,-0.731645,-0.259163,1.4088,-0.276459,-0.940939,1.09017,-0.429322,-0.892441,0.162382,0.0393931,-1.20288,0.00295745,0.904444,-1.34696,0.38708,1.2849,0.729635,-0.748884,1.78873,-0.513373,-0.245946,1.11046,-1.37958,0.016962,0.0964719,-0.751302,-1.02042,-1.19285,1.83512,0.278792,0.681485,0.531603,1.10696,0.27352,-1.03291,1.31012,-0.653909,0.232761,-0.266294,-0.0681948,-1.22325,0.834754,0.664945,0.20442,-0.856708,-0.486319,0.071077,-0.355292,-547.184,-508.299,2761.5,815.011,520.894,-1882.04,-2005.36,-819.359,713.376,4167.89,684.524,-60.5022,-3825.74,-379.508,89.5438,-786.665,-2764.26,-1893.05,-1138.15,1330.48,3721.9,-4549.31,2287.66,267.703,-2638.59,-2872.07,3581.78,-691.08,1559.76,-2665.15,-3407.54,531.827,2745.55,-223.138,-3512.96,4957.76,-1430.38,-3610.6,1490.59,-2808.39,2647.86,134.514,1058.66,-2025.01,485.435,3088.29,-408.039,1755.96,-843.537,223.64,-979.537,157.066,-382.401,-1592.82,146.539,630.355,1663.4,390.568,-1767.98,-422.267,-1066.21,3073.98,426.967,1910.6,-1257.09,-400.344,-1141.72,499.265,-2604.22,-1076.11,-4120.46,-2216.12,-5824.17,-626.233,4606.2,242.817,3643.23,1542.24,2193.71,656.864,865.569,271.498,-601.193,3442.11,1343.81,-669.027,-589.169,-124.323,-568.395,1995.34,2199.27,3168.19,1360.03,-1589.59,215.181,-2315.43,-552.459,2949.46,968.289,-1405.52
-250354,0,1,0,1,1,250402,-0.384764,0.00591807,1.98251,0.65987,0.194549,-1.62464,-1.32884,-0.638008,0.776036,1.76188,-0.149657,0.116447,-1.54277,-0.0636614,0.2482,-1.00728,-1.59481,-1.01706,-0.127135,0.559175,1.40119,-1.61276,1.8305,-0.0898098,-1.26576,-1.76124,1.23195,-0.269686,1.22789,-1.59845,-1.56077,0.458786,1.996,-0.185011,-1.75004,1.38731,-0.797919,-1.56933,0.936032,-1.67351,1.35279,0.444837,1.42627,-1.3104,-0.0724454,0.89088,-0.393547,0.886616,0.0264761,-0.478673,-1.03596,0.226382,0.0675763,-1.26799,0.156639,-0.0321617,0.998724,0.212245,-0.63784,-0.775643,-0.788799,1.94885,1.21166,0.828242,-0.92643,-0.62419,-1.08532,0.0134659,-0.922084,-1.04397,-1.82062,-0.720654,-1.94471,-0.376988,1.76676,-0.594025,1.17955,0.313105,1.16384,0.0323358,0.112372,0.276904,0.173359,1.84303,0.871915,-1.30925,-0.819472,-0.271119,0.144731,1.18899,1.07535,1.68402,1.67163,-0.91779,-0.253471,-1.68299,-0.374937,1.42931,0.855572,-1.19532,1.221,1.56868,1.61249,0.759855,-0.82537,1.12855,0.25001,1.3808,0.299192,-0.40549,-1.54678,-0.374413,0.484211,-0.981553,0.509266,0.669935,-0.290157,-0.244729,0.616984,0.529418,0.787553,-1.72073,-3.31407,0.300895,-0.438692,-1.16483,-0.822884,0.80351,-1.91579,0.808469,-1.38648,1.37379,-0.161087,0.110587,-1.40347,-0.617494,1.72187,0.365345,-1.98989,-0.323561,0.278875,0.335185,-0.443138,-0.929164,0.24703,-0.341179,0.743824,0.757573,1.71911,-0.468441,-0.449024,-0.264542,0.088742,-1.09982,0.795142,0.732223,-0.479992,1.30878,-1.29969,1.35633,-1.15667,-0.991821,-1.42093,-0.0692328,0.0549352,-1.59217,0.384525,-0.557763,-0.079235,0.117978,-1.0229,1.34019,0.223531,-0.325318,-0.906431,-1.85829,1.05549,-0.33943,0.548577,-0.788503,-0.948176,-1.21924,-0.943508,1.27763,-1.04337,-0.68513,0.0671011,-0.696473,-0.378186,-0.130871,1.1443,0.945866,1.41239,0.00448167,0.334714,-0.14775,-1.35924,0.263045,0.885577,0.13818,-547.184,-508.299,2761.5,815.011,520.894,-1882.04,-2005.36,-819.359,713.376,4167.89,684.524,-60.5022,-3825.74,-379.508,89.5438,-786.665,-2764.26,-1893.05,-1138.15,1330.48,3721.9,-4549.31,2287.66,267.703,-2638.59,-2872.07,3581.78,-691.08,1559.76,-2665.15,-3407.54,531.827,2745.55,-223.138,-3512.96,4957.76,-1430.38,-3610.6,1490.59,-2808.39,2647.86,134.514,1058.66,-2025.01,485.435,3088.29,-408.039,1755.96,-843.537,223.64,-979.537,157.066,-382.401,-1592.82,146.539,630.355,1663.4,390.568,-1767.98,-422.267,-1066.21,3073.98,426.967,1910.6,-1257.09,-400.344,-1141.72,499.265,-2604.22,-1076.11,-4120.46,-2216.12,-5824.17,-626.233,4606.2,242.817,3643.23,1542.24,2193.71,656.864,865.569,271.498,-601.193,3442.11,1343.81,-669.027,-589.169,-124.323,-568.395,1995.34,2199.27,3168.19,1360.03,-1589.59,215.181,-2315.43,-552.459,2949.46,968.289,-1405.52
-250354,0,1,0,1,1,250403,-0.384764,0.00591807,1.98251,0.65987,0.194549,-1.62464,-1.32884,-0.638008,0.776036,1.76188,-0.149657,0.116447,-1.54277,-0.0636614,0.2482,-1.00728,-1.59481,-1.01706,-0.127135,0.559175,1.40119,-1.61276,1.8305,-0.0898098,-1.26576,-1.76124,1.23195,-0.269686,1.22789,-1.59845,-1.56077,0.458786,1.996,-0.185011,-1.75004,1.38731,-0.797919,-1.56933,0.936032,-1.67351,1.35279,0.444837,1.42627,-1.3104,-0.0724454,0.89088,-0.393547,0.886616,0.0264761,-0.478673,-1.03596,0.226382,0.0675763,-1.26799,0.156639,-0.0321617,0.998724,0.212245,-0.63784,-0.775643,-0.788799,1.94885,1.21166,0.828242,-0.92643,-0.62419,-1.08532,0.0134659,-0.922084,-1.04397,-1.82062,-0.720654,-1.94471,-0.376988,1.76676,-0.594025,1.17955,0.313105,1.16384,0.0323358,0.112372,0.276904,0.173359,1.84303,0.871915,-1.30925,-0.819472,-0.271119,0.144731,1.18899,1.07535,1.68402,1.67163,-0.91779,-0.253471,-1.68299,-0.374937,1.42931,0.855572,-1.19532,-2.25317,-0.619263,-0.342224,-0.396315,0.616553,-0.0205604,0.595515,-1.61788,-0.0881613,-1.23132,1.47138,1.55373,0.744191,0.845407,-0.385096,-1.32278,-1.19117,0.051995,-0.495619,1.18159,1.521,-0.450963,-0.227543,0.381611,-0.174197,1.26691,0.393206,0.561537,1.66091,1.8362,0.252355,0.423108,1.69007,-1.36639,-1.68991,-0.372804,0.282954,-1.61774,-0.212174,1.11438,-1.00489,1.13518,-0.393601,-0.718478,0.762583,0.862346,-0.0913528,-0.361016,0.50375,-1.28251,1.31625,-1.36637,-1.10795,1.4433,-0.246986,0.243261,0.668487,-0.46832,0.0185196,-1.16459,0.836681,-0.201196,1.57431,-0.368963,-0.92854,0.451274,0.760322,0.759515,-1.60762,-1.12857,-0.723934,0.497865,-1.32023,-1.50812,0.638989,0.836405,-1.10078,0.202886,0.227699,-1.94006,1.08793,-0.469927,-0.455231,0.307609,1.11386,-1.42495,-0.145851,0.658776,-0.381694,-0.0239135,-0.595508,0.132215,0.808747,1.98274,0.884782,-0.650935,-0.0395867,1.01358,2.41641,-0.0597506,-547.184,-508.299,2761.5,815.011,520.894,-1882.04,-2005.36,-819.359,713.376,4167.89,684.524,-60.5022,-3825.74,-379.508,89.5438,-786.665,-2764.26,-1893.05,-1138.15,1330.48,3721.9,-4549.31,2287.66,267.703,-2638.59,-2872.07,3581.78,-691.08,1559.76,-2665.15,-3407.54,531.827,2745.55,-223.138,-3512.96,4957.76,-1430.38,-3610.6,1490.59,-2808.39,2647.86,134.514,1058.66,-2025.01,485.435,3088.29,-408.039,1755.96,-843.537,223.64,-979.537,157.066,-382.401,-1592.82,146.539,630.355,1663.4,390.568,-1767.98,-422.267,-1066.21,3073.98,426.967,1910.6,-1257.09,-400.344,-1141.72,499.265,-2604.22,-1076.11,-4120.46,-2216.12,-5824.17,-626.233,4606.2,242.817,3643.23,1542.24,2193.71,656.864,865.569,271.498,-601.193,3442.11,1343.81,-669.027,-589.169,-124.323,-568.395,1995.34,2199.27,3168.19,1360.03,-1589.59,215.181,-2315.43,-552.459,2949.46,968.289,-1405.52
-250354,0,1,0,1,1,250408,-0.384764,0.00591807,1.98251,0.65987,0.194549,-1.62464,-1.32884,-0.638008,0.776036,1.76188,-0.149657,0.116447,-1.54277,-0.0636614,0.2482,-1.00728,-1.59481,-1.01706,-0.127135,0.559175,1.40119,-1.61276,1.8305,-0.0898098,-1.26576,-1.76124,1.23195,-0.269686,1.22789,-1.59845,-1.56077,0.458786,1.996,-0.185011,-1.75004,1.38731,-0.797919,-1.56933,0.936032,-1.67351,1.35279,0.444837,1.42627,-1.3104,-0.0724454,0.89088,-0.393547,0.886616,0.0264761,-0.478673,-1.03596,0.226382,0.0675763,-1.26799,0.156639,-0.0321617,0.998724,0.212245,-0.63784,-0.775643,-0.788799,1.94885,1.21166,0.828242,-0.92643,-0.62419,-1.08532,0.0134659,-0.922084,-1.04397,-1.82062,-0.720654,-1.94471,-0.376988,1.76676,-0.594025,1.17955,0.313105,1.16384,0.0323358,0.112372,0.276904,0.173359,1.84303,0.871915,-1.30925,-0.819472,-0.271119,0.144731,1.18899,1.07535,1.68402,1.67163,-0.91779,-0.253471,-1.68299,-0.374937,1.42931,0.855572,-1.19532,-1.08036,1.51528,-0.030334,-0.173324,2.06761,0.350749,-1.46941,-1.39224,1.88884,0.018174,0.169066,0.7238,-0.684166,0.920179,1.38789,0.841215,-0.920819,-0.0366423,0.267459,-1.1679,-1.24952,0.573551,-1.36943,1.72992,-1.51417,0.589263,0.10372,-0.0445589,0.201228,-1.0595,0.563407,-0.452942,-0.252593,0.421816,-0.581748,-0.51645,-0.199304,-1.3144,-1.54203,-0.112151,1.46857,0.912276,0.256017,0.808918,-0.630674,-1.21568,0.205424,-1.28596,-0.0456198,-1.46965,-1.5637,-1.67142,0.763139,-1.32069,0.0427727,-0.0924171,-0.492042,-0.10714,-1.04144,0.579781,-0.769278,-1.60285,-1.72589,-0.308432,-0.407566,-2.02695,-1.38197,-1.07784,-0.613366,0.12286,1.13551,0.0334235,-0.106213,-1.54621,-2.1447,-3.1054,0.704413,-0.687114,-0.696746,1.25298,0.614006,0.0865281,-0.479757,-0.699657,-0.00581464,0.734618,0.426917,1.38797,0.431773,-1.39591,1.07658,-0.197056,-0.989244,0.463258,0.42412,0.311102,1.3056,1.39894,1.41457,0.928688,-547.184,-508.299,2761.5,815.011,520.894,-1882.04,-2005.36,-819.359,713.376,4167.89,684.524,-60.5022,-3825.74,-379.508,89.5438,-786.665,-2764.26,-1893.05,-1138.15,1330.48,3721.9,-4549.31,2287.66,267.703,-2638.59,-2872.07,3581.78,-691.08,1559.76,-2665.15,-3407.54,531.827,2745.55,-223.138,-3512.96,4957.76,-1430.38,-3610.6,1490.59,-2808.39,2647.86,134.514,1058.66,-2025.01,485.435,3088.29,-408.039,1755.96,-843.537,223.64,-979.537,157.066,-382.401,-1592.82,146.539,630.355,1663.4,390.568,-1767.98,-422.267,-1066.21,3073.98,426.967,1910.6,-1257.09,-400.344,-1141.72,499.265,-2604.22,-1076.11,-4120.46,-2216.12,-5824.17,-626.233,4606.2,242.817,3643.23,1542.24,2193.71,656.864,865.569,271.498,-601.193,3442.11,1343.81,-669.027,-589.169,-124.323,-568.395,1995.34,2199.27,3168.19,1360.03,-1589.59,215.181,-2315.43,-552.459,2949.46,968.289,-1405.52
-250354,0,1,0,1,1,250411,-0.384764,0.00591807,1.98251,0.65987,0.194549,-1.62464,-1.32884,-0.638008,0.776036,1.76188,-0.149657,0.116447,-1.54277,-0.0636614,0.2482,-1.00728,-1.59481,-1.01706,-0.127135,0.559175,1.40119,-1.61276,1.8305,-0.0898098,-1.26576,-1.76124,1.23195,-0.269686,1.22789,-1.59845,-1.56077,0.458786,1.996,-0.185011,-1.75004,1.38731,-0.797919,-1.56933,0.936032,-1.67351,1.35279,0.444837,1.42627,-1.3104,-0.0724454,0.89088,-0.393547,0.886616,0.0264761,-0.478673,-1.03596,0.226382,0.0675763,-1.26799,0.156639,-0.0321617,0.998724,0.212245,-0.63784,-0.775643,-0.788799,1.94885,1.21166,0.828242,-0.92643,-0.62419,-1.08532,0.0134659,-0.922084,-1.04397,-1.82062,-0.720654,-1.94471,-0.376988,1.76676,-0.594025,1.17955,0.313105,1.16384,0.0323358,0.112372,0.276904,0.173359,1.84303,0.871915,-1.30925,-0.819472,-0.271119,0.144731,1.18899,1.07535,1.68402,1.67163,-0.91779,-0.253471,-1.68299,-0.374937,1.42931,0.855572,-1.19532,-0.873008,-0.391601,0.304669,-0.635435,0.776437,2.45947,-1.91349,1.74504,-3.11096,0.116015,0.925218,1.0437,-0.00113708,-1.22256,-0.0199878,-0.620005,-0.265903,-0.0181226,0.324263,1.17871,-0.749214,0.717309,0.51336,-0.79506,-0.924456,0.854534,-0.540065,-0.0788945,1.54078,1.19086,0.00492949,-1.29249,-0.242986,1.85524,1.37915,0.149447,-0.114984,-0.330644,0.202829,1.07717,-0.408,-0.628446,-1.76204,-0.727902,0.744027,0.300951,-0.552431,-0.401544,-1.34239,-1.32189,2.10104,0.503718,0.335354,0.519424,-0.154896,-1.86509,0.281763,1.39834,0.619984,-0.782429,-0.700001,-0.406202,-0.877488,0.0939163,-1.41787,1.18856,-1.04383,0.22369,-0.045684,-1.38207,0.773338,0.665116,-0.0641457,-0.93463,-1.3055,1.99444,-0.518972,-0.691171,-0.573318,0.599726,0.0314141,0.059722,-0.82964,0.538095,-1.50656,0.745487,0.0998847,0.533115,1.14682,0.558993,-1.54792,1.16543,2.80784,2.23745,-1.87809,0.983857,-1.20622,1.44496,0.394477,0.489536,-547.184,-508.299,2761.5,815.011,520.894,-1882.04,-2005.36,-819.359,713.376,4167.89,684.524,-60.5022,-3825.74,-379.508,89.5438,-786.665,-2764.26,-1893.05,-1138.15,1330.48,3721.9,-4549.31,2287.66,267.703,-2638.59,-2872.07,3581.78,-691.08,1559.76,-2665.15,-3407.54,531.827,2745.55,-223.138,-3512.96,4957.76,-1430.38,-3610.6,1490.59,-2808.39,2647.86,134.514,1058.66,-2025.01,485.435,3088.29,-408.039,1755.96,-843.537,223.64,-979.537,157.066,-382.401,-1592.82,146.539,630.355,1663.4,390.568,-1767.98,-422.267,-1066.21,3073.98,426.967,1910.6,-1257.09,-400.344,-1141.72,499.265,-2604.22,-1076.11,-4120.46,-2216.12,-5824.17,-626.233,4606.2,242.817,3643.23,1542.24,2193.71,656.864,865.569,271.498,-601.193,3442.11,1343.81,-669.027,-589.169,-124.323,-568.395,1995.34,2199.27,3168.19,1360.03,-1589.59,215.181,-2315.43,-552.459,2949.46,968.289,-1405.52
-250354,0,1,0,1,1,250408,-0.384764,0.00591807,1.98251,0.65987,0.194549,-1.62464,-1.32884,-0.638008,0.776036,1.76188,-0.149657,0.116447,-1.54277,-0.0636614,0.2482,-1.00728,-1.59481,-1.01706,-0.127135,0.559175,1.40119,-1.61276,1.8305,-0.0898098,-1.26576,-1.76124,1.23195,-0.269686,1.22789,-1.59845,-1.56077,0.458786,1.996,-0.185011,-1.75004,1.38731,-0.797919,-1.56933,0.936032,-1.67351,1.35279,0.444837,1.42627,-1.3104,-0.0724454,0.89088,-0.393547,0.886616,0.0264761,-0.478673,-1.03596,0.226382,0.0675763,-1.26799,0.156639,-0.0321617,0.998724,0.212245,-0.63784,-0.775643,-0.788799,1.94885,1.21166,0.828242,-0.92643,-0.62419,-1.08532,0.0134659,-0.922084,-1.04397,-1.82062,-0.720654,-1.94471,-0.376988,1.76676,-0.594025,1.17955,0.313105,1.16384,0.0323358,0.112372,0.276904,0.173359,1.84303,0.871915,-1.30925,-0.819472,-0.271119,0.144731,1.18899,1.07535,1.68402,1.67163,-0.91779,-0.253471,-1.68299,-0.374937,1.42931,0.855572,-1.19532,1.91668,1.64659,-1.76633,1.17969,0.205156,-0.886283,-0.533705,0.483025,0.922395,-1.10375,0.82006,-1.57516,2.00385,-0.414908,-0.138762,1.66794,-0.361119,-0.830652,0.01632,-0.615351,1.8487,1.81963,-2.81574,-0.56615,1.31826,1.49947,1.20635,-0.734369,-0.0251231,1.4918,0.558652,-1.16157,-0.782685,-0.288821,-0.686219,-0.327797,0.0722967,1.452,0.496123,-0.829658,0.100287,-0.192585,0.335531,0.303703,-1.88931,0.230561,-1.73787,-0.37506,0.52741,0.748494,-0.772507,0.5279,0.0398154,0.854731,0.585411,-0.0773823,-0.265249,-0.264685,1.8153,-0.579264,-1.60838,0.307386,0.162905,-0.0972604,0.300531,-1.91234,-0.957953,0.295862,0.00887997,-0.727877,0.982489,-0.9247,0.874476,-0.0136262,1.36682,-1.77243,0.846633,-0.403469,1.2102,0.45381,-0.321433,-0.771431,-0.416697,-0.959107,-0.172178,-0.933039,-0.0527876,0.398809,-2.18608,-1.32351,-0.372535,1.2804,-1.68777,-0.363223,-1.4187,-0.696444,-0.177094,-0.614472,-1.20966,-1.42858,-547.184,-508.299,2761.5,815.011,520.894,-1882.04,-2005.36,-819.359,713.376,4167.89,684.524,-60.5022,-3825.74,-379.508,89.5438,-786.665,-2764.26,-1893.05,-1138.15,1330.48,3721.9,-4549.31,2287.66,267.703,-2638.59,-2872.07,3581.78,-691.08,1559.76,-2665.15,-3407.54,531.827,2745.55,-223.138,-3512.96,4957.76,-1430.38,-3610.6,1490.59,-2808.39,2647.86,134.514,1058.66,-2025.01,485.435,3088.29,-408.039,1755.96,-843.537,223.64,-979.537,157.066,-382.401,-1592.82,146.539,630.355,1663.4,390.568,-1767.98,-422.267,-1066.21,3073.98,426.967,1910.6,-1257.09,-400.344,-1141.72,499.265,-2604.22,-1076.11,-4120.46,-2216.12,-5824.17,-626.233,4606.2,242.817,3643.23,1542.24,2193.71,656.864,865.569,271.498,-601.193,3442.11,1343.81,-669.027,-589.169,-124.323,-568.395,1995.34,2199.27,3168.19,1360.03,-1589.59,215.181,-2315.43,-552.459,2949.46,968.289,-1405.52
-250354,0,1,0,1,1,250399,-0.384764,0.00591807,1.98251,0.65987,0.194549,-1.62464,-1.32884,-0.638008,0.776036,1.76188,-0.149657,0.116447,-1.54277,-0.0636614,0.2482,-1.00728,-1.59481,-1.01706,-0.127135,0.559175,1.40119,-1.61276,1.8305,-0.0898098,-1.26576,-1.76124,1.23195,-0.269686,1.22789,-1.59845,-1.56077,0.458786,1.996,-0.185011,-1.75004,1.38731,-0.797919,-1.56933,0.936032,-1.67351,1.35279,0.444837,1.42627,-1.3104,-0.0724454,0.89088,-0.393547,0.886616,0.0264761,-0.478673,-1.03596,0.226382,0.0675763,-1.26799,0.156639,-0.0321617,0.998724,0.212245,-0.63784,-0.775643,-0.788799,1.94885,1.21166,0.828242,-0.92643,-0.62419,-1.08532,0.0134659,-0.922084,-1.04397,-1.82062,-0.720654,-1.94471,-0.376988,1.76676,-0.594025,1.17955,0.313105,1.16384,0.0323358,0.112372,0.276904,0.173359,1.84303,0.871915,-1.30925,-0.819472,-0.271119,0.144731,1.18899,1.07535,1.68402,1.67163,-0.91779,-0.253471,-1.68299,-0.374937,1.42931,0.855572,-1.19532,0.524765,0.963017,0.384558,-0.495919,-0.287656,1.82636,-1.97486,-1.73501,-1.14994,0.306073,1.43847,0.415698,-0.383103,0.526968,0.418218,-0.26932,0.0289023,-0.559526,-0.844,-1.05032,-1.619,0.12817,-0.415927,0.850331,0.160422,0.238088,-0.766222,0.419917,-0.332194,1.18048,0.789219,-0.673875,-0.51626,-1.75042,2.50929,1.44973,-0.420675,-1.122,-0.689901,1.18044,-1.13178,-0.132017,0.221043,0.0805439,-2.51342,1.42754,-1.03112,1.05163,0.0977285,0.0572709,-0.438174,-0.232443,0.522372,-1.55406,-0.0741864,-1.26246,-0.735395,-0.476047,-0.552053,-0.234956,-0.98575,0.299978,1.25186,-0.744133,-0.67021,1.22821,0.494156,0.813549,-1.21233,-1.20118,1.61558,-0.0726231,-0.437932,-1.12584,-0.731236,-0.165938,-1.43849,-0.455315,0.0166915,1.50167,0.802969,0.425799,0.215146,0.755623,-0.671935,0.202205,-0.627009,1.12513,2.00623,-0.217106,0.201664,-0.212065,-0.155676,0.174018,-1.61667,-2.01076,0.183755,-0.169082,0.383088,0.117477,-547.184,-508.299,2761.5,815.011,520.894,-1882.04,-2005.36,-819.359,713.376,4167.89,684.524,-60.5022,-3825.74,-379.508,89.5438,-786.665,-2764.26,-1893.05,-1138.15,1330.48,3721.9,-4549.31,2287.66,267.703,-2638.59,-2872.07,3581.78,-691.08,1559.76,-2665.15,-3407.54,531.827,2745.55,-223.138,-3512.96,4957.76,-1430.38,-3610.6,1490.59,-2808.39,2647.86,134.514,1058.66,-2025.01,485.435,3088.29,-408.039,1755.96,-843.537,223.64,-979.537,157.066,-382.401,-1592.82,146.539,630.355,1663.4,390.568,-1767.98,-422.267,-1066.21,3073.98,426.967,1910.6,-1257.09,-400.344,-1141.72,499.265,-2604.22,-1076.11,-4120.46,-2216.12,-5824.17,-626.233,4606.2,242.817,3643.23,1542.24,2193.71,656.864,865.569,271.498,-601.193,3442.11,1343.81,-669.027,-589.169,-124.323,-568.395,1995.34,2199.27,3168.19,1360.03,-1589.59,215.181,-2315.43,-552.459,2949.46,968.289,-1405.52
-250354,0,1,0,1,1,250393,-0.384764,0.00591807,1.98251,0.65987,0.194549,-1.62464,-1.32884,-0.638008,0.776036,1.76188,-0.149657,0.116447,-1.54277,-0.0636614,0.2482,-1.00728,-1.59481,-1.01706,-0.127135,0.559175,1.40119,-1.61276,1.8305,-0.0898098,-1.26576,-1.76124,1.23195,-0.269686,1.22789,-1.59845,-1.56077,0.458786,1.996,-0.185011,-1.75004,1.38731,-0.797919,-1.56933,0.936032,-1.67351,1.35279,0.444837,1.42627,-1.3104,-0.0724454,0.89088,-0.393547,0.886616,0.0264761,-0.478673,-1.03596,0.226382,0.0675763,-1.26799,0.156639,-0.0321617,0.998724,0.212245,-0.63784,-0.775643,-0.788799,1.94885,1.21166,0.828242,-0.92643,-0.62419,-1.08532,0.0134659,-0.922084,-1.04397,-1.82062,-0.720654,-1.94471,-0.376988,1.76676,-0.594025,1.17955,0.313105,1.16384,0.0323358,0.112372,0.276904,0.173359,1.84303,0.871915,-1.30925,-0.819472,-0.271119,0.144731,1.18899,1.07535,1.68402,1.67163,-0.91779,-0.253471,-1.68299,-0.374937,1.42931,0.855572,-1.19532,0.052693,0.133991,-0.0218554,0.73388,-1.73776,-0.112304,-1.03917,0.185035,0.21676,0.0889689,-0.11819,-0.240633,-0.0464467,0.506803,-1.68175,1.19854,-0.927931,-0.342103,-0.417561,0.15239,-1.12487,-0.880568,0.907226,0.76488,0.488062,1.4999,0.150614,0.121309,-0.713195,0.316687,-0.180953,-1.40826,1.02177,-0.183127,-0.450411,-0.732916,-0.192215,1.12811,-1.48327,0.393319,-0.356219,0.893168,-0.148418,0.316882,0.314772,0.744425,-0.366169,-1.11326,-1.20786,0.740718,0.545475,0.640835,0.364663,1.08869,-1.07385,-0.182188,1.34642,-0.980259,2.6732,1.00506,0.572541,-1.06642,0.53746,-0.129219,0.101519,1.64093,1.17198,0.73495,0.650181,0.831733,-0.738066,-0.944373,-1.20959,0.731688,-0.763301,1.15684,1.35851,0.2991,-0.798461,-0.23053,-0.8973,-0.931887,-0.788922,-0.523023,-0.0440344,-0.449487,1.37452,-0.192534,-0.651423,0.983594,-0.188514,0.875027,-1.41811,-1.20377,-1.22194,-0.967148,1.33233,2.09661,0.235519,0.0915969,-547.184,-508.299,2761.5,815.011,520.894,-1882.04,-2005.36,-819.359,713.376,4167.89,684.524,-60.5022,-3825.74,-379.508,89.5438,-786.665,-2764.26,-1893.05,-1138.15,1330.48,3721.9,-4549.31,2287.66,267.703,-2638.59,-2872.07,3581.78,-691.08,1559.76,-2665.15,-3407.54,531.827,2745.55,-223.138,-3512.96,4957.76,-1430.38,-3610.6,1490.59,-2808.39,2647.86,134.514,1058.66,-2025.01,485.435,3088.29,-408.039,1755.96,-843.537,223.64,-979.537,157.066,-382.401,-1592.82,146.539,630.355,1663.4,390.568,-1767.98,-422.267,-1066.21,3073.98,426.967,1910.6,-1257.09,-400.344,-1141.72,499.265,-2604.22,-1076.11,-4120.46,-2216.12,-5824.17,-626.233,4606.2,242.817,3643.23,1542.24,2193.71,656.864,865.569,271.498,-601.193,3442.11,1343.81,-669.027,-589.169,-124.323,-568.395,1995.34,2199.27,3168.19,1360.03,-1589.59,215.181,-2315.43,-552.459,2949.46,968.289,-1405.52
-250354,0,1,0,1,1,250411,-0.384764,0.00591807,1.98251,0.65987,0.194549,-1.62464,-1.32884,-0.638008,0.776036,1.76188,-0.149657,0.116447,-1.54277,-0.0636614,0.2482,-1.00728,-1.59481,-1.01706,-0.127135,0.559175,1.40119,-1.61276,1.8305,-0.0898098,-1.26576,-1.76124,1.23195,-0.269686,1.22789,-1.59845,-1.56077,0.458786,1.996,-0.185011,-1.75004,1.38731,-0.797919,-1.56933,0.936032,-1.67351,1.35279,0.444837,1.42627,-1.3104,-0.0724454,0.89088,-0.393547,0.886616,0.0264761,-0.478673,-1.03596,0.226382,0.0675763,-1.26799,0.156639,-0.0321617,0.998724,0.212245,-0.63784,-0.775643,-0.788799,1.94885,1.21166,0.828242,-0.92643,-0.62419,-1.08532,0.0134659,-0.922084,-1.04397,-1.82062,-0.720654,-1.94471,-0.376988,1.76676,-0.594025,1.17955,0.313105,1.16384,0.0323358,0.112372,0.276904,0.173359,1.84303,0.871915,-1.30925,-0.819472,-0.271119,0.144731,1.18899,1.07535,1.68402,1.67163,-0.91779,-0.253471,-1.68299,-0.374937,1.42931,0.855572,-1.19532,-1.2024,0.165835,-0.794554,0.0621894,-0.803032,0.377428,1.14237,-0.475019,-0.915585,1.87636,-2.24303,-0.607214,0.391347,-0.307426,-0.0668542,2.46016,1.25461,-0.708156,0.463362,-0.382587,-0.108066,-0.117744,-1.92658,1.30216,0.723256,-0.874622,0.831195,1.01801,-0.772207,0.127526,-0.83735,-0.587776,0.374303,0.141485,-1.08717,-0.653503,-1.11975,1.81961,0.214253,0.230809,1.10785,1.99203,0.989111,0.666477,0.549431,1.13485,0.209443,-0.451999,1.17996,1.48609,0.710619,0.668148,-1.35171,0.418045,-0.778193,1.88554,0.564077,0.604502,-0.768474,-0.0576218,0.779081,-0.985412,-0.0217145,-1.47997,1.78084,-1.0606,-1.50299,0.845031,-0.347305,1.79136,-0.282246,2.0127,1.14651,-2.17067,0.60611,0.943814,0.164703,1.10407,-0.332777,0.0762189,0.821133,0.120547,-0.552536,-0.0590416,-0.0892788,-1.31772,-0.848764,-0.556749,-0.0133662,1.98191,0.201166,-1.53411,-0.45466,-2.76615,-0.90582,1.19618,-1.44935,0.736083,0.741648,-1.70738,-547.184,-508.299,2761.5,815.011,520.894,-1882.04,-2005.36,-819.359,713.376,4167.89,684.524,-60.5022,-3825.74,-379.508,89.5438,-786.665,-2764.26,-1893.05,-1138.15,1330.48,3721.9,-4549.31,2287.66,267.703,-2638.59,-2872.07,3581.78,-691.08,1559.76,-2665.15,-3407.54,531.827,2745.55,-223.138,-3512.96,4957.76,-1430.38,-3610.6,1490.59,-2808.39,2647.86,134.514,1058.66,-2025.01,485.435,3088.29,-408.039,1755.96,-843.537,223.64,-979.537,157.066,-382.401,-1592.82,146.539,630.355,1663.4,390.568,-1767.98,-422.267,-1066.21,3073.98,426.967,1910.6,-1257.09,-400.344,-1141.72,499.265,-2604.22,-1076.11,-4120.46,-2216.12,-5824.17,-626.233,4606.2,242.817,3643.23,1542.24,2193.71,656.864,865.569,271.498,-601.193,3442.11,1343.81,-669.027,-589.169,-124.323,-568.395,1995.34,2199.27,3168.19,1360.03,-1589.59,215.181,-2315.43,-552.459,2949.46,968.289,-1405.52
-250354,0,1,0,1,1,250402,-0.384764,0.00591807,1.98251,0.65987,0.194549,-1.62464,-1.32884,-0.638008,0.776036,1.76188,-0.149657,0.116447,-1.54277,-0.0636614,0.2482,-1.00728,-1.59481,-1.01706,-0.127135,0.559175,1.40119,-1.61276,1.8305,-0.0898098,-1.26576,-1.76124,1.23195,-0.269686,1.22789,-1.59845,-1.56077,0.458786,1.996,-0.185011,-1.75004,1.38731,-0.797919,-1.56933,0.936032,-1.67351,1.35279,0.444837,1.42627,-1.3104,-0.0724454,0.89088,-0.393547,0.886616,0.0264761,-0.478673,-1.03596,0.226382,0.0675763,-1.26799,0.156639,-0.0321617,0.998724,0.212245,-0.63784,-0.775643,-0.788799,1.94885,1.21166,0.828242,-0.92643,-0.62419,-1.08532,0.0134659,-0.922084,-1.04397,-1.82062,-0.720654,-1.94471,-0.376988,1.76676,-0.594025,1.17955,0.313105,1.16384,0.0323358,0.112372,0.276904,0.173359,1.84303,0.871915,-1.30925,-0.819472,-0.271119,0.144731,1.18899,1.07535,1.68402,1.67163,-0.91779,-0.253471,-1.68299,-0.374937,1.42931,0.855572,-1.19532,-1.89461,-1.0243,-0.655396,-0.00618035,-0.740607,-0.47139,0.574889,1.2196,0.341633,-1.1754,-2.73299,-1.01287,0.404131,-1.15351,-2.32564,-1.01019,-0.630945,0.322341,1.60531,-1.23114,-0.220215,0.0461724,-0.246602,-0.856274,0.11032,0.211965,-0.922952,0.481636,-1.09658,0.640521,-0.90102,1.10438,-2.0349,0.485027,0.280688,-0.98058,1.25844,1.6061,0.318169,-0.00974299,0.350613,-0.189505,-0.278057,-0.136089,1.04417,0.774378,-0.487504,-0.783886,-0.0225469,-0.865465,1.15512,-0.365013,-0.305007,-0.118001,-0.10641,0.254726,-0.737849,-0.572486,-0.774981,0.947537,-0.957223,-0.743572,0.811286,1.53404,0.660588,-0.401368,0.00697399,0.644541,1.02538,2.35956,0.175445,0.208669,2.14844,0.601393,0.717935,0.25458,-0.257098,-0.78816,-0.782077,0.860733,0.231856,0.314706,0.274884,1.10254,0.921243,-3.55466,-0.312069,-0.703752,1.82023,-0.00056635,0.903037,0.0151294,-1.04999,0.360595,0.0281664,-0.958399,-0.707388,-0.183552,0.351469,0.208156,-547.184,-508.299,2761.5,815.011,520.894,-1882.04,-2005.36,-819.359,713.376,4167.89,684.524,-60.5022,-3825.74,-379.508,89.5438,-786.665,-2764.26,-1893.05,-1138.15,1330.48,3721.9,-4549.31,2287.66,267.703,-2638.59,-2872.07,3581.78,-691.08,1559.76,-2665.15,-3407.54,531.827,2745.55,-223.138,-3512.96,4957.76,-1430.38,-3610.6,1490.59,-2808.39,2647.86,134.514,1058.66,-2025.01,485.435,3088.29,-408.039,1755.96,-843.537,223.64,-979.537,157.066,-382.401,-1592.82,146.539,630.355,1663.4,390.568,-1767.98,-422.267,-1066.21,3073.98,426.967,1910.6,-1257.09,-400.344,-1141.72,499.265,-2604.22,-1076.11,-4120.46,-2216.12,-5824.17,-626.233,4606.2,242.817,3643.23,1542.24,2193.71,656.864,865.569,271.498,-601.193,3442.11,1343.81,-669.027,-589.169,-124.323,-568.395,1995.34,2199.27,3168.19,1360.03,-1589.59,215.181,-2315.43,-552.459,2949.46,968.289,-1405.52
-250354,0,1,0,1,1,250406,-0.384764,0.00591807,1.98251,0.65987,0.194549,-1.62464,-1.32884,-0.638008,0.776036,1.76188,-0.149657,0.116447,-1.54277,-0.0636614,0.2482,-1.00728,-1.59481,-1.01706,-0.127135,0.559175,1.40119,-1.61276,1.8305,-0.0898098,-1.26576,-1.76124,1.23195,-0.269686,1.22789,-1.59845,-1.56077,0.458786,1.996,-0.185011,-1.75004,1.38731,-0.797919,-1.56933,0.936032,-1.67351,1.35279,0.444837,1.42627,-1.3104,-0.0724454,0.89088,-0.393547,0.886616,0.0264761,-0.478673,-1.03596,0.226382,0.0675763,-1.26799,0.156639,-0.0321617,0.998724,0.212245,-0.63784,-0.775643,-0.788799,1.94885,1.21166,0.828242,-0.92643,-0.62419,-1.08532,0.0134659,-0.922084,-1.04397,-1.82062,-0.720654,-1.94471,-0.376988,1.76676,-0.594025,1.17955,0.313105,1.16384,0.0323358,0.112372,0.276904,0.173359,1.84303,0.871915,-1.30925,-0.819472,-0.271119,0.144731,1.18899,1.07535,1.68402,1.67163,-0.91779,-0.253471,-1.68299,-0.374937,1.42931,0.855572,-1.19532,-0.676381,0.10605,-1.14714,-2.46553,0.0635727,1.58036,1.14637,-1.56455,0.734362,-1.26386,1.05446,1.32123,0.518077,-1.80332,0.731412,0.374665,-0.271612,-0.0309245,-0.107084,-0.499617,0.446625,-0.97358,0.837494,-0.435557,1.14663,-0.47452,-0.0398106,-1.10329,-1.30033,-0.344164,-0.245415,-1.16021,1.80539,-0.00938091,-1.12649,1.09434,0.164545,0.333136,0.619016,0.52731,2.208,-2.23696,1.40095,1.24599,-0.611084,-1.27258,-0.147748,-0.557933,-0.444538,-1.33283,0.116698,0.897646,-0.0775014,-0.797973,0.480658,-1.64076,-2.29204,1.48161,-1.2664,1.61911,1.01119,-1.53771,-0.612607,0.721717,-0.428135,0.543213,-1.03692,1.04843,0.741618,-0.616287,-0.387392,0.747962,-0.905557,0.146698,0.467224,1.03508,0.701102,0.415926,0.63706,1.4512,-0.230191,0.398489,0.583659,2.12091,0.919963,-0.853784,-0.535183,0.193602,-0.293948,-1.05161,-0.567973,-0.079753,1.50134,1.18711,-1.92021,-1.15034,-0.411003,0.711627,0.359423,-0.330361,-547.184,-508.299,2761.5,815.011,520.894,-1882.04,-2005.36,-819.359,713.376,4167.89,684.524,-60.5022,-3825.74,-379.508,89.5438,-786.665,-2764.26,-1893.05,-1138.15,1330.48,3721.9,-4549.31,2287.66,267.703,-2638.59,-2872.07,3581.78,-691.08,1559.76,-2665.15,-3407.54,531.827,2745.55,-223.138,-3512.96,4957.76,-1430.38,-3610.6,1490.59,-2808.39,2647.86,134.514,1058.66,-2025.01,485.435,3088.29,-408.039,1755.96,-843.537,223.64,-979.537,157.066,-382.401,-1592.82,146.539,630.355,1663.4,390.568,-1767.98,-422.267,-1066.21,3073.98,426.967,1910.6,-1257.09,-400.344,-1141.72,499.265,-2604.22,-1076.11,-4120.46,-2216.12,-5824.17,-626.233,4606.2,242.817,3643.23,1542.24,2193.71,656.864,865.569,271.498,-601.193,3442.11,1343.81,-669.027,-589.169,-124.323,-568.395,1995.34,2199.27,3168.19,1360.03,-1589.59,215.181,-2315.43,-552.459,2949.46,968.289,-1405.52
-250354,0,1,0,1,1,250397,-0.384764,0.00591807,1.98251,0.65987,0.194549,-1.62464,-1.32884,-0.638008,0.776036,1.76188,-0.149657,0.116447,-1.54277,-0.0636614,0.2482,-1.00728,-1.59481,-1.01706,-0.127135,0.559175,1.40119,-1.61276,1.8305,-0.0898098,-1.26576,-1.76124,1.23195,-0.269686,1.22789,-1.59845,-1.56077,0.458786,1.996,-0.185011,-1.75004,1.38731,-0.797919,-1.56933,0.936032,-1.67351,1.35279,0.444837,1.42627,-1.3104,-0.0724454,0.89088,-0.393547,0.886616,0.0264761,-0.478673,-1.03596,0.226382,0.0675763,-1.26799,0.156639,-0.0321617,0.998724,0.212245,-0.63784,-0.775643,-0.788799,1.94885,1.21166,0.828242,-0.92643,-0.62419,-1.08532,0.0134659,-0.922084,-1.04397,-1.82062,-0.720654,-1.94471,-0.376988,1.76676,-0.594025,1.17955,0.313105,1.16384,0.0323358,0.112372,0.276904,0.173359,1.84303,0.871915,-1.30925,-0.819472,-0.271119,0.144731,1.18899,1.07535,1.68402,1.67163,-0.91779,-0.253471,-1.68299,-0.374937,1.42931,0.855572,-1.19532,-0.5406,-0.979315,2.29593,0.690316,0.625358,-0.165887,1.52773,0.071048,-1.11433,-0.809399,-0.432915,-1.96543,-1.73304,2.1223,-0.250719,-0.342427,-1.15127,-0.0147798,0.4332,-1.72127,0.473607,0.627386,-0.28138,0.687446,0.754243,-0.282267,1.85255,-0.609897,-0.870857,1.26118,0.614622,-0.502985,0.504618,-1.39509,-0.2269,0.140487,0.682524,-0.200016,-1.21407,0.0245575,0.324923,0.730999,-0.637669,-0.238358,0.555867,0.274048,0.941472,0.236846,1.68923,-1.34354,0.720746,-1.49265,0.250314,-0.535007,0.195142,-2.85103,1.17156,-0.972511,-1.61437,0.296654,1.43677,-0.444932,-0.485455,0.973799,0.0486332,0.0128793,1.38424,-0.729312,-0.346939,-0.217806,0.672904,0.0615402,0.0860595,0.675623,0.087182,-0.139763,0.673998,-1.76106,-0.817396,0.635815,-0.928059,0.532768,0.997199,-0.41232,0.303784,-0.393741,0.650299,0.876542,0.0914462,0.617764,0.0588847,-0.809309,-0.199356,2.1387,0.0160156,-0.642542,0.612876,-0.0248476,-0.745011,0.508481,-547.184,-508.299,2761.5,815.011,520.894,-1882.04,-2005.36,-819.359,713.376,4167.89,684.524,-60.5022,-3825.74,-379.508,89.5438,-786.665,-2764.26,-1893.05,-1138.15,1330.48,3721.9,-4549.31,2287.66,267.703,-2638.59,-2872.07,3581.78,-691.08,1559.76,-2665.15,-3407.54,531.827,2745.55,-223.138,-3512.96,4957.76,-1430.38,-3610.6,1490.59,-2808.39,2647.86,134.514,1058.66,-2025.01,485.435,3088.29,-408.039,1755.96,-843.537,223.64,-979.537,157.066,-382.401,-1592.82,146.539,630.355,1663.4,390.568,-1767.98,-422.267,-1066.21,3073.98,426.967,1910.6,-1257.09,-400.344,-1141.72,499.265,-2604.22,-1076.11,-4120.46,-2216.12,-5824.17,-626.233,4606.2,242.817,3643.23,1542.24,2193.71,656.864,865.569,271.498,-601.193,3442.11,1343.81,-669.027,-589.169,-124.323,-568.395,1995.34,2199.27,3168.19,1360.03,-1589.59,215.181,-2315.43,-552.459,2949.46,968.289,-1405.52
-250354,0,1,0,1,1,250397,-0.384764,0.00591807,1.98251,0.65987,0.194549,-1.62464,-1.32884,-0.638008,0.776036,1.76188,-0.149657,0.116447,-1.54277,-0.0636614,0.2482,-1.00728,-1.59481,-1.01706,-0.127135,0.559175,1.40119,-1.61276,1.8305,-0.0898098,-1.26576,-1.76124,1.23195,-0.269686,1.22789,-1.59845,-1.56077,0.458786,1.996,-0.185011,-1.75004,1.38731,-0.797919,-1.56933,0.936032,-1.67351,1.35279,0.444837,1.42627,-1.3104,-0.0724454,0.89088,-0.393547,0.886616,0.0264761,-0.478673,-1.03596,0.226382,0.0675763,-1.26799,0.156639,-0.0321617,0.998724,0.212245,-0.63784,-0.775643,-0.788799,1.94885,1.21166,0.828242,-0.92643,-0.62419,-1.08532,0.0134659,-0.922084,-1.04397,-1.82062,-0.720654,-1.94471,-0.376988,1.76676,-0.594025,1.17955,0.313105,1.16384,0.0323358,0.112372,0.276904,0.173359,1.84303,0.871915,-1.30925,-0.819472,-0.271119,0.144731,1.18899,1.07535,1.68402,1.67163,-0.91779,-0.253471,-1.68299,-0.374937,1.42931,0.855572,-1.19532,-0.940399,-0.0784032,1.24211,0.510419,-2.48356,1.36474,0.738503,-0.970375,-0.543081,-0.797915,1.7615,0.496982,1.88476,0.98214,-1.09452,-0.767009,-0.528985,-0.381532,-0.812948,0.588545,0.477388,-0.816294,-0.266277,1.33841,1.95945,-0.676165,-0.929117,1.32838,0.203084,0.0896365,-0.892194,-0.270333,0.858011,1.70857,-0.259013,-0.426615,0.613618,-0.493434,-0.643795,0.901277,-1.79519,-1.88652,0.34047,-0.604251,-0.663833,-0.14736,-1.1327,-0.432462,0.43142,-1.72249,-1.03991,-0.390503,0.281335,-0.173247,-0.197653,0.207181,0.878188,-0.132388,-1.0812,-0.0298852,-0.155103,-0.421367,0.106779,0.311837,-0.602482,0.319158,-1.14388,0.585377,-1.43372,-0.783591,1.00671,1.73304,0.13383,-1.70116,1.10332,-1.07448,-0.395893,-0.743738,-1.46505,-1.0057,-0.566827,0.944782,-0.771284,-0.47433,0.282524,-0.872661,-0.00545655,-0.257039,-0.590627,0.864258,-0.726457,-0.598833,0.43549,-0.358474,0.547451,1.8331,1.64459,0.0576104,-0.209706,0.5861,-547.184,-508.299,2761.5,815.011,520.894,-1882.04,-2005.36,-819.359,713.376,4167.89,684.524,-60.5022,-3825.74,-379.508,89.5438,-786.665,-2764.26,-1893.05,-1138.15,1330.48,3721.9,-4549.31,2287.66,267.703,-2638.59,-2872.07,3581.78,-691.08,1559.76,-2665.15,-3407.54,531.827,2745.55,-223.138,-3512.96,4957.76,-1430.38,-3610.6,1490.59,-2808.39,2647.86,134.514,1058.66,-2025.01,485.435,3088.29,-408.039,1755.96,-843.537,223.64,-979.537,157.066,-382.401,-1592.82,146.539,630.355,1663.4,390.568,-1767.98,-422.267,-1066.21,3073.98,426.967,1910.6,-1257.09,-400.344,-1141.72,499.265,-2604.22,-1076.11,-4120.46,-2216.12,-5824.17,-626.233,4606.2,242.817,3643.23,1542.24,2193.71,656.864,865.569,271.498,-601.193,3442.11,1343.81,-669.027,-589.169,-124.323,-568.395,1995.34,2199.27,3168.19,1360.03,-1589.59,215.181,-2315.43,-552.459,2949.46,968.289,-1405.52
-250354,0,1,0,1,1,250404,-0.384764,0.00591807,1.98251,0.65987,0.194549,-1.62464,-1.32884,-0.638008,0.776036,1.76188,-0.149657,0.116447,-1.54277,-0.0636614,0.2482,-1.00728,-1.59481,-1.01706,-0.127135,0.559175,1.40119,-1.61276,1.8305,-0.0898098,-1.26576,-1.76124,1.23195,-0.269686,1.22789,-1.59845,-1.56077,0.458786,1.996,-0.185011,-1.75004,1.38731,-0.797919,-1.56933,0.936032,-1.67351,1.35279,0.444837,1.42627,-1.3104,-0.0724454,0.89088,-0.393547,0.886616,0.0264761,-0.478673,-1.03596,0.226382,0.0675763,-1.26799,0.156639,-0.0321617,0.998724,0.212245,-0.63784,-0.775643,-0.788799,1.94885,1.21166,0.828242,-0.92643,-0.62419,-1.08532,0.0134659,-0.922084,-1.04397,-1.82062,-0.720654,-1.94471,-0.376988,1.76676,-0.594025,1.17955,0.313105,1.16384,0.0323358,0.112372,0.276904,0.173359,1.84303,0.871915,-1.30925,-0.819472,-0.271119,0.144731,1.18899,1.07535,1.68402,1.67163,-0.91779,-0.253471,-1.68299,-0.374937,1.42931,0.855572,-1.19532,0.11664,-0.645521,-1.02136,0.0365281,1.64528,-0.71859,-0.807871,0.757237,0.317497,-0.46475,2.69324,-0.420005,0.83855,0.305019,-0.725013,-0.611192,1.36203,0.284062,-0.00639401,-1.74764,-0.0778173,-0.117692,0.688162,-1.00221,-0.0506988,-1.04493,0.280022,-0.311433,1.05588,0.957916,1.53414,-0.0128978,-0.935218,-0.980742,-0.0622501,-1.57305,1.15773,-2.69483,0.402828,-0.664846,0.956514,0.570554,-0.28544,1.28824,0.106813,-0.945464,-0.0510509,-0.389075,-1.38253,1.27792,-0.0178922,0.588607,0.315195,-0.333455,-1.36691,2.11217,-0.118918,-0.703273,-1.13577,0.119794,-1.48797,-0.420819,-0.881879,0.617962,-0.636139,-0.324754,-1.72003,-1.50404,0.228702,-0.386598,0.752302,2.6257,0.39629,1.14871,0.394703,-1.38519,-0.0271478,0.790198,-0.87255,0.209661,-1.45107,0.83687,-0.58998,0.739434,-0.953993,-1.37096,-0.128873,0.553635,-1.87435,-0.258671,0.734706,-1.14533,-0.966826,-0.436434,0.449784,1.33467,-0.584749,0.731457,0.363493,1.94432,-547.184,-508.299,2761.5,815.011,520.894,-1882.04,-2005.36,-819.359,713.376,4167.89,684.524,-60.5022,-3825.74,-379.508,89.5438,-786.665,-2764.26,-1893.05,-1138.15,1330.48,3721.9,-4549.31,2287.66,267.703,-2638.59,-2872.07,3581.78,-691.08,1559.76,-2665.15,-3407.54,531.827,2745.55,-223.138,-3512.96,4957.76,-1430.38,-3610.6,1490.59,-2808.39,2647.86,134.514,1058.66,-2025.01,485.435,3088.29,-408.039,1755.96,-843.537,223.64,-979.537,157.066,-382.401,-1592.82,146.539,630.355,1663.4,390.568,-1767.98,-422.267,-1066.21,3073.98,426.967,1910.6,-1257.09,-400.344,-1141.72,499.265,-2604.22,-1076.11,-4120.46,-2216.12,-5824.17,-626.233,4606.2,242.817,3643.23,1542.24,2193.71,656.864,865.569,271.498,-601.193,3442.11,1343.81,-669.027,-589.169,-124.323,-568.395,1995.34,2199.27,3168.19,1360.03,-1589.59,215.181,-2315.43,-552.459,2949.46,968.289,-1405.52
-250354,0,1,0,1,1,250400,-0.384764,0.00591807,1.98251,0.65987,0.194549,-1.62464,-1.32884,-0.638008,0.776036,1.76188,-0.149657,0.116447,-1.54277,-0.0636614,0.2482,-1.00728,-1.59481,-1.01706,-0.127135,0.559175,1.40119,-1.61276,1.8305,-0.0898098,-1.26576,-1.76124,1.23195,-0.269686,1.22789,-1.59845,-1.56077,0.458786,1.996,-0.185011,-1.75004,1.38731,-0.797919,-1.56933,0.936032,-1.67351,1.35279,0.444837,1.42627,-1.3104,-0.0724454,0.89088,-0.393547,0.886616,0.0264761,-0.478673,-1.03596,0.226382,0.0675763,-1.26799,0.156639,-0.0321617,0.998724,0.212245,-0.63784,-0.775643,-0.788799,1.94885,1.21166,0.828242,-0.92643,-0.62419,-1.08532,0.0134659,-0.922084,-1.04397,-1.82062,-0.720654,-1.94471,-0.376988,1.76676,-0.594025,1.17955,0.313105,1.16384,0.0323358,0.112372,0.276904,0.173359,1.84303,0.871915,-1.30925,-0.819472,-0.271119,0.144731,1.18899,1.07535,1.68402,1.67163,-0.91779,-0.253471,-1.68299,-0.374937,1.42931,0.855572,-1.19532,0.628245,0.186446,0.195832,0.486825,0.0925828,0.711343,-0.457247,1.3768,2.02163,1.52191,-0.0544161,-0.898133,-1.5073,-0.406101,-0.170807,-1.6463,0.938205,-1.60597,0.593698,-1.16116,1.39157,0.419778,-0.988121,-1.7026,-1.62698,0.153776,-0.0539922,-0.360751,-0.313016,1.00408,0.139759,-0.737085,-0.350232,-0.878906,0.863758,-1.67282,-1.70915,-0.995679,-0.158794,-0.849375,-1.16131,-0.833437,0.211081,-0.649602,-1.52216,1.16504,0.345762,-1.63055,-1.07255,0.745795,1.0361,0.70351,1.1441,-0.0803805,0.0759852,-0.308812,0.0308308,0.156553,-0.749636,-0.178135,-0.389938,-0.162547,0.39366,1.36758,0.663194,2.00791,0.687051,0.258664,0.598631,0.0134969,0.0112158,-2.00332,0.0979082,-1.32097,0.0603607,-0.0577348,1.20138,-0.0127417,-1.82335,-2.01646,0.411181,0.160134,-0.460673,-0.617414,-0.353404,0.0355986,-1.71016,0.638345,1.61029,-0.679095,0.534288,-0.918926,0.11277,-0.213942,-1.24782,-0.723529,-0.699851,1.02946,1.30521,-0.998532,-547.184,-508.299,2761.5,815.011,520.894,-1882.04,-2005.36,-819.359,713.376,4167.89,684.524,-60.5022,-3825.74,-379.508,89.5438,-786.665,-2764.26,-1893.05,-1138.15,1330.48,3721.9,-4549.31,2287.66,267.703,-2638.59,-2872.07,3581.78,-691.08,1559.76,-2665.15,-3407.54,531.827,2745.55,-223.138,-3512.96,4957.76,-1430.38,-3610.6,1490.59,-2808.39,2647.86,134.514,1058.66,-2025.01,485.435,3088.29,-408.039,1755.96,-843.537,223.64,-979.537,157.066,-382.401,-1592.82,146.539,630.355,1663.4,390.568,-1767.98,-422.267,-1066.21,3073.98,426.967,1910.6,-1257.09,-400.344,-1141.72,499.265,-2604.22,-1076.11,-4120.46,-2216.12,-5824.17,-626.233,4606.2,242.817,3643.23,1542.24,2193.71,656.864,865.569,271.498,-601.193,3442.11,1343.81,-669.027,-589.169,-124.323,-568.395,1995.34,2199.27,3168.19,1360.03,-1589.59,215.181,-2315.43,-552.459,2949.46,968.289,-1405.52
-250354,0,1,0,1,1,250401,-0.384764,0.00591807,1.98251,0.65987,0.194549,-1.62464,-1.32884,-0.638008,0.776036,1.76188,-0.149657,0.116447,-1.54277,-0.0636614,0.2482,-1.00728,-1.59481,-1.01706,-0.127135,0.559175,1.40119,-1.61276,1.8305,-0.0898098,-1.26576,-1.76124,1.23195,-0.269686,1.22789,-1.59845,-1.56077,0.458786,1.996,-0.185011,-1.75004,1.38731,-0.797919,-1.56933,0.936032,-1.67351,1.35279,0.444837,1.42627,-1.3104,-0.0724454,0.89088,-0.393547,0.886616,0.0264761,-0.478673,-1.03596,0.226382,0.0675763,-1.26799,0.156639,-0.0321617,0.998724,0.212245,-0.63784,-0.775643,-0.788799,1.94885,1.21166,0.828242,-0.92643,-0.62419,-1.08532,0.0134659,-0.922084,-1.04397,-1.82062,-0.720654,-1.94471,-0.376988,1.76676,-0.594025,1.17955,0.313105,1.16384,0.0323358,0.112372,0.276904,0.173359,1.84303,0.871915,-1.30925,-0.819472,-0.271119,0.144731,1.18899,1.07535,1.68402,1.67163,-0.91779,-0.253471,-1.68299,-0.374937,1.42931,0.855572,-1.19532,0.122266,-0.490813,1.75045,1.50176,0.433479,0.899698,-0.263188,-1.13049,-0.577925,0.0428185,-0.985433,0.721912,0.17826,-0.169509,0.866552,-0.664564,2.12972,-1.36997,0.581695,-0.56189,0.176096,-0.466573,-0.88661,0.870931,-0.755472,-0.231174,-0.691417,1.82354,-0.249241,-0.783056,-2.24155,-1.00532,0.662622,0.441,-0.661104,-0.719515,1.2203,-1.59765,0.587617,1.28359,-0.14408,0.221691,-2.82932,-0.70981,0.596944,0.586268,2.05334,-0.825745,-0.480811,0.796286,-0.966576,0.649592,-1.14822,0.0802313,-0.400776,-0.376821,0.0617093,1.0803,-0.890277,-0.535215,-0.734226,-0.0381545,-0.388202,-1.24641,-0.242431,-1.08637,1.33289,1.23607,-0.116784,-0.848163,-1.11525,-0.572454,-0.659754,-1.00762,-1.54004,1.56335,-1.61085,0.917576,-1.14864,1.07658,0.766949,0.31485,-0.0991012,-2.07779,0.531019,-0.862765,0.520231,0.765171,0.472143,-0.1892,-0.979914,0.58143,-1.50246,0.646082,-0.107388,-1.19672,-0.297438,-0.252033,-0.518092,0.887726,-547.184,-508.299,2761.5,815.011,520.894,-1882.04,-2005.36,-819.359,713.376,4167.89,684.524,-60.5022,-3825.74,-379.508,89.5438,-786.665,-2764.26,-1893.05,-1138.15,1330.48,3721.9,-4549.31,2287.66,267.703,-2638.59,-2872.07,3581.78,-691.08,1559.76,-2665.15,-3407.54,531.827,2745.55,-223.138,-3512.96,4957.76,-1430.38,-3610.6,1490.59,-2808.39,2647.86,134.514,1058.66,-2025.01,485.435,3088.29,-408.039,1755.96,-843.537,223.64,-979.537,157.066,-382.401,-1592.82,146.539,630.355,1663.4,390.568,-1767.98,-422.267,-1066.21,3073.98,426.967,1910.6,-1257.09,-400.344,-1141.72,499.265,-2604.22,-1076.11,-4120.46,-2216.12,-5824.17,-626.233,4606.2,242.817,3643.23,1542.24,2193.71,656.864,865.569,271.498,-601.193,3442.11,1343.81,-669.027,-589.169,-124.323,-568.395,1995.34,2199.27,3168.19,1360.03,-1589.59,215.181,-2315.43,-552.459,2949.46,968.289,-1405.52
-250354,0,1,0,1,1,250405,-0.384764,0.00591807,1.98251,0.65987,0.194549,-1.62464,-1.32884,-0.638008,0.776036,1.76188,-0.149657,0.116447,-1.54277,-0.0636614,0.2482,-1.00728,-1.59481,-1.01706,-0.127135,0.559175,1.40119,-1.61276,1.8305,-0.0898098,-1.26576,-1.76124,1.23195,-0.269686,1.22789,-1.59845,-1.56077,0.458786,1.996,-0.185011,-1.75004,1.38731,-0.797919,-1.56933,0.936032,-1.67351,1.35279,0.444837,1.42627,-1.3104,-0.0724454,0.89088,-0.393547,0.886616,0.0264761,-0.478673,-1.03596,0.226382,0.0675763,-1.26799,0.156639,-0.0321617,0.998724,0.212245,-0.63784,-0.775643,-0.788799,1.94885,1.21166,0.828242,-0.92643,-0.62419,-1.08532,0.0134659,-0.922084,-1.04397,-1.82062,-0.720654,-1.94471,-0.376988,1.76676,-0.594025,1.17955,0.313105,1.16384,0.0323358,0.112372,0.276904,0.173359,1.84303,0.871915,-1.30925,-0.819472,-0.271119,0.144731,1.18899,1.07535,1.68402,1.67163,-0.91779,-0.253471,-1.68299,-0.374937,1.42931,0.855572,-1.19532,-0.35951,0.80741,-1.23967,0.381471,0.225696,0.872174,0.636658,0.900245,-0.897091,-0.180661,0.00718244,-1.93844,1.06361,-0.842288,0.365321,0.75237,2.69007,-0.403165,-0.947,0.517595,-1.60836,1.25447,-2.02933,-0.254125,-0.476693,0.919811,-0.348091,2.19955,-2.61405,-2.05582,0.710409,0.308538,0.577403,-0.820294,-1.1758,-0.161174,1.38612,-0.478988,-1.2939,0.120938,-0.78932,0.0573812,-1.04987,0.773223,0.777633,0.843621,0.112988,-2.08821,0.0866948,-0.345694,0.65221,-1.26085,-0.830366,0.0568417,-0.529928,1.27162,1.70352,-0.0774234,1.22487,-0.384939,-0.416158,-1.17944,1.09411,0.301877,-0.516206,0.569783,-0.450486,0.445978,-0.269602,0.498906,1.35164,-0.0283908,0.747316,-0.429256,-0.485219,-1.32518,0.950145,0.156713,-0.844046,-0.683585,1.19611,-0.536354,0.126335,-0.128237,1.20982,-1.35913,0.908775,1.752,0.160349,0.55154,0.0107533,0.500258,-0.845729,-0.599183,1.84533,2.45705,-0.804091,0.458279,-0.541415,-0.940676,-547.184,-508.299,2761.5,815.011,520.894,-1882.04,-2005.36,-819.359,713.376,4167.89,684.524,-60.5022,-3825.74,-379.508,89.5438,-786.665,-2764.26,-1893.05,-1138.15,1330.48,3721.9,-4549.31,2287.66,267.703,-2638.59,-2872.07,3581.78,-691.08,1559.76,-2665.15,-3407.54,531.827,2745.55,-223.138,-3512.96,4957.76,-1430.38,-3610.6,1490.59,-2808.39,2647.86,134.514,1058.66,-2025.01,485.435,3088.29,-408.039,1755.96,-843.537,223.64,-979.537,157.066,-382.401,-1592.82,146.539,630.355,1663.4,390.568,-1767.98,-422.267,-1066.21,3073.98,426.967,1910.6,-1257.09,-400.344,-1141.72,499.265,-2604.22,-1076.11,-4120.46,-2216.12,-5824.17,-626.233,4606.2,242.817,3643.23,1542.24,2193.71,656.864,865.569,271.498,-601.193,3442.11,1343.81,-669.027,-589.169,-124.323,-568.395,1995.34,2199.27,3168.19,1360.03,-1589.59,215.181,-2315.43,-552.459,2949.46,968.289,-1405.52
-250354,0,1,0,1,1,250406,-0.384764,0.00591807,1.98251,0.65987,0.194549,-1.62464,-1.32884,-0.638008,0.776036,1.76188,-0.149657,0.116447,-1.54277,-0.0636614,0.2482,-1.00728,-1.59481,-1.01706,-0.127135,0.559175,1.40119,-1.61276,1.8305,-0.0898098,-1.26576,-1.76124,1.23195,-0.269686,1.22789,-1.59845,-1.56077,0.458786,1.996,-0.185011,-1.75004,1.38731,-0.797919,-1.56933,0.936032,-1.67351,1.35279,0.444837,1.42627,-1.3104,-0.0724454,0.89088,-0.393547,0.886616,0.0264761,-0.478673,-1.03596,0.226382,0.0675763,-1.26799,0.156639,-0.0321617,0.998724,0.212245,-0.63784,-0.775643,-0.788799,1.94885,1.21166,0.828242,-0.92643,-0.62419,-1.08532,0.0134659,-0.922084,-1.04397,-1.82062,-0.720654,-1.94471,-0.376988,1.76676,-0.594025,1.17955,0.313105,1.16384,0.0323358,0.112372,0.276904,0.173359,1.84303,0.871915,-1.30925,-0.819472,-0.271119,0.144731,1.18899,1.07535,1.68402,1.67163,-0.91779,-0.253471,-1.68299,-0.374937,1.42931,0.855572,-1.19532,1.32478,0.0149473,-1.99691,-0.30707,1.43951,1.14831,0.951765,0.687407,-0.842563,1.15304,-0.662996,-1.00242,1.63286,0.192164,-1.8802,-1.30726,0.0799182,-1.04594,-1.63506,-1.12574,1.21094,-0.103826,-0.0441546,0.418749,-1.7505,0.0980104,1.67464,1.4355,0.430187,-1.41234,-0.0939198,0.954122,-2.62304,0.861186,0.896381,0.43007,0.107861,0.91303,-0.0151667,-0.90051,-0.340252,1.0122,0.276464,-0.592971,0.581411,-0.707244,0.878652,-1.01273,-1.48624,1.08103,0.17081,-1.10318,2.23586,1.02711,-0.312068,0.815367,-0.920321,-0.0943963,1.36262,-0.0523063,-1.4686,0.0541781,-0.331565,-0.870368,0.481569,0.625394,-0.970636,-0.00493197,-0.136538,0.506593,0.288862,0.221399,-1.50896,1.26734,1.09373,-0.905828,-1.16002,0.0537161,-0.575289,0.229982,-1.91256,0.465888,-0.553969,-0.491663,0.652426,0.42926,1.70177,0.493703,-0.84432,0.81517,-1.35902,1.20232,0.317351,2.37043,0.328937,0.281407,1.63297,0.957693,-0.0166241,-0.773143,-547.184,-508.299,2761.5,815.011,520.894,-1882.04,-2005.36,-819.359,713.376,4167.89,684.524,-60.5022,-3825.74,-379.508,89.5438,-786.665,-2764.26,-1893.05,-1138.15,1330.48,3721.9,-4549.31,2287.66,267.703,-2638.59,-2872.07,3581.78,-691.08,1559.76,-2665.15,-3407.54,531.827,2745.55,-223.138,-3512.96,4957.76,-1430.38,-3610.6,1490.59,-2808.39,2647.86,134.514,1058.66,-2025.01,485.435,3088.29,-408.039,1755.96,-843.537,223.64,-979.537,157.066,-382.401,-1592.82,146.539,630.355,1663.4,390.568,-1767.98,-422.267,-1066.21,3073.98,426.967,1910.6,-1257.09,-400.344,-1141.72,499.265,-2604.22,-1076.11,-4120.46,-2216.12,-5824.17,-626.233,4606.2,242.817,3643.23,1542.24,2193.71,656.864,865.569,271.498,-601.193,3442.11,1343.81,-669.027,-589.169,-124.323,-568.395,1995.34,2199.27,3168.19,1360.03,-1589.59,215.181,-2315.43,-552.459,2949.46,968.289,-1405.52
-250354,0,1,0,1,1,250393,-0.384764,0.00591807,1.98251,0.65987,0.194549,-1.62464,-1.32884,-0.638008,0.776036,1.76188,-0.149657,0.116447,-1.54277,-0.0636614,0.2482,-1.00728,-1.59481,-1.01706,-0.127135,0.559175,1.40119,-1.61276,1.8305,-0.0898098,-1.26576,-1.76124,1.23195,-0.269686,1.22789,-1.59845,-1.56077,0.458786,1.996,-0.185011,-1.75004,1.38731,-0.797919,-1.56933,0.936032,-1.67351,1.35279,0.444837,1.42627,-1.3104,-0.0724454,0.89088,-0.393547,0.886616,0.0264761,-0.478673,-1.03596,0.226382,0.0675763,-1.26799,0.156639,-0.0321617,0.998724,0.212245,-0.63784,-0.775643,-0.788799,1.94885,1.21166,0.828242,-0.92643,-0.62419,-1.08532,0.0134659,-0.922084,-1.04397,-1.82062,-0.720654,-1.94471,-0.376988,1.76676,-0.594025,1.17955,0.313105,1.16384,0.0323358,0.112372,0.276904,0.173359,1.84303,0.871915,-1.30925,-0.819472,-0.271119,0.144731,1.18899,1.07535,1.68402,1.67163,-0.91779,-0.253471,-1.68299,-0.374937,1.42931,0.855572,-1.19532,-0.308386,-0.269525,-0.0793794,1.35646,0.0378344,0.789677,-0.286138,-0.57115,-0.308989,1.17388,-0.374564,1.65961,0.883557,0.00889067,1.44756,-0.224157,0.0267891,2.41133,-0.0534801,0.540867,-0.0367714,-0.160542,2.76291,-1.19955,-1.10476,0.721602,-0.324471,0.725622,0.928007,-1.27775,-0.480447,-0.250965,-0.274756,0.322402,-0.159797,-0.242803,-0.932672,0.202712,-1.12347,0.102984,-0.789698,0.708896,0.173629,-0.159099,-0.114451,-0.105571,0.445569,-0.167602,0.345355,-0.130308,0.390941,0.0277458,-0.531208,0.592074,0.675291,0.0717484,1.79774,0.379874,-1.66026,-0.719439,1.3361,-0.46133,0.781525,-0.957778,0.121835,0.475257,0.464298,0.780208,1.66284,1.6737,0.375314,-0.279942,-0.960539,-0.632736,-0.744394,-0.912148,0.582959,-0.249697,0.253579,0.414257,0.529777,-0.288613,1.1207,-0.406052,1.24434,1.19699,0.770678,-0.564918,-1.20911,0.169687,-1.39095,0.761841,2.03344,1.53174,-0.890872,1.43203,0.7658,0.953006,0.22287,1.02663,-547.184,-508.299,2761.5,815.011,520.894,-1882.04,-2005.36,-819.359,713.376,4167.89,684.524,-60.5022,-3825.74,-379.508,89.5438,-786.665,-2764.26,-1893.05,-1138.15,1330.48,3721.9,-4549.31,2287.66,267.703,-2638.59,-2872.07,3581.78,-691.08,1559.76,-2665.15,-3407.54,531.827,2745.55,-223.138,-3512.96,4957.76,-1430.38,-3610.6,1490.59,-2808.39,2647.86,134.514,1058.66,-2025.01,485.435,3088.29,-408.039,1755.96,-843.537,223.64,-979.537,157.066,-382.401,-1592.82,146.539,630.355,1663.4,390.568,-1767.98,-422.267,-1066.21,3073.98,426.967,1910.6,-1257.09,-400.344,-1141.72,499.265,-2604.22,-1076.11,-4120.46,-2216.12,-5824.17,-626.233,4606.2,242.817,3643.23,1542.24,2193.71,656.864,865.569,271.498,-601.193,3442.11,1343.81,-669.027,-589.169,-124.323,-568.395,1995.34,2199.27,3168.19,1360.03,-1589.59,215.181,-2315.43,-552.459,2949.46,968.289,-1405.52
-250354,0,1,0,1,1,250398,-0.384764,0.00591807,1.98251,0.65987,0.194549,-1.62464,-1.32884,-0.638008,0.776036,1.76188,-0.149657,0.116447,-1.54277,-0.0636614,0.2482,-1.00728,-1.59481,-1.01706,-0.127135,0.559175,1.40119,-1.61276,1.8305,-0.0898098,-1.26576,-1.76124,1.23195,-0.269686,1.22789,-1.59845,-1.56077,0.458786,1.996,-0.185011,-1.75004,1.38731,-0.797919,-1.56933,0.936032,-1.67351,1.35279,0.444837,1.42627,-1.3104,-0.0724454,0.89088,-0.393547,0.886616,0.0264761,-0.478673,-1.03596,0.226382,0.0675763,-1.26799,0.156639,-0.0321617,0.998724,0.212245,-0.63784,-0.775643,-0.788799,1.94885,1.21166,0.828242,-0.92643,-0.62419,-1.08532,0.0134659,-0.922084,-1.04397,-1.82062,-0.720654,-1.94471,-0.376988,1.76676,-0.594025,1.17955,0.313105,1.16384,0.0323358,0.112372,0.276904,0.173359,1.84303,0.871915,-1.30925,-0.819472,-0.271119,0.144731,1.18899,1.07535,1.68402,1.67163,-0.91779,-0.253471,-1.68299,-0.374937,1.42931,0.855572,-1.19532,1.54373,0.337109,0.950568,1.3197,-0.840299,0.943696,0.546235,-1.36156,-0.142538,-1.35712,0.18838,-2.16936,-0.26874,-1.70025,-0.194133,0.0521483,0.8816,0.74566,0.134872,-0.907988,-1.93479,0.847838,-2.89771,0.0146016,0.283448,-0.305371,-0.766073,-0.732782,-0.0970132,0.436623,0.800399,0.322477,-0.879901,0.0299186,1.57658,-1.26849,-0.33682,0.509589,-0.00709775,-1.64014,0.578954,-0.912053,-0.535456,0.75943,-0.666254,0.168884,0.251111,-1.36647,0.651867,0.291526,-1.51871,0.283581,0.755165,0.255366,-0.0768554,0.292524,0.343091,1.50217,-0.0169196,1.45271,1.44837,0.974503,-1.44144,-0.387282,0.151551,-1.03398,-0.573584,1.29722,-1.71696,-0.128516,1.04919,1.41469,-0.581679,0.467035,-0.581171,0.69354,-1.51663,-0.289797,-0.414257,-0.471173,-0.957578,-0.0740491,-0.452574,-0.0191392,0.156011,0.737065,-1.56178,-0.688279,0.971503,0.643425,-0.241507,0.232326,-1.25414,1.13612,-0.750611,-0.677906,0.333576,-0.325064,1.30951,-0.798858,-547.184,-508.299,2761.5,815.011,520.894,-1882.04,-2005.36,-819.359,713.376,4167.89,684.524,-60.5022,-3825.74,-379.508,89.5438,-786.665,-2764.26,-1893.05,-1138.15,1330.48,3721.9,-4549.31,2287.66,267.703,-2638.59,-2872.07,3581.78,-691.08,1559.76,-2665.15,-3407.54,531.827,2745.55,-223.138,-3512.96,4957.76,-1430.38,-3610.6,1490.59,-2808.39,2647.86,134.514,1058.66,-2025.01,485.435,3088.29,-408.039,1755.96,-843.537,223.64,-979.537,157.066,-382.401,-1592.82,146.539,630.355,1663.4,390.568,-1767.98,-422.267,-1066.21,3073.98,426.967,1910.6,-1257.09,-400.344,-1141.72,499.265,-2604.22,-1076.11,-4120.46,-2216.12,-5824.17,-626.233,4606.2,242.817,3643.23,1542.24,2193.71,656.864,865.569,271.498,-601.193,3442.11,1343.81,-669.027,-589.169,-124.323,-568.395,1995.34,2199.27,3168.19,1360.03,-1589.59,215.181,-2315.43,-552.459,2949.46,968.289,-1405.52
-250354,0,1,0,1,1,250408,-0.384764,0.00591807,1.98251,0.65987,0.194549,-1.62464,-1.32884,-0.638008,0.776036,1.76188,-0.149657,0.116447,-1.54277,-0.0636614,0.2482,-1.00728,-1.59481,-1.01706,-0.127135,0.559175,1.40119,-1.61276,1.8305,-0.0898098,-1.26576,-1.76124,1.23195,-0.269686,1.22789,-1.59845,-1.56077,0.458786,1.996,-0.185011,-1.75004,1.38731,-0.797919,-1.56933,0.936032,-1.67351,1.35279,0.444837,1.42627,-1.3104,-0.0724454,0.89088,-0.393547,0.886616,0.0264761,-0.478673,-1.03596,0.226382,0.0675763,-1.26799,0.156639,-0.0321617,0.998724,0.212245,-0.63784,-0.775643,-0.788799,1.94885,1.21166,0.828242,-0.92643,-0.62419,-1.08532,0.0134659,-0.922084,-1.04397,-1.82062,-0.720654,-1.94471,-0.376988,1.76676,-0.594025,1.17955,0.313105,1.16384,0.0323358,0.112372,0.276904,0.173359,1.84303,0.871915,-1.30925,-0.819472,-0.271119,0.144731,1.18899,1.07535,1.68402,1.67163,-0.91779,-0.253471,-1.68299,-0.374937,1.42931,0.855572,-1.19532,0.242455,0.00075367,0.562219,-0.343665,-0.766649,-1.37495,0.571062,-1.46712,-0.617244,-0.514632,-0.171245,1.37802,0.13978,-0.794605,-0.65174,-1.88173,-1.33033,1.04084,-0.0604446,1.10405,0.741979,0.794235,-0.582871,1.88576,-0.726641,-0.00742914,2.04787,0.263685,-1.77729,-0.239295,1.45227,-1.06387,0.675715,-0.499666,-0.165546,0.140105,0.699446,0.383773,1.50015,-0.210578,1.04084,0.625957,-0.573572,0.252868,-0.907292,0.012909,-0.384132,-2.56224,-1.43178,-1.95142,0.626122,-0.236133,-1.45956,1.77349,0.375453,-0.401218,0.917817,-0.828696,-1.63427,-1.23334,1.53691,0.347827,0.0446312,-0.176173,-1.78363,1.03845,-0.371169,0.868953,-0.406085,-0.409958,-0.585334,1.16191,-0.35003,2.78618,-0.112569,-2.02888,0.836585,-1.2263,1.11618,-0.221585,0.642456,1.63127,0.576322,-1.05946,0.244827,-0.812406,1.32232,-0.782684,1.05902,0.949051,-0.59487,0.749251,-0.180816,-0.248593,0.575976,-0.985387,0.502298,-0.504996,-2.31301,-1.17025,-547.184,-508.299,2761.5,815.011,520.894,-1882.04,-2005.36,-819.359,713.376,4167.89,684.524,-60.5022,-3825.74,-379.508,89.5438,-786.665,-2764.26,-1893.05,-1138.15,1330.48,3721.9,-4549.31,2287.66,267.703,-2638.59,-2872.07,3581.78,-691.08,1559.76,-2665.15,-3407.54,531.827,2745.55,-223.138,-3512.96,4957.76,-1430.38,-3610.6,1490.59,-2808.39,2647.86,134.514,1058.66,-2025.01,485.435,3088.29,-408.039,1755.96,-843.537,223.64,-979.537,157.066,-382.401,-1592.82,146.539,630.355,1663.4,390.568,-1767.98,-422.267,-1066.21,3073.98,426.967,1910.6,-1257.09,-400.344,-1141.72,499.265,-2604.22,-1076.11,-4120.46,-2216.12,-5824.17,-626.233,4606.2,242.817,3643.23,1542.24,2193.71,656.864,865.569,271.498,-601.193,3442.11,1343.81,-669.027,-589.169,-124.323,-568.395,1995.34,2199.27,3168.19,1360.03,-1589.59,215.181,-2315.43,-552.459,2949.46,968.289,-1405.52
-250354,0,1,0,1,1,250396,-0.384764,0.00591807,1.98251,0.65987,0.194549,-1.62464,-1.32884,-0.638008,0.776036,1.76188,-0.149657,0.116447,-1.54277,-0.0636614,0.2482,-1.00728,-1.59481,-1.01706,-0.127135,0.559175,1.40119,-1.61276,1.8305,-0.0898098,-1.26576,-1.76124,1.23195,-0.269686,1.22789,-1.59845,-1.56077,0.458786,1.996,-0.185011,-1.75004,1.38731,-0.797919,-1.56933,0.936032,-1.67351,1.35279,0.444837,1.42627,-1.3104,-0.0724454,0.89088,-0.393547,0.886616,0.0264761,-0.478673,-1.03596,0.226382,0.0675763,-1.26799,0.156639,-0.0321617,0.998724,0.212245,-0.63784,-0.775643,-0.788799,1.94885,1.21166,0.828242,-0.92643,-0.62419,-1.08532,0.0134659,-0.922084,-1.04397,-1.82062,-0.720654,-1.94471,-0.376988,1.76676,-0.594025,1.17955,0.313105,1.16384,0.0323358,0.112372,0.276904,0.173359,1.84303,0.871915,-1.30925,-0.819472,-0.271119,0.144731,1.18899,1.07535,1.68402,1.67163,-0.91779,-0.253471,-1.68299,-0.374937,1.42931,0.855572,-1.19532,-0.497388,0.296876,2.22215,-0.49397,-0.577715,0.365936,1.84619,-0.703982,0.443008,0.566933,-0.751949,-0.958736,-0.375354,-1.54168,-0.468597,1.21934,1.50967,0.681454,0.959913,-1.58305,0.485022,0.425644,-0.598223,1.25958,-1.13227,1.05849,0.883623,0.810382,0.694078,-0.883222,0.807184,0.14568,-1.09005,0.767949,-1.01901,-1.77716,0.0729597,-0.77671,-0.740052,1.04086,-0.991372,0.328709,-1.217,-0.33957,-0.493683,0.222337,2.1417,-0.681114,1.87161,0.315291,-0.311164,-1.11191,-0.631986,1.84651,-0.993441,-1.28528,-0.218862,-0.338415,-0.0322408,-0.625285,-0.217573,-1.26523,-0.312032,0.692108,0.0423755,-0.34141,0.232323,0.586824,0.220513,-0.561434,1.17204,-1.68111,0.401767,-0.803832,0.671286,0.290384,0.401974,0.514716,-1.6445,1.09273,0.976694,-1.4273,-0.235802,0.578225,-0.692983,-0.0747141,0.510233,1.00972,-0.739386,-1.411,0.02637,1.09175,0.49203,-0.881003,-1.07494,0.00364577,0.357079,-0.165051,-0.707123,0.588975,-547.184,-508.299,2761.5,815.011,520.894,-1882.04,-2005.36,-819.359,713.376,4167.89,684.524,-60.5022,-3825.74,-379.508,89.5438,-786.665,-2764.26,-1893.05,-1138.15,1330.48,3721.9,-4549.31,2287.66,267.703,-2638.59,-2872.07,3581.78,-691.08,1559.76,-2665.15,-3407.54,531.827,2745.55,-223.138,-3512.96,4957.76,-1430.38,-3610.6,1490.59,-2808.39,2647.86,134.514,1058.66,-2025.01,485.435,3088.29,-408.039,1755.96,-843.537,223.64,-979.537,157.066,-382.401,-1592.82,146.539,630.355,1663.4,390.568,-1767.98,-422.267,-1066.21,3073.98,426.967,1910.6,-1257.09,-400.344,-1141.72,499.265,-2604.22,-1076.11,-4120.46,-2216.12,-5824.17,-626.233,4606.2,242.817,3643.23,1542.24,2193.71,656.864,865.569,271.498,-601.193,3442.11,1343.81,-669.027,-589.169,-124.323,-568.395,1995.34,2199.27,3168.19,1360.03,-1589.59,215.181,-2315.43,-552.459,2949.46,968.289,-1405.52
-250354,0,1,0,1,1,250400,-0.384764,0.00591807,1.98251,0.65987,0.194549,-1.62464,-1.32884,-0.638008,0.776036,1.76188,-0.149657,0.116447,-1.54277,-0.0636614,0.2482,-1.00728,-1.59481,-1.01706,-0.127135,0.559175,1.40119,-1.61276,1.8305,-0.0898098,-1.26576,-1.76124,1.23195,-0.269686,1.22789,-1.59845,-1.56077,0.458786,1.996,-0.185011,-1.75004,1.38731,-0.797919,-1.56933,0.936032,-1.67351,1.35279,0.444837,1.42627,-1.3104,-0.0724454,0.89088,-0.393547,0.886616,0.0264761,-0.478673,-1.03596,0.226382,0.0675763,-1.26799,0.156639,-0.0321617,0.998724,0.212245,-0.63784,-0.775643,-0.788799,1.94885,1.21166,0.828242,-0.92643,-0.62419,-1.08532,0.0134659,-0.922084,-1.04397,-1.82062,-0.720654,-1.94471,-0.376988,1.76676,-0.594025,1.17955,0.313105,1.16384,0.0323358,0.112372,0.276904,0.173359,1.84303,0.871915,-1.30925,-0.819472,-0.271119,0.144731,1.18899,1.07535,1.68402,1.67163,-0.91779,-0.253471,-1.68299,-0.374937,1.42931,0.855572,-1.19532,-0.558281,2.2056,1.9016,-0.886057,-0.506762,0.584947,-0.590054,0.816562,0.574184,1.84728,-0.579195,0.999498,-0.853047,1.47678,0.779064,-0.815062,0.605733,0.489882,-0.246015,-0.146214,1.17391,1.27371,0.50602,1.41328,0.393283,0.420635,-0.191377,0.260477,1.19509,1.57809,0.745305,1.77117,-0.819327,0.89292,0.170797,1.63387,-1.67202,0.008044,0.0380128,-0.429041,-1.65923,-0.155719,0.0274728,-0.0861328,-0.482426,-0.944284,0.462247,0.561479,1.63554,-0.515604,-1.28248,0.113883,-0.344499,-1.38525,0.800035,-1.43127,0.133393,0.591666,-1.20769,0.475105,-0.13567,0.974719,0.768107,1.29545,1.33132,1.39685,0.306961,0.67846,-0.627643,-0.911429,0.420277,0.0108647,-1.70053,0.0316764,-0.489677,1.00042,-2.11215,0.559506,-1.05995,-0.0764625,1.29997,0.290501,-1.24967,0.898242,-0.863468,0.50292,0.293585,-0.771839,-0.477353,-0.256579,0.840307,-0.16374,-1.70783,0.206153,-1.62862,-0.419769,-0.104784,0.884673,-0.516102,1.35542,-547.184,-508.299,2761.5,815.011,520.894,-1882.04,-2005.36,-819.359,713.376,4167.89,684.524,-60.5022,-3825.74,-379.508,89.5438,-786.665,-2764.26,-1893.05,-1138.15,1330.48,3721.9,-4549.31,2287.66,267.703,-2638.59,-2872.07,3581.78,-691.08,1559.76,-2665.15,-3407.54,531.827,2745.55,-223.138,-3512.96,4957.76,-1430.38,-3610.6,1490.59,-2808.39,2647.86,134.514,1058.66,-2025.01,485.435,3088.29,-408.039,1755.96,-843.537,223.64,-979.537,157.066,-382.401,-1592.82,146.539,630.355,1663.4,390.568,-1767.98,-422.267,-1066.21,3073.98,426.967,1910.6,-1257.09,-400.344,-1141.72,499.265,-2604.22,-1076.11,-4120.46,-2216.12,-5824.17,-626.233,4606.2,242.817,3643.23,1542.24,2193.71,656.864,865.569,271.498,-601.193,3442.11,1343.81,-669.027,-589.169,-124.323,-568.395,1995.34,2199.27,3168.19,1360.03,-1589.59,215.181,-2315.43,-552.459,2949.46,968.289,-1405.52
-250354,0,1,0,1,1,250403,-0.384764,0.00591807,1.98251,0.65987,0.194549,-1.62464,-1.32884,-0.638008,0.776036,1.76188,-0.149657,0.116447,-1.54277,-0.0636614,0.2482,-1.00728,-1.59481,-1.01706,-0.127135,0.559175,1.40119,-1.61276,1.8305,-0.0898098,-1.26576,-1.76124,1.23195,-0.269686,1.22789,-1.59845,-1.56077,0.458786,1.996,-0.185011,-1.75004,1.38731,-0.797919,-1.56933,0.936032,-1.67351,1.35279,0.444837,1.42627,-1.3104,-0.0724454,0.89088,-0.393547,0.886616,0.0264761,-0.478673,-1.03596,0.226382,0.0675763,-1.26799,0.156639,-0.0321617,0.998724,0.212245,-0.63784,-0.775643,-0.788799,1.94885,1.21166,0.828242,-0.92643,-0.62419,-1.08532,0.0134659,-0.922084,-1.04397,-1.82062,-0.720654,-1.94471,-0.376988,1.76676,-0.594025,1.17955,0.313105,1.16384,0.0323358,0.112372,0.276904,0.173359,1.84303,0.871915,-1.30925,-0.819472,-0.271119,0.144731,1.18899,1.07535,1.68402,1.67163,-0.91779,-0.253471,-1.68299,-0.374937,1.42931,0.855572,-1.19532,-0.869586,0.982994,-0.0486065,-0.028463,-0.169228,0.842469,-0.309772,1.51077,0.291153,-1.24506,-0.0417434,-2.29764,1.23434,-1.43698,-0.827293,-0.800185,-1.20118,-0.452626,-0.422854,-0.723672,-0.0700315,-0.351738,-0.608888,-0.881309,-0.592336,0.795031,-1.36482,2.02034,-0.0588109,0.761703,1.15476,1.77195,0.426054,0.463413,-1.08775,-1.26298,-0.853104,1.1136,-0.597005,-0.831488,0.7208,-1.501,0.748033,-0.309743,-1.11781,-1.87884,1.22934,0.915533,-0.253813,0.875397,-1.42958,-0.110964,0.80505,0.948933,0.478825,1.13994,0.312511,-0.334073,-0.189998,-0.261947,3.08138,1.22246,-0.656338,-0.317493,-0.508282,0.561916,0.19527,-0.844948,0.11316,-0.969048,-0.302656,-0.0540143,-0.619364,0.0515843,-0.659245,0.124394,-0.739814,-1.21242,0.188371,0.00429796,-0.331632,-1.13395,-0.856614,-0.453422,-2.12334,-0.717552,-0.924625,-0.123478,0.331816,2.56819,0.873813,-1.10269,-0.13518,-0.908799,0.350532,-0.258638,1.81031,-1.18738,1.80723,-0.751562,-547.184,-508.299,2761.5,815.011,520.894,-1882.04,-2005.36,-819.359,713.376,4167.89,684.524,-60.5022,-3825.74,-379.508,89.5438,-786.665,-2764.26,-1893.05,-1138.15,1330.48,3721.9,-4549.31,2287.66,267.703,-2638.59,-2872.07,3581.78,-691.08,1559.76,-2665.15,-3407.54,531.827,2745.55,-223.138,-3512.96,4957.76,-1430.38,-3610.6,1490.59,-2808.39,2647.86,134.514,1058.66,-2025.01,485.435,3088.29,-408.039,1755.96,-843.537,223.64,-979.537,157.066,-382.401,-1592.82,146.539,630.355,1663.4,390.568,-1767.98,-422.267,-1066.21,3073.98,426.967,1910.6,-1257.09,-400.344,-1141.72,499.265,-2604.22,-1076.11,-4120.46,-2216.12,-5824.17,-626.233,4606.2,242.817,3643.23,1542.24,2193.71,656.864,865.569,271.498,-601.193,3442.11,1343.81,-669.027,-589.169,-124.323,-568.395,1995.34,2199.27,3168.19,1360.03,-1589.59,215.181,-2315.43,-552.459,2949.46,968.289,-1405.52
-250354,0,1,0,1,1,250393,-0.384764,0.00591807,1.98251,0.65987,0.194549,-1.62464,-1.32884,-0.638008,0.776036,1.76188,-0.149657,0.116447,-1.54277,-0.0636614,0.2482,-1.00728,-1.59481,-1.01706,-0.127135,0.559175,1.40119,-1.61276,1.8305,-0.0898098,-1.26576,-1.76124,1.23195,-0.269686,1.22789,-1.59845,-1.56077,0.458786,1.996,-0.185011,-1.75004,1.38731,-0.797919,-1.56933,0.936032,-1.67351,1.35279,0.444837,1.42627,-1.3104,-0.0724454,0.89088,-0.393547,0.886616,0.0264761,-0.478673,-1.03596,0.226382,0.0675763,-1.26799,0.156639,-0.0321617,0.998724,0.212245,-0.63784,-0.775643,-0.788799,1.94885,1.21166,0.828242,-0.92643,-0.62419,-1.08532,0.0134659,-0.922084,-1.04397,-1.82062,-0.720654,-1.94471,-0.376988,1.76676,-0.594025,1.17955,0.313105,1.16384,0.0323358,0.112372,0.276904,0.173359,1.84303,0.871915,-1.30925,-0.819472,-0.271119,0.144731,1.18899,1.07535,1.68402,1.67163,-0.91779,-0.253471,-1.68299,-0.374937,1.42931,0.855572,-1.19532,-0.969491,1.89263,0.570005,-0.273431,0.176481,1.18983,1.0814,0.847293,-0.247226,-0.230706,-0.0566426,-0.746037,0.0930318,0.897664,-1.12577,0.69349,-0.21872,1.38933,1.35837,0.511894,-0.0875442,0.310975,-1.58057,1.77433,0.656674,-0.887307,-1.30938,1.4403,0.622846,-0.304929,-0.46314,-0.312963,0.824957,1.34566,-1.06712,-0.140326,0.0615952,-1.01366,-0.178173,0.310413,-0.336439,0.152371,-1.7337,-0.0773347,-1.06876,-0.16656,-1.36805,-1.04174,-1.81528,0.484455,-0.841001,0.34033,0.562027,0.482027,-0.228646,-0.0266059,1.71187,-0.372111,0.433986,1.03421,1.09432,1.30811,0.0314387,0.10991,-0.736034,-0.183011,0.572274,-1.01553,-1.65146,0.00605254,-0.376551,-0.121661,0.833394,-0.167115,-1.33603,-1.59806,-0.4776,0.361677,-0.788716,0.951452,0.0715291,1.67332,0.804764,-0.907449,-0.127595,1.23572,0.222657,0.408173,0.378318,0.387224,-0.0601917,2.0349,-0.0982284,-0.097913,0.708459,-0.863726,1.31039,0.435752,0.412813,-1.22848,-547.184,-508.299,2761.5,815.011,520.894,-1882.04,-2005.36,-819.359,713.376,4167.89,684.524,-60.5022,-3825.74,-379.508,89.5438,-786.665,-2764.26,-1893.05,-1138.15,1330.48,3721.9,-4549.31,2287.66,267.703,-2638.59,-2872.07,3581.78,-691.08,1559.76,-2665.15,-3407.54,531.827,2745.55,-223.138,-3512.96,4957.76,-1430.38,-3610.6,1490.59,-2808.39,2647.86,134.514,1058.66,-2025.01,485.435,3088.29,-408.039,1755.96,-843.537,223.64,-979.537,157.066,-382.401,-1592.82,146.539,630.355,1663.4,390.568,-1767.98,-422.267,-1066.21,3073.98,426.967,1910.6,-1257.09,-400.344,-1141.72,499.265,-2604.22,-1076.11,-4120.46,-2216.12,-5824.17,-626.233,4606.2,242.817,3643.23,1542.24,2193.71,656.864,865.569,271.498,-601.193,3442.11,1343.81,-669.027,-589.169,-124.323,-568.395,1995.34,2199.27,3168.19,1360.03,-1589.59,215.181,-2315.43,-552.459,2949.46,968.289,-1405.52
-250354,0,1,0,1,1,250406,-0.384764,0.00591807,1.98251,0.65987,0.194549,-1.62464,-1.32884,-0.638008,0.776036,1.76188,-0.149657,0.116447,-1.54277,-0.0636614,0.2482,-1.00728,-1.59481,-1.01706,-0.127135,0.559175,1.40119,-1.61276,1.8305,-0.0898098,-1.26576,-1.76124,1.23195,-0.269686,1.22789,-1.59845,-1.56077,0.458786,1.996,-0.185011,-1.75004,1.38731,-0.797919,-1.56933,0.936032,-1.67351,1.35279,0.444837,1.42627,-1.3104,-0.0724454,0.89088,-0.393547,0.886616,0.0264761,-0.478673,-1.03596,0.226382,0.0675763,-1.26799,0.156639,-0.0321617,0.998724,0.212245,-0.63784,-0.775643,-0.788799,1.94885,1.21166,0.828242,-0.92643,-0.62419,-1.08532,0.0134659,-0.922084,-1.04397,-1.82062,-0.720654,-1.94471,-0.376988,1.76676,-0.594025,1.17955,0.313105,1.16384,0.0323358,0.112372,0.276904,0.173359,1.84303,0.871915,-1.30925,-0.819472,-0.271119,0.144731,1.18899,1.07535,1.68402,1.67163,-0.91779,-0.253471,-1.68299,-0.374937,1.42931,0.855572,-1.19532,1.23159,-0.899381,-0.523164,0.193183,0.140155,0.123319,0.146473,1.30363,-0.541735,-1.41152,1.03607,-1.94952,-1.61775,-1.45694,0.563777,-0.494436,0.362938,0.270776,0.295433,1.75354,-0.729491,1.77881,2.43105,2.41937,-0.144471,-0.26426,-0.949312,0.00186652,-1.57493,0.585371,-1.30915,0.28888,0.768435,-1.74136,0.105022,0.01688,0.410969,0.213812,0.19996,-0.352011,0.0326349,1.47477,-0.235018,0.572136,-1.57498,0.566767,-0.111929,-1.02546,0.0849587,-0.492668,-0.440476,-0.990338,1.17156,-0.0510634,0.758399,-0.620506,-0.262477,0.873125,0.871835,0.323599,0.18642,-1.89916,-0.959487,1.88097,-0.674168,-0.0798762,0.661756,2.02481,2.8225,0.395221,-1.61903,-0.240169,0.483072,0.641046,-1.42393,0.453063,-0.360494,0.205731,-1.15828,-0.577103,-1.28515,0.439099,0.585304,0.239747,0.0258135,-0.217655,0.0846597,-0.207437,1.51558,0.811173,-2.13866,1.22649,-0.298628,-1.49034,-0.751399,-0.58208,-1.27811,0.0440084,-1.24487,-0.202687,-547.184,-508.299,2761.5,815.011,520.894,-1882.04,-2005.36,-819.359,713.376,4167.89,684.524,-60.5022,-3825.74,-379.508,89.5438,-786.665,-2764.26,-1893.05,-1138.15,1330.48,3721.9,-4549.31,2287.66,267.703,-2638.59,-2872.07,3581.78,-691.08,1559.76,-2665.15,-3407.54,531.827,2745.55,-223.138,-3512.96,4957.76,-1430.38,-3610.6,1490.59,-2808.39,2647.86,134.514,1058.66,-2025.01,485.435,3088.29,-408.039,1755.96,-843.537,223.64,-979.537,157.066,-382.401,-1592.82,146.539,630.355,1663.4,390.568,-1767.98,-422.267,-1066.21,3073.98,426.967,1910.6,-1257.09,-400.344,-1141.72,499.265,-2604.22,-1076.11,-4120.46,-2216.12,-5824.17,-626.233,4606.2,242.817,3643.23,1542.24,2193.71,656.864,865.569,271.498,-601.193,3442.11,1343.81,-669.027,-589.169,-124.323,-568.395,1995.34,2199.27,3168.19,1360.03,-1589.59,215.181,-2315.43,-552.459,2949.46,968.289,-1405.52
-250354,0,1,0,1,1,250415,-0.384764,0.00591807,1.98251,0.65987,0.194549,-1.62464,-1.32884,-0.638008,0.776036,1.76188,-0.149657,0.116447,-1.54277,-0.0636614,0.2482,-1.00728,-1.59481,-1.01706,-0.127135,0.559175,1.40119,-1.61276,1.8305,-0.0898098,-1.26576,-1.76124,1.23195,-0.269686,1.22789,-1.59845,-1.56077,0.458786,1.996,-0.185011,-1.75004,1.38731,-0.797919,-1.56933,0.936032,-1.67351,1.35279,0.444837,1.42627,-1.3104,-0.0724454,0.89088,-0.393547,0.886616,0.0264761,-0.478673,-1.03596,0.226382,0.0675763,-1.26799,0.156639,-0.0321617,0.998724,0.212245,-0.63784,-0.775643,-0.788799,1.94885,1.21166,0.828242,-0.92643,-0.62419,-1.08532,0.0134659,-0.922084,-1.04397,-1.82062,-0.720654,-1.94471,-0.376988,1.76676,-0.594025,1.17955,0.313105,1.16384,0.0323358,0.112372,0.276904,0.173359,1.84303,0.871915,-1.30925,-0.819472,-0.271119,0.144731,1.18899,1.07535,1.68402,1.67163,-0.91779,-0.253471,-1.68299,-0.374937,1.42931,0.855572,-1.19532,0.188822,-0.630602,-0.384684,0.196189,0.471874,3.54682,0.424173,0.459889,0.528746,1.90981,-1.37328,-0.461757,-0.484305,0.0632653,1.55154,1.47865,-1.09798,0.879203,-1.24885,0.155591,0.130528,1.48439,-0.506447,1.21834,-1.27455,-1.33671,-1.46528,-0.0362333,-0.519384,1.36588,-0.603327,-0.00613197,2.04141,-0.544351,0.709838,0.629039,-0.687664,-0.407012,1.47076,0.328391,-2.21994,1.71904,-0.996614,-1.53298,-0.0703217,-0.331672,-1.29617,0.781836,-2.0556,-1.27012,-1.4844,-0.68273,-2.78819,-2.58331,-0.614113,-0.704152,-0.201821,0.16132,-0.760252,0.491916,1.3489,0.113958,1.26424,-1.6913,0.288189,0.935335,0.229066,1.14212,0.378734,-0.0537075,-0.806621,-0.374148,0.427056,0.388005,-1.54175,-1.55372,-0.455028,0.304835,-0.289923,-0.55999,1.40396,0.903488,-0.0280903,0.738609,-0.459569,-1.24803,0.267891,0.0501286,1.07118,-2.4829,-1.43519,-0.952438,-0.286469,0.887485,1.14528,0.437249,0.573805,-0.495111,-0.267649,1.3325,-547.184,-508.299,2761.5,815.011,520.894,-1882.04,-2005.36,-819.359,713.376,4167.89,684.524,-60.5022,-3825.74,-379.508,89.5438,-786.665,-2764.26,-1893.05,-1138.15,1330.48,3721.9,-4549.31,2287.66,267.703,-2638.59,-2872.07,3581.78,-691.08,1559.76,-2665.15,-3407.54,531.827,2745.55,-223.138,-3512.96,4957.76,-1430.38,-3610.6,1490.59,-2808.39,2647.86,134.514,1058.66,-2025.01,485.435,3088.29,-408.039,1755.96,-843.537,223.64,-979.537,157.066,-382.401,-1592.82,146.539,630.355,1663.4,390.568,-1767.98,-422.267,-1066.21,3073.98,426.967,1910.6,-1257.09,-400.344,-1141.72,499.265,-2604.22,-1076.11,-4120.46,-2216.12,-5824.17,-626.233,4606.2,242.817,3643.23,1542.24,2193.71,656.864,865.569,271.498,-601.193,3442.11,1343.81,-669.027,-589.169,-124.323,-568.395,1995.34,2199.27,3168.19,1360.03,-1589.59,215.181,-2315.43,-552.459,2949.46,968.289,-1405.52
-250354,0,1,0,1,1,250396,-0.384764,0.00591807,1.98251,0.65987,0.194549,-1.62464,-1.32884,-0.638008,0.776036,1.76188,-0.149657,0.116447,-1.54277,-0.0636614,0.2482,-1.00728,-1.59481,-1.01706,-0.127135,0.559175,1.40119,-1.61276,1.8305,-0.0898098,-1.26576,-1.76124,1.23195,-0.269686,1.22789,-1.59845,-1.56077,0.458786,1.996,-0.185011,-1.75004,1.38731,-0.797919,-1.56933,0.936032,-1.67351,1.35279,0.444837,1.42627,-1.3104,-0.0724454,0.89088,-0.393547,0.886616,0.0264761,-0.478673,-1.03596,0.226382,0.0675763,-1.26799,0.156639,-0.0321617,0.998724,0.212245,-0.63784,-0.775643,-0.788799,1.94885,1.21166,0.828242,-0.92643,-0.62419,-1.08532,0.0134659,-0.922084,-1.04397,-1.82062,-0.720654,-1.94471,-0.376988,1.76676,-0.594025,1.17955,0.313105,1.16384,0.0323358,0.112372,0.276904,0.173359,1.84303,0.871915,-1.30925,-0.819472,-0.271119,0.144731,1.18899,1.07535,1.68402,1.67163,-0.91779,-0.253471,-1.68299,-0.374937,1.42931,0.855572,-1.19532,-0.360278,-0.321742,-1.32045,1.03072,0.431386,0.239081,-0.395862,-0.997121,0.0373283,0.152235,-0.124185,0.155448,-0.36574,0.190038,1.51241,2.43538,0.16347,0.0411271,-1.09238,-0.162818,0.77592,-1.03931,0.178121,-1.47055,-1.06645,0.902179,-0.29613,-0.125587,0.303203,0.153182,-0.3208,-0.406463,-0.201061,1.29633,0.291196,0.87361,2.58675,0.351628,-1.00367,-0.400174,0.539559,-0.406373,-0.247255,0.406436,0.667313,1.07045,-1.42861,-0.193719,-1.89889,1.38774,1.09244,0.901498,0.187311,-0.988749,-0.0601808,0.292861,1.52874,-1.29192,-1.01868,-0.674756,0.175544,1.14802,0.127878,-0.239576,0.751334,0.473389,0.236572,0.798303,-0.318209,-0.573334,2.61934,1.11146,0.0971774,-0.0151422,0.664504,-0.516737,0.249509,0.649725,-1.3394,0.0134135,1.90629,-1.39871,0.448562,0.313039,1.92186,0.500923,0.953321,1.16873,0.0732121,0.79116,-0.312821,-1.9075,0.173601,-0.0328581,-0.996514,-0.715967,0.338531,0.966899,0.384573,0.837367,-547.184,-508.299,2761.5,815.011,520.894,-1882.04,-2005.36,-819.359,713.376,4167.89,684.524,-60.5022,-3825.74,-379.508,89.5438,-786.665,-2764.26,-1893.05,-1138.15,1330.48,3721.9,-4549.31,2287.66,267.703,-2638.59,-2872.07,3581.78,-691.08,1559.76,-2665.15,-3407.54,531.827,2745.55,-223.138,-3512.96,4957.76,-1430.38,-3610.6,1490.59,-2808.39,2647.86,134.514,1058.66,-2025.01,485.435,3088.29,-408.039,1755.96,-843.537,223.64,-979.537,157.066,-382.401,-1592.82,146.539,630.355,1663.4,390.568,-1767.98,-422.267,-1066.21,3073.98,426.967,1910.6,-1257.09,-400.344,-1141.72,499.265,-2604.22,-1076.11,-4120.46,-2216.12,-5824.17,-626.233,4606.2,242.817,3643.23,1542.24,2193.71,656.864,865.569,271.498,-601.193,3442.11,1343.81,-669.027,-589.169,-124.323,-568.395,1995.34,2199.27,3168.19,1360.03,-1589.59,215.181,-2315.43,-552.459,2949.46,968.289,-1405.52
-250354,0,1,0,1,1,250408,-0.384764,0.00591807,1.98251,0.65987,0.194549,-1.62464,-1.32884,-0.638008,0.776036,1.76188,-0.149657,0.116447,-1.54277,-0.0636614,0.2482,-1.00728,-1.59481,-1.01706,-0.127135,0.559175,1.40119,-1.61276,1.8305,-0.0898098,-1.26576,-1.76124,1.23195,-0.269686,1.22789,-1.59845,-1.56077,0.458786,1.996,-0.185011,-1.75004,1.38731,-0.797919,-1.56933,0.936032,-1.67351,1.35279,0.444837,1.42627,-1.3104,-0.0724454,0.89088,-0.393547,0.886616,0.0264761,-0.478673,-1.03596,0.226382,0.0675763,-1.26799,0.156639,-0.0321617,0.998724,0.212245,-0.63784,-0.775643,-0.788799,1.94885,1.21166,0.828242,-0.92643,-0.62419,-1.08532,0.0134659,-0.922084,-1.04397,-1.82062,-0.720654,-1.94471,-0.376988,1.76676,-0.594025,1.17955,0.313105,1.16384,0.0323358,0.112372,0.276904,0.173359,1.84303,0.871915,-1.30925,-0.819472,-0.271119,0.144731,1.18899,1.07535,1.68402,1.67163,-0.91779,-0.253471,-1.68299,-0.374937,1.42931,0.855572,-1.19532,-0.24119,0.590382,-0.053136,0.310654,-1.43083,-0.490372,1.73794,0.489207,-0.0426694,-0.280308,-0.386458,-0.404866,-0.785058,0.0587244,1.32955,-1.01725,1.77995,1.05844,1.48295,0.617358,-1.31535,0.941357,1.34867,0.397338,-0.0975775,-0.960619,-0.191622,-0.302365,-0.871235,-1.60037,0.327277,-0.0555742,0.92304,-1.83617,-0.0811329,-1.18166,-0.645238,-0.390457,-0.671858,0.274601,-0.734892,-0.603688,0.165531,0.505883,2.14115,-1.31697,0.678722,1.21126,-0.680276,0.997957,-0.818117,2.03838,0.206358,-1.92683,-0.321444,-0.0808242,3.92567,-0.745503,-0.868683,-0.180881,0.941258,0.248666,-1.36331,0.24018,1.01337,-1.72177,-0.0264792,-1.37467,-0.345835,-1.37285,-0.481821,0.0370156,0.509002,-1.13185,0.128247,-0.106112,-0.700986,-0.416344,-1.32847,-1.737,-0.90876,0.451347,-0.140763,-0.744794,2.28918,-0.549841,1.46135,1.85284,-0.159964,-0.747482,0.479707,-1.3543,-0.563191,-0.385455,-0.187097,-1.06339,0.509771,1.47592,-1.41136,0.116903,-547.184,-508.299,2761.5,815.011,520.894,-1882.04,-2005.36,-819.359,713.376,4167.89,684.524,-60.5022,-3825.74,-379.508,89.5438,-786.665,-2764.26,-1893.05,-1138.15,1330.48,3721.9,-4549.31,2287.66,267.703,-2638.59,-2872.07,3581.78,-691.08,1559.76,-2665.15,-3407.54,531.827,2745.55,-223.138,-3512.96,4957.76,-1430.38,-3610.6,1490.59,-2808.39,2647.86,134.514,1058.66,-2025.01,485.435,3088.29,-408.039,1755.96,-843.537,223.64,-979.537,157.066,-382.401,-1592.82,146.539,630.355,1663.4,390.568,-1767.98,-422.267,-1066.21,3073.98,426.967,1910.6,-1257.09,-400.344,-1141.72,499.265,-2604.22,-1076.11,-4120.46,-2216.12,-5824.17,-626.233,4606.2,242.817,3643.23,1542.24,2193.71,656.864,865.569,271.498,-601.193,3442.11,1343.81,-669.027,-589.169,-124.323,-568.395,1995.34,2199.27,3168.19,1360.03,-1589.59,215.181,-2315.43,-552.459,2949.46,968.289,-1405.52
-250354,0,1,0,1,1,250412,-0.384764,0.00591807,1.98251,0.65987,0.194549,-1.62464,-1.32884,-0.638008,0.776036,1.76188,-0.149657,0.116447,-1.54277,-0.0636614,0.2482,-1.00728,-1.59481,-1.01706,-0.127135,0.559175,1.40119,-1.61276,1.8305,-0.0898098,-1.26576,-1.76124,1.23195,-0.269686,1.22789,-1.59845,-1.56077,0.458786,1.996,-0.185011,-1.75004,1.38731,-0.797919,-1.56933,0.936032,-1.67351,1.35279,0.444837,1.42627,-1.3104,-0.0724454,0.89088,-0.393547,0.886616,0.0264761,-0.478673,-1.03596,0.226382,0.0675763,-1.26799,0.156639,-0.0321617,0.998724,0.212245,-0.63784,-0.775643,-0.788799,1.94885,1.21166,0.828242,-0.92643,-0.62419,-1.08532,0.0134659,-0.922084,-1.04397,-1.82062,-0.720654,-1.94471,-0.376988,1.76676,-0.594025,1.17955,0.313105,1.16384,0.0323358,0.112372,0.276904,0.173359,1.84303,0.871915,-1.30925,-0.819472,-0.271119,0.144731,1.18899,1.07535,1.68402,1.67163,-0.91779,-0.253471,-1.68299,-0.374937,1.42931,0.855572,-1.19532,-0.329709,-0.177832,-0.598683,-0.536915,0.833187,2.06632,-1.09217,-0.764267,0.244389,0.500619,-1.04235,0.349944,0.734649,0.497747,-1.80589,-0.344979,-0.388303,-0.99036,0.0465755,0.724835,0.0475569,-0.076466,-0.586609,-0.296346,1.85063,0.821185,1.19159,0.366933,0.232185,0.551203,-0.674723,0.809294,-0.157571,-1.45468,0.301235,0.624096,-0.310741,2.78423,0.147823,0.553475,-1.89293,-1.03262,-1.97387,-1.98354,0.241541,-0.221195,-0.268043,0.646531,0.0412965,-0.356002,0.479103,-0.774606,-0.161315,0.982792,-0.00416626,-1.21175,0.81543,-0.0968334,-1.75709,-0.793787,1.88447,-0.280884,0.187256,-0.921538,-0.0528704,0.0160047,2.95514,0.837994,-0.643799,-0.211354,0.313039,1.11884,1.86913,-0.211246,1.24436,-0.972704,-1.01422,-0.41187,2.07685,0.355109,1.45649,-0.164838,-1.28588,0.980314,-1.78481,1.01394,-1.18776,1.85379,-2.31788,-2.29143,-1.06282,1.251,-0.00648723,-1.50478,-0.965636,-1.49199,-0.157847,-0.0367233,-0.918033,-1.16159,-547.184,-508.299,2761.5,815.011,520.894,-1882.04,-2005.36,-819.359,713.376,4167.89,684.524,-60.5022,-3825.74,-379.508,89.5438,-786.665,-2764.26,-1893.05,-1138.15,1330.48,3721.9,-4549.31,2287.66,267.703,-2638.59,-2872.07,3581.78,-691.08,1559.76,-2665.15,-3407.54,531.827,2745.55,-223.138,-3512.96,4957.76,-1430.38,-3610.6,1490.59,-2808.39,2647.86,134.514,1058.66,-2025.01,485.435,3088.29,-408.039,1755.96,-843.537,223.64,-979.537,157.066,-382.401,-1592.82,146.539,630.355,1663.4,390.568,-1767.98,-422.267,-1066.21,3073.98,426.967,1910.6,-1257.09,-400.344,-1141.72,499.265,-2604.22,-1076.11,-4120.46,-2216.12,-5824.17,-626.233,4606.2,242.817,3643.23,1542.24,2193.71,656.864,865.569,271.498,-601.193,3442.11,1343.81,-669.027,-589.169,-124.323,-568.395,1995.34,2199.27,3168.19,1360.03,-1589.59,215.181,-2315.43,-552.459,2949.46,968.289,-1405.52
-250354,0,1,0,1,1,250415,-0.384764,0.00591807,1.98251,0.65987,0.194549,-1.62464,-1.32884,-0.638008,0.776036,1.76188,-0.149657,0.116447,-1.54277,-0.0636614,0.2482,-1.00728,-1.59481,-1.01706,-0.127135,0.559175,1.40119,-1.61276,1.8305,-0.0898098,-1.26576,-1.76124,1.23195,-0.269686,1.22789,-1.59845,-1.56077,0.458786,1.996,-0.185011,-1.75004,1.38731,-0.797919,-1.56933,0.936032,-1.67351,1.35279,0.444837,1.42627,-1.3104,-0.0724454,0.89088,-0.393547,0.886616,0.0264761,-0.478673,-1.03596,0.226382,0.0675763,-1.26799,0.156639,-0.0321617,0.998724,0.212245,-0.63784,-0.775643,-0.788799,1.94885,1.21166,0.828242,-0.92643,-0.62419,-1.08532,0.0134659,-0.922084,-1.04397,-1.82062,-0.720654,-1.94471,-0.376988,1.76676,-0.594025,1.17955,0.313105,1.16384,0.0323358,0.112372,0.276904,0.173359,1.84303,0.871915,-1.30925,-0.819472,-0.271119,0.144731,1.18899,1.07535,1.68402,1.67163,-0.91779,-0.253471,-1.68299,-0.374937,1.42931,0.855572,-1.19532,0.332199,0.018235,0.0962382,0.361719,0.99926,-0.465538,-1.23627,-0.749379,-0.220091,-1.53345,-0.89316,0.284558,-2.14733,1.16375,-0.860394,0.208758,-0.531702,0.988195,-0.618479,1.24109,-0.645749,-1.35354,0.539054,1.17001,-1.51515,0.357349,-1.44984,0.47096,-2.41311,0.966344,2.80044,-0.140071,-0.861177,0.749798,-0.123187,-2.21588,-0.222021,-0.143278,0.0592173,-0.28514,-0.693709,1.49967,-0.354664,1.46725,1.26035,0.436448,1.35912,-0.2123,0.243661,0.233216,-0.114154,1.76014,-0.671718,-1.32934,-1.81533,-0.895339,1.1793,-0.954887,-0.2851,0.810853,-2.9164,-0.257684,-0.832989,-0.810163,-0.63052,-0.335833,1.50613,-0.271176,-1.2606,-0.896777,-0.732137,-0.301912,0.237234,1.37041,0.554476,3.65007,1.7473,-1.12117,-0.410037,0.582326,-0.61203,-0.340152,-0.731894,0.487017,-0.722561,1.19144,-0.189983,0.612546,1.1052,-0.782913,-0.833703,1.50225,1.51476,0.797556,0.812945,-1.84765,0.690914,1.00651,0.229934,-1.4044,-547.184,-508.299,2761.5,815.011,520.894,-1882.04,-2005.36,-819.359,713.376,4167.89,684.524,-60.5022,-3825.74,-379.508,89.5438,-786.665,-2764.26,-1893.05,-1138.15,1330.48,3721.9,-4549.31,2287.66,267.703,-2638.59,-2872.07,3581.78,-691.08,1559.76,-2665.15,-3407.54,531.827,2745.55,-223.138,-3512.96,4957.76,-1430.38,-3610.6,1490.59,-2808.39,2647.86,134.514,1058.66,-2025.01,485.435,3088.29,-408.039,1755.96,-843.537,223.64,-979.537,157.066,-382.401,-1592.82,146.539,630.355,1663.4,390.568,-1767.98,-422.267,-1066.21,3073.98,426.967,1910.6,-1257.09,-400.344,-1141.72,499.265,-2604.22,-1076.11,-4120.46,-2216.12,-5824.17,-626.233,4606.2,242.817,3643.23,1542.24,2193.71,656.864,865.569,271.498,-601.193,3442.11,1343.81,-669.027,-589.169,-124.323,-568.395,1995.34,2199.27,3168.19,1360.03,-1589.59,215.181,-2315.43,-552.459,2949.46,968.289,-1405.52
-250354,0,1,0,1,1,250411,-0.384764,0.00591807,1.98251,0.65987,0.194549,-1.62464,-1.32884,-0.638008,0.776036,1.76188,-0.149657,0.116447,-1.54277,-0.0636614,0.2482,-1.00728,-1.59481,-1.01706,-0.127135,0.559175,1.40119,-1.61276,1.8305,-0.0898098,-1.26576,-1.76124,1.23195,-0.269686,1.22789,-1.59845,-1.56077,0.458786,1.996,-0.185011,-1.75004,1.38731,-0.797919,-1.56933,0.936032,-1.67351,1.35279,0.444837,1.42627,-1.3104,-0.0724454,0.89088,-0.393547,0.886616,0.0264761,-0.478673,-1.03596,0.226382,0.0675763,-1.26799,0.156639,-0.0321617,0.998724,0.212245,-0.63784,-0.775643,-0.788799,1.94885,1.21166,0.828242,-0.92643,-0.62419,-1.08532,0.0134659,-0.922084,-1.04397,-1.82062,-0.720654,-1.94471,-0.376988,1.76676,-0.594025,1.17955,0.313105,1.16384,0.0323358,0.112372,0.276904,0.173359,1.84303,0.871915,-1.30925,-0.819472,-0.271119,0.144731,1.18899,1.07535,1.68402,1.67163,-0.91779,-0.253471,-1.68299,-0.374937,1.42931,0.855572,-1.19532,-0.972662,0.614377,0.138328,-0.360678,0.829797,-0.735002,0.405884,0.106218,-0.0759289,-0.571905,-0.730766,-0.143354,-0.0949666,-1.10756,0.496933,-0.721283,-0.13873,-0.314682,0.287516,-0.774305,0.834944,0.91485,0.120152,0.0250262,0.280094,0.158627,-0.526309,1.26826,0.0284138,1.24852,0.108149,-0.644364,-1.50658,-0.0902216,-0.675457,0.0914563,2.09936,-0.238779,-1.19975,-1.40037,0.400427,1.1017,1.38967,0.99438,-1.47008,0.588093,-1.07406,0.0593651,2.00881,2.04142,1.78705,-1.14132,-0.883979,-1.95437,1.51741,-0.861638,0.641483,-0.83168,-0.821248,1.15608,-1.3463,2.23633,1.71252,0.658919,0.0226693,-0.408549,-2.49992,0.609416,0.247219,-0.0348637,0.225208,-1.33218,-1.44008,0.0751845,-1.00063,-2.21966,0.542438,0.954352,0.131123,-1.11357,-0.309576,0.0980486,1.43354,-0.957668,-2.52422,1.83914,1.0185,-0.985119,-2.62748,0.848998,-0.63817,-0.910494,-0.0249523,0.319049,0.438541,1.24986,0.0250786,0.637419,0.992684,1.77158,-547.184,-508.299,2761.5,815.011,520.894,-1882.04,-2005.36,-819.359,713.376,4167.89,684.524,-60.5022,-3825.74,-379.508,89.5438,-786.665,-2764.26,-1893.05,-1138.15,1330.48,3721.9,-4549.31,2287.66,267.703,-2638.59,-2872.07,3581.78,-691.08,1559.76,-2665.15,-3407.54,531.827,2745.55,-223.138,-3512.96,4957.76,-1430.38,-3610.6,1490.59,-2808.39,2647.86,134.514,1058.66,-2025.01,485.435,3088.29,-408.039,1755.96,-843.537,223.64,-979.537,157.066,-382.401,-1592.82,146.539,630.355,1663.4,390.568,-1767.98,-422.267,-1066.21,3073.98,426.967,1910.6,-1257.09,-400.344,-1141.72,499.265,-2604.22,-1076.11,-4120.46,-2216.12,-5824.17,-626.233,4606.2,242.817,3643.23,1542.24,2193.71,656.864,865.569,271.498,-601.193,3442.11,1343.81,-669.027,-589.169,-124.323,-568.395,1995.34,2199.27,3168.19,1360.03,-1589.59,215.181,-2315.43,-552.459,2949.46,968.289,-1405.52
-250354,0,1,0,1,1,250415,-0.384764,0.00591807,1.98251,0.65987,0.194549,-1.62464,-1.32884,-0.638008,0.776036,1.76188,-0.149657,0.116447,-1.54277,-0.0636614,0.2482,-1.00728,-1.59481,-1.01706,-0.127135,0.559175,1.40119,-1.61276,1.8305,-0.0898098,-1.26576,-1.76124,1.23195,-0.269686,1.22789,-1.59845,-1.56077,0.458786,1.996,-0.185011,-1.75004,1.38731,-0.797919,-1.56933,0.936032,-1.67351,1.35279,0.444837,1.42627,-1.3104,-0.0724454,0.89088,-0.393547,0.886616,0.0264761,-0.478673,-1.03596,0.226382,0.0675763,-1.26799,0.156639,-0.0321617,0.998724,0.212245,-0.63784,-0.775643,-0.788799,1.94885,1.21166,0.828242,-0.92643,-0.62419,-1.08532,0.0134659,-0.922084,-1.04397,-1.82062,-0.720654,-1.94471,-0.376988,1.76676,-0.594025,1.17955,0.313105,1.16384,0.0323358,0.112372,0.276904,0.173359,1.84303,0.871915,-1.30925,-0.819472,-0.271119,0.144731,1.18899,1.07535,1.68402,1.67163,-0.91779,-0.253471,-1.68299,-0.374937,1.42931,0.855572,-1.19532,1.39219,-1.12273,0.216985,-1.79894,0.398867,0.303732,0.984598,0.34418,0.88502,1.50984,0.569767,0.0862131,-1.09909,-1.89083,1.33904,0.0406323,0.361216,-1.54202,-0.862688,-0.431669,0.369801,-0.346922,1.38741,0.868437,0.455651,1.87997,-0.505167,0.536379,-1.45893,0.154222,-1.66121,1.4962,1.40021,-0.613551,0.651382,-0.437501,-0.0847404,-0.833018,0.159462,-0.7464,0.450293,-0.101803,-0.745208,-0.147893,-0.506293,0.225339,-0.585565,-0.906343,0.872578,2.54259,0.936675,-0.290171,0.107716,0.751328,-1.31882,-1.34437,0.583087,0.138197,0.700768,1.62986,1.83731,2.96867,-0.661511,1.6393,2.07603,0.518112,-0.170464,0.0851917,-0.549256,0.0844011,1.40889,0.996354,-2.60067,-1.18539,-0.210798,-0.603882,2.50153,-1.02982,-1.67285,2.19437,-0.7724,0.73561,-0.545579,0.624588,-0.0926451,-1.39201,-0.614464,-1.86752,0.424294,-0.164128,0.9702,-0.441204,-1.882,-0.507431,0.37404,1.5316,-0.303175,0.676701,-1.26851,-0.742046,-547.184,-508.299,2761.5,815.011,520.894,-1882.04,-2005.36,-819.359,713.376,4167.89,684.524,-60.5022,-3825.74,-379.508,89.5438,-786.665,-2764.26,-1893.05,-1138.15,1330.48,3721.9,-4549.31,2287.66,267.703,-2638.59,-2872.07,3581.78,-691.08,1559.76,-2665.15,-3407.54,531.827,2745.55,-223.138,-3512.96,4957.76,-1430.38,-3610.6,1490.59,-2808.39,2647.86,134.514,1058.66,-2025.01,485.435,3088.29,-408.039,1755.96,-843.537,223.64,-979.537,157.066,-382.401,-1592.82,146.539,630.355,1663.4,390.568,-1767.98,-422.267,-1066.21,3073.98,426.967,1910.6,-1257.09,-400.344,-1141.72,499.265,-2604.22,-1076.11,-4120.46,-2216.12,-5824.17,-626.233,4606.2,242.817,3643.23,1542.24,2193.71,656.864,865.569,271.498,-601.193,3442.11,1343.81,-669.027,-589.169,-124.323,-568.395,1995.34,2199.27,3168.19,1360.03,-1589.59,215.181,-2315.43,-552.459,2949.46,968.289,-1405.52
-250354,0,1,0,1,1,250388,-0.384764,0.00591807,1.98251,0.65987,0.194549,-1.62464,-1.32884,-0.638008,0.776036,1.76188,-0.149657,0.116447,-1.54277,-0.0636614,0.2482,-1.00728,-1.59481,-1.01706,-0.127135,0.559175,1.40119,-1.61276,1.8305,-0.0898098,-1.26576,-1.76124,1.23195,-0.269686,1.22789,-1.59845,-1.56077,0.458786,1.996,-0.185011,-1.75004,1.38731,-0.797919,-1.56933,0.936032,-1.67351,1.35279,0.444837,1.42627,-1.3104,-0.0724454,0.89088,-0.393547,0.886616,0.0264761,-0.478673,-1.03596,0.226382,0.0675763,-1.26799,0.156639,-0.0321617,0.998724,0.212245,-0.63784,-0.775643,-0.788799,1.94885,1.21166,0.828242,-0.92643,-0.62419,-1.08532,0.0134659,-0.922084,-1.04397,-1.82062,-0.720654,-1.94471,-0.376988,1.76676,-0.594025,1.17955,0.313105,1.16384,0.0323358,0.112372,0.276904,0.173359,1.84303,0.871915,-1.30925,-0.819472,-0.271119,0.144731,1.18899,1.07535,1.68402,1.67163,-0.91779,-0.253471,-1.68299,-0.374937,1.42931,0.855572,-1.19532,0.804977,0.876926,-0.125866,1.11795,0.389299,-0.660532,-0.877023,-0.976934,-0.0143565,0.160099,-0.612585,0.301577,2.71031,1.04533,-0.112748,1.16507,-0.968966,0.89932,0.0213543,0.146898,-1.00952,1.06433,1.05542,0.362468,-0.0983909,0.835828,1.19681,1.08268,-0.0193295,1.12152,0.848186,-0.26442,0.596991,0.0823246,-0.632721,0.10634,0.320648,0.406787,-1.51146,0.566529,-1.18339,-0.0151589,0.263863,-0.285332,0.22934,-0.877491,0.467343,-0.290105,1.37572,-0.913672,-0.469325,0.041768,-0.618155,0.685956,-0.0832929,0.194824,0.349673,1.11025,0.673535,-0.739071,-0.14039,-0.555168,0.612498,0.373731,0.267328,-0.0856365,0.00832494,0.246218,-0.658826,0.298386,0.0468877,-0.597231,-0.3463,0.092558,-1.26258,-2.02335,0.759954,-0.731696,0.435133,-0.921441,-0.870584,-0.666141,0.388657,0.421229,-0.468031,-1.76768,-0.981085,-1.86818,0.116835,0.744707,0.573214,-1.92291,0.930485,0.833423,0.552317,0.974882,0.0314727,0.929819,-0.566428,-0.998974,-547.184,-508.299,2761.5,815.011,520.894,-1882.04,-2005.36,-819.359,713.376,4167.89,684.524,-60.5022,-3825.74,-379.508,89.5438,-786.665,-2764.26,-1893.05,-1138.15,1330.48,3721.9,-4549.31,2287.66,267.703,-2638.59,-2872.07,3581.78,-691.08,1559.76,-2665.15,-3407.54,531.827,2745.55,-223.138,-3512.96,4957.76,-1430.38,-3610.6,1490.59,-2808.39,2647.86,134.514,1058.66,-2025.01,485.435,3088.29,-408.039,1755.96,-843.537,223.64,-979.537,157.066,-382.401,-1592.82,146.539,630.355,1663.4,390.568,-1767.98,-422.267,-1066.21,3073.98,426.967,1910.6,-1257.09,-400.344,-1141.72,499.265,-2604.22,-1076.11,-4120.46,-2216.12,-5824.17,-626.233,4606.2,242.817,3643.23,1542.24,2193.71,656.864,865.569,271.498,-601.193,3442.11,1343.81,-669.027,-589.169,-124.323,-568.395,1995.34,2199.27,3168.19,1360.03,-1589.59,215.181,-2315.43,-552.459,2949.46,968.289,-1405.52
-250354,0,1,0,1,1,250404,-0.384764,0.00591807,1.98251,0.65987,0.194549,-1.62464,-1.32884,-0.638008,0.776036,1.76188,-0.149657,0.116447,-1.54277,-0.0636614,0.2482,-1.00728,-1.59481,-1.01706,-0.127135,0.559175,1.40119,-1.61276,1.8305,-0.0898098,-1.26576,-1.76124,1.23195,-0.269686,1.22789,-1.59845,-1.56077,0.458786,1.996,-0.185011,-1.75004,1.38731,-0.797919,-1.56933,0.936032,-1.67351,1.35279,0.444837,1.42627,-1.3104,-0.0724454,0.89088,-0.393547,0.886616,0.0264761,-0.478673,-1.03596,0.226382,0.0675763,-1.26799,0.156639,-0.0321617,0.998724,0.212245,-0.63784,-0.775643,-0.788799,1.94885,1.21166,0.828242,-0.92643,-0.62419,-1.08532,0.0134659,-0.922084,-1.04397,-1.82062,-0.720654,-1.94471,-0.376988,1.76676,-0.594025,1.17955,0.313105,1.16384,0.0323358,0.112372,0.276904,0.173359,1.84303,0.871915,-1.30925,-0.819472,-0.271119,0.144731,1.18899,1.07535,1.68402,1.67163,-0.91779,-0.253471,-1.68299,-0.374937,1.42931,0.855572,-1.19532,-0.123721,-1.99515,1.16233,0.132149,0.177392,1.00664,0.137891,0.193109,-2.2121,0.147947,-0.870205,-0.193245,-0.619356,-0.75617,-0.551173,0.522324,2.0475,-1.16205,0.375687,-0.724558,0.747429,0.810913,-1.39339,-0.289872,-0.702561,0.643497,0.708,-0.539533,-0.257097,-0.586735,0.219922,-1.24409,0.24231,-0.970119,-0.0322527,-0.680017,-0.0655795,-1.14412,0.328067,0.793362,-3.31097,0.335068,-0.894347,-1.00948,0.517723,-1.25408,-0.152132,-0.361767,0.833697,-1.86139,-0.397254,-1.36764,1.19914,0.379925,1.25355,-0.312457,-1.53372,1.47483,-1.31588,0.0658614,1.45113,0.874459,-0.914786,-1.10806,0.645329,0.779546,0.626132,0.033701,1.29873,0.59773,-0.791274,-1.76115,0.0177846,0.49721,0.87894,-1.58856,0.780559,0.149723,0.172927,-0.22311,0.805144,-0.592875,-0.258427,1.02262,0.577185,-2.10263,-2.26705,-0.783161,0.618524,-1.10038,1.29376,-1.06177,0.00506288,-1.45139,0.132495,-1.51488,-1.0667,0.692645,-0.227593,0.35569,-547.184,-508.299,2761.5,815.011,520.894,-1882.04,-2005.36,-819.359,713.376,4167.89,684.524,-60.5022,-3825.74,-379.508,89.5438,-786.665,-2764.26,-1893.05,-1138.15,1330.48,3721.9,-4549.31,2287.66,267.703,-2638.59,-2872.07,3581.78,-691.08,1559.76,-2665.15,-3407.54,531.827,2745.55,-223.138,-3512.96,4957.76,-1430.38,-3610.6,1490.59,-2808.39,2647.86,134.514,1058.66,-2025.01,485.435,3088.29,-408.039,1755.96,-843.537,223.64,-979.537,157.066,-382.401,-1592.82,146.539,630.355,1663.4,390.568,-1767.98,-422.267,-1066.21,3073.98,426.967,1910.6,-1257.09,-400.344,-1141.72,499.265,-2604.22,-1076.11,-4120.46,-2216.12,-5824.17,-626.233,4606.2,242.817,3643.23,1542.24,2193.71,656.864,865.569,271.498,-601.193,3442.11,1343.81,-669.027,-589.169,-124.323,-568.395,1995.34,2199.27,3168.19,1360.03,-1589.59,215.181,-2315.43,-552.459,2949.46,968.289,-1405.52
-250354,0,1,0,1,1,250398,-0.384764,0.00591807,1.98251,0.65987,0.194549,-1.62464,-1.32884,-0.638008,0.776036,1.76188,-0.149657,0.116447,-1.54277,-0.0636614,0.2482,-1.00728,-1.59481,-1.01706,-0.127135,0.559175,1.40119,-1.61276,1.8305,-0.0898098,-1.26576,-1.76124,1.23195,-0.269686,1.22789,-1.59845,-1.56077,0.458786,1.996,-0.185011,-1.75004,1.38731,-0.797919,-1.56933,0.936032,-1.67351,1.35279,0.444837,1.42627,-1.3104,-0.0724454,0.89088,-0.393547,0.886616,0.0264761,-0.478673,-1.03596,0.226382,0.0675763,-1.26799,0.156639,-0.0321617,0.998724,0.212245,-0.63784,-0.775643,-0.788799,1.94885,1.21166,0.828242,-0.92643,-0.62419,-1.08532,0.0134659,-0.922084,-1.04397,-1.82062,-0.720654,-1.94471,-0.376988,1.76676,-0.594025,1.17955,0.313105,1.16384,0.0323358,0.112372,0.276904,0.173359,1.84303,0.871915,-1.30925,-0.819472,-0.271119,0.144731,1.18899,1.07535,1.68402,1.67163,-0.91779,-0.253471,-1.68299,-0.374937,1.42931,0.855572,-1.19532,0.489228,-0.82235,-0.0204835,1.75226,-0.784538,0.838032,0.0830575,0.153611,0.672973,0.784294,0.348731,-0.574945,-0.174674,-0.303705,0.396599,-0.333557,-0.966446,0.769872,0.963477,0.253285,1.14298,-1.95917,0.0587298,1.61239,-0.270669,-0.799543,-0.410583,-0.174706,-0.469799,0.56262,-0.34147,0.734824,0.210562,-0.337853,0.932998,-1.96974,0.19946,-1.18766,-0.422851,0.441863,0.337415,0.61678,0.842736,-0.920389,0.0532836,0.770866,-0.735662,0.59143,0.819921,-0.644849,0.801119,0.379299,-0.0408145,-1.17377,1.7763,0.974783,-0.895043,-1.31477,-0.21066,0.0637035,-0.205749,0.371493,0.273397,1.38968,-0.370832,0.867147,0.217859,-1.2755,0.183447,-1.8893,-1.66889,-0.425768,-1.68463,-1.54498,2.59155,1.54258,0.0245,-0.782826,0.267572,-0.903433,-0.129858,-0.575845,-0.202876,-0.821293,1.50269,-1.1568,-2.13802,0.167111,-0.0507977,-0.140949,1.21823,-1.78415,1.07315,0.639324,0.295223,-0.79468,1.54754,0.203324,-0.323065,-1.52914,-547.184,-508.299,2761.5,815.011,520.894,-1882.04,-2005.36,-819.359,713.376,4167.89,684.524,-60.5022,-3825.74,-379.508,89.5438,-786.665,-2764.26,-1893.05,-1138.15,1330.48,3721.9,-4549.31,2287.66,267.703,-2638.59,-2872.07,3581.78,-691.08,1559.76,-2665.15,-3407.54,531.827,2745.55,-223.138,-3512.96,4957.76,-1430.38,-3610.6,1490.59,-2808.39,2647.86,134.514,1058.66,-2025.01,485.435,3088.29,-408.039,1755.96,-843.537,223.64,-979.537,157.066,-382.401,-1592.82,146.539,630.355,1663.4,390.568,-1767.98,-422.267,-1066.21,3073.98,426.967,1910.6,-1257.09,-400.344,-1141.72,499.265,-2604.22,-1076.11,-4120.46,-2216.12,-5824.17,-626.233,4606.2,242.817,3643.23,1542.24,2193.71,656.864,865.569,271.498,-601.193,3442.11,1343.81,-669.027,-589.169,-124.323,-568.395,1995.34,2199.27,3168.19,1360.03,-1589.59,215.181,-2315.43,-552.459,2949.46,968.289,-1405.52
-250354,0,1,0,1,1,250392,-0.384764,0.00591807,1.98251,0.65987,0.194549,-1.62464,-1.32884,-0.638008,0.776036,1.76188,-0.149657,0.116447,-1.54277,-0.0636614,0.2482,-1.00728,-1.59481,-1.01706,-0.127135,0.559175,1.40119,-1.61276,1.8305,-0.0898098,-1.26576,-1.76124,1.23195,-0.269686,1.22789,-1.59845,-1.56077,0.458786,1.996,-0.185011,-1.75004,1.38731,-0.797919,-1.56933,0.936032,-1.67351,1.35279,0.444837,1.42627,-1.3104,-0.0724454,0.89088,-0.393547,0.886616,0.0264761,-0.478673,-1.03596,0.226382,0.0675763,-1.26799,0.156639,-0.0321617,0.998724,0.212245,-0.63784,-0.775643,-0.788799,1.94885,1.21166,0.828242,-0.92643,-0.62419,-1.08532,0.0134659,-0.922084,-1.04397,-1.82062,-0.720654,-1.94471,-0.376988,1.76676,-0.594025,1.17955,0.313105,1.16384,0.0323358,0.112372,0.276904,0.173359,1.84303,0.871915,-1.30925,-0.819472,-0.271119,0.144731,1.18899,1.07535,1.68402,1.67163,-0.91779,-0.253471,-1.68299,-0.374937,1.42931,0.855572,-1.19532,0.593484,0.639215,-0.807286,0.465015,-0.111604,-0.575369,1.00084,0.233018,0.597999,1.03803,-0.917624,1.63773,2.03484,-0.116304,0.262268,1.03133,-0.551815,-0.322908,0.0414187,1.16718,0.405426,0.710041,-0.24093,0.590845,0.669804,1.23732,-0.412279,-0.514119,0.275081,0.469522,-1.47754,-0.94364,1.28911,0.0322169,0.142485,-0.708085,0.246398,-1.19726,0.0253964,0.488636,-0.646331,0.157839,0.39558,0.394964,-1.45502,0.311754,-0.828497,0.36203,1.20965,-1.63197,0.167567,-1.07498,0.44827,0.740401,0.480479,-0.602345,0.632898,-0.860549,0.858867,-0.050659,0.00249589,-1.46041,0.998213,0.578995,-0.329185,0.835979,-0.192396,-0.448027,-0.54263,-0.890353,-0.65185,-0.669886,-0.885682,0.541861,-1.31586,1.1329,-0.487263,-0.729091,1.3162,-1.28897,0.00340425,-0.323624,-0.856739,2.3617,0.0810123,1.04887,-0.0575954,0.767948,-1.06746,-0.346228,-0.186164,2.50865,0.0125258,1.88677,-0.0870203,1.34264,-0.434473,0.71072,0.351937,0.265564,-547.184,-508.299,2761.5,815.011,520.894,-1882.04,-2005.36,-819.359,713.376,4167.89,684.524,-60.5022,-3825.74,-379.508,89.5438,-786.665,-2764.26,-1893.05,-1138.15,1330.48,3721.9,-4549.31,2287.66,267.703,-2638.59,-2872.07,3581.78,-691.08,1559.76,-2665.15,-3407.54,531.827,2745.55,-223.138,-3512.96,4957.76,-1430.38,-3610.6,1490.59,-2808.39,2647.86,134.514,1058.66,-2025.01,485.435,3088.29,-408.039,1755.96,-843.537,223.64,-979.537,157.066,-382.401,-1592.82,146.539,630.355,1663.4,390.568,-1767.98,-422.267,-1066.21,3073.98,426.967,1910.6,-1257.09,-400.344,-1141.72,499.265,-2604.22,-1076.11,-4120.46,-2216.12,-5824.17,-626.233,4606.2,242.817,3643.23,1542.24,2193.71,656.864,865.569,271.498,-601.193,3442.11,1343.81,-669.027,-589.169,-124.323,-568.395,1995.34,2199.27,3168.19,1360.03,-1589.59,215.181,-2315.43,-552.459,2949.46,968.289,-1405.52
-250354,0,1,0,1,1,250407,-0.384764,0.00591807,1.98251,0.65987,0.194549,-1.62464,-1.32884,-0.638008,0.776036,1.76188,-0.149657,0.116447,-1.54277,-0.0636614,0.2482,-1.00728,-1.59481,-1.01706,-0.127135,0.559175,1.40119,-1.61276,1.8305,-0.0898098,-1.26576,-1.76124,1.23195,-0.269686,1.22789,-1.59845,-1.56077,0.458786,1.996,-0.185011,-1.75004,1.38731,-0.797919,-1.56933,0.936032,-1.67351,1.35279,0.444837,1.42627,-1.3104,-0.0724454,0.89088,-0.393547,0.886616,0.0264761,-0.478673,-1.03596,0.226382,0.0675763,-1.26799,0.156639,-0.0321617,0.998724,0.212245,-0.63784,-0.775643,-0.788799,1.94885,1.21166,0.828242,-0.92643,-0.62419,-1.08532,0.0134659,-0.922084,-1.04397,-1.82062,-0.720654,-1.94471,-0.376988,1.76676,-0.594025,1.17955,0.313105,1.16384,0.0323358,0.112372,0.276904,0.173359,1.84303,0.871915,-1.30925,-0.819472,-0.271119,0.144731,1.18899,1.07535,1.68402,1.67163,-0.91779,-0.253471,-1.68299,-0.374937,1.42931,0.855572,-1.19532,-0.364999,0.810073,-3.01218,-0.0658706,-0.682158,1.31466,-0.251823,-1.14628,0.120092,-0.0238889,-0.840951,-0.140274,-0.267857,0.944916,1.08102,0.448402,-3.02151,-1.06477,0.605817,0.763444,0.982539,-0.282008,-0.30716,-0.438332,0.0254765,0.795672,0.116193,-2.05886,-0.778273,-0.152224,0.463324,0.211398,0.193783,-0.535205,0.201539,-1.49374,-0.156147,1.56594,0.687407,0.258371,-0.133175,1.4589,1.35141,-1.20682,-2.42251,-0.110378,-0.381678,-1.6959,0.809987,0.0995614,-1.38499,0.300644,1.19598,0.233614,0.00332415,-1.51162,-1.1527,0.342005,0.292781,-0.76189,0.882441,-0.853113,-1.39963,0.169883,-1.13488,0.474308,1.36699,0.822951,2.21732,1.02589,-1.02371,0.780145,0.688706,-1.52651,-1.48135,0.384041,-1.05581,-0.579514,0.921229,-0.405123,-0.53975,-0.636729,1.19195,-0.746366,1.27819,-0.446916,-1.13045,-1.11684,1.80544,-1.23998,-1.87565,0.326886,-0.334887,0.00977865,-0.175873,-1.14348,-1.37514,-0.723422,0.59007,0.691214,-547.184,-508.299,2761.5,815.011,520.894,-1882.04,-2005.36,-819.359,713.376,4167.89,684.524,-60.5022,-3825.74,-379.508,89.5438,-786.665,-2764.26,-1893.05,-1138.15,1330.48,3721.9,-4549.31,2287.66,267.703,-2638.59,-2872.07,3581.78,-691.08,1559.76,-2665.15,-3407.54,531.827,2745.55,-223.138,-3512.96,4957.76,-1430.38,-3610.6,1490.59,-2808.39,2647.86,134.514,1058.66,-2025.01,485.435,3088.29,-408.039,1755.96,-843.537,223.64,-979.537,157.066,-382.401,-1592.82,146.539,630.355,1663.4,390.568,-1767.98,-422.267,-1066.21,3073.98,426.967,1910.6,-1257.09,-400.344,-1141.72,499.265,-2604.22,-1076.11,-4120.46,-2216.12,-5824.17,-626.233,4606.2,242.817,3643.23,1542.24,2193.71,656.864,865.569,271.498,-601.193,3442.11,1343.81,-669.027,-589.169,-124.323,-568.395,1995.34,2199.27,3168.19,1360.03,-1589.59,215.181,-2315.43,-552.459,2949.46,968.289,-1405.52
-250354,0,1,0,1,1,250410,-0.384764,0.00591807,1.98251,0.65987,0.194549,-1.62464,-1.32884,-0.638008,0.776036,1.76188,-0.149657,0.116447,-1.54277,-0.0636614,0.2482,-1.00728,-1.59481,-1.01706,-0.127135,0.559175,1.40119,-1.61276,1.8305,-0.0898098,-1.26576,-1.76124,1.23195,-0.269686,1.22789,-1.59845,-1.56077,0.458786,1.996,-0.185011,-1.75004,1.38731,-0.797919,-1.56933,0.936032,-1.67351,1.35279,0.444837,1.42627,-1.3104,-0.0724454,0.89088,-0.393547,0.886616,0.0264761,-0.478673,-1.03596,0.226382,0.0675763,-1.26799,0.156639,-0.0321617,0.998724,0.212245,-0.63784,-0.775643,-0.788799,1.94885,1.21166,0.828242,-0.92643,-0.62419,-1.08532,0.0134659,-0.922084,-1.04397,-1.82062,-0.720654,-1.94471,-0.376988,1.76676,-0.594025,1.17955,0.313105,1.16384,0.0323358,0.112372,0.276904,0.173359,1.84303,0.871915,-1.30925,-0.819472,-0.271119,0.144731,1.18899,1.07535,1.68402,1.67163,-0.91779,-0.253471,-1.68299,-0.374937,1.42931,0.855572,-1.19532,-0.167778,-1.25343,-1.10818,-0.0757138,-1.92661,1.34085,0.985901,-1.17309,-0.813355,0.0217723,-1.05574,-1.73488,-0.141045,1.70985,-0.71393,-0.135079,-0.649671,0.696507,1.5577,-1.51268,1.12745,0.622306,-0.297096,-1.40513,0.563805,-0.955945,1.85494,0.882364,-0.752688,0.631842,0.462387,-0.430169,-1.15246,-1.99361,-0.233527,1.91547,-0.154375,-0.966844,-2.28629,0.193042,0.743997,1.98462,-1.56012,-1.92765,-0.118819,-2.00429,1.01666,1.54917,0.188854,-0.83786,-0.183431,0.103398,0.773964,0.25107,-1.39984,0.376477,-0.838894,0.162923,1.00064,2.45577,1.59464,-0.874597,0.053439,0.839963,-0.0455003,-0.401256,1.15166,-0.528525,-0.52741,-1.64658,0.115943,1.60531,1.05186,0.0574002,1.07178,0.112743,-1.36123,-0.276421,1.79829,-0.48182,-0.609488,-0.980012,0.692301,-0.861669,-1.16178,-1.01202,-1.43821,0.185729,-0.310654,0.0587283,1.15016,-0.494795,0.136054,-0.598177,-0.723751,0.477685,-0.637901,1.54774,0.781739,-0.338475,-547.184,-508.299,2761.5,815.011,520.894,-1882.04,-2005.36,-819.359,713.376,4167.89,684.524,-60.5022,-3825.74,-379.508,89.5438,-786.665,-2764.26,-1893.05,-1138.15,1330.48,3721.9,-4549.31,2287.66,267.703,-2638.59,-2872.07,3581.78,-691.08,1559.76,-2665.15,-3407.54,531.827,2745.55,-223.138,-3512.96,4957.76,-1430.38,-3610.6,1490.59,-2808.39,2647.86,134.514,1058.66,-2025.01,485.435,3088.29,-408.039,1755.96,-843.537,223.64,-979.537,157.066,-382.401,-1592.82,146.539,630.355,1663.4,390.568,-1767.98,-422.267,-1066.21,3073.98,426.967,1910.6,-1257.09,-400.344,-1141.72,499.265,-2604.22,-1076.11,-4120.46,-2216.12,-5824.17,-626.233,4606.2,242.817,3643.23,1542.24,2193.71,656.864,865.569,271.498,-601.193,3442.11,1343.81,-669.027,-589.169,-124.323,-568.395,1995.34,2199.27,3168.19,1360.03,-1589.59,215.181,-2315.43,-552.459,2949.46,968.289,-1405.52
-250354,0,1,0,1,1,250403,-0.384764,0.00591807,1.98251,0.65987,0.194549,-1.62464,-1.32884,-0.638008,0.776036,1.76188,-0.149657,0.116447,-1.54277,-0.0636614,0.2482,-1.00728,-1.59481,-1.01706,-0.127135,0.559175,1.40119,-1.61276,1.8305,-0.0898098,-1.26576,-1.76124,1.23195,-0.269686,1.22789,-1.59845,-1.56077,0.458786,1.996,-0.185011,-1.75004,1.38731,-0.797919,-1.56933,0.936032,-1.67351,1.35279,0.444837,1.42627,-1.3104,-0.0724454,0.89088,-0.393547,0.886616,0.0264761,-0.478673,-1.03596,0.226382,0.0675763,-1.26799,0.156639,-0.0321617,0.998724,0.212245,-0.63784,-0.775643,-0.788799,1.94885,1.21166,0.828242,-0.92643,-0.62419,-1.08532,0.0134659,-0.922084,-1.04397,-1.82062,-0.720654,-1.94471,-0.376988,1.76676,-0.594025,1.17955,0.313105,1.16384,0.0323358,0.112372,0.276904,0.173359,1.84303,0.871915,-1.30925,-0.819472,-0.271119,0.144731,1.18899,1.07535,1.68402,1.67163,-0.91779,-0.253471,-1.68299,-0.374937,1.42931,0.855572,-1.19532,0.100213,0.493258,0.339153,1.65061,-1.06141,0.391611,1.24534,0.203425,-1.03993,-0.675513,-0.224093,0.319709,-2.28835,0.230258,-0.389937,-2.03981,-0.123903,2.17176,-0.278169,0.277388,-0.729112,0.641251,-0.51032,1.20567,-0.233765,0.328997,-0.747395,-1.05022,0.442921,1.25018,-1.91071,-0.0890768,-0.775953,-0.283654,-0.391996,-0.708342,-1.18991,0.296474,1.3327,-0.704908,-1.01952,0.385893,0.381244,0.912088,-0.324548,0.115288,-0.337467,0.580023,0.404071,-0.484707,-0.527312,0.445699,-0.786716,-0.501848,0.368663,1.33369,1.95297,-0.89164,-0.512199,1.39709,-0.173205,0.647063,0.175389,0.169937,-0.521554,-0.223813,0.440991,-0.917752,0.0301441,0.786089,-1.27509,-0.66563,-0.117109,-0.202277,1.05209,-0.73066,-2.53687,0.725164,1.93658,0.135861,-0.261717,-0.304934,-0.771439,0.953967,0.344108,-2.02598,0.798468,1.34551,-1.02242,0.506085,-0.39025,-2.44276,0.518549,-2.39317,1.10382,-0.953582,0.916126,-2.08552,-0.884161,-0.551864,-547.184,-508.299,2761.5,815.011,520.894,-1882.04,-2005.36,-819.359,713.376,4167.89,684.524,-60.5022,-3825.74,-379.508,89.5438,-786.665,-2764.26,-1893.05,-1138.15,1330.48,3721.9,-4549.31,2287.66,267.703,-2638.59,-2872.07,3581.78,-691.08,1559.76,-2665.15,-3407.54,531.827,2745.55,-223.138,-3512.96,4957.76,-1430.38,-3610.6,1490.59,-2808.39,2647.86,134.514,1058.66,-2025.01,485.435,3088.29,-408.039,1755.96,-843.537,223.64,-979.537,157.066,-382.401,-1592.82,146.539,630.355,1663.4,390.568,-1767.98,-422.267,-1066.21,3073.98,426.967,1910.6,-1257.09,-400.344,-1141.72,499.265,-2604.22,-1076.11,-4120.46,-2216.12,-5824.17,-626.233,4606.2,242.817,3643.23,1542.24,2193.71,656.864,865.569,271.498,-601.193,3442.11,1343.81,-669.027,-589.169,-124.323,-568.395,1995.34,2199.27,3168.19,1360.03,-1589.59,215.181,-2315.43,-552.459,2949.46,968.289,-1405.52
-250354,0,1,0,1,1,250398,-0.384764,0.00591807,1.98251,0.65987,0.194549,-1.62464,-1.32884,-0.638008,0.776036,1.76188,-0.149657,0.116447,-1.54277,-0.0636614,0.2482,-1.00728,-1.59481,-1.01706,-0.127135,0.559175,1.40119,-1.61276,1.8305,-0.0898098,-1.26576,-1.76124,1.23195,-0.269686,1.22789,-1.59845,-1.56077,0.458786,1.996,-0.185011,-1.75004,1.38731,-0.797919,-1.56933,0.936032,-1.67351,1.35279,0.444837,1.42627,-1.3104,-0.0724454,0.89088,-0.393547,0.886616,0.0264761,-0.478673,-1.03596,0.226382,0.0675763,-1.26799,0.156639,-0.0321617,0.998724,0.212245,-0.63784,-0.775643,-0.788799,1.94885,1.21166,0.828242,-0.92643,-0.62419,-1.08532,0.0134659,-0.922084,-1.04397,-1.82062,-0.720654,-1.94471,-0.376988,1.76676,-0.594025,1.17955,0.313105,1.16384,0.0323358,0.112372,0.276904,0.173359,1.84303,0.871915,-1.30925,-0.819472,-0.271119,0.144731,1.18899,1.07535,1.68402,1.67163,-0.91779,-0.253471,-1.68299,-0.374937,1.42931,0.855572,-1.19532,-0.0906849,-1.82897,1.72279,0.344778,-0.544114,-0.338342,0.294469,-0.52232,-0.409666,-0.286738,0.470921,-1.25495,1.44686,1.75074,-0.057851,0.794189,1.01131,-0.703759,2.02381,0.138638,-1.0387,-2.15495,0.270287,0.71438,-1.13291,-0.10796,-1.68002,-0.215028,-0.782869,1.20515,-0.0335706,0.517465,-0.168591,0.685274,0.140374,1.01306,-0.611687,-0.240534,0.766907,-0.431129,-1.29467,0.23617,0.362282,0.40782,0.176766,0.766521,-0.922342,-2.40812,-1.52944,0.300758,-0.51161,-0.547076,-0.10447,1.13928,0.00291698,-0.637224,0.632485,1.17656,-1.24855,1.71641,-0.615162,0.273736,-0.196059,0.725246,0.548372,0.759317,-1.53254,-0.130105,0.836168,0.22938,0.200046,0.407421,-0.663493,-0.982877,-0.00492148,0.351719,0.556619,1.077,-0.411405,0.472483,-0.119609,0.576397,1.68093,2.04905,1.24478,-1.5014,-0.671173,-1.3097,1.5924,1.52975,-0.07083,1.42081,0.477342,-1.19606,0.0703646,0.524512,0.656627,0.424945,-0.287385,0.309413,-547.184,-508.299,2761.5,815.011,520.894,-1882.04,-2005.36,-819.359,713.376,4167.89,684.524,-60.5022,-3825.74,-379.508,89.5438,-786.665,-2764.26,-1893.05,-1138.15,1330.48,3721.9,-4549.31,2287.66,267.703,-2638.59,-2872.07,3581.78,-691.08,1559.76,-2665.15,-3407.54,531.827,2745.55,-223.138,-3512.96,4957.76,-1430.38,-3610.6,1490.59,-2808.39,2647.86,134.514,1058.66,-2025.01,485.435,3088.29,-408.039,1755.96,-843.537,223.64,-979.537,157.066,-382.401,-1592.82,146.539,630.355,1663.4,390.568,-1767.98,-422.267,-1066.21,3073.98,426.967,1910.6,-1257.09,-400.344,-1141.72,499.265,-2604.22,-1076.11,-4120.46,-2216.12,-5824.17,-626.233,4606.2,242.817,3643.23,1542.24,2193.71,656.864,865.569,271.498,-601.193,3442.11,1343.81,-669.027,-589.169,-124.323,-568.395,1995.34,2199.27,3168.19,1360.03,-1589.59,215.181,-2315.43,-552.459,2949.46,968.289,-1405.52
-250354,0,1,0,1,1,250405,-0.384764,0.00591807,1.98251,0.65987,0.194549,-1.62464,-1.32884,-0.638008,0.776036,1.76188,-0.149657,0.116447,-1.54277,-0.0636614,0.2482,-1.00728,-1.59481,-1.01706,-0.127135,0.559175,1.40119,-1.61276,1.8305,-0.0898098,-1.26576,-1.76124,1.23195,-0.269686,1.22789,-1.59845,-1.56077,0.458786,1.996,-0.185011,-1.75004,1.38731,-0.797919,-1.56933,0.936032,-1.67351,1.35279,0.444837,1.42627,-1.3104,-0.0724454,0.89088,-0.393547,0.886616,0.0264761,-0.478673,-1.03596,0.226382,0.0675763,-1.26799,0.156639,-0.0321617,0.998724,0.212245,-0.63784,-0.775643,-0.788799,1.94885,1.21166,0.828242,-0.92643,-0.62419,-1.08532,0.0134659,-0.922084,-1.04397,-1.82062,-0.720654,-1.94471,-0.376988,1.76676,-0.594025,1.17955,0.313105,1.16384,0.0323358,0.112372,0.276904,0.173359,1.84303,0.871915,-1.30925,-0.819472,-0.271119,0.144731,1.18899,1.07535,1.68402,1.67163,-0.91779,-0.253471,-1.68299,-0.374937,1.42931,0.855572,-1.19532,-1.58843,-0.409567,0.279727,-1.09821,-0.0352334,0.344026,-0.907202,0.829675,0.538726,1.41858,1.11101,0.467644,-1.37124,0.715738,1.05325,-0.050964,-0.38813,0.429171,0.735987,-0.465636,-0.351417,-0.0439538,0.114442,-1.72519,1.70787,-0.616757,1.28623,-0.685834,-0.781108,-0.338201,0.420104,0.521173,-2.00358,-0.721701,0.420264,2.58096,0.414086,1.74427,-0.496375,1.75283,-1.1747,0.325518,0.195786,0.149551,0.394068,-0.146941,1.17185,-0.163299,-0.510464,-0.591619,0.712232,0.286653,1.1071,1.69224,1.40927,-0.753113,1.35931,-1.57724,1.12408,1.92252,-1.43623,-0.66458,1.16591,0.123218,1.18592,-1.16191,0.338571,0.421685,0.381797,0.571446,0.946697,-0.817301,0.183591,0.665901,0.764648,-0.627126,-0.284156,-1.48153,-0.811923,1.56276,-0.852758,1.73271,-1.63055,0.000798775,-0.958818,-1.18439,1.00801,-0.128068,-1.289,0.366584,-0.603896,-1.44905,-0.997914,1.07891,-1.16895,0.470719,-0.899178,0.147761,0.686515,-2.04185,-547.184,-508.299,2761.5,815.011,520.894,-1882.04,-2005.36,-819.359,713.376,4167.89,684.524,-60.5022,-3825.74,-379.508,89.5438,-786.665,-2764.26,-1893.05,-1138.15,1330.48,3721.9,-4549.31,2287.66,267.703,-2638.59,-2872.07,3581.78,-691.08,1559.76,-2665.15,-3407.54,531.827,2745.55,-223.138,-3512.96,4957.76,-1430.38,-3610.6,1490.59,-2808.39,2647.86,134.514,1058.66,-2025.01,485.435,3088.29,-408.039,1755.96,-843.537,223.64,-979.537,157.066,-382.401,-1592.82,146.539,630.355,1663.4,390.568,-1767.98,-422.267,-1066.21,3073.98,426.967,1910.6,-1257.09,-400.344,-1141.72,499.265,-2604.22,-1076.11,-4120.46,-2216.12,-5824.17,-626.233,4606.2,242.817,3643.23,1542.24,2193.71,656.864,865.569,271.498,-601.193,3442.11,1343.81,-669.027,-589.169,-124.323,-568.395,1995.34,2199.27,3168.19,1360.03,-1589.59,215.181,-2315.43,-552.459,2949.46,968.289,-1405.52
-250354,0,1,0,1,1,250398,-0.384764,0.00591807,1.98251,0.65987,0.194549,-1.62464,-1.32884,-0.638008,0.776036,1.76188,-0.149657,0.116447,-1.54277,-0.0636614,0.2482,-1.00728,-1.59481,-1.01706,-0.127135,0.559175,1.40119,-1.61276,1.8305,-0.0898098,-1.26576,-1.76124,1.23195,-0.269686,1.22789,-1.59845,-1.56077,0.458786,1.996,-0.185011,-1.75004,1.38731,-0.797919,-1.56933,0.936032,-1.67351,1.35279,0.444837,1.42627,-1.3104,-0.0724454,0.89088,-0.393547,0.886616,0.0264761,-0.478673,-1.03596,0.226382,0.0675763,-1.26799,0.156639,-0.0321617,0.998724,0.212245,-0.63784,-0.775643,-0.788799,1.94885,1.21166,0.828242,-0.92643,-0.62419,-1.08532,0.0134659,-0.922084,-1.04397,-1.82062,-0.720654,-1.94471,-0.376988,1.76676,-0.594025,1.17955,0.313105,1.16384,0.0323358,0.112372,0.276904,0.173359,1.84303,0.871915,-1.30925,-0.819472,-0.271119,0.144731,1.18899,1.07535,1.68402,1.67163,-0.91779,-0.253471,-1.68299,-0.374937,1.42931,0.855572,-1.19532,0.4494,-0.351352,1.32973,-0.295729,-1.64802,-1.53254,-1.1988,0.303988,0.94993,1.25333,-1.99275,0.610761,0.701228,0.408785,0.996451,0.384447,0.25975,0.335237,-0.449498,-0.987677,-1.86534,-0.47201,0.590044,2.10796,0.153354,1.2411,0.216323,1.09309,-0.552113,1.0225,1.04292,-1.11021,0.547824,0.618934,0.0414804,-0.799145,0.575849,-0.683396,-1.41666,-0.757215,-0.259858,-0.317921,-0.38792,0.820917,1.01382,-0.392847,1.17133,-0.939092,0.69081,-1.32524,0.415765,-0.128609,-0.367543,1.33406,0.169184,-0.994228,0.175644,1.58286,0.661419,-1.8467,1.10678,0.233127,-0.859722,-0.561973,0.820844,-0.764713,0.46705,-1.30698,-1.143,0.785829,-0.543214,1.58316,-0.388909,-0.11516,0.745244,-0.161468,-0.518653,0.93984,0.971445,1.70523,0.911094,0.310339,0.242312,0.602223,-0.195898,0.810721,1.17348,-0.742596,0.54653,1.46962,0.207843,1.30938,0.588325,-0.106813,2.01473,-1.09044,-0.683303,1.15182,-1.06762,0.995566,-547.184,-508.299,2761.5,815.011,520.894,-1882.04,-2005.36,-819.359,713.376,4167.89,684.524,-60.5022,-3825.74,-379.508,89.5438,-786.665,-2764.26,-1893.05,-1138.15,1330.48,3721.9,-4549.31,2287.66,267.703,-2638.59,-2872.07,3581.78,-691.08,1559.76,-2665.15,-3407.54,531.827,2745.55,-223.138,-3512.96,4957.76,-1430.38,-3610.6,1490.59,-2808.39,2647.86,134.514,1058.66,-2025.01,485.435,3088.29,-408.039,1755.96,-843.537,223.64,-979.537,157.066,-382.401,-1592.82,146.539,630.355,1663.4,390.568,-1767.98,-422.267,-1066.21,3073.98,426.967,1910.6,-1257.09,-400.344,-1141.72,499.265,-2604.22,-1076.11,-4120.46,-2216.12,-5824.17,-626.233,4606.2,242.817,3643.23,1542.24,2193.71,656.864,865.569,271.498,-601.193,3442.11,1343.81,-669.027,-589.169,-124.323,-568.395,1995.34,2199.27,3168.19,1360.03,-1589.59,215.181,-2315.43,-552.459,2949.46,968.289,-1405.52
-250354,0,1,0,1,1,250411,-0.384764,0.00591807,1.98251,0.65987,0.194549,-1.62464,-1.32884,-0.638008,0.776036,1.76188,-0.149657,0.116447,-1.54277,-0.0636614,0.2482,-1.00728,-1.59481,-1.01706,-0.127135,0.559175,1.40119,-1.61276,1.8305,-0.0898098,-1.26576,-1.76124,1.23195,-0.269686,1.22789,-1.59845,-1.56077,0.458786,1.996,-0.185011,-1.75004,1.38731,-0.797919,-1.56933,0.936032,-1.67351,1.35279,0.444837,1.42627,-1.3104,-0.0724454,0.89088,-0.393547,0.886616,0.0264761,-0.478673,-1.03596,0.226382,0.0675763,-1.26799,0.156639,-0.0321617,0.998724,0.212245,-0.63784,-0.775643,-0.788799,1.94885,1.21166,0.828242,-0.92643,-0.62419,-1.08532,0.0134659,-0.922084,-1.04397,-1.82062,-0.720654,-1.94471,-0.376988,1.76676,-0.594025,1.17955,0.313105,1.16384,0.0323358,0.112372,0.276904,0.173359,1.84303,0.871915,-1.30925,-0.819472,-0.271119,0.144731,1.18899,1.07535,1.68402,1.67163,-0.91779,-0.253471,-1.68299,-0.374937,1.42931,0.855572,-1.19532,-0.709947,-0.513572,-0.704613,0.240244,-1.3452,1.2579,-0.945492,-0.493332,0.624584,1.53971,2.24074,0.745019,-1.65421,-1.97496,-0.0026756,-0.558847,1.10117,-0.110115,-0.893022,0.36554,0.178745,0.501095,1.27778,-0.217057,-0.776614,-1.02197,-0.344604,-0.709593,-0.737364,-1.53362,-0.69444,1.74606,-1.09307,1.05131,-0.46055,0.0320986,0.367793,0.0337167,-0.0560291,-1.87521,1.67031,-1.10155,-0.0296026,1.16602,0.348467,0.213988,0.766787,0.105114,0.063615,-0.574694,0.542088,-0.111953,-2.8657,-1.00278,-1.58932,-0.645123,2.912,-0.3128,1.12319,-0.11745,2.29605,-0.8544,0.491399,-0.813347,1.28575,1.26706,-0.10295,-1.9245,1.63246,0.625979,-0.636355,-0.335361,0.224555,0.244897,1.13738,-0.153049,0.548034,0.396784,-2.55727,-1.04928,0.804768,0.761112,0.254551,-0.324696,-0.193882,-0.58164,-2.02767,-0.19279,-0.6624,1.15289,-0.819964,-1.11837,-1.6427,-2.08028,-0.372411,0.596945,0.61095,0.565372,0.866346,-0.475997,-547.184,-508.299,2761.5,815.011,520.894,-1882.04,-2005.36,-819.359,713.376,4167.89,684.524,-60.5022,-3825.74,-379.508,89.5438,-786.665,-2764.26,-1893.05,-1138.15,1330.48,3721.9,-4549.31,2287.66,267.703,-2638.59,-2872.07,3581.78,-691.08,1559.76,-2665.15,-3407.54,531.827,2745.55,-223.138,-3512.96,4957.76,-1430.38,-3610.6,1490.59,-2808.39,2647.86,134.514,1058.66,-2025.01,485.435,3088.29,-408.039,1755.96,-843.537,223.64,-979.537,157.066,-382.401,-1592.82,146.539,630.355,1663.4,390.568,-1767.98,-422.267,-1066.21,3073.98,426.967,1910.6,-1257.09,-400.344,-1141.72,499.265,-2604.22,-1076.11,-4120.46,-2216.12,-5824.17,-626.233,4606.2,242.817,3643.23,1542.24,2193.71,656.864,865.569,271.498,-601.193,3442.11,1343.81,-669.027,-589.169,-124.323,-568.395,1995.34,2199.27,3168.19,1360.03,-1589.59,215.181,-2315.43,-552.459,2949.46,968.289,-1405.52
-250354,0,1,0,1,1,250394,-0.384764,0.00591807,1.98251,0.65987,0.194549,-1.62464,-1.32884,-0.638008,0.776036,1.76188,-0.149657,0.116447,-1.54277,-0.0636614,0.2482,-1.00728,-1.59481,-1.01706,-0.127135,0.559175,1.40119,-1.61276,1.8305,-0.0898098,-1.26576,-1.76124,1.23195,-0.269686,1.22789,-1.59845,-1.56077,0.458786,1.996,-0.185011,-1.75004,1.38731,-0.797919,-1.56933,0.936032,-1.67351,1.35279,0.444837,1.42627,-1.3104,-0.0724454,0.89088,-0.393547,0.886616,0.0264761,-0.478673,-1.03596,0.226382,0.0675763,-1.26799,0.156639,-0.0321617,0.998724,0.212245,-0.63784,-0.775643,-0.788799,1.94885,1.21166,0.828242,-0.92643,-0.62419,-1.08532,0.0134659,-0.922084,-1.04397,-1.82062,-0.720654,-1.94471,-0.376988,1.76676,-0.594025,1.17955,0.313105,1.16384,0.0323358,0.112372,0.276904,0.173359,1.84303,0.871915,-1.30925,-0.819472,-0.271119,0.144731,1.18899,1.07535,1.68402,1.67163,-0.91779,-0.253471,-1.68299,-0.374937,1.42931,0.855572,-1.19532,0.614856,0.609951,0.386324,-0.402,1.33138,0.824493,0.289768,1.47305,-1.3247,-0.556942,-0.670466,0.298839,-0.51931,-0.293448,-0.358491,0.403724,-0.423898,-1.47548,-0.926043,0.260806,1.81658,0.456106,1.38809,-1.58024,0.621111,0.572703,-0.337134,1.20512,-0.245067,0.680323,-0.411217,-1.0398,0.787529,-0.543136,-1.37623,-1.49309,0.981984,-0.27205,-2.02098,0.419184,0.555109,0.752808,-1.73469,-0.438407,-1.13896,0.916604,1.15851,1.09443,-0.403629,1.5531,0.314081,-0.237013,0.970933,-0.215641,0.596691,-0.514835,-1.55776,1.0309,-0.697252,-0.452449,0.48077,-0.168991,-1.05637,1.61249,0.133223,0.807288,-1.20225,0.0821395,0.0940514,1.10412,0.499759,-1.7928,0.0575575,-0.12789,0.41208,0.630555,-0.0891146,0.453363,1.03449,-0.414573,0.750515,2.62173,0.371177,1.00969,-0.464841,-0.728727,-0.922486,0.0544489,-0.494867,1.14695,0.359136,-0.109093,1.09012,1.19589,-0.450457,0.194747,-0.12816,-0.88041,-0.449418,-0.331047,-547.184,-508.299,2761.5,815.011,520.894,-1882.04,-2005.36,-819.359,713.376,4167.89,684.524,-60.5022,-3825.74,-379.508,89.5438,-786.665,-2764.26,-1893.05,-1138.15,1330.48,3721.9,-4549.31,2287.66,267.703,-2638.59,-2872.07,3581.78,-691.08,1559.76,-2665.15,-3407.54,531.827,2745.55,-223.138,-3512.96,4957.76,-1430.38,-3610.6,1490.59,-2808.39,2647.86,134.514,1058.66,-2025.01,485.435,3088.29,-408.039,1755.96,-843.537,223.64,-979.537,157.066,-382.401,-1592.82,146.539,630.355,1663.4,390.568,-1767.98,-422.267,-1066.21,3073.98,426.967,1910.6,-1257.09,-400.344,-1141.72,499.265,-2604.22,-1076.11,-4120.46,-2216.12,-5824.17,-626.233,4606.2,242.817,3643.23,1542.24,2193.71,656.864,865.569,271.498,-601.193,3442.11,1343.81,-669.027,-589.169,-124.323,-568.395,1995.34,2199.27,3168.19,1360.03,-1589.59,215.181,-2315.43,-552.459,2949.46,968.289,-1405.52
-250354,0,1,0,1,1,250403,-0.384764,0.00591807,1.98251,0.65987,0.194549,-1.62464,-1.32884,-0.638008,0.776036,1.76188,-0.149657,0.116447,-1.54277,-0.0636614,0.2482,-1.00728,-1.59481,-1.01706,-0.127135,0.559175,1.40119,-1.61276,1.8305,-0.0898098,-1.26576,-1.76124,1.23195,-0.269686,1.22789,-1.59845,-1.56077,0.458786,1.996,-0.185011,-1.75004,1.38731,-0.797919,-1.56933,0.936032,-1.67351,1.35279,0.444837,1.42627,-1.3104,-0.0724454,0.89088,-0.393547,0.886616,0.0264761,-0.478673,-1.03596,0.226382,0.0675763,-1.26799,0.156639,-0.0321617,0.998724,0.212245,-0.63784,-0.775643,-0.788799,1.94885,1.21166,0.828242,-0.92643,-0.62419,-1.08532,0.0134659,-0.922084,-1.04397,-1.82062,-0.720654,-1.94471,-0.376988,1.76676,-0.594025,1.17955,0.313105,1.16384,0.0323358,0.112372,0.276904,0.173359,1.84303,0.871915,-1.30925,-0.819472,-0.271119,0.144731,1.18899,1.07535,1.68402,1.67163,-0.91779,-0.253471,-1.68299,-0.374937,1.42931,0.855572,-1.19532,0.80748,0.172608,-0.343045,-0.731179,1.29724,-0.306,-0.744981,-0.377942,-0.286866,0.41918,1.79956,0.605882,1.33898,-0.17118,0.832132,-0.654291,-0.841708,1.95394,-1.17721,-0.617093,1.57957,0.253165,-1.34468,-0.764162,0.429978,1.12008,-1.21196,-0.0176363,0.758379,2.35439,-0.388903,0.281853,-2.03918,-0.280292,0.788006,-0.621743,-0.410678,-0.917082,-0.824316,-0.615005,-1.46517,-1.50188,1.25252,0.138056,1.00609,-1.80885,-1.12737,0.71356,-0.315599,0.961369,0.137765,-1.42817,-1.60476,-1.08405,-0.267189,-1.38217,1.05344,-0.79936,1.42269,-0.415701,-0.00903866,1.13254,1.17421,-0.491027,1.13541,-0.876205,-1.62341,-0.303318,-1.60209,0.36293,0.326267,-1.02782,0.270999,0.137598,0.259227,-0.0290093,0.186752,1.08321,0.679527,0.590762,-0.143091,-1.14998,-0.564026,0.853101,-0.385673,-0.382072,1.74077,-0.45446,1.02578,-0.59766,0.869622,-1.77331,0.735808,1.00921,1.38043,1.5436,1.15843,-0.78777,0.315235,1.00629,-547.184,-508.299,2761.5,815.011,520.894,-1882.04,-2005.36,-819.359,713.376,4167.89,684.524,-60.5022,-3825.74,-379.508,89.5438,-786.665,-2764.26,-1893.05,-1138.15,1330.48,3721.9,-4549.31,2287.66,267.703,-2638.59,-2872.07,3581.78,-691.08,1559.76,-2665.15,-3407.54,531.827,2745.55,-223.138,-3512.96,4957.76,-1430.38,-3610.6,1490.59,-2808.39,2647.86,134.514,1058.66,-2025.01,485.435,3088.29,-408.039,1755.96,-843.537,223.64,-979.537,157.066,-382.401,-1592.82,146.539,630.355,1663.4,390.568,-1767.98,-422.267,-1066.21,3073.98,426.967,1910.6,-1257.09,-400.344,-1141.72,499.265,-2604.22,-1076.11,-4120.46,-2216.12,-5824.17,-626.233,4606.2,242.817,3643.23,1542.24,2193.71,656.864,865.569,271.498,-601.193,3442.11,1343.81,-669.027,-589.169,-124.323,-568.395,1995.34,2199.27,3168.19,1360.03,-1589.59,215.181,-2315.43,-552.459,2949.46,968.289,-1405.52
-250354,0,1,0,1,1,250399,-0.384764,0.00591807,1.98251,0.65987,0.194549,-1.62464,-1.32884,-0.638008,0.776036,1.76188,-0.149657,0.116447,-1.54277,-0.0636614,0.2482,-1.00728,-1.59481,-1.01706,-0.127135,0.559175,1.40119,-1.61276,1.8305,-0.0898098,-1.26576,-1.76124,1.23195,-0.269686,1.22789,-1.59845,-1.56077,0.458786,1.996,-0.185011,-1.75004,1.38731,-0.797919,-1.56933,0.936032,-1.67351,1.35279,0.444837,1.42627,-1.3104,-0.0724454,0.89088,-0.393547,0.886616,0.0264761,-0.478673,-1.03596,0.226382,0.0675763,-1.26799,0.156639,-0.0321617,0.998724,0.212245,-0.63784,-0.775643,-0.788799,1.94885,1.21166,0.828242,-0.92643,-0.62419,-1.08532,0.0134659,-0.922084,-1.04397,-1.82062,-0.720654,-1.94471,-0.376988,1.76676,-0.594025,1.17955,0.313105,1.16384,0.0323358,0.112372,0.276904,0.173359,1.84303,0.871915,-1.30925,-0.819472,-0.271119,0.144731,1.18899,1.07535,1.68402,1.67163,-0.91779,-0.253471,-1.68299,-0.374937,1.42931,0.855572,-1.19532,-0.0577752,0.478003,-2.69454,-0.137522,1.10189,0.00305922,1.25476,0.0593967,-0.116215,1.21378,-1.39575,0.077071,1.21793,1.5,-0.503082,1.12452,-0.574514,-0.98416,0.182491,0.147615,-0.0732232,-1.17107,-0.280145,-0.297407,-0.390264,0.234422,0.105297,1.08413,-1.03816,-1.17447,-1.5964,-0.255098,0.178853,0.784182,1.11636,1.48749,0.146707,-0.746174,1.38099,-0.100166,-0.0798987,1.43509,-1.10649,-0.385176,-2.05142,1.24028,-1.10814,-0.571929,0.524059,-1.48435,-0.609815,-0.526965,-1.59655,0.856192,0.229188,-1.13709,0.137912,0.441723,-1.17213,0.873329,-0.0255397,-0.753612,-0.473684,-0.957462,-0.132829,0.753789,0.738866,-0.948568,0.163599,-0.64848,-1.63522,-0.830869,-0.567975,0.52464,-0.935637,0.945921,1.10183,0.637908,1.06437,0.0270235,-0.221957,0.042634,0.6565,-1.20805,0.4507,1.14511,1.46923,0.659337,0.826484,-0.835944,-1.83209,-0.393334,-0.728618,2.57033,0.376506,0.215767,0.0181832,0.510603,1.41556,0.161267,-547.184,-508.299,2761.5,815.011,520.894,-1882.04,-2005.36,-819.359,713.376,4167.89,684.524,-60.5022,-3825.74,-379.508,89.5438,-786.665,-2764.26,-1893.05,-1138.15,1330.48,3721.9,-4549.31,2287.66,267.703,-2638.59,-2872.07,3581.78,-691.08,1559.76,-2665.15,-3407.54,531.827,2745.55,-223.138,-3512.96,4957.76,-1430.38,-3610.6,1490.59,-2808.39,2647.86,134.514,1058.66,-2025.01,485.435,3088.29,-408.039,1755.96,-843.537,223.64,-979.537,157.066,-382.401,-1592.82,146.539,630.355,1663.4,390.568,-1767.98,-422.267,-1066.21,3073.98,426.967,1910.6,-1257.09,-400.344,-1141.72,499.265,-2604.22,-1076.11,-4120.46,-2216.12,-5824.17,-626.233,4606.2,242.817,3643.23,1542.24,2193.71,656.864,865.569,271.498,-601.193,3442.11,1343.81,-669.027,-589.169,-124.323,-568.395,1995.34,2199.27,3168.19,1360.03,-1589.59,215.181,-2315.43,-552.459,2949.46,968.289,-1405.52
-250354,0,1,0,1,1,250406,-0.384764,0.00591807,1.98251,0.65987,0.194549,-1.62464,-1.32884,-0.638008,0.776036,1.76188,-0.149657,0.116447,-1.54277,-0.0636614,0.2482,-1.00728,-1.59481,-1.01706,-0.127135,0.559175,1.40119,-1.61276,1.8305,-0.0898098,-1.26576,-1.76124,1.23195,-0.269686,1.22789,-1.59845,-1.56077,0.458786,1.996,-0.185011,-1.75004,1.38731,-0.797919,-1.56933,0.936032,-1.67351,1.35279,0.444837,1.42627,-1.3104,-0.0724454,0.89088,-0.393547,0.886616,0.0264761,-0.478673,-1.03596,0.226382,0.0675763,-1.26799,0.156639,-0.0321617,0.998724,0.212245,-0.63784,-0.775643,-0.788799,1.94885,1.21166,0.828242,-0.92643,-0.62419,-1.08532,0.0134659,-0.922084,-1.04397,-1.82062,-0.720654,-1.94471,-0.376988,1.76676,-0.594025,1.17955,0.313105,1.16384,0.0323358,0.112372,0.276904,0.173359,1.84303,0.871915,-1.30925,-0.819472,-0.271119,0.144731,1.18899,1.07535,1.68402,1.67163,-0.91779,-0.253471,-1.68299,-0.374937,1.42931,0.855572,-1.19532,0.579559,1.21465,0.490218,-1.91044,0.0737288,-1.51048,-0.209114,-0.103913,-1.02981,0.503702,-1.80066,0.898665,1.438,1.21201,-1.15529,0.818872,-0.274608,-0.874026,-0.121371,0.69704,-0.409248,-0.215191,0.943113,-0.116533,-1.32325,0.881623,-0.692247,-0.177048,-0.76493,-0.178398,-0.145499,1.02878,-0.549498,-0.590671,-0.522955,-1.30854,0.205627,1.22477,-0.273609,0.269515,0.928925,-0.130371,-0.398792,0.646525,-0.758884,-0.480298,1.76214,0.249067,-0.217311,-1.72518,-2.09161,-0.742411,-2.18341,-0.727473,-0.0756181,0.443926,0.861254,-0.739721,-0.339057,-0.477078,-1.06894,0.725768,1.76741,-0.0472541,-1.87237,-0.450143,0.0958721,-1.95028,-0.82701,1.65082,-0.829348,-1.50098,0.690424,-0.946591,-0.000586818,0.214301,0.651037,-2.03074,-0.0790072,-0.841368,0.10604,-0.194682,1.00567,-0.707308,1.42593,-0.271275,2.12674,0.331175,1.6596,0.335041,0.0409612,-2.42127,-1.60876,0.807543,-1.24355,-0.269764,-0.451192,0.0215858,-1.78652,-1.73257,-547.184,-508.299,2761.5,815.011,520.894,-1882.04,-2005.36,-819.359,713.376,4167.89,684.524,-60.5022,-3825.74,-379.508,89.5438,-786.665,-2764.26,-1893.05,-1138.15,1330.48,3721.9,-4549.31,2287.66,267.703,-2638.59,-2872.07,3581.78,-691.08,1559.76,-2665.15,-3407.54,531.827,2745.55,-223.138,-3512.96,4957.76,-1430.38,-3610.6,1490.59,-2808.39,2647.86,134.514,1058.66,-2025.01,485.435,3088.29,-408.039,1755.96,-843.537,223.64,-979.537,157.066,-382.401,-1592.82,146.539,630.355,1663.4,390.568,-1767.98,-422.267,-1066.21,3073.98,426.967,1910.6,-1257.09,-400.344,-1141.72,499.265,-2604.22,-1076.11,-4120.46,-2216.12,-5824.17,-626.233,4606.2,242.817,3643.23,1542.24,2193.71,656.864,865.569,271.498,-601.193,3442.11,1343.81,-669.027,-589.169,-124.323,-568.395,1995.34,2199.27,3168.19,1360.03,-1589.59,215.181,-2315.43,-552.459,2949.46,968.289,-1405.52
-250354,0,1,0,1,1,250404,-0.384764,0.00591807,1.98251,0.65987,0.194549,-1.62464,-1.32884,-0.638008,0.776036,1.76188,-0.149657,0.116447,-1.54277,-0.0636614,0.2482,-1.00728,-1.59481,-1.01706,-0.127135,0.559175,1.40119,-1.61276,1.8305,-0.0898098,-1.26576,-1.76124,1.23195,-0.269686,1.22789,-1.59845,-1.56077,0.458786,1.996,-0.185011,-1.75004,1.38731,-0.797919,-1.56933,0.936032,-1.67351,1.35279,0.444837,1.42627,-1.3104,-0.0724454,0.89088,-0.393547,0.886616,0.0264761,-0.478673,-1.03596,0.226382,0.0675763,-1.26799,0.156639,-0.0321617,0.998724,0.212245,-0.63784,-0.775643,-0.788799,1.94885,1.21166,0.828242,-0.92643,-0.62419,-1.08532,0.0134659,-0.922084,-1.04397,-1.82062,-0.720654,-1.94471,-0.376988,1.76676,-0.594025,1.17955,0.313105,1.16384,0.0323358,0.112372,0.276904,0.173359,1.84303,0.871915,-1.30925,-0.819472,-0.271119,0.144731,1.18899,1.07535,1.68402,1.67163,-0.91779,-0.253471,-1.68299,-0.374937,1.42931,0.855572,-1.19532,1.72094,-0.659166,0.323412,0.300713,0.868946,0.0986902,-1.00169,-0.335843,-1.67466,-0.175483,-0.521846,1.04753,-1.32725,-0.326407,-0.965311,0.233824,-1.02538,-0.71332,-0.465922,0.120149,0.868609,-0.0578561,2.49707,0.490923,0.221094,0.163307,-0.407485,-0.844095,-1.15998,-0.2073,1.4447,0.470079,-1.72823,2.52092,1.60894,-0.0495624,0.393948,-0.124579,-0.636381,-0.881292,-0.398677,1.5832,0.0972626,0.909632,-0.416137,-0.0832576,0.942693,0.4952,1.68981,0.70154,1.73234,-0.80003,1.86412,-0.50929,-0.697454,-0.109073,-0.163762,1.43889,-1.48826,1.48419,1.44134,0.298383,0.895332,-0.00942198,0.0773645,-0.55879,-0.99586,-1.05221,-0.28443,0.223468,-0.658025,0.385491,-1.95452,0.979042,-1.60535,0.484801,-0.33468,0.550755,-0.169646,1.19942,-1.18998,-2.31925,1.72101,1.73759,-0.473787,-0.209284,-0.0986318,-1.6704,0.736152,0.113096,0.757964,0.785838,0.244679,-1.15781,-0.185117,-0.986392,0.442826,1.15927,-1.15713,-0.149915,-547.184,-508.299,2761.5,815.011,520.894,-1882.04,-2005.36,-819.359,713.376,4167.89,684.524,-60.5022,-3825.74,-379.508,89.5438,-786.665,-2764.26,-1893.05,-1138.15,1330.48,3721.9,-4549.31,2287.66,267.703,-2638.59,-2872.07,3581.78,-691.08,1559.76,-2665.15,-3407.54,531.827,2745.55,-223.138,-3512.96,4957.76,-1430.38,-3610.6,1490.59,-2808.39,2647.86,134.514,1058.66,-2025.01,485.435,3088.29,-408.039,1755.96,-843.537,223.64,-979.537,157.066,-382.401,-1592.82,146.539,630.355,1663.4,390.568,-1767.98,-422.267,-1066.21,3073.98,426.967,1910.6,-1257.09,-400.344,-1141.72,499.265,-2604.22,-1076.11,-4120.46,-2216.12,-5824.17,-626.233,4606.2,242.817,3643.23,1542.24,2193.71,656.864,865.569,271.498,-601.193,3442.11,1343.81,-669.027,-589.169,-124.323,-568.395,1995.34,2199.27,3168.19,1360.03,-1589.59,215.181,-2315.43,-552.459,2949.46,968.289,-1405.52
-250354,0,1,0,1,1,250405,-0.384764,0.00591807,1.98251,0.65987,0.194549,-1.62464,-1.32884,-0.638008,0.776036,1.76188,-0.149657,0.116447,-1.54277,-0.0636614,0.2482,-1.00728,-1.59481,-1.01706,-0.127135,0.559175,1.40119,-1.61276,1.8305,-0.0898098,-1.26576,-1.76124,1.23195,-0.269686,1.22789,-1.59845,-1.56077,0.458786,1.996,-0.185011,-1.75004,1.38731,-0.797919,-1.56933,0.936032,-1.67351,1.35279,0.444837,1.42627,-1.3104,-0.0724454,0.89088,-0.393547,0.886616,0.0264761,-0.478673,-1.03596,0.226382,0.0675763,-1.26799,0.156639,-0.0321617,0.998724,0.212245,-0.63784,-0.775643,-0.788799,1.94885,1.21166,0.828242,-0.92643,-0.62419,-1.08532,0.0134659,-0.922084,-1.04397,-1.82062,-0.720654,-1.94471,-0.376988,1.76676,-0.594025,1.17955,0.313105,1.16384,0.0323358,0.112372,0.276904,0.173359,1.84303,0.871915,-1.30925,-0.819472,-0.271119,0.144731,1.18899,1.07535,1.68402,1.67163,-0.91779,-0.253471,-1.68299,-0.374937,1.42931,0.855572,-1.19532,0.570035,1.32351,1.27799,-0.502296,-0.312412,2.16728,0.830477,1.75207,-0.778813,-0.463066,-0.54316,0.177545,-0.867639,-0.907766,-0.0258783,-0.282598,-0.320347,-0.998215,-0.0953097,-0.0472082,1.47232,-0.32674,0.0999971,0.377248,0.662942,0.937107,-0.959111,-0.507012,1.1896,-0.591117,0.133533,-1.07815,1.09864,0.610137,0.119161,0.0486131,0.0681902,-0.582566,-0.601911,1.56516,-0.861735,-0.365595,-1.40559,-0.253203,-2.52746,-0.217476,0.545448,1.1456,1.60445,1.19345,1.04283,0.366464,-0.721148,2.13736,-0.782243,-0.692841,1.51197,0.116989,-1.51025,-0.0701662,-0.0653224,0.273546,0.164677,0.605325,-0.843812,0.712773,0.966614,1.26171,0.264726,0.713479,-0.176301,-0.421574,2.59719,0.494406,0.397731,1.75997,0.909736,0.630633,0.283586,0.514654,-1.93237,1.47447,-1.62401,0.400788,-0.387172,-0.636184,0.358798,-0.249058,-0.944428,-1.5031,-1.78502,-0.232871,-1.37944,-1.72569,1.15303,0.389119,-2.16574,-0.0205909,-1.54141,0.269286,-547.184,-508.299,2761.5,815.011,520.894,-1882.04,-2005.36,-819.359,713.376,4167.89,684.524,-60.5022,-3825.74,-379.508,89.5438,-786.665,-2764.26,-1893.05,-1138.15,1330.48,3721.9,-4549.31,2287.66,267.703,-2638.59,-2872.07,3581.78,-691.08,1559.76,-2665.15,-3407.54,531.827,2745.55,-223.138,-3512.96,4957.76,-1430.38,-3610.6,1490.59,-2808.39,2647.86,134.514,1058.66,-2025.01,485.435,3088.29,-408.039,1755.96,-843.537,223.64,-979.537,157.066,-382.401,-1592.82,146.539,630.355,1663.4,390.568,-1767.98,-422.267,-1066.21,3073.98,426.967,1910.6,-1257.09,-400.344,-1141.72,499.265,-2604.22,-1076.11,-4120.46,-2216.12,-5824.17,-626.233,4606.2,242.817,3643.23,1542.24,2193.71,656.864,865.569,271.498,-601.193,3442.11,1343.81,-669.027,-589.169,-124.323,-568.395,1995.34,2199.27,3168.19,1360.03,-1589.59,215.181,-2315.43,-552.459,2949.46,968.289,-1405.52
-250354,0,1,0,1,1,250406,-0.384764,0.00591807,1.98251,0.65987,0.194549,-1.62464,-1.32884,-0.638008,0.776036,1.76188,-0.149657,0.116447,-1.54277,-0.0636614,0.2482,-1.00728,-1.59481,-1.01706,-0.127135,0.559175,1.40119,-1.61276,1.8305,-0.0898098,-1.26576,-1.76124,1.23195,-0.269686,1.22789,-1.59845,-1.56077,0.458786,1.996,-0.185011,-1.75004,1.38731,-0.797919,-1.56933,0.936032,-1.67351,1.35279,0.444837,1.42627,-1.3104,-0.0724454,0.89088,-0.393547,0.886616,0.0264761,-0.478673,-1.03596,0.226382,0.0675763,-1.26799,0.156639,-0.0321617,0.998724,0.212245,-0.63784,-0.775643,-0.788799,1.94885,1.21166,0.828242,-0.92643,-0.62419,-1.08532,0.0134659,-0.922084,-1.04397,-1.82062,-0.720654,-1.94471,-0.376988,1.76676,-0.594025,1.17955,0.313105,1.16384,0.0323358,0.112372,0.276904,0.173359,1.84303,0.871915,-1.30925,-0.819472,-0.271119,0.144731,1.18899,1.07535,1.68402,1.67163,-0.91779,-0.253471,-1.68299,-0.374937,1.42931,0.855572,-1.19532,0.997684,0.479944,0.845516,0.258673,-1.11098,-0.241035,0.896357,-1.11097,-0.192993,0.542452,-1.61345,-0.36568,1.85105,0.0556072,0.102753,-0.553512,-1.32449,-0.858259,0.980819,-0.339691,1.29679,2.12094,1.35941,-0.536831,-0.162986,1.58924,-0.146398,-0.909096,-0.521067,-1.71049,-0.428385,0.359691,-1.09441,1.03285,0.164388,-0.46404,-0.322372,1.73609,-0.443626,0.419067,-0.959277,-1.22559,0.0276507,-1.34637,-1.00729,-1.02816,-0.600619,0.0523435,1.21691,1.05123,-1.37255,0.467913,0.200786,1.04268,0.596987,1.0423,1.19756,-0.157269,-0.890391,-0.571315,-3.46701,0.472424,-1.38823,0.37097,0.23478,0.712629,-0.223944,1.82927,-2.3078,0.100754,-1.35113,-0.248672,0.528926,1.39675,-0.173442,0.980582,1.91827,0.488369,-0.105496,-0.539217,1.17305,-0.756622,-0.850709,0.338679,0.0706135,-1.13149,0.333944,-1.01569,-0.948215,-0.345444,0.521663,-0.0922223,1.47304,-0.853394,-0.648805,1.47855,1.61077,-0.860021,-1.35302,-0.838017,-547.184,-508.299,2761.5,815.011,520.894,-1882.04,-2005.36,-819.359,713.376,4167.89,684.524,-60.5022,-3825.74,-379.508,89.5438,-786.665,-2764.26,-1893.05,-1138.15,1330.48,3721.9,-4549.31,2287.66,267.703,-2638.59,-2872.07,3581.78,-691.08,1559.76,-2665.15,-3407.54,531.827,2745.55,-223.138,-3512.96,4957.76,-1430.38,-3610.6,1490.59,-2808.39,2647.86,134.514,1058.66,-2025.01,485.435,3088.29,-408.039,1755.96,-843.537,223.64,-979.537,157.066,-382.401,-1592.82,146.539,630.355,1663.4,390.568,-1767.98,-422.267,-1066.21,3073.98,426.967,1910.6,-1257.09,-400.344,-1141.72,499.265,-2604.22,-1076.11,-4120.46,-2216.12,-5824.17,-626.233,4606.2,242.817,3643.23,1542.24,2193.71,656.864,865.569,271.498,-601.193,3442.11,1343.81,-669.027,-589.169,-124.323,-568.395,1995.34,2199.27,3168.19,1360.03,-1589.59,215.181,-2315.43,-552.459,2949.46,968.289,-1405.52
-250354,0,1,0,1,1,250401,-0.384764,0.00591807,1.98251,0.65987,0.194549,-1.62464,-1.32884,-0.638008,0.776036,1.76188,-0.149657,0.116447,-1.54277,-0.0636614,0.2482,-1.00728,-1.59481,-1.01706,-0.127135,0.559175,1.40119,-1.61276,1.8305,-0.0898098,-1.26576,-1.76124,1.23195,-0.269686,1.22789,-1.59845,-1.56077,0.458786,1.996,-0.185011,-1.75004,1.38731,-0.797919,-1.56933,0.936032,-1.67351,1.35279,0.444837,1.42627,-1.3104,-0.0724454,0.89088,-0.393547,0.886616,0.0264761,-0.478673,-1.03596,0.226382,0.0675763,-1.26799,0.156639,-0.0321617,0.998724,0.212245,-0.63784,-0.775643,-0.788799,1.94885,1.21166,0.828242,-0.92643,-0.62419,-1.08532,0.0134659,-0.922084,-1.04397,-1.82062,-0.720654,-1.94471,-0.376988,1.76676,-0.594025,1.17955,0.313105,1.16384,0.0323358,0.112372,0.276904,0.173359,1.84303,0.871915,-1.30925,-0.819472,-0.271119,0.144731,1.18899,1.07535,1.68402,1.67163,-0.91779,-0.253471,-1.68299,-0.374937,1.42931,0.855572,-1.19532,-1.00638,0.82948,-0.0633474,0.59185,0.943663,-1.2861,1.95446,-0.543525,-1.25991,0.0541789,-0.19242,0.185768,-0.378421,0.20104,-0.139662,-0.971728,-0.819003,-0.707838,-0.11088,-0.579675,-1.7642,-0.331304,-0.379018,-0.795304,-0.535045,-1.1378,-0.500773,-0.0288221,0.658011,-0.710666,-0.510073,-0.170643,-0.895273,0.674675,-1.93923,2.02214,-0.302492,-0.194827,-1.47949,-1.04527,0.716723,-1.15513,1.62627,0.245841,1.53111,-2.36414,-0.394336,0.552469,1.4931,-0.250862,-0.499662,0.903024,-0.194725,-0.180319,1.19425,0.232582,-0.485456,-1.96126,-0.229121,1.61504,0.871237,-0.58173,-0.207823,-0.919674,0.0952191,-0.794405,1.09248,0.385421,-0.0438171,-0.798126,0.807108,-0.298699,-2.04826,-0.187943,0.249615,0.970443,0.748506,-0.665477,0.47785,0.072991,-1.55293,-0.254013,0.916999,-2.16319,0.161056,0.186248,-1.65106,-1.92921,-0.606085,0.0233325,-0.605787,-0.271645,-0.329295,0.682129,-0.987997,-1.51753,1.71239,0.151868,-1.15957,0.573218,-547.184,-508.299,2761.5,815.011,520.894,-1882.04,-2005.36,-819.359,713.376,4167.89,684.524,-60.5022,-3825.74,-379.508,89.5438,-786.665,-2764.26,-1893.05,-1138.15,1330.48,3721.9,-4549.31,2287.66,267.703,-2638.59,-2872.07,3581.78,-691.08,1559.76,-2665.15,-3407.54,531.827,2745.55,-223.138,-3512.96,4957.76,-1430.38,-3610.6,1490.59,-2808.39,2647.86,134.514,1058.66,-2025.01,485.435,3088.29,-408.039,1755.96,-843.537,223.64,-979.537,157.066,-382.401,-1592.82,146.539,630.355,1663.4,390.568,-1767.98,-422.267,-1066.21,3073.98,426.967,1910.6,-1257.09,-400.344,-1141.72,499.265,-2604.22,-1076.11,-4120.46,-2216.12,-5824.17,-626.233,4606.2,242.817,3643.23,1542.24,2193.71,656.864,865.569,271.498,-601.193,3442.11,1343.81,-669.027,-589.169,-124.323,-568.395,1995.34,2199.27,3168.19,1360.03,-1589.59,215.181,-2315.43,-552.459,2949.46,968.289,-1405.52
-250354,0,1,0,1,1,250406,-0.384764,0.00591807,1.98251,0.65987,0.194549,-1.62464,-1.32884,-0.638008,0.776036,1.76188,-0.149657,0.116447,-1.54277,-0.0636614,0.2482,-1.00728,-1.59481,-1.01706,-0.127135,0.559175,1.40119,-1.61276,1.8305,-0.0898098,-1.26576,-1.76124,1.23195,-0.269686,1.22789,-1.59845,-1.56077,0.458786,1.996,-0.185011,-1.75004,1.38731,-0.797919,-1.56933,0.936032,-1.67351,1.35279,0.444837,1.42627,-1.3104,-0.0724454,0.89088,-0.393547,0.886616,0.0264761,-0.478673,-1.03596,0.226382,0.0675763,-1.26799,0.156639,-0.0321617,0.998724,0.212245,-0.63784,-0.775643,-0.788799,1.94885,1.21166,0.828242,-0.92643,-0.62419,-1.08532,0.0134659,-0.922084,-1.04397,-1.82062,-0.720654,-1.94471,-0.376988,1.76676,-0.594025,1.17955,0.313105,1.16384,0.0323358,0.112372,0.276904,0.173359,1.84303,0.871915,-1.30925,-0.819472,-0.271119,0.144731,1.18899,1.07535,1.68402,1.67163,-0.91779,-0.253471,-1.68299,-0.374937,1.42931,0.855572,-1.19532,0.701057,0.696487,1.61006,-0.10201,2.54915,2.30232,-1.09278,0.551193,0.845638,-0.664565,-0.191404,-0.327668,1.25705,-0.845154,0.089777,2.06726,2.78914,-1.32324,0.0164987,0.241752,0.0256335,-0.359843,1.63665,-0.235901,0.561662,-1.13525,-0.0967657,-1.38719,-0.559402,1.15675,0.669982,0.437496,0.157873,-0.395415,-0.270751,1.79611,-1.09599,-0.896221,0.047526,1.36359,2.71865,-0.120292,-2.56508,1.19924,-0.110646,0.328552,-0.884058,0.312128,-0.31034,-1.02278,-0.206395,-0.435111,1.74445,-0.177872,-0.721929,0.379075,-0.112701,0.406157,1.41684,-0.243721,-0.548538,1.37407,-0.524732,0.630839,0.76848,0.304292,-0.0200324,-0.375146,-0.460553,0.437761,0.443653,0.703991,-0.214941,0.878113,0.285619,0.44399,0.568385,-1.94493,0.629916,0.24667,-1.68912,0.91264,-0.00928507,-1.06717,-0.780197,-0.250141,1.58604,1.22022,-0.398547,-0.103028,0.972682,1.13857,0.693277,-0.489743,0.459956,0.953424,-0.159589,-2.10796,-0.189106,-0.860024,-547.184,-508.299,2761.5,815.011,520.894,-1882.04,-2005.36,-819.359,713.376,4167.89,684.524,-60.5022,-3825.74,-379.508,89.5438,-786.665,-2764.26,-1893.05,-1138.15,1330.48,3721.9,-4549.31,2287.66,267.703,-2638.59,-2872.07,3581.78,-691.08,1559.76,-2665.15,-3407.54,531.827,2745.55,-223.138,-3512.96,4957.76,-1430.38,-3610.6,1490.59,-2808.39,2647.86,134.514,1058.66,-2025.01,485.435,3088.29,-408.039,1755.96,-843.537,223.64,-979.537,157.066,-382.401,-1592.82,146.539,630.355,1663.4,390.568,-1767.98,-422.267,-1066.21,3073.98,426.967,1910.6,-1257.09,-400.344,-1141.72,499.265,-2604.22,-1076.11,-4120.46,-2216.12,-5824.17,-626.233,4606.2,242.817,3643.23,1542.24,2193.71,656.864,865.569,271.498,-601.193,3442.11,1343.81,-669.027,-589.169,-124.323,-568.395,1995.34,2199.27,3168.19,1360.03,-1589.59,215.181,-2315.43,-552.459,2949.46,968.289,-1405.52
-250354,0,1,0,1,1,250411,-0.384764,0.00591807,1.98251,0.65987,0.194549,-1.62464,-1.32884,-0.638008,0.776036,1.76188,-0.149657,0.116447,-1.54277,-0.0636614,0.2482,-1.00728,-1.59481,-1.01706,-0.127135,0.559175,1.40119,-1.61276,1.8305,-0.0898098,-1.26576,-1.76124,1.23195,-0.269686,1.22789,-1.59845,-1.56077,0.458786,1.996,-0.185011,-1.75004,1.38731,-0.797919,-1.56933,0.936032,-1.67351,1.35279,0.444837,1.42627,-1.3104,-0.0724454,0.89088,-0.393547,0.886616,0.0264761,-0.478673,-1.03596,0.226382,0.0675763,-1.26799,0.156639,-0.0321617,0.998724,0.212245,-0.63784,-0.775643,-0.788799,1.94885,1.21166,0.828242,-0.92643,-0.62419,-1.08532,0.0134659,-0.922084,-1.04397,-1.82062,-0.720654,-1.94471,-0.376988,1.76676,-0.594025,1.17955,0.313105,1.16384,0.0323358,0.112372,0.276904,0.173359,1.84303,0.871915,-1.30925,-0.819472,-0.271119,0.144731,1.18899,1.07535,1.68402,1.67163,-0.91779,-0.253471,-1.68299,-0.374937,1.42931,0.855572,-1.19532,-1.66551,-1.20694,-0.153509,3.18859,-0.0416426,-0.159745,0.27525,-0.725589,-1.37447,2.95703,-2.1683,0.736499,0.350381,1.00776,-0.374119,0.021952,-1.983,0.369242,0.038822,-0.117105,0.0923598,0.629498,-1.75111,-0.436672,1.41507,-0.936618,1.48702,-0.921749,0.244064,-0.166162,-0.497541,0.629254,-2.72881,0.678322,-0.288171,-1.39426,-0.207728,1.04602,1.23881,-1.13629,0.46888,-0.0817386,0.261162,-1.79334,0.176891,0.651268,-0.526502,-0.735865,-1.40086,0.478916,-0.190672,-1.74294,1.97281,-2.11386,-0.185407,-0.504025,1.18542,-2.26893,-0.527722,-0.309431,0.252325,-0.0211666,0.343728,-0.460737,0.0225382,-1.80573,0.660331,0.627633,0.358662,-0.143539,0.276671,1.30147,0.342182,0.118735,1.16227,-0.141301,0.12694,1.71345,0.169731,-0.981144,-0.818617,0.384573,1.24238,0.0740476,0.599499,0.540269,-0.487561,0.0452513,-1.43937,0.156177,-1.82159,-0.0070552,0.499881,-0.616417,0.23883,0.668225,-1.05983,0.366686,0.899319,2.05094,-547.184,-508.299,2761.5,815.011,520.894,-1882.04,-2005.36,-819.359,713.376,4167.89,684.524,-60.5022,-3825.74,-379.508,89.5438,-786.665,-2764.26,-1893.05,-1138.15,1330.48,3721.9,-4549.31,2287.66,267.703,-2638.59,-2872.07,3581.78,-691.08,1559.76,-2665.15,-3407.54,531.827,2745.55,-223.138,-3512.96,4957.76,-1430.38,-3610.6,1490.59,-2808.39,2647.86,134.514,1058.66,-2025.01,485.435,3088.29,-408.039,1755.96,-843.537,223.64,-979.537,157.066,-382.401,-1592.82,146.539,630.355,1663.4,390.568,-1767.98,-422.267,-1066.21,3073.98,426.967,1910.6,-1257.09,-400.344,-1141.72,499.265,-2604.22,-1076.11,-4120.46,-2216.12,-5824.17,-626.233,4606.2,242.817,3643.23,1542.24,2193.71,656.864,865.569,271.498,-601.193,3442.11,1343.81,-669.027,-589.169,-124.323,-568.395,1995.34,2199.27,3168.19,1360.03,-1589.59,215.181,-2315.43,-552.459,2949.46,968.289,-1405.52
-250354,0,1,0,1,1,250397,-0.384764,0.00591807,1.98251,0.65987,0.194549,-1.62464,-1.32884,-0.638008,0.776036,1.76188,-0.149657,0.116447,-1.54277,-0.0636614,0.2482,-1.00728,-1.59481,-1.01706,-0.127135,0.559175,1.40119,-1.61276,1.8305,-0.0898098,-1.26576,-1.76124,1.23195,-0.269686,1.22789,-1.59845,-1.56077,0.458786,1.996,-0.185011,-1.75004,1.38731,-0.797919,-1.56933,0.936032,-1.67351,1.35279,0.444837,1.42627,-1.3104,-0.0724454,0.89088,-0.393547,0.886616,0.0264761,-0.478673,-1.03596,0.226382,0.0675763,-1.26799,0.156639,-0.0321617,0.998724,0.212245,-0.63784,-0.775643,-0.788799,1.94885,1.21166,0.828242,-0.92643,-0.62419,-1.08532,0.0134659,-0.922084,-1.04397,-1.82062,-0.720654,-1.94471,-0.376988,1.76676,-0.594025,1.17955,0.313105,1.16384,0.0323358,0.112372,0.276904,0.173359,1.84303,0.871915,-1.30925,-0.819472,-0.271119,0.144731,1.18899,1.07535,1.68402,1.67163,-0.91779,-0.253471,-1.68299,-0.374937,1.42931,0.855572,-1.19532,-0.826072,-0.249059,0.295075,-0.281002,-0.501492,0.662015,-0.101687,1.20533,1.73877,-1.29577,-0.752142,0.092414,2.21312,0.960079,-0.871859,0.698878,0.520468,0.115093,0.726482,-0.355395,-0.281368,-0.394882,2.20962,-1.72593,-1.9013,-0.997273,-1.02602,-0.651338,0.483651,1.34212,-1.81939,-0.0642892,1.76741,-1.10854,-0.323182,0.631708,0.672761,0.00495859,1.57325,0.802782,-0.121647,0.0245081,0.503692,0.310743,-0.922875,0.505257,1.00172,-1.38119,-0.164524,-0.524651,0.307149,1.34585,-0.921992,-0.552407,1.02409,0.989935,-0.857182,0.469118,0.294269,0.490275,0.214834,-0.671365,0.223042,-1.51914,0.126649,0.725976,0.0581961,-1.51762,-2.41362,0.08848,0.242933,-0.677009,-0.826122,0.039185,-0.277266,-1.1243,-0.243588,-0.447958,-1.02255,0.22801,-0.629489,0.906166,0.100545,-0.356576,-1.4057,0.529299,-1.96038,-0.284139,-0.73936,-0.735552,1.72162,0.510314,-0.156023,0.742626,1.09991,-0.259335,-0.60969,-0.0899698,0.0612602,0.07088,-547.184,-508.299,2761.5,815.011,520.894,-1882.04,-2005.36,-819.359,713.376,4167.89,684.524,-60.5022,-3825.74,-379.508,89.5438,-786.665,-2764.26,-1893.05,-1138.15,1330.48,3721.9,-4549.31,2287.66,267.703,-2638.59,-2872.07,3581.78,-691.08,1559.76,-2665.15,-3407.54,531.827,2745.55,-223.138,-3512.96,4957.76,-1430.38,-3610.6,1490.59,-2808.39,2647.86,134.514,1058.66,-2025.01,485.435,3088.29,-408.039,1755.96,-843.537,223.64,-979.537,157.066,-382.401,-1592.82,146.539,630.355,1663.4,390.568,-1767.98,-422.267,-1066.21,3073.98,426.967,1910.6,-1257.09,-400.344,-1141.72,499.265,-2604.22,-1076.11,-4120.46,-2216.12,-5824.17,-626.233,4606.2,242.817,3643.23,1542.24,2193.71,656.864,865.569,271.498,-601.193,3442.11,1343.81,-669.027,-589.169,-124.323,-568.395,1995.34,2199.27,3168.19,1360.03,-1589.59,215.181,-2315.43,-552.459,2949.46,968.289,-1405.52
-250354,0,1,0,1,1,250401,-0.384764,0.00591807,1.98251,0.65987,0.194549,-1.62464,-1.32884,-0.638008,0.776036,1.76188,-0.149657,0.116447,-1.54277,-0.0636614,0.2482,-1.00728,-1.59481,-1.01706,-0.127135,0.559175,1.40119,-1.61276,1.8305,-0.0898098,-1.26576,-1.76124,1.23195,-0.269686,1.22789,-1.59845,-1.56077,0.458786,1.996,-0.185011,-1.75004,1.38731,-0.797919,-1.56933,0.936032,-1.67351,1.35279,0.444837,1.42627,-1.3104,-0.0724454,0.89088,-0.393547,0.886616,0.0264761,-0.478673,-1.03596,0.226382,0.0675763,-1.26799,0.156639,-0.0321617,0.998724,0.212245,-0.63784,-0.775643,-0.788799,1.94885,1.21166,0.828242,-0.92643,-0.62419,-1.08532,0.0134659,-0.922084,-1.04397,-1.82062,-0.720654,-1.94471,-0.376988,1.76676,-0.594025,1.17955,0.313105,1.16384,0.0323358,0.112372,0.276904,0.173359,1.84303,0.871915,-1.30925,-0.819472,-0.271119,0.144731,1.18899,1.07535,1.68402,1.67163,-0.91779,-0.253471,-1.68299,-0.374937,1.42931,0.855572,-1.19532,0.592749,0.354128,-0.661224,0.843191,1.95827,-0.63106,-0.0924625,-0.542443,-1.60104,0.186324,0.532064,-0.692413,1.39607,1.51842,1.74596,-1.4844,-1.37778,1.60496,0.744851,-0.892795,0.850636,0.96192,-0.463716,-0.225326,0.744019,1.23864,-0.028634,-1.43536,0.270842,0.881867,-0.357083,-0.385805,-0.468902,-1.1824,0.652599,-0.522356,-0.656974,0.640547,0.346389,-0.0909533,-0.523257,-1.82069,0.306054,0.501697,-0.752947,-1.86885,-0.203122,-1.41586,-0.00840339,-0.340769,-1.06495,-1.0002,-1.25634,0.790077,0.43457,-0.393233,0.0773138,0.195903,1.65963,-1.45922,0.829239,-0.639187,0.657876,0.866579,1.80329,0.848959,-0.838018,0.936129,-0.571303,0.78169,0.142551,0.999668,1.11785,-0.431744,-0.735558,1.23506,-1.15247,-1.21116,-2.67173,0.0226546,-0.415474,1.22436,0.251152,-1.38597,0.496421,-0.0777112,0.455527,0.474514,-0.472483,1.94184,-1.37291,1.00248,-0.914985,-0.303448,1.12075,-0.677977,0.845836,-0.717619,-0.643567,-0.269118,-547.184,-508.299,2761.5,815.011,520.894,-1882.04,-2005.36,-819.359,713.376,4167.89,684.524,-60.5022,-3825.74,-379.508,89.5438,-786.665,-2764.26,-1893.05,-1138.15,1330.48,3721.9,-4549.31,2287.66,267.703,-2638.59,-2872.07,3581.78,-691.08,1559.76,-2665.15,-3407.54,531.827,2745.55,-223.138,-3512.96,4957.76,-1430.38,-3610.6,1490.59,-2808.39,2647.86,134.514,1058.66,-2025.01,485.435,3088.29,-408.039,1755.96,-843.537,223.64,-979.537,157.066,-382.401,-1592.82,146.539,630.355,1663.4,390.568,-1767.98,-422.267,-1066.21,3073.98,426.967,1910.6,-1257.09,-400.344,-1141.72,499.265,-2604.22,-1076.11,-4120.46,-2216.12,-5824.17,-626.233,4606.2,242.817,3643.23,1542.24,2193.71,656.864,865.569,271.498,-601.193,3442.11,1343.81,-669.027,-589.169,-124.323,-568.395,1995.34,2199.27,3168.19,1360.03,-1589.59,215.181,-2315.43,-552.459,2949.46,968.289,-1405.52
-250354,0,1,0,1,1,250397,-0.384764,0.00591807,1.98251,0.65987,0.194549,-1.62464,-1.32884,-0.638008,0.776036,1.76188,-0.149657,0.116447,-1.54277,-0.0636614,0.2482,-1.00728,-1.59481,-1.01706,-0.127135,0.559175,1.40119,-1.61276,1.8305,-0.0898098,-1.26576,-1.76124,1.23195,-0.269686,1.22789,-1.59845,-1.56077,0.458786,1.996,-0.185011,-1.75004,1.38731,-0.797919,-1.56933,0.936032,-1.67351,1.35279,0.444837,1.42627,-1.3104,-0.0724454,0.89088,-0.393547,0.886616,0.0264761,-0.478673,-1.03596,0.226382,0.0675763,-1.26799,0.156639,-0.0321617,0.998724,0.212245,-0.63784,-0.775643,-0.788799,1.94885,1.21166,0.828242,-0.92643,-0.62419,-1.08532,0.0134659,-0.922084,-1.04397,-1.82062,-0.720654,-1.94471,-0.376988,1.76676,-0.594025,1.17955,0.313105,1.16384,0.0323358,0.112372,0.276904,0.173359,1.84303,0.871915,-1.30925,-0.819472,-0.271119,0.144731,1.18899,1.07535,1.68402,1.67163,-0.91779,-0.253471,-1.68299,-0.374937,1.42931,0.855572,-1.19532,1.1379,-0.403297,0.284105,1.15379,1.29532,-1.24657,-0.504183,-0.618263,-0.335672,-0.467723,-0.187902,1.45075,0.515346,0.724868,1.23903,-0.928994,-0.116188,-0.0145889,1.19707,-1.2128,-0.677169,0.485385,0.611957,-1.47717,-0.470582,0.814263,0.874393,-0.0308307,1.3295,-0.0991857,0.175662,0.0519298,-0.432745,0.596889,-0.569897,0.646799,-0.935181,-1.48241,-1.46388,0.73851,2.17839,-0.661653,-0.71552,-0.660515,-1.16951,0.206276,0.365382,0.0753747,1.38566,0.292725,1.89088,-1.40529,0.722714,-0.0894666,-0.28219,0.337466,1.32522,-0.621275,1.39166,-1.22241,0.57594,1.33068,0.301653,0.0908715,1.7859,0.4829,0.421011,-0.176359,0.579418,-0.750464,0.012106,-0.217768,0.250717,-0.655719,-0.505894,-0.254325,1.7881,-0.622953,0.829045,0.460457,-1.14298,-0.938586,-0.0366403,0.661146,-0.0596743,0.683588,-1.20996,0.145268,1.38719,0.761778,-2.19286,0.0858634,1.82379,-0.0707507,-0.703113,1.92992,-0.123787,-1.1302,0.215322,-1.81339,-547.184,-508.299,2761.5,815.011,520.894,-1882.04,-2005.36,-819.359,713.376,4167.89,684.524,-60.5022,-3825.74,-379.508,89.5438,-786.665,-2764.26,-1893.05,-1138.15,1330.48,3721.9,-4549.31,2287.66,267.703,-2638.59,-2872.07,3581.78,-691.08,1559.76,-2665.15,-3407.54,531.827,2745.55,-223.138,-3512.96,4957.76,-1430.38,-3610.6,1490.59,-2808.39,2647.86,134.514,1058.66,-2025.01,485.435,3088.29,-408.039,1755.96,-843.537,223.64,-979.537,157.066,-382.401,-1592.82,146.539,630.355,1663.4,390.568,-1767.98,-422.267,-1066.21,3073.98,426.967,1910.6,-1257.09,-400.344,-1141.72,499.265,-2604.22,-1076.11,-4120.46,-2216.12,-5824.17,-626.233,4606.2,242.817,3643.23,1542.24,2193.71,656.864,865.569,271.498,-601.193,3442.11,1343.81,-669.027,-589.169,-124.323,-568.395,1995.34,2199.27,3168.19,1360.03,-1589.59,215.181,-2315.43,-552.459,2949.46,968.289,-1405.52
-250354,0,1,0,1,1,250401,-0.384764,0.00591807,1.98251,0.65987,0.194549,-1.62464,-1.32884,-0.638008,0.776036,1.76188,-0.149657,0.116447,-1.54277,-0.0636614,0.2482,-1.00728,-1.59481,-1.01706,-0.127135,0.559175,1.40119,-1.61276,1.8305,-0.0898098,-1.26576,-1.76124,1.23195,-0.269686,1.22789,-1.59845,-1.56077,0.458786,1.996,-0.185011,-1.75004,1.38731,-0.797919,-1.56933,0.936032,-1.67351,1.35279,0.444837,1.42627,-1.3104,-0.0724454,0.89088,-0.393547,0.886616,0.0264761,-0.478673,-1.03596,0.226382,0.0675763,-1.26799,0.156639,-0.0321617,0.998724,0.212245,-0.63784,-0.775643,-0.788799,1.94885,1.21166,0.828242,-0.92643,-0.62419,-1.08532,0.0134659,-0.922084,-1.04397,-1.82062,-0.720654,-1.94471,-0.376988,1.76676,-0.594025,1.17955,0.313105,1.16384,0.0323358,0.112372,0.276904,0.173359,1.84303,0.871915,-1.30925,-0.819472,-0.271119,0.144731,1.18899,1.07535,1.68402,1.67163,-0.91779,-0.253471,-1.68299,-0.374937,1.42931,0.855572,-1.19532,-0.120996,-0.404687,2.28464,-0.945736,-2.36438,0.0324824,-1.53306,-0.738989,-0.675549,2.141,0.820371,0.460037,-0.363893,-0.135961,0.975056,0.578017,-0.310169,-1.4659,-0.12373,0.365138,0.965347,0.407926,-0.42025,-0.738528,1.23148,-0.86067,-0.563236,-0.502114,0.544311,-0.265386,0.0266115,0.428352,-0.474268,-1.4993,0.732164,-2.02902,-0.0402523,0.397279,1.13755,-0.307687,-1.57535,1.56875,1.112,-1.19975,-0.868019,-1.19792,-1.32087,1.08226,-0.230549,-1.31222,-2.09271,0.287763,-0.222387,0.841517,0.187512,0.689053,-0.668708,1.25335,-0.539559,0.254246,0.682127,-0.915254,0.503342,-0.399447,1.36955,1.31152,-0.645109,0.271348,-0.041935,-1.07629,0.693726,-0.505143,0.124314,-1.11852,-0.110922,-0.607714,-0.00752647,-0.167382,1.74326,-0.694261,-0.514185,-1.24466,0.825847,-0.321327,0.546818,-1.64484,-1.4544,-1.12676,0.535371,0.776853,-1.05914,0.0805897,1.612,0.344325,0.77222,-0.160351,-0.19019,1.03539,1.91977,-0.170721,-547.184,-508.299,2761.5,815.011,520.894,-1882.04,-2005.36,-819.359,713.376,4167.89,684.524,-60.5022,-3825.74,-379.508,89.5438,-786.665,-2764.26,-1893.05,-1138.15,1330.48,3721.9,-4549.31,2287.66,267.703,-2638.59,-2872.07,3581.78,-691.08,1559.76,-2665.15,-3407.54,531.827,2745.55,-223.138,-3512.96,4957.76,-1430.38,-3610.6,1490.59,-2808.39,2647.86,134.514,1058.66,-2025.01,485.435,3088.29,-408.039,1755.96,-843.537,223.64,-979.537,157.066,-382.401,-1592.82,146.539,630.355,1663.4,390.568,-1767.98,-422.267,-1066.21,3073.98,426.967,1910.6,-1257.09,-400.344,-1141.72,499.265,-2604.22,-1076.11,-4120.46,-2216.12,-5824.17,-626.233,4606.2,242.817,3643.23,1542.24,2193.71,656.864,865.569,271.498,-601.193,3442.11,1343.81,-669.027,-589.169,-124.323,-568.395,1995.34,2199.27,3168.19,1360.03,-1589.59,215.181,-2315.43,-552.459,2949.46,968.289,-1405.52
-250354,0,1,0,1,1,250394,-0.384764,0.00591807,1.98251,0.65987,0.194549,-1.62464,-1.32884,-0.638008,0.776036,1.76188,-0.149657,0.116447,-1.54277,-0.0636614,0.2482,-1.00728,-1.59481,-1.01706,-0.127135,0.559175,1.40119,-1.61276,1.8305,-0.0898098,-1.26576,-1.76124,1.23195,-0.269686,1.22789,-1.59845,-1.56077,0.458786,1.996,-0.185011,-1.75004,1.38731,-0.797919,-1.56933,0.936032,-1.67351,1.35279,0.444837,1.42627,-1.3104,-0.0724454,0.89088,-0.393547,0.886616,0.0264761,-0.478673,-1.03596,0.226382,0.0675763,-1.26799,0.156639,-0.0321617,0.998724,0.212245,-0.63784,-0.775643,-0.788799,1.94885,1.21166,0.828242,-0.92643,-0.62419,-1.08532,0.0134659,-0.922084,-1.04397,-1.82062,-0.720654,-1.94471,-0.376988,1.76676,-0.594025,1.17955,0.313105,1.16384,0.0323358,0.112372,0.276904,0.173359,1.84303,0.871915,-1.30925,-0.819472,-0.271119,0.144731,1.18899,1.07535,1.68402,1.67163,-0.91779,-0.253471,-1.68299,-0.374937,1.42931,0.855572,-1.19532,-1.05284,-0.0708946,-0.227151,0.508254,-0.0306441,0.901031,-1.11852,-0.608039,-0.94329,0.335147,0.242309,0.490094,-2.14977,0.436274,-1.32256,-0.537909,-1.15706,0.618028,0.266119,0.138238,0.610248,-0.478231,-0.001814,-1.25888,0.541147,0.498064,0.900168,-0.133626,1.55831,-1.07439,0.350959,1.17124,-0.331245,1.16676,-0.793913,1.53931,1.86114,0.314631,-0.148597,-0.835683,-1.86037,0.349016,-0.830615,-0.739687,-0.5293,0.476549,-1.16644,-1.50046,1.35877,0.376862,-0.343685,1.63417,1.75778,-0.627484,0.293933,0.156552,-0.937411,0.236197,0.112263,-0.0684093,-0.0540115,0.341411,-0.703788,-0.486587,-0.370614,-1.09297,0.849608,-0.257066,0.712494,-0.0193324,-1.9073,-0.78578,0.691413,1.42468,0.95793,2.10888,1.74266,-0.811834,-0.503586,-1.18371,0.0571479,0.608736,-0.261986,1.38743,-0.173525,-0.238578,-1.80914,0.550906,-0.501093,-0.231144,-0.533566,-0.659341,0.191781,-0.703038,0.491099,0.105987,-0.604153,0.278306,1.16202,-0.685642,-547.184,-508.299,2761.5,815.011,520.894,-1882.04,-2005.36,-819.359,713.376,4167.89,684.524,-60.5022,-3825.74,-379.508,89.5438,-786.665,-2764.26,-1893.05,-1138.15,1330.48,3721.9,-4549.31,2287.66,267.703,-2638.59,-2872.07,3581.78,-691.08,1559.76,-2665.15,-3407.54,531.827,2745.55,-223.138,-3512.96,4957.76,-1430.38,-3610.6,1490.59,-2808.39,2647.86,134.514,1058.66,-2025.01,485.435,3088.29,-408.039,1755.96,-843.537,223.64,-979.537,157.066,-382.401,-1592.82,146.539,630.355,1663.4,390.568,-1767.98,-422.267,-1066.21,3073.98,426.967,1910.6,-1257.09,-400.344,-1141.72,499.265,-2604.22,-1076.11,-4120.46,-2216.12,-5824.17,-626.233,4606.2,242.817,3643.23,1542.24,2193.71,656.864,865.569,271.498,-601.193,3442.11,1343.81,-669.027,-589.169,-124.323,-568.395,1995.34,2199.27,3168.19,1360.03,-1589.59,215.181,-2315.43,-552.459,2949.46,968.289,-1405.52
-250354,0,1,0,1,1,250399,-0.384764,0.00591807,1.98251,0.65987,0.194549,-1.62464,-1.32884,-0.638008,0.776036,1.76188,-0.149657,0.116447,-1.54277,-0.0636614,0.2482,-1.00728,-1.59481,-1.01706,-0.127135,0.559175,1.40119,-1.61276,1.8305,-0.0898098,-1.26576,-1.76124,1.23195,-0.269686,1.22789,-1.59845,-1.56077,0.458786,1.996,-0.185011,-1.75004,1.38731,-0.797919,-1.56933,0.936032,-1.67351,1.35279,0.444837,1.42627,-1.3104,-0.0724454,0.89088,-0.393547,0.886616,0.0264761,-0.478673,-1.03596,0.226382,0.0675763,-1.26799,0.156639,-0.0321617,0.998724,0.212245,-0.63784,-0.775643,-0.788799,1.94885,1.21166,0.828242,-0.92643,-0.62419,-1.08532,0.0134659,-0.922084,-1.04397,-1.82062,-0.720654,-1.94471,-0.376988,1.76676,-0.594025,1.17955,0.313105,1.16384,0.0323358,0.112372,0.276904,0.173359,1.84303,0.871915,-1.30925,-0.819472,-0.271119,0.144731,1.18899,1.07535,1.68402,1.67163,-0.91779,-0.253471,-1.68299,-0.374937,1.42931,0.855572,-1.19532,0.382164,-0.387945,0.455269,0.315016,-2.23861,-0.286777,0.367169,0.799891,-1.38865,-0.884109,0.259968,0.827182,0.556069,-1.37462,-0.413821,-2.20893,-0.887255,0.372943,0.576336,-1.90966,1.41622,-0.78596,0.00669675,0.572341,-0.513923,0.376188,1.39787,0.50516,-0.0899007,-1.44822,1.04657,-0.641731,0.122187,-1.16696,2.19398,0.644129,1.54151,0.231827,-0.12418,-0.474767,-1.21636,0.0935548,-0.765402,-0.442753,0.634628,-0.802892,1.09828,-0.165836,0.746467,0.810643,0.281004,-0.367432,-0.477458,0.624853,0.269966,-0.803927,0.359913,-1.26725,1.91277,0.73627,0.80655,0.820682,1.24396,0.926584,-2.49606,-0.578625,0.356112,-0.428195,-0.733531,-0.185341,0.2841,-1.46242,-2.1223,0.413521,0.158607,1.20743,-0.309804,1.08892,0.58606,-0.424773,1.12257,-0.428898,-0.207269,1.2587,-0.238688,-1.03413,-1.21033,-0.125142,1.05642,0.0814181,-0.96817,0.708099,0.375737,1.46579,1.29317,0.667664,0.129385,-0.684723,-1.13967,1.09996,-547.184,-508.299,2761.5,815.011,520.894,-1882.04,-2005.36,-819.359,713.376,4167.89,684.524,-60.5022,-3825.74,-379.508,89.5438,-786.665,-2764.26,-1893.05,-1138.15,1330.48,3721.9,-4549.31,2287.66,267.703,-2638.59,-2872.07,3581.78,-691.08,1559.76,-2665.15,-3407.54,531.827,2745.55,-223.138,-3512.96,4957.76,-1430.38,-3610.6,1490.59,-2808.39,2647.86,134.514,1058.66,-2025.01,485.435,3088.29,-408.039,1755.96,-843.537,223.64,-979.537,157.066,-382.401,-1592.82,146.539,630.355,1663.4,390.568,-1767.98,-422.267,-1066.21,3073.98,426.967,1910.6,-1257.09,-400.344,-1141.72,499.265,-2604.22,-1076.11,-4120.46,-2216.12,-5824.17,-626.233,4606.2,242.817,3643.23,1542.24,2193.71,656.864,865.569,271.498,-601.193,3442.11,1343.81,-669.027,-589.169,-124.323,-568.395,1995.34,2199.27,3168.19,1360.03,-1589.59,215.181,-2315.43,-552.459,2949.46,968.289,-1405.52
-250354,0,1,0,1,1,250391,-0.384764,0.00591807,1.98251,0.65987,0.194549,-1.62464,-1.32884,-0.638008,0.776036,1.76188,-0.149657,0.116447,-1.54277,-0.0636614,0.2482,-1.00728,-1.59481,-1.01706,-0.127135,0.559175,1.40119,-1.61276,1.8305,-0.0898098,-1.26576,-1.76124,1.23195,-0.269686,1.22789,-1.59845,-1.56077,0.458786,1.996,-0.185011,-1.75004,1.38731,-0.797919,-1.56933,0.936032,-1.67351,1.35279,0.444837,1.42627,-1.3104,-0.0724454,0.89088,-0.393547,0.886616,0.0264761,-0.478673,-1.03596,0.226382,0.0675763,-1.26799,0.156639,-0.0321617,0.998724,0.212245,-0.63784,-0.775643,-0.788799,1.94885,1.21166,0.828242,-0.92643,-0.62419,-1.08532,0.0134659,-0.922084,-1.04397,-1.82062,-0.720654,-1.94471,-0.376988,1.76676,-0.594025,1.17955,0.313105,1.16384,0.0323358,0.112372,0.276904,0.173359,1.84303,0.871915,-1.30925,-0.819472,-0.271119,0.144731,1.18899,1.07535,1.68402,1.67163,-0.91779,-0.253471,-1.68299,-0.374937,1.42931,0.855572,-1.19532,-1.75132,1.01676,1.1537,-0.363616,-0.0969802,-0.695238,-0.367524,0.753295,1.07177,1.37394,1.2891,0.0517636,1.04086,1.59182,-0.155286,-0.703313,0.301402,-1.31806,-1.36646,-0.627123,-0.434897,0.174525,-0.621309,-0.77917,-1.35183,-2.62968,-0.486696,0.150859,0.210289,0.0910703,0.192832,0.741193,-0.165495,-0.551439,-0.535963,-0.470639,0.233296,0.373699,-2.00958,0.892538,1.20434,0.417994,0.123094,-0.900716,-1.40451,0.914742,-0.42069,-0.0283047,-0.559008,0.00993672,1.13429,0.317656,0.326883,-0.162741,2.52157,-0.557899,-0.0370978,0.0154597,-0.00968751,0.228054,-0.0454829,-0.117551,0.448585,-0.800805,-0.581565,0.772796,-0.2453,0.0890823,-0.535111,-0.508398,0.591395,0.186327,0.88752,0.212044,-0.0222581,-1.12633,0.908582,1.00119,-0.658515,-1.39314,-0.218688,-0.616644,-0.628052,-0.237066,-1.40579,0.472464,-1.11809,-0.266028,0.942629,-0.763807,-0.940695,1.23828,0.543851,1.21478,-0.536483,-1.10722,-0.979144,-0.945027,0.177985,0.0636436,-547.184,-508.299,2761.5,815.011,520.894,-1882.04,-2005.36,-819.359,713.376,4167.89,684.524,-60.5022,-3825.74,-379.508,89.5438,-786.665,-2764.26,-1893.05,-1138.15,1330.48,3721.9,-4549.31,2287.66,267.703,-2638.59,-2872.07,3581.78,-691.08,1559.76,-2665.15,-3407.54,531.827,2745.55,-223.138,-3512.96,4957.76,-1430.38,-3610.6,1490.59,-2808.39,2647.86,134.514,1058.66,-2025.01,485.435,3088.29,-408.039,1755.96,-843.537,223.64,-979.537,157.066,-382.401,-1592.82,146.539,630.355,1663.4,390.568,-1767.98,-422.267,-1066.21,3073.98,426.967,1910.6,-1257.09,-400.344,-1141.72,499.265,-2604.22,-1076.11,-4120.46,-2216.12,-5824.17,-626.233,4606.2,242.817,3643.23,1542.24,2193.71,656.864,865.569,271.498,-601.193,3442.11,1343.81,-669.027,-589.169,-124.323,-568.395,1995.34,2199.27,3168.19,1360.03,-1589.59,215.181,-2315.43,-552.459,2949.46,968.289,-1405.52
-250354,0,1,0,1,1,250410,-0.384764,0.00591807,1.98251,0.65987,0.194549,-1.62464,-1.32884,-0.638008,0.776036,1.76188,-0.149657,0.116447,-1.54277,-0.0636614,0.2482,-1.00728,-1.59481,-1.01706,-0.127135,0.559175,1.40119,-1.61276,1.8305,-0.0898098,-1.26576,-1.76124,1.23195,-0.269686,1.22789,-1.59845,-1.56077,0.458786,1.996,-0.185011,-1.75004,1.38731,-0.797919,-1.56933,0.936032,-1.67351,1.35279,0.444837,1.42627,-1.3104,-0.0724454,0.89088,-0.393547,0.886616,0.0264761,-0.478673,-1.03596,0.226382,0.0675763,-1.26799,0.156639,-0.0321617,0.998724,0.212245,-0.63784,-0.775643,-0.788799,1.94885,1.21166,0.828242,-0.92643,-0.62419,-1.08532,0.0134659,-0.922084,-1.04397,-1.82062,-0.720654,-1.94471,-0.376988,1.76676,-0.594025,1.17955,0.313105,1.16384,0.0323358,0.112372,0.276904,0.173359,1.84303,0.871915,-1.30925,-0.819472,-0.271119,0.144731,1.18899,1.07535,1.68402,1.67163,-0.91779,-0.253471,-1.68299,-0.374937,1.42931,0.855572,-1.19532,-3.20392,-0.46847,1.85307,0.0381505,-0.450828,0.287094,-0.39599,0.757679,-1.02826,1.4585,-0.401077,-1.16572,0.442033,0.251046,0.264113,-0.120557,2.11908,-0.66677,-1.62364,0.986823,-0.826222,0.458671,1.05267,0.224379,-0.586511,0.0550075,0.989151,0.670431,-0.927304,-0.912009,-0.357742,-1.10939,1.16901,-2.45091,-0.168212,1.70717,-0.532305,-3.2065,0.52727,-2.46717,1.38918,1.77491,-1.39166,0.561875,-0.671529,-0.126404,1.17737,0.655566,0.320249,0.376691,-0.541658,-0.228026,0.873305,-0.512211,0.531439,1.85981,1.02124,0.556866,-0.473356,0.512496,-1.05499,-1.15639,-0.930295,0.220208,-1.153,-0.0759395,-0.480245,-0.952063,0.422031,-0.461913,0.599295,0.683168,1.54562,-0.81747,0.888127,0.102516,-1.04675,1.79006,-1.22739,0.0401757,2.22904,0.661873,0.00481071,-1.64653,-0.0894428,0.138901,0.414189,1.0437,-0.838685,0.206147,-0.246586,0.53569,0.253794,0.476596,-0.144547,0.885106,-0.000338746,-1.10426,-1.47783,0.698877,-547.184,-508.299,2761.5,815.011,520.894,-1882.04,-2005.36,-819.359,713.376,4167.89,684.524,-60.5022,-3825.74,-379.508,89.5438,-786.665,-2764.26,-1893.05,-1138.15,1330.48,3721.9,-4549.31,2287.66,267.703,-2638.59,-2872.07,3581.78,-691.08,1559.76,-2665.15,-3407.54,531.827,2745.55,-223.138,-3512.96,4957.76,-1430.38,-3610.6,1490.59,-2808.39,2647.86,134.514,1058.66,-2025.01,485.435,3088.29,-408.039,1755.96,-843.537,223.64,-979.537,157.066,-382.401,-1592.82,146.539,630.355,1663.4,390.568,-1767.98,-422.267,-1066.21,3073.98,426.967,1910.6,-1257.09,-400.344,-1141.72,499.265,-2604.22,-1076.11,-4120.46,-2216.12,-5824.17,-626.233,4606.2,242.817,3643.23,1542.24,2193.71,656.864,865.569,271.498,-601.193,3442.11,1343.81,-669.027,-589.169,-124.323,-568.395,1995.34,2199.27,3168.19,1360.03,-1589.59,215.181,-2315.43,-552.459,2949.46,968.289,-1405.52
-250354,0,1,0,1,1,250404,-0.384764,0.00591807,1.98251,0.65987,0.194549,-1.62464,-1.32884,-0.638008,0.776036,1.76188,-0.149657,0.116447,-1.54277,-0.0636614,0.2482,-1.00728,-1.59481,-1.01706,-0.127135,0.559175,1.40119,-1.61276,1.8305,-0.0898098,-1.26576,-1.76124,1.23195,-0.269686,1.22789,-1.59845,-1.56077,0.458786,1.996,-0.185011,-1.75004,1.38731,-0.797919,-1.56933,0.936032,-1.67351,1.35279,0.444837,1.42627,-1.3104,-0.0724454,0.89088,-0.393547,0.886616,0.0264761,-0.478673,-1.03596,0.226382,0.0675763,-1.26799,0.156639,-0.0321617,0.998724,0.212245,-0.63784,-0.775643,-0.788799,1.94885,1.21166,0.828242,-0.92643,-0.62419,-1.08532,0.0134659,-0.922084,-1.04397,-1.82062,-0.720654,-1.94471,-0.376988,1.76676,-0.594025,1.17955,0.313105,1.16384,0.0323358,0.112372,0.276904,0.173359,1.84303,0.871915,-1.30925,-0.819472,-0.271119,0.144731,1.18899,1.07535,1.68402,1.67163,-0.91779,-0.253471,-1.68299,-0.374937,1.42931,0.855572,-1.19532,0.0820733,0.997331,-0.919958,0.102337,-0.861758,1.58152,-0.409706,-1.04246,1.99423,0.00079824,-1.18276,0.362311,0.598864,-0.671243,0.727171,-0.848984,0.776876,-0.0150365,0.280336,0.336855,-1.65137,-1.23678,-1.33044,0.352571,0.0073211,-0.57401,-1.8371,-0.00313265,-2.01038,-1.0548,-0.88195,0.240748,-1.93156,-0.680553,0.540607,0.791563,0.614121,-1.14066,1.49477,0.246796,-1.85673,0.614126,-1.40243,1.09346,-0.0565913,-0.419635,-1.44168,-1.58924,-0.100924,-1.23891,1.38327,0.155937,-0.718481,0.321614,0.533163,0.209091,-2.18627,1.61865,0.319556,-1.13082,0.0927575,0.165796,0.592119,-1.08566,0.931755,0.856196,0.852916,-0.567916,-0.812894,1.54741,-0.934648,-0.0605649,-0.351506,-1.3677,-1.47042,-0.0552471,0.41008,-2.03219,0.899058,-0.970581,0.524587,-0.759537,0.38129,-0.556722,0.50865,1.86397,-0.760318,1.14094,-1.38587,0.121908,0.387961,0.514036,-0.252879,1.04655,1.54733,-1.12325,1.45518,-0.665553,0.542625,0.31716,-547.184,-508.299,2761.5,815.011,520.894,-1882.04,-2005.36,-819.359,713.376,4167.89,684.524,-60.5022,-3825.74,-379.508,89.5438,-786.665,-2764.26,-1893.05,-1138.15,1330.48,3721.9,-4549.31,2287.66,267.703,-2638.59,-2872.07,3581.78,-691.08,1559.76,-2665.15,-3407.54,531.827,2745.55,-223.138,-3512.96,4957.76,-1430.38,-3610.6,1490.59,-2808.39,2647.86,134.514,1058.66,-2025.01,485.435,3088.29,-408.039,1755.96,-843.537,223.64,-979.537,157.066,-382.401,-1592.82,146.539,630.355,1663.4,390.568,-1767.98,-422.267,-1066.21,3073.98,426.967,1910.6,-1257.09,-400.344,-1141.72,499.265,-2604.22,-1076.11,-4120.46,-2216.12,-5824.17,-626.233,4606.2,242.817,3643.23,1542.24,2193.71,656.864,865.569,271.498,-601.193,3442.11,1343.81,-669.027,-589.169,-124.323,-568.395,1995.34,2199.27,3168.19,1360.03,-1589.59,215.181,-2315.43,-552.459,2949.46,968.289,-1405.52
-250354,0,1,0,1,1,250424,-0.384764,0.00591807,1.98251,0.65987,0.194549,-1.62464,-1.32884,-0.638008,0.776036,1.76188,-0.149657,0.116447,-1.54277,-0.0636614,0.2482,-1.00728,-1.59481,-1.01706,-0.127135,0.559175,1.40119,-1.61276,1.8305,-0.0898098,-1.26576,-1.76124,1.23195,-0.269686,1.22789,-1.59845,-1.56077,0.458786,1.996,-0.185011,-1.75004,1.38731,-0.797919,-1.56933,0.936032,-1.67351,1.35279,0.444837,1.42627,-1.3104,-0.0724454,0.89088,-0.393547,0.886616,0.0264761,-0.478673,-1.03596,0.226382,0.0675763,-1.26799,0.156639,-0.0321617,0.998724,0.212245,-0.63784,-0.775643,-0.788799,1.94885,1.21166,0.828242,-0.92643,-0.62419,-1.08532,0.0134659,-0.922084,-1.04397,-1.82062,-0.720654,-1.94471,-0.376988,1.76676,-0.594025,1.17955,0.313105,1.16384,0.0323358,0.112372,0.276904,0.173359,1.84303,0.871915,-1.30925,-0.819472,-0.271119,0.144731,1.18899,1.07535,1.68402,1.67163,-0.91779,-0.253471,-1.68299,-0.374937,1.42931,0.855572,-1.19532,-2.80474,0.376834,1.41002,0.726199,1.46666,-1.49444,-0.536816,-0.796281,-0.0940995,0.597354,1.66779,-0.81073,1.69704,-0.81525,0.732349,-1.67595,0.0826697,0.919325,0.926668,0.45832,-0.088776,1.87349,-0.243558,-0.381002,1.94048,-1.09049,0.286115,1.29747,-1.3864,0.0229249,-0.25597,-1.70052,0.865861,-0.000993395,-0.063207,-0.58597,-0.364663,-0.445311,1.49433,0.722423,1.47226,0.782523,-0.0895776,-0.278911,0.152756,0.59343,0.0178265,-0.643827,1.17241,0.209741,-3.86499,-0.647918,1.32986,0.0892309,1.29902,0.2175,-0.0713974,-0.317985,-0.980389,1.05428,2.37643,-1.34968,2.13759,0.0225459,-1.02205,0.604215,-0.0861806,1.41544,1.29599,0.0523863,1.27093,0.446602,-0.426004,2.23271,-0.898804,0.961051,2.38641,-2.28184,1.26712,1.15059,0.530066,2.24133,-0.99472,1.06326,-0.243633,-1.19914,1.58247,2.0068,0.287521,0.875781,-0.786745,1.22196,0.185227,-1.64386,1.11154,0.119522,-0.590426,0.861663,-0.552678,-1.62726,-547.184,-508.299,2761.5,815.011,520.894,-1882.04,-2005.36,-819.359,713.376,4167.89,684.524,-60.5022,-3825.74,-379.508,89.5438,-786.665,-2764.26,-1893.05,-1138.15,1330.48,3721.9,-4549.31,2287.66,267.703,-2638.59,-2872.07,3581.78,-691.08,1559.76,-2665.15,-3407.54,531.827,2745.55,-223.138,-3512.96,4957.76,-1430.38,-3610.6,1490.59,-2808.39,2647.86,134.514,1058.66,-2025.01,485.435,3088.29,-408.039,1755.96,-843.537,223.64,-979.537,157.066,-382.401,-1592.82,146.539,630.355,1663.4,390.568,-1767.98,-422.267,-1066.21,3073.98,426.967,1910.6,-1257.09,-400.344,-1141.72,499.265,-2604.22,-1076.11,-4120.46,-2216.12,-5824.17,-626.233,4606.2,242.817,3643.23,1542.24,2193.71,656.864,865.569,271.498,-601.193,3442.11,1343.81,-669.027,-589.169,-124.323,-568.395,1995.34,2199.27,3168.19,1360.03,-1589.59,215.181,-2315.43,-552.459,2949.46,968.289,-1405.52
-250354,0,1,0,1,1,250423,-0.384764,0.00591807,1.98251,0.65987,0.194549,-1.62464,-1.32884,-0.638008,0.776036,1.76188,-0.149657,0.116447,-1.54277,-0.0636614,0.2482,-1.00728,-1.59481,-1.01706,-0.127135,0.559175,1.40119,-1.61276,1.8305,-0.0898098,-1.26576,-1.76124,1.23195,-0.269686,1.22789,-1.59845,-1.56077,0.458786,1.996,-0.185011,-1.75004,1.38731,-0.797919,-1.56933,0.936032,-1.67351,1.35279,0.444837,1.42627,-1.3104,-0.0724454,0.89088,-0.393547,0.886616,0.0264761,-0.478673,-1.03596,0.226382,0.0675763,-1.26799,0.156639,-0.0321617,0.998724,0.212245,-0.63784,-0.775643,-0.788799,1.94885,1.21166,0.828242,-0.92643,-0.62419,-1.08532,0.0134659,-0.922084,-1.04397,-1.82062,-0.720654,-1.94471,-0.376988,1.76676,-0.594025,1.17955,0.313105,1.16384,0.0323358,0.112372,0.276904,0.173359,1.84303,0.871915,-1.30925,-0.819472,-0.271119,0.144731,1.18899,1.07535,1.68402,1.67163,-0.91779,-0.253471,-1.68299,-0.374937,1.42931,0.855572,-1.19532,-0.472302,-0.127969,0.769952,-1.48181,1.61484,1.15865,-1.83331,1.43566,-0.849617,-1.18149,-0.812076,1.28617,-0.879661,-0.616387,1.55758,2.79951,0.91302,0.640141,-0.115725,-0.619444,-1.37925,-0.1881,-1.01757,-2.00623,0.18134,-2.29486,-0.534873,-0.244859,-0.354442,-0.96458,1.04765,1.27841,1.07549,1.18932,-0.143695,1.24324,-0.694326,-1.46713,-1.25476,-1.36565,-1.59017,-0.374361,-0.91143,-0.686617,-1.23335,-0.229836,0.0335284,1.5516,0.613548,0.925169,-0.251297,-0.632055,0.870077,0.449304,-0.104691,-2.36528,1.26926,0.0910596,0.154389,-0.0888363,-0.020344,0.836744,0.303538,-3.6242,-0.4888,-1.55767,1.90268,-0.438447,-0.805184,-0.594602,-1.65357,0.67959,2.1079,-1.08271,0.500098,1.69092,1.87766,-0.524417,-0.824882,-0.684035,0.690761,1.53524,1.53408,0.282726,0.845867,-0.898998,-0.909032,0.938036,-0.0949311,0.898977,-1.17893,-1.35818,0.481185,-0.341206,1.06591,0.965722,-0.739115,-2.88842,-0.680743,1.09941,-547.184,-508.299,2761.5,815.011,520.894,-1882.04,-2005.36,-819.359,713.376,4167.89,684.524,-60.5022,-3825.74,-379.508,89.5438,-786.665,-2764.26,-1893.05,-1138.15,1330.48,3721.9,-4549.31,2287.66,267.703,-2638.59,-2872.07,3581.78,-691.08,1559.76,-2665.15,-3407.54,531.827,2745.55,-223.138,-3512.96,4957.76,-1430.38,-3610.6,1490.59,-2808.39,2647.86,134.514,1058.66,-2025.01,485.435,3088.29,-408.039,1755.96,-843.537,223.64,-979.537,157.066,-382.401,-1592.82,146.539,630.355,1663.4,390.568,-1767.98,-422.267,-1066.21,3073.98,426.967,1910.6,-1257.09,-400.344,-1141.72,499.265,-2604.22,-1076.11,-4120.46,-2216.12,-5824.17,-626.233,4606.2,242.817,3643.23,1542.24,2193.71,656.864,865.569,271.498,-601.193,3442.11,1343.81,-669.027,-589.169,-124.323,-568.395,1995.34,2199.27,3168.19,1360.03,-1589.59,215.181,-2315.43,-552.459,2949.46,968.289,-1405.52
-250354,0,1,0,1,1,250402,-0.384764,0.00591807,1.98251,0.65987,0.194549,-1.62464,-1.32884,-0.638008,0.776036,1.76188,-0.149657,0.116447,-1.54277,-0.0636614,0.2482,-1.00728,-1.59481,-1.01706,-0.127135,0.559175,1.40119,-1.61276,1.8305,-0.0898098,-1.26576,-1.76124,1.23195,-0.269686,1.22789,-1.59845,-1.56077,0.458786,1.996,-0.185011,-1.75004,1.38731,-0.797919,-1.56933,0.936032,-1.67351,1.35279,0.444837,1.42627,-1.3104,-0.0724454,0.89088,-0.393547,0.886616,0.0264761,-0.478673,-1.03596,0.226382,0.0675763,-1.26799,0.156639,-0.0321617,0.998724,0.212245,-0.63784,-0.775643,-0.788799,1.94885,1.21166,0.828242,-0.92643,-0.62419,-1.08532,0.0134659,-0.922084,-1.04397,-1.82062,-0.720654,-1.94471,-0.376988,1.76676,-0.594025,1.17955,0.313105,1.16384,0.0323358,0.112372,0.276904,0.173359,1.84303,0.871915,-1.30925,-0.819472,-0.271119,0.144731,1.18899,1.07535,1.68402,1.67163,-0.91779,-0.253471,-1.68299,-0.374937,1.42931,0.855572,-1.19532,-0.895,0.385923,-0.868259,0.643968,0.457613,-0.491277,-0.173716,-0.5606,0.19292,-0.565299,0.871579,-0.759226,1.66939,-0.488221,-0.0560443,-1.60937,-0.660838,-1.71458,0.721758,1.37653,-0.324031,-1.21526,0.193177,1.33781,-0.206742,-0.190909,-0.426246,-2.93632,-0.259166,0.617531,0.713297,2.0052,1.6467,-1.1982,-1.66703,1.45753,0.111375,-0.820026,-1.05693,0.313712,-0.469247,-1.09852,-1.09226,-0.444853,1.45134,-0.159982,-1.41014,-0.00738155,0.19663,0.289937,0.750131,-0.915681,-0.972775,-2.3884,0.771978,1.16505,0.641082,0.0809547,1.5538,-0.739593,0.60814,1.50593,0.318164,-0.926473,-0.484892,-0.396575,1.07019,0.33367,1.67709,-0.376977,0.394724,1.11867,0.559202,-0.0888816,-0.943285,-0.737673,-0.173943,-0.0281076,-0.145539,1.39264,0.486808,0.355743,0.155481,0.603786,-0.376543,1.15897,-0.0937439,-0.740085,-0.339035,-0.954655,-0.176441,1.02631,-0.703933,0.629939,-1.06282,-0.260276,-1.36758,1.94626,-2.06912,-0.131442,-547.184,-508.299,2761.5,815.011,520.894,-1882.04,-2005.36,-819.359,713.376,4167.89,684.524,-60.5022,-3825.74,-379.508,89.5438,-786.665,-2764.26,-1893.05,-1138.15,1330.48,3721.9,-4549.31,2287.66,267.703,-2638.59,-2872.07,3581.78,-691.08,1559.76,-2665.15,-3407.54,531.827,2745.55,-223.138,-3512.96,4957.76,-1430.38,-3610.6,1490.59,-2808.39,2647.86,134.514,1058.66,-2025.01,485.435,3088.29,-408.039,1755.96,-843.537,223.64,-979.537,157.066,-382.401,-1592.82,146.539,630.355,1663.4,390.568,-1767.98,-422.267,-1066.21,3073.98,426.967,1910.6,-1257.09,-400.344,-1141.72,499.265,-2604.22,-1076.11,-4120.46,-2216.12,-5824.17,-626.233,4606.2,242.817,3643.23,1542.24,2193.71,656.864,865.569,271.498,-601.193,3442.11,1343.81,-669.027,-589.169,-124.323,-568.395,1995.34,2199.27,3168.19,1360.03,-1589.59,215.181,-2315.43,-552.459,2949.46,968.289,-1405.52
-250354,0,1,0,1,1,250408,-0.384764,0.00591807,1.98251,0.65987,0.194549,-1.62464,-1.32884,-0.638008,0.776036,1.76188,-0.149657,0.116447,-1.54277,-0.0636614,0.2482,-1.00728,-1.59481,-1.01706,-0.127135,0.559175,1.40119,-1.61276,1.8305,-0.0898098,-1.26576,-1.76124,1.23195,-0.269686,1.22789,-1.59845,-1.56077,0.458786,1.996,-0.185011,-1.75004,1.38731,-0.797919,-1.56933,0.936032,-1.67351,1.35279,0.444837,1.42627,-1.3104,-0.0724454,0.89088,-0.393547,0.886616,0.0264761,-0.478673,-1.03596,0.226382,0.0675763,-1.26799,0.156639,-0.0321617,0.998724,0.212245,-0.63784,-0.775643,-0.788799,1.94885,1.21166,0.828242,-0.92643,-0.62419,-1.08532,0.0134659,-0.922084,-1.04397,-1.82062,-0.720654,-1.94471,-0.376988,1.76676,-0.594025,1.17955,0.313105,1.16384,0.0323358,0.112372,0.276904,0.173359,1.84303,0.871915,-1.30925,-0.819472,-0.271119,0.144731,1.18899,1.07535,1.68402,1.67163,-0.91779,-0.253471,-1.68299,-0.374937,1.42931,0.855572,-1.19532,1.36024,-0.634257,-0.798224,0.781914,0.1788,0.727591,-0.715617,0.936803,0.774034,-0.108133,-1.97654,1.1741,1.31521,-0.766181,0.392521,1.74285,-0.909578,1.19722,-0.57499,0.262661,-0.190955,0.790014,-0.837332,0.449254,-1.18855,-0.723677,-1.27847,-1.87601,0.475928,-0.343553,0.631826,0.661581,2.15598,1.74963,-0.95024,0.59151,1.55565,-0.128777,-0.0671472,-1.09382,-0.374933,0.441574,-0.302274,0.902898,-1.21374,1.28149,-0.191162,0.751255,1.33942,-0.447812,0.141516,-0.288488,2.10651,-0.11278,-0.304037,1.47398,1.23716,-0.318385,-0.790499,1.09249,1.75705,0.459585,-0.780297,0.7864,-0.000380482,0.685421,0.329972,1.8332,-2.50818,1.75386,-1.62568,-2.14113,0.021231,-0.438329,-0.971776,-0.807711,-1.18694,-0.591508,-0.651072,0.8128,1.29813,1.1138,1.3247,-0.476621,-0.364345,0.0715519,0.620493,-1.09017,-1.69035,0.516998,-0.648647,0.385771,0.025987,-0.546222,-1.25498,-0.407509,-0.612891,-1.24733,-1.0676,2.12512,-547.184,-508.299,2761.5,815.011,520.894,-1882.04,-2005.36,-819.359,713.376,4167.89,684.524,-60.5022,-3825.74,-379.508,89.5438,-786.665,-2764.26,-1893.05,-1138.15,1330.48,3721.9,-4549.31,2287.66,267.703,-2638.59,-2872.07,3581.78,-691.08,1559.76,-2665.15,-3407.54,531.827,2745.55,-223.138,-3512.96,4957.76,-1430.38,-3610.6,1490.59,-2808.39,2647.86,134.514,1058.66,-2025.01,485.435,3088.29,-408.039,1755.96,-843.537,223.64,-979.537,157.066,-382.401,-1592.82,146.539,630.355,1663.4,390.568,-1767.98,-422.267,-1066.21,3073.98,426.967,1910.6,-1257.09,-400.344,-1141.72,499.265,-2604.22,-1076.11,-4120.46,-2216.12,-5824.17,-626.233,4606.2,242.817,3643.23,1542.24,2193.71,656.864,865.569,271.498,-601.193,3442.11,1343.81,-669.027,-589.169,-124.323,-568.395,1995.34,2199.27,3168.19,1360.03,-1589.59,215.181,-2315.43,-552.459,2949.46,968.289,-1405.52
-250354,0,1,0,1,1,250401,-0.384764,0.00591807,1.98251,0.65987,0.194549,-1.62464,-1.32884,-0.638008,0.776036,1.76188,-0.149657,0.116447,-1.54277,-0.0636614,0.2482,-1.00728,-1.59481,-1.01706,-0.127135,0.559175,1.40119,-1.61276,1.8305,-0.0898098,-1.26576,-1.76124,1.23195,-0.269686,1.22789,-1.59845,-1.56077,0.458786,1.996,-0.185011,-1.75004,1.38731,-0.797919,-1.56933,0.936032,-1.67351,1.35279,0.444837,1.42627,-1.3104,-0.0724454,0.89088,-0.393547,0.886616,0.0264761,-0.478673,-1.03596,0.226382,0.0675763,-1.26799,0.156639,-0.0321617,0.998724,0.212245,-0.63784,-0.775643,-0.788799,1.94885,1.21166,0.828242,-0.92643,-0.62419,-1.08532,0.0134659,-0.922084,-1.04397,-1.82062,-0.720654,-1.94471,-0.376988,1.76676,-0.594025,1.17955,0.313105,1.16384,0.0323358,0.112372,0.276904,0.173359,1.84303,0.871915,-1.30925,-0.819472,-0.271119,0.144731,1.18899,1.07535,1.68402,1.67163,-0.91779,-0.253471,-1.68299,-0.374937,1.42931,0.855572,-1.19532,-0.328618,0.17372,-0.620388,-0.864405,-0.716593,1.03825,0.142821,1.29668,0.225429,0.953571,-0.984944,0.0167597,2.06432,1.45985,-0.494741,0.245805,-0.0764051,-0.774086,-0.317159,0.930471,1.3438,-0.681653,0.557912,-0.158079,-0.643903,0.966294,-0.610519,0.839612,-1.11884,0.66356,0.987691,-0.3238,-0.64902,-0.129423,0.227345,1.2922,0.985367,-2.56985,0.637706,0.73813,0.621056,0.677509,-1.0356,1.88207,1.21721,0.369011,-0.05836,0.17008,-0.052399,0.490927,-0.0845265,1.08054,-0.640087,-0.854916,-0.755271,-1.62555,-0.544873,-0.692835,0.258927,0.17505,0.847897,-0.0440067,1.43219,0.991664,0.557267,-0.1076,-0.562374,-0.40471,-1.00562,-0.651591,0.306282,-0.597702,0.0764062,1.14722,0.60649,0.616407,1.22313,0.207292,-1.12543,1.39948,-1.39648,-1.17111,-2.785,-0.307763,-0.761214,-1.42878,0.125421,0.940448,-0.605888,-0.368876,0.795779,0.186737,2.71595,1.06694,-1.65468,-1.38913,-0.0783982,-1.01618,1.46395,-0.792648,-547.184,-508.299,2761.5,815.011,520.894,-1882.04,-2005.36,-819.359,713.376,4167.89,684.524,-60.5022,-3825.74,-379.508,89.5438,-786.665,-2764.26,-1893.05,-1138.15,1330.48,3721.9,-4549.31,2287.66,267.703,-2638.59,-2872.07,3581.78,-691.08,1559.76,-2665.15,-3407.54,531.827,2745.55,-223.138,-3512.96,4957.76,-1430.38,-3610.6,1490.59,-2808.39,2647.86,134.514,1058.66,-2025.01,485.435,3088.29,-408.039,1755.96,-843.537,223.64,-979.537,157.066,-382.401,-1592.82,146.539,630.355,1663.4,390.568,-1767.98,-422.267,-1066.21,3073.98,426.967,1910.6,-1257.09,-400.344,-1141.72,499.265,-2604.22,-1076.11,-4120.46,-2216.12,-5824.17,-626.233,4606.2,242.817,3643.23,1542.24,2193.71,656.864,865.569,271.498,-601.193,3442.11,1343.81,-669.027,-589.169,-124.323,-568.395,1995.34,2199.27,3168.19,1360.03,-1589.59,215.181,-2315.43,-552.459,2949.46,968.289,-1405.52
-250354,0,1,0,1,1,250401,-0.384764,0.00591807,1.98251,0.65987,0.194549,-1.62464,-1.32884,-0.638008,0.776036,1.76188,-0.149657,0.116447,-1.54277,-0.0636614,0.2482,-1.00728,-1.59481,-1.01706,-0.127135,0.559175,1.40119,-1.61276,1.8305,-0.0898098,-1.26576,-1.76124,1.23195,-0.269686,1.22789,-1.59845,-1.56077,0.458786,1.996,-0.185011,-1.75004,1.38731,-0.797919,-1.56933,0.936032,-1.67351,1.35279,0.444837,1.42627,-1.3104,-0.0724454,0.89088,-0.393547,0.886616,0.0264761,-0.478673,-1.03596,0.226382,0.0675763,-1.26799,0.156639,-0.0321617,0.998724,0.212245,-0.63784,-0.775643,-0.788799,1.94885,1.21166,0.828242,-0.92643,-0.62419,-1.08532,0.0134659,-0.922084,-1.04397,-1.82062,-0.720654,-1.94471,-0.376988,1.76676,-0.594025,1.17955,0.313105,1.16384,0.0323358,0.112372,0.276904,0.173359,1.84303,0.871915,-1.30925,-0.819472,-0.271119,0.144731,1.18899,1.07535,1.68402,1.67163,-0.91779,-0.253471,-1.68299,-0.374937,1.42931,0.855572,-1.19532,-2.50832,0.468169,0.24509,1.43074,1.02956,-2.74608,-1.08143,-1.68718,1.1295,1.19216,-0.446122,0.417948,1.2178,-0.673082,-1.01145,0.336935,-0.438797,-0.830444,0.664795,-0.89302,0.380092,0.616782,0.229412,-0.492885,0.186673,-0.281911,0.0716926,-1.73501,0.440764,0.690472,0.634169,-0.281845,0.399908,-0.272259,-0.94231,0.362324,0.171171,-0.741529,-0.992371,-1.10361,-0.00107333,0.477553,0.59088,0.656339,-0.615091,2.09498,-0.306734,1.32876,-0.536663,-0.812584,-0.831538,0.0905757,0.102229,0.415147,0.153479,0.806728,-0.407153,-0.557449,-1.31528,-1.99169,-2.08101,-0.517869,-1.32285,1.35993,1.01652,0.149685,-0.997838,0.297397,-1.109,-0.993022,2.41392,-1.38099,-2.16157,1.3569,0.190765,-0.133508,0.45349,-0.461833,-0.335212,0.58141,-0.825559,0.0248872,-0.11004,0.218344,-1.79283,0.338952,-0.741286,0.835299,0.597385,0.424931,0.155065,0.378319,0.318846,1.15211,-0.950691,-0.371639,-0.608432,-0.223889,-0.955954,-0.572878,-547.184,-508.299,2761.5,815.011,520.894,-1882.04,-2005.36,-819.359,713.376,4167.89,684.524,-60.5022,-3825.74,-379.508,89.5438,-786.665,-2764.26,-1893.05,-1138.15,1330.48,3721.9,-4549.31,2287.66,267.703,-2638.59,-2872.07,3581.78,-691.08,1559.76,-2665.15,-3407.54,531.827,2745.55,-223.138,-3512.96,4957.76,-1430.38,-3610.6,1490.59,-2808.39,2647.86,134.514,1058.66,-2025.01,485.435,3088.29,-408.039,1755.96,-843.537,223.64,-979.537,157.066,-382.401,-1592.82,146.539,630.355,1663.4,390.568,-1767.98,-422.267,-1066.21,3073.98,426.967,1910.6,-1257.09,-400.344,-1141.72,499.265,-2604.22,-1076.11,-4120.46,-2216.12,-5824.17,-626.233,4606.2,242.817,3643.23,1542.24,2193.71,656.864,865.569,271.498,-601.193,3442.11,1343.81,-669.027,-589.169,-124.323,-568.395,1995.34,2199.27,3168.19,1360.03,-1589.59,215.181,-2315.43,-552.459,2949.46,968.289,-1405.52
-250354,0,1,0,1,1,250396,-0.384764,0.00591807,1.98251,0.65987,0.194549,-1.62464,-1.32884,-0.638008,0.776036,1.76188,-0.149657,0.116447,-1.54277,-0.0636614,0.2482,-1.00728,-1.59481,-1.01706,-0.127135,0.559175,1.40119,-1.61276,1.8305,-0.0898098,-1.26576,-1.76124,1.23195,-0.269686,1.22789,-1.59845,-1.56077,0.458786,1.996,-0.185011,-1.75004,1.38731,-0.797919,-1.56933,0.936032,-1.67351,1.35279,0.444837,1.42627,-1.3104,-0.0724454,0.89088,-0.393547,0.886616,0.0264761,-0.478673,-1.03596,0.226382,0.0675763,-1.26799,0.156639,-0.0321617,0.998724,0.212245,-0.63784,-0.775643,-0.788799,1.94885,1.21166,0.828242,-0.92643,-0.62419,-1.08532,0.0134659,-0.922084,-1.04397,-1.82062,-0.720654,-1.94471,-0.376988,1.76676,-0.594025,1.17955,0.313105,1.16384,0.0323358,0.112372,0.276904,0.173359,1.84303,0.871915,-1.30925,-0.819472,-0.271119,0.144731,1.18899,1.07535,1.68402,1.67163,-0.91779,-0.253471,-1.68299,-0.374937,1.42931,0.855572,-1.19532,1.44963,-1.22825,-0.452838,-0.313148,-0.0944805,-0.685378,1.45679,1.34503,-1.37024,1.5056,-0.748495,0.947072,-0.25418,0.41654,0.287019,-0.731665,-1.13811,0.228612,1.44269,0.816337,1.99945,0.175787,0.0169745,0.22696,-0.761976,1.18753,0.819077,-0.486901,-0.114067,1.29295,1.60308,-0.903962,-0.727587,1.23688,-0.770139,-0.159925,-0.246034,0.0900058,-1.12124,-1.61242,0.104911,-0.291987,0.0865903,-1.10974,1.64448,1.22081,-1.73514,0.273524,0.70523,0.0534313,-0.0442746,-0.379174,-2.25169,-1.28222,-1.15286,-0.721387,0.0180759,-0.940969,-0.053271,1.58386,0.679745,-0.409123,-0.769852,-0.724583,2.45289,0.509771,1.52846,0.806671,0.223208,0.859098,-0.510708,-1.41572,-0.303849,-0.092111,-0.362298,0.483609,-0.599307,0.376644,0.262677,-0.192778,-1.65382,-0.0102899,0.368849,-0.303468,0.487905,0.719295,-0.00964155,-0.446483,0.232384,-1.46531,-0.712465,1.06554,-0.490554,0.241182,0.712881,0.412804,0.644795,0.112431,0.841706,-0.00781851,-547.184,-508.299,2761.5,815.011,520.894,-1882.04,-2005.36,-819.359,713.376,4167.89,684.524,-60.5022,-3825.74,-379.508,89.5438,-786.665,-2764.26,-1893.05,-1138.15,1330.48,3721.9,-4549.31,2287.66,267.703,-2638.59,-2872.07,3581.78,-691.08,1559.76,-2665.15,-3407.54,531.827,2745.55,-223.138,-3512.96,4957.76,-1430.38,-3610.6,1490.59,-2808.39,2647.86,134.514,1058.66,-2025.01,485.435,3088.29,-408.039,1755.96,-843.537,223.64,-979.537,157.066,-382.401,-1592.82,146.539,630.355,1663.4,390.568,-1767.98,-422.267,-1066.21,3073.98,426.967,1910.6,-1257.09,-400.344,-1141.72,499.265,-2604.22,-1076.11,-4120.46,-2216.12,-5824.17,-626.233,4606.2,242.817,3643.23,1542.24,2193.71,656.864,865.569,271.498,-601.193,3442.11,1343.81,-669.027,-589.169,-124.323,-568.395,1995.34,2199.27,3168.19,1360.03,-1589.59,215.181,-2315.43,-552.459,2949.46,968.289,-1405.52
-250354,0,1,0,1,1,250395,-0.384764,0.00591807,1.98251,0.65987,0.194549,-1.62464,-1.32884,-0.638008,0.776036,1.76188,-0.149657,0.116447,-1.54277,-0.0636614,0.2482,-1.00728,-1.59481,-1.01706,-0.127135,0.559175,1.40119,-1.61276,1.8305,-0.0898098,-1.26576,-1.76124,1.23195,-0.269686,1.22789,-1.59845,-1.56077,0.458786,1.996,-0.185011,-1.75004,1.38731,-0.797919,-1.56933,0.936032,-1.67351,1.35279,0.444837,1.42627,-1.3104,-0.0724454,0.89088,-0.393547,0.886616,0.0264761,-0.478673,-1.03596,0.226382,0.0675763,-1.26799,0.156639,-0.0321617,0.998724,0.212245,-0.63784,-0.775643,-0.788799,1.94885,1.21166,0.828242,-0.92643,-0.62419,-1.08532,0.0134659,-0.922084,-1.04397,-1.82062,-0.720654,-1.94471,-0.376988,1.76676,-0.594025,1.17955,0.313105,1.16384,0.0323358,0.112372,0.276904,0.173359,1.84303,0.871915,-1.30925,-0.819472,-0.271119,0.144731,1.18899,1.07535,1.68402,1.67163,-0.91779,-0.253471,-1.68299,-0.374937,1.42931,0.855572,-1.19532,0.605849,0.575004,-1.23764,-0.0789643,-1.03575,0.419987,-0.69818,-0.105828,0.190851,0.571304,-0.192874,0.759757,0.727519,-0.886402,-0.292044,1.31476,0.297973,-0.36724,-0.327096,1.71353,-0.136342,-0.842325,-1.21195,0.126361,-1.38444,-0.605041,0.495636,0.435954,-1.99823,0.902484,-1.12699,0.391944,-0.0892156,0.264823,0.19339,1.39376,-0.0356914,0.291605,-1.79224,0.193723,-0.967933,-0.390168,0.775689,0.815343,0.981725,0.837071,-1.15379,1.25066,0.0534018,1.55882,-0.999508,-0.333468,-0.800761,-1.00067,0.397046,1.45595,0.167878,0.716849,1.12001,-0.496581,0.552554,0.908426,1.93909,-0.595357,0.485816,-0.122343,0.844866,0.818965,-1.57242,-0.950066,-0.0633239,-0.625356,-0.201761,-0.494987,0.528691,0.234316,-0.253147,0.0276386,0.280472,0.411041,-0.0700721,-0.560708,0.26943,-1.83751,0.908955,0.0123231,-0.208684,1.22782,1.13766,1.02537,1.10542,-1.64661,-0.0485434,0.453802,2.51495,2.08942,0.112054,0.890371,0.993816,0.53157,-547.184,-508.299,2761.5,815.011,520.894,-1882.04,-2005.36,-819.359,713.376,4167.89,684.524,-60.5022,-3825.74,-379.508,89.5438,-786.665,-2764.26,-1893.05,-1138.15,1330.48,3721.9,-4549.31,2287.66,267.703,-2638.59,-2872.07,3581.78,-691.08,1559.76,-2665.15,-3407.54,531.827,2745.55,-223.138,-3512.96,4957.76,-1430.38,-3610.6,1490.59,-2808.39,2647.86,134.514,1058.66,-2025.01,485.435,3088.29,-408.039,1755.96,-843.537,223.64,-979.537,157.066,-382.401,-1592.82,146.539,630.355,1663.4,390.568,-1767.98,-422.267,-1066.21,3073.98,426.967,1910.6,-1257.09,-400.344,-1141.72,499.265,-2604.22,-1076.11,-4120.46,-2216.12,-5824.17,-626.233,4606.2,242.817,3643.23,1542.24,2193.71,656.864,865.569,271.498,-601.193,3442.11,1343.81,-669.027,-589.169,-124.323,-568.395,1995.34,2199.27,3168.19,1360.03,-1589.59,215.181,-2315.43,-552.459,2949.46,968.289,-1405.52
-250354,0,1,0,1,1,250409,-0.384764,0.00591807,1.98251,0.65987,0.194549,-1.62464,-1.32884,-0.638008,0.776036,1.76188,-0.149657,0.116447,-1.54277,-0.0636614,0.2482,-1.00728,-1.59481,-1.01706,-0.127135,0.559175,1.40119,-1.61276,1.8305,-0.0898098,-1.26576,-1.76124,1.23195,-0.269686,1.22789,-1.59845,-1.56077,0.458786,1.996,-0.185011,-1.75004,1.38731,-0.797919,-1.56933,0.936032,-1.67351,1.35279,0.444837,1.42627,-1.3104,-0.0724454,0.89088,-0.393547,0.886616,0.0264761,-0.478673,-1.03596,0.226382,0.0675763,-1.26799,0.156639,-0.0321617,0.998724,0.212245,-0.63784,-0.775643,-0.788799,1.94885,1.21166,0.828242,-0.92643,-0.62419,-1.08532,0.0134659,-0.922084,-1.04397,-1.82062,-0.720654,-1.94471,-0.376988,1.76676,-0.594025,1.17955,0.313105,1.16384,0.0323358,0.112372,0.276904,0.173359,1.84303,0.871915,-1.30925,-0.819472,-0.271119,0.144731,1.18899,1.07535,1.68402,1.67163,-0.91779,-0.253471,-1.68299,-0.374937,1.42931,0.855572,-1.19532,-0.563641,-0.286656,-2.27054,-0.67925,1.00411,0.117939,-0.448798,-0.194909,-0.851518,-0.258792,-0.103677,-0.222377,1.98631,-0.345051,0.249258,0.042777,-1.40722,0.1903,1.08207,-0.095885,2.54194,-1.22821,-1.28908,1.6825,-0.973318,0.291185,0.34021,0.27741,-0.898201,0.247939,0.0473532,1.62191,-0.412866,-0.34826,-0.401084,-1.85009,-2.9003,0.074936,1.49415,-0.307404,0.868728,-0.310286,2.21989,-0.358065,-0.229657,0.0349852,0.0338764,-1.61595,-1.18841,-1.13124,0.396568,2.0961,0.766215,0.0968987,0.481522,2.62995,-1.22849,-0.348738,1.24911,-1.12136,-0.990427,-0.344787,0.367077,0.588598,1.745,1.51145,0.477237,-0.0244203,1.92415,-2.43338,0.414088,-0.108782,-0.800025,0.251043,-0.378894,-0.202766,0.321562,0.109011,0.951313,-0.498121,-0.471073,-0.687176,0.60878,-0.0723162,-1.20056,0.81217,-0.0191392,-0.283754,-0.389049,-2.25538,0.425425,-0.0288214,-1.34229,0.0547516,1.38477,0.30679,-1.47747,0.048598,-0.432175,-0.420715,-547.184,-508.299,2761.5,815.011,520.894,-1882.04,-2005.36,-819.359,713.376,4167.89,684.524,-60.5022,-3825.74,-379.508,89.5438,-786.665,-2764.26,-1893.05,-1138.15,1330.48,3721.9,-4549.31,2287.66,267.703,-2638.59,-2872.07,3581.78,-691.08,1559.76,-2665.15,-3407.54,531.827,2745.55,-223.138,-3512.96,4957.76,-1430.38,-3610.6,1490.59,-2808.39,2647.86,134.514,1058.66,-2025.01,485.435,3088.29,-408.039,1755.96,-843.537,223.64,-979.537,157.066,-382.401,-1592.82,146.539,630.355,1663.4,390.568,-1767.98,-422.267,-1066.21,3073.98,426.967,1910.6,-1257.09,-400.344,-1141.72,499.265,-2604.22,-1076.11,-4120.46,-2216.12,-5824.17,-626.233,4606.2,242.817,3643.23,1542.24,2193.71,656.864,865.569,271.498,-601.193,3442.11,1343.81,-669.027,-589.169,-124.323,-568.395,1995.34,2199.27,3168.19,1360.03,-1589.59,215.181,-2315.43,-552.459,2949.46,968.289,-1405.52
-250354,0,1,0,1,1,250409,-0.384764,0.00591807,1.98251,0.65987,0.194549,-1.62464,-1.32884,-0.638008,0.776036,1.76188,-0.149657,0.116447,-1.54277,-0.0636614,0.2482,-1.00728,-1.59481,-1.01706,-0.127135,0.559175,1.40119,-1.61276,1.8305,-0.0898098,-1.26576,-1.76124,1.23195,-0.269686,1.22789,-1.59845,-1.56077,0.458786,1.996,-0.185011,-1.75004,1.38731,-0.797919,-1.56933,0.936032,-1.67351,1.35279,0.444837,1.42627,-1.3104,-0.0724454,0.89088,-0.393547,0.886616,0.0264761,-0.478673,-1.03596,0.226382,0.0675763,-1.26799,0.156639,-0.0321617,0.998724,0.212245,-0.63784,-0.775643,-0.788799,1.94885,1.21166,0.828242,-0.92643,-0.62419,-1.08532,0.0134659,-0.922084,-1.04397,-1.82062,-0.720654,-1.94471,-0.376988,1.76676,-0.594025,1.17955,0.313105,1.16384,0.0323358,0.112372,0.276904,0.173359,1.84303,0.871915,-1.30925,-0.819472,-0.271119,0.144731,1.18899,1.07535,1.68402,1.67163,-0.91779,-0.253471,-1.68299,-0.374937,1.42931,0.855572,-1.19532,-0.417606,-0.273948,0.92225,-1.73285,0.707371,-0.163912,-0.2868,0.193839,-0.7208,-2.17157,-0.44979,0.336996,-0.914281,0.477435,0.207184,-2.13312,-0.594213,-0.566069,0.713513,1.06025,1.54079,1.8391,1.6951,-0.345941,0.287102,1.74215,0.686778,-0.352234,1.32904,0.155486,0.010453,0.27436,1.30518,-1.32458,-0.560616,1.11497,-1.49517,1.65238,0.854128,0.534,0.896313,2.11971,-1.07533,-0.0284265,-0.425721,0.165148,0.176969,0.592381,2.33402,0.837281,-0.16305,1.67982,1.44917,2.52916,2.15239,-0.850485,-2.26274,-0.792645,-0.0156314,-0.942921,0.695178,0.925883,1.01555,2.15043,0.220197,-1.19529,-0.372125,0.797764,1.49544,-0.0416334,1.29714,0.51776,1.38348,0.44914,-0.272556,-0.816105,0.746783,1.03659,1.28637,1.26196,1.55435,0.31194,-0.533623,-0.725934,-0.385816,0.214957,0.223482,-0.947293,0.747686,-0.101325,-0.0658291,1.22404,0.240574,0.375718,-0.455522,-0.580107,-0.117128,-0.132205,-0.701587,-0.0980838,-547.184,-508.299,2761.5,815.011,520.894,-1882.04,-2005.36,-819.359,713.376,4167.89,684.524,-60.5022,-3825.74,-379.508,89.5438,-786.665,-2764.26,-1893.05,-1138.15,1330.48,3721.9,-4549.31,2287.66,267.703,-2638.59,-2872.07,3581.78,-691.08,1559.76,-2665.15,-3407.54,531.827,2745.55,-223.138,-3512.96,4957.76,-1430.38,-3610.6,1490.59,-2808.39,2647.86,134.514,1058.66,-2025.01,485.435,3088.29,-408.039,1755.96,-843.537,223.64,-979.537,157.066,-382.401,-1592.82,146.539,630.355,1663.4,390.568,-1767.98,-422.267,-1066.21,3073.98,426.967,1910.6,-1257.09,-400.344,-1141.72,499.265,-2604.22,-1076.11,-4120.46,-2216.12,-5824.17,-626.233,4606.2,242.817,3643.23,1542.24,2193.71,656.864,865.569,271.498,-601.193,3442.11,1343.81,-669.027,-589.169,-124.323,-568.395,1995.34,2199.27,3168.19,1360.03,-1589.59,215.181,-2315.43,-552.459,2949.46,968.289,-1405.52
-250354,0,1,0,1,1,250415,-0.384764,0.00591807,1.98251,0.65987,0.194549,-1.62464,-1.32884,-0.638008,0.776036,1.76188,-0.149657,0.116447,-1.54277,-0.0636614,0.2482,-1.00728,-1.59481,-1.01706,-0.127135,0.559175,1.40119,-1.61276,1.8305,-0.0898098,-1.26576,-1.76124,1.23195,-0.269686,1.22789,-1.59845,-1.56077,0.458786,1.996,-0.185011,-1.75004,1.38731,-0.797919,-1.56933,0.936032,-1.67351,1.35279,0.444837,1.42627,-1.3104,-0.0724454,0.89088,-0.393547,0.886616,0.0264761,-0.478673,-1.03596,0.226382,0.0675763,-1.26799,0.156639,-0.0321617,0.998724,0.212245,-0.63784,-0.775643,-0.788799,1.94885,1.21166,0.828242,-0.92643,-0.62419,-1.08532,0.0134659,-0.922084,-1.04397,-1.82062,-0.720654,-1.94471,-0.376988,1.76676,-0.594025,1.17955,0.313105,1.16384,0.0323358,0.112372,0.276904,0.173359,1.84303,0.871915,-1.30925,-0.819472,-0.271119,0.144731,1.18899,1.07535,1.68402,1.67163,-0.91779,-0.253471,-1.68299,-0.374937,1.42931,0.855572,-1.19532,-0.637334,-1.04948,-1.35138,0.202247,0.479627,1.09205,-0.0752851,1.01044,-1.79515,-0.411471,-0.45311,-0.788702,0.654718,0.565172,-0.761945,2.37886,-0.0795623,-0.5381,-2.5782,0.515026,2.33173,-0.542931,-1.02403,0.964681,2.26043,-1.17338,0.168732,-1.42639,-1.05757,0.363705,-0.671186,-0.581328,-2.45527,-0.611183,-2.61394,-0.230744,-0.757147,-0.670963,-0.0514017,-0.244676,2.21556,-0.932873,-1.1566,0.204218,0.752606,-0.200539,-0.426446,-1.2852,0.843144,0.0639852,-0.252014,0.191813,-0.0574143,1.89344,1.80417,0.732467,1.33102,-1.53393,-0.397099,1.06591,-1.0772,1.70376,-1.65703,0.541859,0.823835,0.164899,0.0456179,1.62595,-0.979288,0.509631,-0.956258,0.404694,1.54511,0.535988,0.629551,-0.59081,0.291985,1.20804,-1.21168,-0.702704,-1.02525,1.24166,-2.19048,0.1448,-0.470821,-0.824317,-1.37614,1.38123,0.964954,-1.21142,-0.879861,0.417719,0.106212,-0.175613,0.466053,-1.2857,-1.11356,0.140153,-0.57039,-1.99147,-547.184,-508.299,2761.5,815.011,520.894,-1882.04,-2005.36,-819.359,713.376,4167.89,684.524,-60.5022,-3825.74,-379.508,89.5438,-786.665,-2764.26,-1893.05,-1138.15,1330.48,3721.9,-4549.31,2287.66,267.703,-2638.59,-2872.07,3581.78,-691.08,1559.76,-2665.15,-3407.54,531.827,2745.55,-223.138,-3512.96,4957.76,-1430.38,-3610.6,1490.59,-2808.39,2647.86,134.514,1058.66,-2025.01,485.435,3088.29,-408.039,1755.96,-843.537,223.64,-979.537,157.066,-382.401,-1592.82,146.539,630.355,1663.4,390.568,-1767.98,-422.267,-1066.21,3073.98,426.967,1910.6,-1257.09,-400.344,-1141.72,499.265,-2604.22,-1076.11,-4120.46,-2216.12,-5824.17,-626.233,4606.2,242.817,3643.23,1542.24,2193.71,656.864,865.569,271.498,-601.193,3442.11,1343.81,-669.027,-589.169,-124.323,-568.395,1995.34,2199.27,3168.19,1360.03,-1589.59,215.181,-2315.43,-552.459,2949.46,968.289,-1405.52
-250354,0,1,0,1,1,250409,-0.384764,0.00591807,1.98251,0.65987,0.194549,-1.62464,-1.32884,-0.638008,0.776036,1.76188,-0.149657,0.116447,-1.54277,-0.0636614,0.2482,-1.00728,-1.59481,-1.01706,-0.127135,0.559175,1.40119,-1.61276,1.8305,-0.0898098,-1.26576,-1.76124,1.23195,-0.269686,1.22789,-1.59845,-1.56077,0.458786,1.996,-0.185011,-1.75004,1.38731,-0.797919,-1.56933,0.936032,-1.67351,1.35279,0.444837,1.42627,-1.3104,-0.0724454,0.89088,-0.393547,0.886616,0.0264761,-0.478673,-1.03596,0.226382,0.0675763,-1.26799,0.156639,-0.0321617,0.998724,0.212245,-0.63784,-0.775643,-0.788799,1.94885,1.21166,0.828242,-0.92643,-0.62419,-1.08532,0.0134659,-0.922084,-1.04397,-1.82062,-0.720654,-1.94471,-0.376988,1.76676,-0.594025,1.17955,0.313105,1.16384,0.0323358,0.112372,0.276904,0.173359,1.84303,0.871915,-1.30925,-0.819472,-0.271119,0.144731,1.18899,1.07535,1.68402,1.67163,-0.91779,-0.253471,-1.68299,-0.374937,1.42931,0.855572,-1.19532,-0.0656929,1.43167,1.29601,0.603099,1.63922,0.683172,-0.392947,1.73768,0.0985326,1.49042,-0.529928,-0.377201,-1.25105,-0.244127,-0.354991,-1.08073,-1.21686,-0.169388,2.22622,-0.968378,0.643577,0.442348,-0.934126,2.43247,0.543728,0.139657,-0.13805,1.66299,0.176225,-0.573033,0.714368,0.196091,-0.421983,1.19805,0.0445771,0.670285,-0.606591,-0.425495,0.248902,0.678346,0.804464,2.12302,-1.3074,-0.470731,0.394642,-1.28792,0.337811,-2.07533,0.617016,-2.81793,0.500766,0.229912,-1.30715,-0.643752,-0.227633,1.93249,-0.780493,0.0564924,0.774628,1.10387,0.155737,1.19954,-0.163432,-0.539136,0.423672,-2.03118,-1.71134,-1.2256,-0.721233,-1.0067,0.47905,0.211486,-0.328422,0.506298,-1.52834,-0.992746,1.93666,0.751473,1.61616,1.99915,0.227884,1.08598,0.922412,-0.0503999,0.239141,0.645376,0.729386,1.69416,0.983962,0.376097,1.06897,0.626228,0.332286,0.663961,-0.741993,0.991787,0.629848,0.508511,-0.4573,-1.94458,-547.184,-508.299,2761.5,815.011,520.894,-1882.04,-2005.36,-819.359,713.376,4167.89,684.524,-60.5022,-3825.74,-379.508,89.5438,-786.665,-2764.26,-1893.05,-1138.15,1330.48,3721.9,-4549.31,2287.66,267.703,-2638.59,-2872.07,3581.78,-691.08,1559.76,-2665.15,-3407.54,531.827,2745.55,-223.138,-3512.96,4957.76,-1430.38,-3610.6,1490.59,-2808.39,2647.86,134.514,1058.66,-2025.01,485.435,3088.29,-408.039,1755.96,-843.537,223.64,-979.537,157.066,-382.401,-1592.82,146.539,630.355,1663.4,390.568,-1767.98,-422.267,-1066.21,3073.98,426.967,1910.6,-1257.09,-400.344,-1141.72,499.265,-2604.22,-1076.11,-4120.46,-2216.12,-5824.17,-626.233,4606.2,242.817,3643.23,1542.24,2193.71,656.864,865.569,271.498,-601.193,3442.11,1343.81,-669.027,-589.169,-124.323,-568.395,1995.34,2199.27,3168.19,1360.03,-1589.59,215.181,-2315.43,-552.459,2949.46,968.289,-1405.52
-250354,0,1,0,1,1,250407,-0.384764,0.00591807,1.98251,0.65987,0.194549,-1.62464,-1.32884,-0.638008,0.776036,1.76188,-0.149657,0.116447,-1.54277,-0.0636614,0.2482,-1.00728,-1.59481,-1.01706,-0.127135,0.559175,1.40119,-1.61276,1.8305,-0.0898098,-1.26576,-1.76124,1.23195,-0.269686,1.22789,-1.59845,-1.56077,0.458786,1.996,-0.185011,-1.75004,1.38731,-0.797919,-1.56933,0.936032,-1.67351,1.35279,0.444837,1.42627,-1.3104,-0.0724454,0.89088,-0.393547,0.886616,0.0264761,-0.478673,-1.03596,0.226382,0.0675763,-1.26799,0.156639,-0.0321617,0.998724,0.212245,-0.63784,-0.775643,-0.788799,1.94885,1.21166,0.828242,-0.92643,-0.62419,-1.08532,0.0134659,-0.922084,-1.04397,-1.82062,-0.720654,-1.94471,-0.376988,1.76676,-0.594025,1.17955,0.313105,1.16384,0.0323358,0.112372,0.276904,0.173359,1.84303,0.871915,-1.30925,-0.819472,-0.271119,0.144731,1.18899,1.07535,1.68402,1.67163,-0.91779,-0.253471,-1.68299,-0.374937,1.42931,0.855572,-1.19532,-1.57365,0.445827,0.302662,0.511921,-2.04241,0.973061,-0.356041,-0.136711,-1.06411,-1.00708,0.0991399,-0.303128,-0.229035,-1.89073,0.00880116,-1.01978,-2.04747,0.0446307,0.708225,-0.883709,-0.766021,-0.194844,0.193712,1.62796,-0.529739,0.407703,1.46734,-1.40266,-0.283911,0.340745,-0.423416,1.07483,0.175441,0.363229,1.35133,-1.63943,-1.23946,0.762229,-2.04508,0.654573,-1.85707,0.966647,0.274792,-1.56984,-0.383536,0.0581089,-1.28747,-2.02356,2.15602,0.129462,-0.330876,0.298188,0.0815276,-0.0760127,0.886304,0.327455,-0.958271,1.66247,0.0297096,0.221248,1.25321,0.327886,-0.613457,0.157652,0.372234,-0.940595,-0.132598,0.0889755,-0.19022,-1.29815,-1.06659,-0.805924,-0.135345,1.49726,1.02843,0.301146,0.0390589,-0.617202,0.576255,0.0869751,-1.51689,-2.42499,0.0226856,1.4864,-0.174703,2.6694,-0.816167,-1.38771,-1.71616,-1.02507,-0.409747,-0.680319,-0.125304,0.175382,1.39525,1.29833,-0.02411,0.144767,0.425661,-1.34719,-547.184,-508.299,2761.5,815.011,520.894,-1882.04,-2005.36,-819.359,713.376,4167.89,684.524,-60.5022,-3825.74,-379.508,89.5438,-786.665,-2764.26,-1893.05,-1138.15,1330.48,3721.9,-4549.31,2287.66,267.703,-2638.59,-2872.07,3581.78,-691.08,1559.76,-2665.15,-3407.54,531.827,2745.55,-223.138,-3512.96,4957.76,-1430.38,-3610.6,1490.59,-2808.39,2647.86,134.514,1058.66,-2025.01,485.435,3088.29,-408.039,1755.96,-843.537,223.64,-979.537,157.066,-382.401,-1592.82,146.539,630.355,1663.4,390.568,-1767.98,-422.267,-1066.21,3073.98,426.967,1910.6,-1257.09,-400.344,-1141.72,499.265,-2604.22,-1076.11,-4120.46,-2216.12,-5824.17,-626.233,4606.2,242.817,3643.23,1542.24,2193.71,656.864,865.569,271.498,-601.193,3442.11,1343.81,-669.027,-589.169,-124.323,-568.395,1995.34,2199.27,3168.19,1360.03,-1589.59,215.181,-2315.43,-552.459,2949.46,968.289,-1405.52
-250354,0,1,0,1,1,250409,-0.384764,0.00591807,1.98251,0.65987,0.194549,-1.62464,-1.32884,-0.638008,0.776036,1.76188,-0.149657,0.116447,-1.54277,-0.0636614,0.2482,-1.00728,-1.59481,-1.01706,-0.127135,0.559175,1.40119,-1.61276,1.8305,-0.0898098,-1.26576,-1.76124,1.23195,-0.269686,1.22789,-1.59845,-1.56077,0.458786,1.996,-0.185011,-1.75004,1.38731,-0.797919,-1.56933,0.936032,-1.67351,1.35279,0.444837,1.42627,-1.3104,-0.0724454,0.89088,-0.393547,0.886616,0.0264761,-0.478673,-1.03596,0.226382,0.0675763,-1.26799,0.156639,-0.0321617,0.998724,0.212245,-0.63784,-0.775643,-0.788799,1.94885,1.21166,0.828242,-0.92643,-0.62419,-1.08532,0.0134659,-0.922084,-1.04397,-1.82062,-0.720654,-1.94471,-0.376988,1.76676,-0.594025,1.17955,0.313105,1.16384,0.0323358,0.112372,0.276904,0.173359,1.84303,0.871915,-1.30925,-0.819472,-0.271119,0.144731,1.18899,1.07535,1.68402,1.67163,-0.91779,-0.253471,-1.68299,-0.374937,1.42931,0.855572,-1.19532,0.93242,-1.3545,-0.515256,2.45758,0.655415,-0.898783,0.643911,2.00223,0.087146,-1.84761,-1.06373,-0.832474,0.927765,1.73045,0.678243,-0.740581,0.242398,-1.96637,-1.36908,0.750273,1.19046,0.936452,-0.377615,1.28926,-0.724401,0.772605,0.831187,-0.76577,0.864839,0.422342,0.823435,-0.14136,0.0110814,-0.418158,0.547497,-1.81864,2.55998,0.231774,-1.61759,0.412424,-2.20585,0.438253,0.226822,1.40482,0.777636,-0.713384,0.745308,1.39906,0.172099,0.651105,-0.172496,-1.05502,1.88121,0.0280216,0.373111,0.812454,-0.379285,0.721466,-0.487019,-0.695106,0.236449,-0.484706,-0.79249,-1.07077,-1.14056,0.574626,-1.54011,0.150526,-0.935029,1.90761,2.91454,-0.447718,-0.222529,-0.191114,0.948571,-0.538008,-0.273091,-0.162025,-0.0892425,0.632097,0.111457,1.18879,-0.262829,1.81859,-0.779104,-0.731876,-0.209504,-1.03417,0.0332099,-0.370967,1.82061,0.720532,1.78444,-0.346656,0.429974,0.68313,-0.823551,-0.889139,0.30016,-1.06445,-547.184,-508.299,2761.5,815.011,520.894,-1882.04,-2005.36,-819.359,713.376,4167.89,684.524,-60.5022,-3825.74,-379.508,89.5438,-786.665,-2764.26,-1893.05,-1138.15,1330.48,3721.9,-4549.31,2287.66,267.703,-2638.59,-2872.07,3581.78,-691.08,1559.76,-2665.15,-3407.54,531.827,2745.55,-223.138,-3512.96,4957.76,-1430.38,-3610.6,1490.59,-2808.39,2647.86,134.514,1058.66,-2025.01,485.435,3088.29,-408.039,1755.96,-843.537,223.64,-979.537,157.066,-382.401,-1592.82,146.539,630.355,1663.4,390.568,-1767.98,-422.267,-1066.21,3073.98,426.967,1910.6,-1257.09,-400.344,-1141.72,499.265,-2604.22,-1076.11,-4120.46,-2216.12,-5824.17,-626.233,4606.2,242.817,3643.23,1542.24,2193.71,656.864,865.569,271.498,-601.193,3442.11,1343.81,-669.027,-589.169,-124.323,-568.395,1995.34,2199.27,3168.19,1360.03,-1589.59,215.181,-2315.43,-552.459,2949.46,968.289,-1405.52
-250354,0,1,0,1,1,250406,-0.384764,0.00591807,1.98251,0.65987,0.194549,-1.62464,-1.32884,-0.638008,0.776036,1.76188,-0.149657,0.116447,-1.54277,-0.0636614,0.2482,-1.00728,-1.59481,-1.01706,-0.127135,0.559175,1.40119,-1.61276,1.8305,-0.0898098,-1.26576,-1.76124,1.23195,-0.269686,1.22789,-1.59845,-1.56077,0.458786,1.996,-0.185011,-1.75004,1.38731,-0.797919,-1.56933,0.936032,-1.67351,1.35279,0.444837,1.42627,-1.3104,-0.0724454,0.89088,-0.393547,0.886616,0.0264761,-0.478673,-1.03596,0.226382,0.0675763,-1.26799,0.156639,-0.0321617,0.998724,0.212245,-0.63784,-0.775643,-0.788799,1.94885,1.21166,0.828242,-0.92643,-0.62419,-1.08532,0.0134659,-0.922084,-1.04397,-1.82062,-0.720654,-1.94471,-0.376988,1.76676,-0.594025,1.17955,0.313105,1.16384,0.0323358,0.112372,0.276904,0.173359,1.84303,0.871915,-1.30925,-0.819472,-0.271119,0.144731,1.18899,1.07535,1.68402,1.67163,-0.91779,-0.253471,-1.68299,-0.374937,1.42931,0.855572,-1.19532,-0.977552,0.512756,0.307999,1.54288,0.870708,-0.292414,-0.660865,-1.62549,0.855505,0.468611,-0.619956,0.966875,1.41094,1.65937,0.946189,-0.960365,1.46145,-0.757121,-0.251212,1.53547,-0.976803,2.06712,-0.354482,-0.338252,-1.05167,1.73022,-0.967322,0.774284,-0.504198,-1.11739,0.0756117,-0.269074,0.786206,0.694748,0.0121502,0.655761,-0.0141659,0.0742286,-0.312199,1.47155,0.571769,-0.494808,0.287718,-0.839094,-1.23213,-0.94679,0.637111,-1.40578,-1.62589,-1.15806,-1.30585,1.6603,1.71495,-1.12608,-1.68065,0.392537,0.835864,-0.133958,-0.236413,-0.58217,0.352582,3.38838,-0.977529,0.00449255,-0.6529,-0.445025,1.32352,-0.299502,-0.329667,2.32574,0.171599,0.689406,-0.0657778,1.1082,-1.37829,0.594009,1.00005,1.12855,1.17989,1.09869,0.342421,-0.577385,0.773931,-0.0452295,-0.398545,0.280898,0.748586,0.529867,-0.120845,-0.0908179,-0.751608,1.71885,-0.65677,1.67984,0.420834,0.0454341,0.230292,0.972552,-0.0200276,1.65649,-547.184,-508.299,2761.5,815.011,520.894,-1882.04,-2005.36,-819.359,713.376,4167.89,684.524,-60.5022,-3825.74,-379.508,89.5438,-786.665,-2764.26,-1893.05,-1138.15,1330.48,3721.9,-4549.31,2287.66,267.703,-2638.59,-2872.07,3581.78,-691.08,1559.76,-2665.15,-3407.54,531.827,2745.55,-223.138,-3512.96,4957.76,-1430.38,-3610.6,1490.59,-2808.39,2647.86,134.514,1058.66,-2025.01,485.435,3088.29,-408.039,1755.96,-843.537,223.64,-979.537,157.066,-382.401,-1592.82,146.539,630.355,1663.4,390.568,-1767.98,-422.267,-1066.21,3073.98,426.967,1910.6,-1257.09,-400.344,-1141.72,499.265,-2604.22,-1076.11,-4120.46,-2216.12,-5824.17,-626.233,4606.2,242.817,3643.23,1542.24,2193.71,656.864,865.569,271.498,-601.193,3442.11,1343.81,-669.027,-589.169,-124.323,-568.395,1995.34,2199.27,3168.19,1360.03,-1589.59,215.181,-2315.43,-552.459,2949.46,968.289,-1405.52
-250354,0,1,0,1,1,250404,-0.384764,0.00591807,1.98251,0.65987,0.194549,-1.62464,-1.32884,-0.638008,0.776036,1.76188,-0.149657,0.116447,-1.54277,-0.0636614,0.2482,-1.00728,-1.59481,-1.01706,-0.127135,0.559175,1.40119,-1.61276,1.8305,-0.0898098,-1.26576,-1.76124,1.23195,-0.269686,1.22789,-1.59845,-1.56077,0.458786,1.996,-0.185011,-1.75004,1.38731,-0.797919,-1.56933,0.936032,-1.67351,1.35279,0.444837,1.42627,-1.3104,-0.0724454,0.89088,-0.393547,0.886616,0.0264761,-0.478673,-1.03596,0.226382,0.0675763,-1.26799,0.156639,-0.0321617,0.998724,0.212245,-0.63784,-0.775643,-0.788799,1.94885,1.21166,0.828242,-0.92643,-0.62419,-1.08532,0.0134659,-0.922084,-1.04397,-1.82062,-0.720654,-1.94471,-0.376988,1.76676,-0.594025,1.17955,0.313105,1.16384,0.0323358,0.112372,0.276904,0.173359,1.84303,0.871915,-1.30925,-0.819472,-0.271119,0.144731,1.18899,1.07535,1.68402,1.67163,-0.91779,-0.253471,-1.68299,-0.374937,1.42931,0.855572,-1.19532,-0.42755,1.33103,0.699809,-1.61506,-0.814892,-0.11309,0.0336749,0.459078,0.835527,0.177587,0.648458,-0.766505,-0.615461,-1.41732,-0.669657,-1.56855,-0.467736,0.237256,-0.298087,-0.0233934,1.74572,0.959148,1.50707,-0.465797,-1.37584,-0.493154,1.33211,-0.291566,1.0497,-0.357442,-0.756043,-0.785052,0.312366,-0.838812,0.0260373,-0.50957,-0.920354,-1.14682,-1.04171,0.412542,-0.334518,0.0589333,0.418782,1.51741,-1.07859,-1.78023,0.809138,1.21853,0.731656,-0.481369,-0.257422,-0.422243,-0.787201,-1.59701,0.053003,-1.05144,-1.41812,-0.852411,-0.107834,-0.00762581,-0.0410874,0.906327,-0.118392,0.975424,-1.14473,0.961127,-1.23424,1.77752,1.62891,0.674997,2.51861,-0.866299,1.76902,-1.04873,1.12048,1.23243,1.68847,-1.28279,0.31858,0.435431,0.143964,1.27525,-1.48071,-0.871293,-0.499675,0.410211,-0.778354,0.951299,-0.873726,0.291418,-1.99836,1.40352,-1.28165,0.0587793,-0.702266,1.54101,1.06653,-0.0803855,0.0371557,1.23843,-547.184,-508.299,2761.5,815.011,520.894,-1882.04,-2005.36,-819.359,713.376,4167.89,684.524,-60.5022,-3825.74,-379.508,89.5438,-786.665,-2764.26,-1893.05,-1138.15,1330.48,3721.9,-4549.31,2287.66,267.703,-2638.59,-2872.07,3581.78,-691.08,1559.76,-2665.15,-3407.54,531.827,2745.55,-223.138,-3512.96,4957.76,-1430.38,-3610.6,1490.59,-2808.39,2647.86,134.514,1058.66,-2025.01,485.435,3088.29,-408.039,1755.96,-843.537,223.64,-979.537,157.066,-382.401,-1592.82,146.539,630.355,1663.4,390.568,-1767.98,-422.267,-1066.21,3073.98,426.967,1910.6,-1257.09,-400.344,-1141.72,499.265,-2604.22,-1076.11,-4120.46,-2216.12,-5824.17,-626.233,4606.2,242.817,3643.23,1542.24,2193.71,656.864,865.569,271.498,-601.193,3442.11,1343.81,-669.027,-589.169,-124.323,-568.395,1995.34,2199.27,3168.19,1360.03,-1589.59,215.181,-2315.43,-552.459,2949.46,968.289,-1405.52
-250354,0,1,0,1,1,250391,-0.384764,0.00591807,1.98251,0.65987,0.194549,-1.62464,-1.32884,-0.638008,0.776036,1.76188,-0.149657,0.116447,-1.54277,-0.0636614,0.2482,-1.00728,-1.59481,-1.01706,-0.127135,0.559175,1.40119,-1.61276,1.8305,-0.0898098,-1.26576,-1.76124,1.23195,-0.269686,1.22789,-1.59845,-1.56077,0.458786,1.996,-0.185011,-1.75004,1.38731,-0.797919,-1.56933,0.936032,-1.67351,1.35279,0.444837,1.42627,-1.3104,-0.0724454,0.89088,-0.393547,0.886616,0.0264761,-0.478673,-1.03596,0.226382,0.0675763,-1.26799,0.156639,-0.0321617,0.998724,0.212245,-0.63784,-0.775643,-0.788799,1.94885,1.21166,0.828242,-0.92643,-0.62419,-1.08532,0.0134659,-0.922084,-1.04397,-1.82062,-0.720654,-1.94471,-0.376988,1.76676,-0.594025,1.17955,0.313105,1.16384,0.0323358,0.112372,0.276904,0.173359,1.84303,0.871915,-1.30925,-0.819472,-0.271119,0.144731,1.18899,1.07535,1.68402,1.67163,-0.91779,-0.253471,-1.68299,-0.374937,1.42931,0.855572,-1.19532,-0.328992,0.53228,-0.214173,0.93664,-0.0627091,-1.34821,-1.40468,0.0919075,0.718244,1.77024,-0.327135,0.42553,-1.52242,-0.812602,-0.753884,-0.77037,1.19854,0.101056,0.536329,0.508006,-0.0360439,0.252609,-0.515025,1.04796,0.304169,0.744267,-0.690354,-0.914571,0.735896,-0.285937,-0.181791,1.28412,-0.410665,1.048,0.847272,1.41699,-0.242833,-0.233931,-1.3923,0.357908,0.932678,-0.760305,-0.208253,1.26052,-0.435707,-0.308326,0.560784,-0.482471,-0.858351,1.79061,-0.875011,-0.320231,-0.849646,-1.21863,-0.0555719,0.352981,0.304702,2.41815,-1.18409,1.15794,-0.298089,-1.01108,-0.0274911,0.856263,0.043993,1.01032,0.283653,-0.0114256,0.692981,0.680554,-0.933306,0.00137722,-0.232397,-0.488474,-0.273865,1.71406,-1.90638,1.28369,0.551848,0.523652,0.116309,-0.0825137,-0.0376266,0.833197,-1.66518,-0.476387,-0.199086,1.28342,1.02804,0.700904,-0.607628,-0.809971,-1.41451,-0.478848,-0.270429,0.731452,0.866768,1.26854,0.203192,0.557668,-547.184,-508.299,2761.5,815.011,520.894,-1882.04,-2005.36,-819.359,713.376,4167.89,684.524,-60.5022,-3825.74,-379.508,89.5438,-786.665,-2764.26,-1893.05,-1138.15,1330.48,3721.9,-4549.31,2287.66,267.703,-2638.59,-2872.07,3581.78,-691.08,1559.76,-2665.15,-3407.54,531.827,2745.55,-223.138,-3512.96,4957.76,-1430.38,-3610.6,1490.59,-2808.39,2647.86,134.514,1058.66,-2025.01,485.435,3088.29,-408.039,1755.96,-843.537,223.64,-979.537,157.066,-382.401,-1592.82,146.539,630.355,1663.4,390.568,-1767.98,-422.267,-1066.21,3073.98,426.967,1910.6,-1257.09,-400.344,-1141.72,499.265,-2604.22,-1076.11,-4120.46,-2216.12,-5824.17,-626.233,4606.2,242.817,3643.23,1542.24,2193.71,656.864,865.569,271.498,-601.193,3442.11,1343.81,-669.027,-589.169,-124.323,-568.395,1995.34,2199.27,3168.19,1360.03,-1589.59,215.181,-2315.43,-552.459,2949.46,968.289,-1405.52
-250354,0,1,0,1,1,250399,-0.384764,0.00591807,1.98251,0.65987,0.194549,-1.62464,-1.32884,-0.638008,0.776036,1.76188,-0.149657,0.116447,-1.54277,-0.0636614,0.2482,-1.00728,-1.59481,-1.01706,-0.127135,0.559175,1.40119,-1.61276,1.8305,-0.0898098,-1.26576,-1.76124,1.23195,-0.269686,1.22789,-1.59845,-1.56077,0.458786,1.996,-0.185011,-1.75004,1.38731,-0.797919,-1.56933,0.936032,-1.67351,1.35279,0.444837,1.42627,-1.3104,-0.0724454,0.89088,-0.393547,0.886616,0.0264761,-0.478673,-1.03596,0.226382,0.0675763,-1.26799,0.156639,-0.0321617,0.998724,0.212245,-0.63784,-0.775643,-0.788799,1.94885,1.21166,0.828242,-0.92643,-0.62419,-1.08532,0.0134659,-0.922084,-1.04397,-1.82062,-0.720654,-1.94471,-0.376988,1.76676,-0.594025,1.17955,0.313105,1.16384,0.0323358,0.112372,0.276904,0.173359,1.84303,0.871915,-1.30925,-0.819472,-0.271119,0.144731,1.18899,1.07535,1.68402,1.67163,-0.91779,-0.253471,-1.68299,-0.374937,1.42931,0.855572,-1.19532,-0.0875471,0.965695,0.838706,1.60841,1.90066,0.54254,1.3587,-1.95209,-0.238669,-0.269048,1.38739,-1.13778,-1.08676,-0.630857,-0.0623205,-0.00585573,-0.691468,0.889827,1.1236,-0.676283,-0.683938,0.0177887,0.737594,0.460375,1.31455,1.32266,0.0877639,-0.473278,0.70915,0.883324,0.592505,0.201645,-0.792869,-1.97769,0.439253,-0.798173,-0.593439,0.783913,-1.08023,-1.29014,0.954035,-0.164556,0.653054,-0.490526,-0.927926,-0.172022,0.522361,1.78381,-0.682611,1.3565,0.938033,0.911303,-0.439144,0.476582,-0.845243,0.419158,-1.37136,0.719994,-1.68482,-1.36582,-0.524761,0.232489,0.729084,-0.0671982,-0.793481,-2.69537,0.122361,0.356935,0.961907,0.805476,-1.24101,0.956063,0.530598,0.675553,0.191006,2.30448,0.896326,0.698862,0.23567,-0.0535268,0.0101735,-0.3642,0.976457,1.07125,-1.03588,-0.937839,1.95783,-0.721475,1.1506,0.348878,0.857483,-1.10409,-0.720363,0.212108,-0.498359,0.470502,0.471587,0.309213,-0.167601,-0.751737,-547.184,-508.299,2761.5,815.011,520.894,-1882.04,-2005.36,-819.359,713.376,4167.89,684.524,-60.5022,-3825.74,-379.508,89.5438,-786.665,-2764.26,-1893.05,-1138.15,1330.48,3721.9,-4549.31,2287.66,267.703,-2638.59,-2872.07,3581.78,-691.08,1559.76,-2665.15,-3407.54,531.827,2745.55,-223.138,-3512.96,4957.76,-1430.38,-3610.6,1490.59,-2808.39,2647.86,134.514,1058.66,-2025.01,485.435,3088.29,-408.039,1755.96,-843.537,223.64,-979.537,157.066,-382.401,-1592.82,146.539,630.355,1663.4,390.568,-1767.98,-422.267,-1066.21,3073.98,426.967,1910.6,-1257.09,-400.344,-1141.72,499.265,-2604.22,-1076.11,-4120.46,-2216.12,-5824.17,-626.233,4606.2,242.817,3643.23,1542.24,2193.71,656.864,865.569,271.498,-601.193,3442.11,1343.81,-669.027,-589.169,-124.323,-568.395,1995.34,2199.27,3168.19,1360.03,-1589.59,215.181,-2315.43,-552.459,2949.46,968.289,-1405.52
-250354,0,1,0,1,1,250390,-0.384764,0.00591807,1.98251,0.65987,0.194549,-1.62464,-1.32884,-0.638008,0.776036,1.76188,-0.149657,0.116447,-1.54277,-0.0636614,0.2482,-1.00728,-1.59481,-1.01706,-0.127135,0.559175,1.40119,-1.61276,1.8305,-0.0898098,-1.26576,-1.76124,1.23195,-0.269686,1.22789,-1.59845,-1.56077,0.458786,1.996,-0.185011,-1.75004,1.38731,-0.797919,-1.56933,0.936032,-1.67351,1.35279,0.444837,1.42627,-1.3104,-0.0724454,0.89088,-0.393547,0.886616,0.0264761,-0.478673,-1.03596,0.226382,0.0675763,-1.26799,0.156639,-0.0321617,0.998724,0.212245,-0.63784,-0.775643,-0.788799,1.94885,1.21166,0.828242,-0.92643,-0.62419,-1.08532,0.0134659,-0.922084,-1.04397,-1.82062,-0.720654,-1.94471,-0.376988,1.76676,-0.594025,1.17955,0.313105,1.16384,0.0323358,0.112372,0.276904,0.173359,1.84303,0.871915,-1.30925,-0.819472,-0.271119,0.144731,1.18899,1.07535,1.68402,1.67163,-0.91779,-0.253471,-1.68299,-0.374937,1.42931,0.855572,-1.19532,0.0124607,1.40847,-1.3224,-0.145349,0.0584293,0.402175,-0.530681,1.10921,1.98865,0.806355,0.829818,-0.606661,-0.203505,0.475147,-0.959054,0.55718,0.701066,0.45045,-0.175999,1.29222,0.32102,0.912343,-0.228211,-0.465301,-1.1583,-0.760211,0.180929,-0.383217,-0.0808795,-0.723598,-1.1105,2.38026,-0.242622,0.162143,-0.227592,-1.17295,-0.0586005,1.12717,-0.202534,1.97448,-0.434698,-1.8262,0.146412,0.209531,-0.65681,0.31283,-0.264287,0.154739,-0.120212,1.89774,0.171214,-0.414716,-0.785826,-0.190129,0.204761,0.00777005,-0.522425,0.496478,0.354703,-1.27278,-0.115204,0.178594,-0.472722,0.978473,-0.282472,0.0247398,-0.0222333,-0.939511,-0.588804,0.908856,-0.264897,1.01394,0.64946,-0.498342,-0.498929,-0.49282,0.491536,-2.22832,0.730762,-1.45777,0.704762,-2.10314,0.0232886,0.252624,-0.412524,1.80362,-1.46264,0.428135,-0.170319,0.899844,0.422571,0.680955,-0.625321,-0.288533,0.0357458,-0.107014,-0.78146,0.625685,1.10044,0.893305,-547.184,-508.299,2761.5,815.011,520.894,-1882.04,-2005.36,-819.359,713.376,4167.89,684.524,-60.5022,-3825.74,-379.508,89.5438,-786.665,-2764.26,-1893.05,-1138.15,1330.48,3721.9,-4549.31,2287.66,267.703,-2638.59,-2872.07,3581.78,-691.08,1559.76,-2665.15,-3407.54,531.827,2745.55,-223.138,-3512.96,4957.76,-1430.38,-3610.6,1490.59,-2808.39,2647.86,134.514,1058.66,-2025.01,485.435,3088.29,-408.039,1755.96,-843.537,223.64,-979.537,157.066,-382.401,-1592.82,146.539,630.355,1663.4,390.568,-1767.98,-422.267,-1066.21,3073.98,426.967,1910.6,-1257.09,-400.344,-1141.72,499.265,-2604.22,-1076.11,-4120.46,-2216.12,-5824.17,-626.233,4606.2,242.817,3643.23,1542.24,2193.71,656.864,865.569,271.498,-601.193,3442.11,1343.81,-669.027,-589.169,-124.323,-568.395,1995.34,2199.27,3168.19,1360.03,-1589.59,215.181,-2315.43,-552.459,2949.46,968.289,-1405.52
-250354,0,1,0,1,1,250395,-0.384764,0.00591807,1.98251,0.65987,0.194549,-1.62464,-1.32884,-0.638008,0.776036,1.76188,-0.149657,0.116447,-1.54277,-0.0636614,0.2482,-1.00728,-1.59481,-1.01706,-0.127135,0.559175,1.40119,-1.61276,1.8305,-0.0898098,-1.26576,-1.76124,1.23195,-0.269686,1.22789,-1.59845,-1.56077,0.458786,1.996,-0.185011,-1.75004,1.38731,-0.797919,-1.56933,0.936032,-1.67351,1.35279,0.444837,1.42627,-1.3104,-0.0724454,0.89088,-0.393547,0.886616,0.0264761,-0.478673,-1.03596,0.226382,0.0675763,-1.26799,0.156639,-0.0321617,0.998724,0.212245,-0.63784,-0.775643,-0.788799,1.94885,1.21166,0.828242,-0.92643,-0.62419,-1.08532,0.0134659,-0.922084,-1.04397,-1.82062,-0.720654,-1.94471,-0.376988,1.76676,-0.594025,1.17955,0.313105,1.16384,0.0323358,0.112372,0.276904,0.173359,1.84303,0.871915,-1.30925,-0.819472,-0.271119,0.144731,1.18899,1.07535,1.68402,1.67163,-0.91779,-0.253471,-1.68299,-0.374937,1.42931,0.855572,-1.19532,-0.61418,-1.06843,-1.05171,-2.36871,0.35711,-0.0143113,-0.615789,-1.63515,0.376806,1.3555,-0.228812,-0.722891,-0.153765,-0.447161,-0.346422,1.10622,-0.412111,0.854307,0.263288,0.51614,0.08024,-1.04256,-1.04997,0.49225,0.189576,0.299815,-0.00524145,0.471901,-1.236,-0.725186,-0.388832,1.05825,-0.429968,-0.454484,1.0728,0.372211,-0.222966,0.156867,-0.991106,0.272757,0.131046,0.292997,-0.2276,-2.14138,2.27746,0.94318,0.807988,-0.234077,-0.788915,1.22985,-1.96326,0.0228137,-0.419095,0.208575,0.528488,0.191325,1.69264,-0.242906,0.200341,1.18563,1.55677,0.598426,-0.774838,-0.0267861,-0.575591,0.116299,-2.19067,0.0815717,-0.0653475,-1.23069,0.24424,-0.297283,0.468025,-0.133813,-0.0120518,0.0611659,-1.12931,-0.386895,0.952685,1.54125,-0.740413,-1.54144,-0.286798,-0.20409,-0.689704,0.586446,-0.967618,-1.12982,-1.09317,-0.764926,0.140375,0.255234,0.426537,2.01634,0.708534,-0.193545,-0.799673,-1.43189,-0.967777,1.21228,-547.184,-508.299,2761.5,815.011,520.894,-1882.04,-2005.36,-819.359,713.376,4167.89,684.524,-60.5022,-3825.74,-379.508,89.5438,-786.665,-2764.26,-1893.05,-1138.15,1330.48,3721.9,-4549.31,2287.66,267.703,-2638.59,-2872.07,3581.78,-691.08,1559.76,-2665.15,-3407.54,531.827,2745.55,-223.138,-3512.96,4957.76,-1430.38,-3610.6,1490.59,-2808.39,2647.86,134.514,1058.66,-2025.01,485.435,3088.29,-408.039,1755.96,-843.537,223.64,-979.537,157.066,-382.401,-1592.82,146.539,630.355,1663.4,390.568,-1767.98,-422.267,-1066.21,3073.98,426.967,1910.6,-1257.09,-400.344,-1141.72,499.265,-2604.22,-1076.11,-4120.46,-2216.12,-5824.17,-626.233,4606.2,242.817,3643.23,1542.24,2193.71,656.864,865.569,271.498,-601.193,3442.11,1343.81,-669.027,-589.169,-124.323,-568.395,1995.34,2199.27,3168.19,1360.03,-1589.59,215.181,-2315.43,-552.459,2949.46,968.289,-1405.52
-250354,0,1,0,1,1,250406,-0.384764,0.00591807,1.98251,0.65987,0.194549,-1.62464,-1.32884,-0.638008,0.776036,1.76188,-0.149657,0.116447,-1.54277,-0.0636614,0.2482,-1.00728,-1.59481,-1.01706,-0.127135,0.559175,1.40119,-1.61276,1.8305,-0.0898098,-1.26576,-1.76124,1.23195,-0.269686,1.22789,-1.59845,-1.56077,0.458786,1.996,-0.185011,-1.75004,1.38731,-0.797919,-1.56933,0.936032,-1.67351,1.35279,0.444837,1.42627,-1.3104,-0.0724454,0.89088,-0.393547,0.886616,0.0264761,-0.478673,-1.03596,0.226382,0.0675763,-1.26799,0.156639,-0.0321617,0.998724,0.212245,-0.63784,-0.775643,-0.788799,1.94885,1.21166,0.828242,-0.92643,-0.62419,-1.08532,0.0134659,-0.922084,-1.04397,-1.82062,-0.720654,-1.94471,-0.376988,1.76676,-0.594025,1.17955,0.313105,1.16384,0.0323358,0.112372,0.276904,0.173359,1.84303,0.871915,-1.30925,-0.819472,-0.271119,0.144731,1.18899,1.07535,1.68402,1.67163,-0.91779,-0.253471,-1.68299,-0.374937,1.42931,0.855572,-1.19532,-0.680347,-0.209671,-0.327499,-0.882225,-0.185171,0.0633767,1.65437,0.644824,-0.296965,-0.237554,-2.02784,0.162016,0.281843,-0.00238258,-1.80466,1.05926,0.968167,-0.499199,-0.191415,0.312089,0.301795,-0.378362,-1.05645,-1.2093,-1.35467,1.46174,1.06093,0.932658,-0.267346,0.330949,0.767047,-0.877989,-0.425057,-1.43665,-0.529646,-0.982483,0.466404,0.791831,1.53734,0.395098,-0.8572,0.500508,-0.614418,0.170632,-0.327099,-2.06497,-0.432755,-1.02026,0.463676,0.483321,1.59012,-0.089632,0.395794,1.35689,-0.929427,0.0461724,-0.266813,-0.524492,0.287282,-0.442597,1.80949,-1.82969,-0.607174,-0.886404,0.830171,0.615971,0.142776,0.582804,-0.0889949,1.06029,2.68329,-0.91532,-0.795757,0.219581,-1.14189,-0.969454,-1.35829,1.99933,-1.68605,0.260353,-0.782128,0.32323,3.02952,0.982448,-0.753568,-0.207049,-0.939832,-0.351476,1.9681,-0.53069,0.367717,-0.236944,0.188245,1.14024,1.7958,-1.05939,1.95135,-0.564713,0.30792,-1.06804,-547.184,-508.299,2761.5,815.011,520.894,-1882.04,-2005.36,-819.359,713.376,4167.89,684.524,-60.5022,-3825.74,-379.508,89.5438,-786.665,-2764.26,-1893.05,-1138.15,1330.48,3721.9,-4549.31,2287.66,267.703,-2638.59,-2872.07,3581.78,-691.08,1559.76,-2665.15,-3407.54,531.827,2745.55,-223.138,-3512.96,4957.76,-1430.38,-3610.6,1490.59,-2808.39,2647.86,134.514,1058.66,-2025.01,485.435,3088.29,-408.039,1755.96,-843.537,223.64,-979.537,157.066,-382.401,-1592.82,146.539,630.355,1663.4,390.568,-1767.98,-422.267,-1066.21,3073.98,426.967,1910.6,-1257.09,-400.344,-1141.72,499.265,-2604.22,-1076.11,-4120.46,-2216.12,-5824.17,-626.233,4606.2,242.817,3643.23,1542.24,2193.71,656.864,865.569,271.498,-601.193,3442.11,1343.81,-669.027,-589.169,-124.323,-568.395,1995.34,2199.27,3168.19,1360.03,-1589.59,215.181,-2315.43,-552.459,2949.46,968.289,-1405.52
-250354,0,1,0,1,1,250404,-0.384764,0.00591807,1.98251,0.65987,0.194549,-1.62464,-1.32884,-0.638008,0.776036,1.76188,-0.149657,0.116447,-1.54277,-0.0636614,0.2482,-1.00728,-1.59481,-1.01706,-0.127135,0.559175,1.40119,-1.61276,1.8305,-0.0898098,-1.26576,-1.76124,1.23195,-0.269686,1.22789,-1.59845,-1.56077,0.458786,1.996,-0.185011,-1.75004,1.38731,-0.797919,-1.56933,0.936032,-1.67351,1.35279,0.444837,1.42627,-1.3104,-0.0724454,0.89088,-0.393547,0.886616,0.0264761,-0.478673,-1.03596,0.226382,0.0675763,-1.26799,0.156639,-0.0321617,0.998724,0.212245,-0.63784,-0.775643,-0.788799,1.94885,1.21166,0.828242,-0.92643,-0.62419,-1.08532,0.0134659,-0.922084,-1.04397,-1.82062,-0.720654,-1.94471,-0.376988,1.76676,-0.594025,1.17955,0.313105,1.16384,0.0323358,0.112372,0.276904,0.173359,1.84303,0.871915,-1.30925,-0.819472,-0.271119,0.144731,1.18899,1.07535,1.68402,1.67163,-0.91779,-0.253471,-1.68299,-0.374937,1.42931,0.855572,-1.19532,-0.749551,-0.439661,-0.568748,0.631876,1.48477,-0.355153,0.377717,-0.314604,0.44436,-0.274976,-0.141643,1.44141,0.572072,1.05704,-0.642462,-0.284316,-0.547417,-0.163416,-1.01661,-1.67254,0.567386,0.731513,-0.180508,-0.283706,-2.41683,1.08608,1.37699,1.30081,0.149282,-0.921381,1.06991,-0.739359,-1.01421,0.563758,0.142279,-0.430102,1.09969,-2.17622,-1.65947,0.286056,0.173872,1.41122,-0.3808,-1.13317,-1.11655,0.163384,-0.864162,-0.287582,-0.521049,0.21493,0.0213761,-0.140913,-0.162698,0.73282,0.29438,-1.31364,-0.461547,-1.19721,-0.182391,-0.12508,-0.743189,-0.261167,-2.05248,2.78787,1.44279,2.44864,-0.164828,1.26268,-1.59138,0.648311,0.510552,0.867166,0.389076,0.858068,-1.00977,0.707701,-0.790938,-0.573108,1.50407,-1.08313,-0.545644,0.0104891,-0.484258,-0.399024,0.783434,-1.44777,0.231671,2.68095,-0.874712,0.591827,1.53628,0.00932371,-0.260435,2.33002,0.0705534,0.503543,-0.503021,0.658023,-0.167025,-0.269264,-547.184,-508.299,2761.5,815.011,520.894,-1882.04,-2005.36,-819.359,713.376,4167.89,684.524,-60.5022,-3825.74,-379.508,89.5438,-786.665,-2764.26,-1893.05,-1138.15,1330.48,3721.9,-4549.31,2287.66,267.703,-2638.59,-2872.07,3581.78,-691.08,1559.76,-2665.15,-3407.54,531.827,2745.55,-223.138,-3512.96,4957.76,-1430.38,-3610.6,1490.59,-2808.39,2647.86,134.514,1058.66,-2025.01,485.435,3088.29,-408.039,1755.96,-843.537,223.64,-979.537,157.066,-382.401,-1592.82,146.539,630.355,1663.4,390.568,-1767.98,-422.267,-1066.21,3073.98,426.967,1910.6,-1257.09,-400.344,-1141.72,499.265,-2604.22,-1076.11,-4120.46,-2216.12,-5824.17,-626.233,4606.2,242.817,3643.23,1542.24,2193.71,656.864,865.569,271.498,-601.193,3442.11,1343.81,-669.027,-589.169,-124.323,-568.395,1995.34,2199.27,3168.19,1360.03,-1589.59,215.181,-2315.43,-552.459,2949.46,968.289,-1405.52
-250354,0,1,0,1,1,250401,-0.384764,0.00591807,1.98251,0.65987,0.194549,-1.62464,-1.32884,-0.638008,0.776036,1.76188,-0.149657,0.116447,-1.54277,-0.0636614,0.2482,-1.00728,-1.59481,-1.01706,-0.127135,0.559175,1.40119,-1.61276,1.8305,-0.0898098,-1.26576,-1.76124,1.23195,-0.269686,1.22789,-1.59845,-1.56077,0.458786,1.996,-0.185011,-1.75004,1.38731,-0.797919,-1.56933,0.936032,-1.67351,1.35279,0.444837,1.42627,-1.3104,-0.0724454,0.89088,-0.393547,0.886616,0.0264761,-0.478673,-1.03596,0.226382,0.0675763,-1.26799,0.156639,-0.0321617,0.998724,0.212245,-0.63784,-0.775643,-0.788799,1.94885,1.21166,0.828242,-0.92643,-0.62419,-1.08532,0.0134659,-0.922084,-1.04397,-1.82062,-0.720654,-1.94471,-0.376988,1.76676,-0.594025,1.17955,0.313105,1.16384,0.0323358,0.112372,0.276904,0.173359,1.84303,0.871915,-1.30925,-0.819472,-0.271119,0.144731,1.18899,1.07535,1.68402,1.67163,-0.91779,-0.253471,-1.68299,-0.374937,1.42931,0.855572,-1.19532,-0.248095,1.22003,0.974723,-1.24331,-2.52084,1.61176,-1.10695,-0.677519,-0.0151595,0.0799225,0.618414,0.601723,0.666653,-0.638131,-0.124783,-0.422067,-0.272247,-0.139551,-0.436923,-0.0598954,2.01494,-0.0879065,-1.14544,-0.458926,-1.57153,1.30709,0.748659,0.513639,1.99585,-0.215993,1.05162,0.766097,0.4759,0.348379,1.48985,0.633426,-1.02445,-1.78114,-1.57203,0.431144,-0.554583,2.35331,-0.3082,-0.875521,-0.00215197,-0.424428,1.27313,0.41951,-0.210906,-1.82319,1.84353,0.0953484,-0.757669,-0.222899,0.550986,-0.231687,-0.436404,-0.770315,1.16235,0.612742,0.319379,0.337568,0.313834,-0.891418,0.235419,-1.4209,0.260774,-1.30198,-0.729776,1.54046,-2.00946,1.49246,0.721032,-0.861582,0.394583,-1.23865,-1.13379,-1.15933,0.457138,-1.04086,-0.000643341,1.38582,-0.264656,-0.120639,0.126724,1.12488,0.424928,0.287874,-0.471846,-0.0616399,0.360465,-1.56303,-0.200179,-0.612197,-0.72106,0.958485,-0.199734,1.40963,0.60195,1.16431,-547.184,-508.299,2761.5,815.011,520.894,-1882.04,-2005.36,-819.359,713.376,4167.89,684.524,-60.5022,-3825.74,-379.508,89.5438,-786.665,-2764.26,-1893.05,-1138.15,1330.48,3721.9,-4549.31,2287.66,267.703,-2638.59,-2872.07,3581.78,-691.08,1559.76,-2665.15,-3407.54,531.827,2745.55,-223.138,-3512.96,4957.76,-1430.38,-3610.6,1490.59,-2808.39,2647.86,134.514,1058.66,-2025.01,485.435,3088.29,-408.039,1755.96,-843.537,223.64,-979.537,157.066,-382.401,-1592.82,146.539,630.355,1663.4,390.568,-1767.98,-422.267,-1066.21,3073.98,426.967,1910.6,-1257.09,-400.344,-1141.72,499.265,-2604.22,-1076.11,-4120.46,-2216.12,-5824.17,-626.233,4606.2,242.817,3643.23,1542.24,2193.71,656.864,865.569,271.498,-601.193,3442.11,1343.81,-669.027,-589.169,-124.323,-568.395,1995.34,2199.27,3168.19,1360.03,-1589.59,215.181,-2315.43,-552.459,2949.46,968.289,-1405.52
-250354,0,1,0,1,1,250398,-0.384764,0.00591807,1.98251,0.65987,0.194549,-1.62464,-1.32884,-0.638008,0.776036,1.76188,-0.149657,0.116447,-1.54277,-0.0636614,0.2482,-1.00728,-1.59481,-1.01706,-0.127135,0.559175,1.40119,-1.61276,1.8305,-0.0898098,-1.26576,-1.76124,1.23195,-0.269686,1.22789,-1.59845,-1.56077,0.458786,1.996,-0.185011,-1.75004,1.38731,-0.797919,-1.56933,0.936032,-1.67351,1.35279,0.444837,1.42627,-1.3104,-0.0724454,0.89088,-0.393547,0.886616,0.0264761,-0.478673,-1.03596,0.226382,0.0675763,-1.26799,0.156639,-0.0321617,0.998724,0.212245,-0.63784,-0.775643,-0.788799,1.94885,1.21166,0.828242,-0.92643,-0.62419,-1.08532,0.0134659,-0.922084,-1.04397,-1.82062,-0.720654,-1.94471,-0.376988,1.76676,-0.594025,1.17955,0.313105,1.16384,0.0323358,0.112372,0.276904,0.173359,1.84303,0.871915,-1.30925,-0.819472,-0.271119,0.144731,1.18899,1.07535,1.68402,1.67163,-0.91779,-0.253471,-1.68299,-0.374937,1.42931,0.855572,-1.19532,0.346227,1.11369,-0.648856,-0.221149,1.65762,1.16937,-0.276791,-1.15614,-1.51591,-0.961,-2.0152,0.0270921,-0.916651,-0.201471,0.201613,-2.34203,0.747079,0.286489,-1.15765,-0.8159,-0.256661,0.0222863,-0.228603,0.293008,0.0963062,-1.05382,0.331632,-2.81615,-0.214309,-0.438555,-0.656061,0.342755,0.660577,0.891361,0.222367,0.870106,1.32262,1.59949,0.0170708,0.441187,-0.444757,1.45774,-0.511306,-0.787461,-0.295904,1.83499,0.907452,1.14261,-0.0146722,0.902208,0.539879,0.984765,-0.571158,-0.886249,-0.000833269,-0.375435,-0.0584918,1.21435,-0.767733,-0.573627,0.828487,-0.37186,1.04696,-0.657982,-0.751249,-0.323303,-1.19659,-0.881387,1.09261,0.0841773,0.186408,-0.109793,-0.0249466,-0.812702,-0.605979,-0.441001,0.703624,0.942421,-0.544537,-0.0227642,0.179434,0.554181,0.355973,-2.29549,0.91651,0.119178,-0.175289,-0.0278132,1.60043,-0.109358,1.65534,0.210247,1.27286,0.540257,-1.95518,1.67717,-1.13447,1.11401,0.570124,-0.330173,-547.184,-508.299,2761.5,815.011,520.894,-1882.04,-2005.36,-819.359,713.376,4167.89,684.524,-60.5022,-3825.74,-379.508,89.5438,-786.665,-2764.26,-1893.05,-1138.15,1330.48,3721.9,-4549.31,2287.66,267.703,-2638.59,-2872.07,3581.78,-691.08,1559.76,-2665.15,-3407.54,531.827,2745.55,-223.138,-3512.96,4957.76,-1430.38,-3610.6,1490.59,-2808.39,2647.86,134.514,1058.66,-2025.01,485.435,3088.29,-408.039,1755.96,-843.537,223.64,-979.537,157.066,-382.401,-1592.82,146.539,630.355,1663.4,390.568,-1767.98,-422.267,-1066.21,3073.98,426.967,1910.6,-1257.09,-400.344,-1141.72,499.265,-2604.22,-1076.11,-4120.46,-2216.12,-5824.17,-626.233,4606.2,242.817,3643.23,1542.24,2193.71,656.864,865.569,271.498,-601.193,3442.11,1343.81,-669.027,-589.169,-124.323,-568.395,1995.34,2199.27,3168.19,1360.03,-1589.59,215.181,-2315.43,-552.459,2949.46,968.289,-1405.52
-250354,0,1,0,1,1,250402,-0.384764,0.00591807,1.98251,0.65987,0.194549,-1.62464,-1.32884,-0.638008,0.776036,1.76188,-0.149657,0.116447,-1.54277,-0.0636614,0.2482,-1.00728,-1.59481,-1.01706,-0.127135,0.559175,1.40119,-1.61276,1.8305,-0.0898098,-1.26576,-1.76124,1.23195,-0.269686,1.22789,-1.59845,-1.56077,0.458786,1.996,-0.185011,-1.75004,1.38731,-0.797919,-1.56933,0.936032,-1.67351,1.35279,0.444837,1.42627,-1.3104,-0.0724454,0.89088,-0.393547,0.886616,0.0264761,-0.478673,-1.03596,0.226382,0.0675763,-1.26799,0.156639,-0.0321617,0.998724,0.212245,-0.63784,-0.775643,-0.788799,1.94885,1.21166,0.828242,-0.92643,-0.62419,-1.08532,0.0134659,-0.922084,-1.04397,-1.82062,-0.720654,-1.94471,-0.376988,1.76676,-0.594025,1.17955,0.313105,1.16384,0.0323358,0.112372,0.276904,0.173359,1.84303,0.871915,-1.30925,-0.819472,-0.271119,0.144731,1.18899,1.07535,1.68402,1.67163,-0.91779,-0.253471,-1.68299,-0.374937,1.42931,0.855572,-1.19532,-0.178512,0.325957,-0.388279,1.75649,-0.338369,0.696949,0.8714,-0.535461,1.40179,-1.24779,-0.326353,-0.0117078,-0.610726,-1.15189,-1.1134,0.900774,0.0906746,1.26477,0.416881,0.517655,-0.141774,0.313204,-1.52998,-0.17015,0.344191,-1.06414,0.760976,0.143984,-1.69728,-0.258604,-0.0635343,0.112698,-1.69024,1.91939,-1.13745,-0.0223318,1.31795,-0.564815,-0.0825737,1.19791,-0.813819,-1.42569,-0.330808,-0.0703414,0.236516,0.194306,-0.306563,-0.182177,0.622155,-0.297665,-0.368376,1.19499,1.3605,-1.69688,-0.29593,-0.535631,-1.34066,-0.945234,0.741294,-1.1252,-0.710516,-1.12053,-0.228186,0.20731,0.806848,-0.894376,0.742684,-0.0345845,-1.05827,-0.787422,0.562441,1.0701,2.6145,-0.359391,-2.35277,1.16574,0.181807,-0.497945,0.195406,0.414991,1.48281,0.167657,1.50991,-2.23248,0.245641,-0.488612,0.834682,-0.939748,-0.432824,-0.266435,-0.47049,0.572799,2.77935,1.33847,-1.01612,0.789605,1.25367,-0.948233,0.566463,1.09484,-547.184,-508.299,2761.5,815.011,520.894,-1882.04,-2005.36,-819.359,713.376,4167.89,684.524,-60.5022,-3825.74,-379.508,89.5438,-786.665,-2764.26,-1893.05,-1138.15,1330.48,3721.9,-4549.31,2287.66,267.703,-2638.59,-2872.07,3581.78,-691.08,1559.76,-2665.15,-3407.54,531.827,2745.55,-223.138,-3512.96,4957.76,-1430.38,-3610.6,1490.59,-2808.39,2647.86,134.514,1058.66,-2025.01,485.435,3088.29,-408.039,1755.96,-843.537,223.64,-979.537,157.066,-382.401,-1592.82,146.539,630.355,1663.4,390.568,-1767.98,-422.267,-1066.21,3073.98,426.967,1910.6,-1257.09,-400.344,-1141.72,499.265,-2604.22,-1076.11,-4120.46,-2216.12,-5824.17,-626.233,4606.2,242.817,3643.23,1542.24,2193.71,656.864,865.569,271.498,-601.193,3442.11,1343.81,-669.027,-589.169,-124.323,-568.395,1995.34,2199.27,3168.19,1360.03,-1589.59,215.181,-2315.43,-552.459,2949.46,968.289,-1405.52
-250354,0,1,0,1,1,250415,-0.384764,0.00591807,1.98251,0.65987,0.194549,-1.62464,-1.32884,-0.638008,0.776036,1.76188,-0.149657,0.116447,-1.54277,-0.0636614,0.2482,-1.00728,-1.59481,-1.01706,-0.127135,0.559175,1.40119,-1.61276,1.8305,-0.0898098,-1.26576,-1.76124,1.23195,-0.269686,1.22789,-1.59845,-1.56077,0.458786,1.996,-0.185011,-1.75004,1.38731,-0.797919,-1.56933,0.936032,-1.67351,1.35279,0.444837,1.42627,-1.3104,-0.0724454,0.89088,-0.393547,0.886616,0.0264761,-0.478673,-1.03596,0.226382,0.0675763,-1.26799,0.156639,-0.0321617,0.998724,0.212245,-0.63784,-0.775643,-0.788799,1.94885,1.21166,0.828242,-0.92643,-0.62419,-1.08532,0.0134659,-0.922084,-1.04397,-1.82062,-0.720654,-1.94471,-0.376988,1.76676,-0.594025,1.17955,0.313105,1.16384,0.0323358,0.112372,0.276904,0.173359,1.84303,0.871915,-1.30925,-0.819472,-0.271119,0.144731,1.18899,1.07535,1.68402,1.67163,-0.91779,-0.253471,-1.68299,-0.374937,1.42931,0.855572,-1.19532,0.448482,-0.296909,-1.21328,1.45704,2.58623,-0.223489,1.11991,-1.1177,-1.59738,-1.25048,-0.235923,1.18873,0.642904,-0.0961413,-1.05559,-0.937514,-1.25792,-1.70477,0.777459,-0.689019,2.30161,2.02246,0.11998,-0.284651,-0.362499,-1.05616,0.836208,0.36939,0.643183,0.658432,-0.551852,-0.635794,1.17087,0.279923,0.786042,1.37745,1.20712,1.60519,0.496366,1.44054,0.882249,-1.18509,0.24094,0.312535,-0.310395,3.62091,-1.14051,0.845009,-1.12344,-0.297347,0.766244,1.82214,0.181433,-1.88306,-0.0530299,-0.484999,-1.65293,0.183314,1.09346,-1.71307,0.459177,-0.114206,-0.745574,-1.87619,-0.216813,-0.927683,-0.570538,0.520976,0.0565881,-0.695924,1.27792,1.3007,1.18831,-0.786428,-0.495706,0.212445,-0.522928,-1.13485,-0.846432,-2.11479,1.51646,-0.64897,1.18698,-0.657114,0.630577,0.601,0.724586,0.868708,-0.931597,1.5508,-0.113507,0.852202,-0.351828,1.07573,-0.340519,-1.47146,1.43989,-1.46435,-0.358054,0.433502,-547.184,-508.299,2761.5,815.011,520.894,-1882.04,-2005.36,-819.359,713.376,4167.89,684.524,-60.5022,-3825.74,-379.508,89.5438,-786.665,-2764.26,-1893.05,-1138.15,1330.48,3721.9,-4549.31,2287.66,267.703,-2638.59,-2872.07,3581.78,-691.08,1559.76,-2665.15,-3407.54,531.827,2745.55,-223.138,-3512.96,4957.76,-1430.38,-3610.6,1490.59,-2808.39,2647.86,134.514,1058.66,-2025.01,485.435,3088.29,-408.039,1755.96,-843.537,223.64,-979.537,157.066,-382.401,-1592.82,146.539,630.355,1663.4,390.568,-1767.98,-422.267,-1066.21,3073.98,426.967,1910.6,-1257.09,-400.344,-1141.72,499.265,-2604.22,-1076.11,-4120.46,-2216.12,-5824.17,-626.233,4606.2,242.817,3643.23,1542.24,2193.71,656.864,865.569,271.498,-601.193,3442.11,1343.81,-669.027,-589.169,-124.323,-568.395,1995.34,2199.27,3168.19,1360.03,-1589.59,215.181,-2315.43,-552.459,2949.46,968.289,-1405.52
-250354,0,1,0,1,1,250413,-0.384764,0.00591807,1.98251,0.65987,0.194549,-1.62464,-1.32884,-0.638008,0.776036,1.76188,-0.149657,0.116447,-1.54277,-0.0636614,0.2482,-1.00728,-1.59481,-1.01706,-0.127135,0.559175,1.40119,-1.61276,1.8305,-0.0898098,-1.26576,-1.76124,1.23195,-0.269686,1.22789,-1.59845,-1.56077,0.458786,1.996,-0.185011,-1.75004,1.38731,-0.797919,-1.56933,0.936032,-1.67351,1.35279,0.444837,1.42627,-1.3104,-0.0724454,0.89088,-0.393547,0.886616,0.0264761,-0.478673,-1.03596,0.226382,0.0675763,-1.26799,0.156639,-0.0321617,0.998724,0.212245,-0.63784,-0.775643,-0.788799,1.94885,1.21166,0.828242,-0.92643,-0.62419,-1.08532,0.0134659,-0.922084,-1.04397,-1.82062,-0.720654,-1.94471,-0.376988,1.76676,-0.594025,1.17955,0.313105,1.16384,0.0323358,0.112372,0.276904,0.173359,1.84303,0.871915,-1.30925,-0.819472,-0.271119,0.144731,1.18899,1.07535,1.68402,1.67163,-0.91779,-0.253471,-1.68299,-0.374937,1.42931,0.855572,-1.19532,-1.00112,-1.55195,1.06611,0.38855,1.9205,1.24022,-0.0245202,-0.56132,0.670081,0.881925,-0.819786,-0.588653,-2.43794,-0.347624,-0.271989,0.95851,-2.25567,2.34917,0.219007,1.39888,0.00889927,1.21837,-0.194243,-0.573098,0.295197,-0.119399,-0.0636804,0.114468,0.23981,-0.716853,-2.72532,0.569162,0.189442,1.59511,-1.04821,-0.433497,0.196854,-0.184626,0.968343,-1.03347,0.583489,0.86729,0.873417,1.21476,-0.665044,-0.725024,0.21812,0.609885,-0.383546,-0.0590874,1.4665,1.36459,-2.45948,-1.15234,2.18431,0.408527,0.671544,-0.162212,-1.26009,-0.900471,-0.121639,0.398709,-1.28664,0.290281,0.752116,0.983568,-1.0706,-0.152636,0.381981,1.35585,0.730261,-0.386373,-0.232356,-1.25537,0.222628,1.5193,-0.379118,1.12747,-1.67842,0.931187,0.82471,-1.17139,1.93191,-0.799972,0.596226,-1.38383,-0.338711,1.724,-0.222714,-0.128749,1.40492,0.179679,0.501153,2.27665,1.25797,1.59008,0.2537,-0.16975,-1.67053,-1.91376,-547.184,-508.299,2761.5,815.011,520.894,-1882.04,-2005.36,-819.359,713.376,4167.89,684.524,-60.5022,-3825.74,-379.508,89.5438,-786.665,-2764.26,-1893.05,-1138.15,1330.48,3721.9,-4549.31,2287.66,267.703,-2638.59,-2872.07,3581.78,-691.08,1559.76,-2665.15,-3407.54,531.827,2745.55,-223.138,-3512.96,4957.76,-1430.38,-3610.6,1490.59,-2808.39,2647.86,134.514,1058.66,-2025.01,485.435,3088.29,-408.039,1755.96,-843.537,223.64,-979.537,157.066,-382.401,-1592.82,146.539,630.355,1663.4,390.568,-1767.98,-422.267,-1066.21,3073.98,426.967,1910.6,-1257.09,-400.344,-1141.72,499.265,-2604.22,-1076.11,-4120.46,-2216.12,-5824.17,-626.233,4606.2,242.817,3643.23,1542.24,2193.71,656.864,865.569,271.498,-601.193,3442.11,1343.81,-669.027,-589.169,-124.323,-568.395,1995.34,2199.27,3168.19,1360.03,-1589.59,215.181,-2315.43,-552.459,2949.46,968.289,-1405.52
-250354,0,1,0,1,1,250398,-0.384764,0.00591807,1.98251,0.65987,0.194549,-1.62464,-1.32884,-0.638008,0.776036,1.76188,-0.149657,0.116447,-1.54277,-0.0636614,0.2482,-1.00728,-1.59481,-1.01706,-0.127135,0.559175,1.40119,-1.61276,1.8305,-0.0898098,-1.26576,-1.76124,1.23195,-0.269686,1.22789,-1.59845,-1.56077,0.458786,1.996,-0.185011,-1.75004,1.38731,-0.797919,-1.56933,0.936032,-1.67351,1.35279,0.444837,1.42627,-1.3104,-0.0724454,0.89088,-0.393547,0.886616,0.0264761,-0.478673,-1.03596,0.226382,0.0675763,-1.26799,0.156639,-0.0321617,0.998724,0.212245,-0.63784,-0.775643,-0.788799,1.94885,1.21166,0.828242,-0.92643,-0.62419,-1.08532,0.0134659,-0.922084,-1.04397,-1.82062,-0.720654,-1.94471,-0.376988,1.76676,-0.594025,1.17955,0.313105,1.16384,0.0323358,0.112372,0.276904,0.173359,1.84303,0.871915,-1.30925,-0.819472,-0.271119,0.144731,1.18899,1.07535,1.68402,1.67163,-0.91779,-0.253471,-1.68299,-0.374937,1.42931,0.855572,-1.19532,-1.43513,-0.617561,0.443941,0.743161,-1.43563,-0.37838,0.614002,1.61904,0.409952,1.569,0.0383231,1.38459,0.642636,1.23663,-0.569648,0.0704909,0.504601,-0.299385,-0.638026,0.919331,0.433881,-0.47985,-0.686327,-0.442736,1.32858,-0.148994,0.514588,-0.425629,-0.302758,1.02874,0.174089,0.950138,-0.259067,-0.678872,-0.319247,-0.267799,1.20975,-0.461623,-2.31465,-0.31974,0.467138,-0.51035,-0.261773,1.33757,0.738498,-1.49117,-0.0535491,0.0759966,0.733892,0.074001,0.659535,1.05793,0.13605,-0.543611,-0.352594,0.0351173,0.12726,1.1149,1.01003,1.59029,-0.995041,-0.086303,0.196362,-1.23851,1.64258,-0.50495,1.24165,0.0097451,1.2309,1.49609,-1.5725,0.314368,1.03731,-2.49481,0.763567,0.956969,-1.17398,-1.38178,0.0683355,-0.786002,0.653164,0.90256,-0.0598035,0.196254,0.298306,-0.960755,-0.73489,0.0751221,-0.816227,-1.34168,-1.6691,2.33259,1.4359,1.0376,-0.765154,0.536665,-0.86136,-1.18114,0.627288,-0.128062,-547.184,-508.299,2761.5,815.011,520.894,-1882.04,-2005.36,-819.359,713.376,4167.89,684.524,-60.5022,-3825.74,-379.508,89.5438,-786.665,-2764.26,-1893.05,-1138.15,1330.48,3721.9,-4549.31,2287.66,267.703,-2638.59,-2872.07,3581.78,-691.08,1559.76,-2665.15,-3407.54,531.827,2745.55,-223.138,-3512.96,4957.76,-1430.38,-3610.6,1490.59,-2808.39,2647.86,134.514,1058.66,-2025.01,485.435,3088.29,-408.039,1755.96,-843.537,223.64,-979.537,157.066,-382.401,-1592.82,146.539,630.355,1663.4,390.568,-1767.98,-422.267,-1066.21,3073.98,426.967,1910.6,-1257.09,-400.344,-1141.72,499.265,-2604.22,-1076.11,-4120.46,-2216.12,-5824.17,-626.233,4606.2,242.817,3643.23,1542.24,2193.71,656.864,865.569,271.498,-601.193,3442.11,1343.81,-669.027,-589.169,-124.323,-568.395,1995.34,2199.27,3168.19,1360.03,-1589.59,215.181,-2315.43,-552.459,2949.46,968.289,-1405.52
-250354,0,1,0,1,1,250396,-0.384764,0.00591807,1.98251,0.65987,0.194549,-1.62464,-1.32884,-0.638008,0.776036,1.76188,-0.149657,0.116447,-1.54277,-0.0636614,0.2482,-1.00728,-1.59481,-1.01706,-0.127135,0.559175,1.40119,-1.61276,1.8305,-0.0898098,-1.26576,-1.76124,1.23195,-0.269686,1.22789,-1.59845,-1.56077,0.458786,1.996,-0.185011,-1.75004,1.38731,-0.797919,-1.56933,0.936032,-1.67351,1.35279,0.444837,1.42627,-1.3104,-0.0724454,0.89088,-0.393547,0.886616,0.0264761,-0.478673,-1.03596,0.226382,0.0675763,-1.26799,0.156639,-0.0321617,0.998724,0.212245,-0.63784,-0.775643,-0.788799,1.94885,1.21166,0.828242,-0.92643,-0.62419,-1.08532,0.0134659,-0.922084,-1.04397,-1.82062,-0.720654,-1.94471,-0.376988,1.76676,-0.594025,1.17955,0.313105,1.16384,0.0323358,0.112372,0.276904,0.173359,1.84303,0.871915,-1.30925,-0.819472,-0.271119,0.144731,1.18899,1.07535,1.68402,1.67163,-0.91779,-0.253471,-1.68299,-0.374937,1.42931,0.855572,-1.19532,-1.44674,-0.0476685,0.158988,-2.55576,-0.401942,-0.0681815,1.26157,0.610218,1.2321,0.903363,-0.0748477,-1.61718,0.844022,1.0204,0.845037,0.21765,0.323164,0.117555,1.6966,0.303523,1.17026,-0.182356,0.267103,1.06278,0.986505,0.435128,-1.30404,-1.64125,-0.051293,0.808442,0.00831768,2.26454,0.528026,-1.08483,-0.0324533,0.971717,1.59498,0.587275,-0.06953,1.28784,-0.851935,-0.550532,0.812035,-0.30779,0.655005,-0.0898721,-0.175895,-1.98105,-0.586351,0.676106,0.349255,0.194528,0.932875,0.205861,-0.212297,1.68581,-0.368913,-0.0994748,0.0346533,0.298225,0.314493,2.89359,-0.699051,1.60462,0.218393,-0.0675523,-0.577107,-0.0240908,0.754605,-0.690321,-1.56614,1.335,0.335769,-0.997403,0.523835,1.78756,-0.725581,0.582895,0.139445,1.24066,-0.0100032,0.574308,-0.435799,-1.40911,0.0733356,0.0537677,1.22559,0.780968,-0.585564,-0.679534,-0.352183,-0.457873,0.564535,0.243356,0.503965,-0.236214,-0.0106887,0.339334,-0.568122,-0.0826701,-547.184,-508.299,2761.5,815.011,520.894,-1882.04,-2005.36,-819.359,713.376,4167.89,684.524,-60.5022,-3825.74,-379.508,89.5438,-786.665,-2764.26,-1893.05,-1138.15,1330.48,3721.9,-4549.31,2287.66,267.703,-2638.59,-2872.07,3581.78,-691.08,1559.76,-2665.15,-3407.54,531.827,2745.55,-223.138,-3512.96,4957.76,-1430.38,-3610.6,1490.59,-2808.39,2647.86,134.514,1058.66,-2025.01,485.435,3088.29,-408.039,1755.96,-843.537,223.64,-979.537,157.066,-382.401,-1592.82,146.539,630.355,1663.4,390.568,-1767.98,-422.267,-1066.21,3073.98,426.967,1910.6,-1257.09,-400.344,-1141.72,499.265,-2604.22,-1076.11,-4120.46,-2216.12,-5824.17,-626.233,4606.2,242.817,3643.23,1542.24,2193.71,656.864,865.569,271.498,-601.193,3442.11,1343.81,-669.027,-589.169,-124.323,-568.395,1995.34,2199.27,3168.19,1360.03,-1589.59,215.181,-2315.43,-552.459,2949.46,968.289,-1405.52
-250354,0,1,0,1,1,250409,-0.384764,0.00591807,1.98251,0.65987,0.194549,-1.62464,-1.32884,-0.638008,0.776036,1.76188,-0.149657,0.116447,-1.54277,-0.0636614,0.2482,-1.00728,-1.59481,-1.01706,-0.127135,0.559175,1.40119,-1.61276,1.8305,-0.0898098,-1.26576,-1.76124,1.23195,-0.269686,1.22789,-1.59845,-1.56077,0.458786,1.996,-0.185011,-1.75004,1.38731,-0.797919,-1.56933,0.936032,-1.67351,1.35279,0.444837,1.42627,-1.3104,-0.0724454,0.89088,-0.393547,0.886616,0.0264761,-0.478673,-1.03596,0.226382,0.0675763,-1.26799,0.156639,-0.0321617,0.998724,0.212245,-0.63784,-0.775643,-0.788799,1.94885,1.21166,0.828242,-0.92643,-0.62419,-1.08532,0.0134659,-0.922084,-1.04397,-1.82062,-0.720654,-1.94471,-0.376988,1.76676,-0.594025,1.17955,0.313105,1.16384,0.0323358,0.112372,0.276904,0.173359,1.84303,0.871915,-1.30925,-0.819472,-0.271119,0.144731,1.18899,1.07535,1.68402,1.67163,-0.91779,-0.253471,-1.68299,-0.374937,1.42931,0.855572,-1.19532,-1.37785,0.22837,-0.741762,0.793919,1.75705,-2.07307,-0.839798,-1.05175,0.797383,-1.35594,-0.62587,0.777447,0.828684,0.641752,-1.03018,1.12783,-1.13981,-0.544124,-0.836146,-1.85363,0.364632,-0.714101,1.98894,-1.75119,-0.200289,0.474615,0.389226,-2.10037,-0.41106,0.786388,-0.546719,-0.431117,-0.894588,1.88697,0.769794,1.06696,0.939826,1.11307,3.06346,0.783057,-0.1484,0.734291,-0.317227,0.319277,-0.0579634,-0.499022,1.24076,0.346844,2.71332,0.563403,-0.0791319,0.26876,0.863514,-1.04782,0.100702,-0.157506,-0.227837,1.55457,-1.51014,0.628221,0.292028,-0.0622754,-1.19209,-0.722349,0.204049,-1.01116,-0.0790792,0.584058,-1.03981,-0.128391,-0.913673,0.612003,1.38085,-1.43073,1.287,0.959556,-0.348205,-0.225337,-1.58447,0.508667,0.475388,-1.16631,0.530316,1.05173,-0.658957,2.1519,0.13737,-1.23329,1.34158,0.378095,-0.0105159,0.669416,-0.684782,1.30322,0.587523,1.09547,-0.815638,-0.381438,-1.20212,-1.17557,-547.184,-508.299,2761.5,815.011,520.894,-1882.04,-2005.36,-819.359,713.376,4167.89,684.524,-60.5022,-3825.74,-379.508,89.5438,-786.665,-2764.26,-1893.05,-1138.15,1330.48,3721.9,-4549.31,2287.66,267.703,-2638.59,-2872.07,3581.78,-691.08,1559.76,-2665.15,-3407.54,531.827,2745.55,-223.138,-3512.96,4957.76,-1430.38,-3610.6,1490.59,-2808.39,2647.86,134.514,1058.66,-2025.01,485.435,3088.29,-408.039,1755.96,-843.537,223.64,-979.537,157.066,-382.401,-1592.82,146.539,630.355,1663.4,390.568,-1767.98,-422.267,-1066.21,3073.98,426.967,1910.6,-1257.09,-400.344,-1141.72,499.265,-2604.22,-1076.11,-4120.46,-2216.12,-5824.17,-626.233,4606.2,242.817,3643.23,1542.24,2193.71,656.864,865.569,271.498,-601.193,3442.11,1343.81,-669.027,-589.169,-124.323,-568.395,1995.34,2199.27,3168.19,1360.03,-1589.59,215.181,-2315.43,-552.459,2949.46,968.289,-1405.52
-250354,0,1,0,1,1,250397,-0.384764,0.00591807,1.98251,0.65987,0.194549,-1.62464,-1.32884,-0.638008,0.776036,1.76188,-0.149657,0.116447,-1.54277,-0.0636614,0.2482,-1.00728,-1.59481,-1.01706,-0.127135,0.559175,1.40119,-1.61276,1.8305,-0.0898098,-1.26576,-1.76124,1.23195,-0.269686,1.22789,-1.59845,-1.56077,0.458786,1.996,-0.185011,-1.75004,1.38731,-0.797919,-1.56933,0.936032,-1.67351,1.35279,0.444837,1.42627,-1.3104,-0.0724454,0.89088,-0.393547,0.886616,0.0264761,-0.478673,-1.03596,0.226382,0.0675763,-1.26799,0.156639,-0.0321617,0.998724,0.212245,-0.63784,-0.775643,-0.788799,1.94885,1.21166,0.828242,-0.92643,-0.62419,-1.08532,0.0134659,-0.922084,-1.04397,-1.82062,-0.720654,-1.94471,-0.376988,1.76676,-0.594025,1.17955,0.313105,1.16384,0.0323358,0.112372,0.276904,0.173359,1.84303,0.871915,-1.30925,-0.819472,-0.271119,0.144731,1.18899,1.07535,1.68402,1.67163,-0.91779,-0.253471,-1.68299,-0.374937,1.42931,0.855572,-1.19532,-1.17035,0.942815,-0.587389,0.973194,1.52679,-1.49684,-0.429321,1.05651,-0.715404,1.46333,0.28189,-0.234776,-0.145403,0.0777605,-0.151025,1.66799,-0.687769,0.420178,0.513852,0.304342,1.0104,-0.95604,0.96529,-0.121624,-0.246251,-0.364833,1.09559,-1.18412,-0.40399,0.298224,-0.659231,1.15855,0.000103423,-0.602194,0.849203,-0.0358129,-0.595058,0.0116872,-0.299267,-0.497946,-0.246272,0.739571,0.318525,0.982108,1.4269,-0.669631,0.564845,-0.0415365,1.44083,-0.477337,0.867523,-0.50523,0.241942,0.0981316,2.00477,-0.281042,0.233005,-0.88534,-0.269043,1.06459,-0.00131573,-0.72469,0.940013,-0.867782,-1.00507,1.03114,-1.18864,-0.716518,0.389038,0.898619,-0.983386,-0.114755,-0.0846188,1.57861,1.18625,0.579856,-0.0608728,2.60345,1.29714,-1.76446,0.236994,-0.164656,-0.48366,1.72688,1.66838,1.56966,0.704058,0.742059,-1.16896,-1.11108,-1.87189,0.545865,1.3067,1.58327,-1.07575,0.529596,-0.595936,0.0629045,-0.0484182,-0.316939,-547.184,-508.299,2761.5,815.011,520.894,-1882.04,-2005.36,-819.359,713.376,4167.89,684.524,-60.5022,-3825.74,-379.508,89.5438,-786.665,-2764.26,-1893.05,-1138.15,1330.48,3721.9,-4549.31,2287.66,267.703,-2638.59,-2872.07,3581.78,-691.08,1559.76,-2665.15,-3407.54,531.827,2745.55,-223.138,-3512.96,4957.76,-1430.38,-3610.6,1490.59,-2808.39,2647.86,134.514,1058.66,-2025.01,485.435,3088.29,-408.039,1755.96,-843.537,223.64,-979.537,157.066,-382.401,-1592.82,146.539,630.355,1663.4,390.568,-1767.98,-422.267,-1066.21,3073.98,426.967,1910.6,-1257.09,-400.344,-1141.72,499.265,-2604.22,-1076.11,-4120.46,-2216.12,-5824.17,-626.233,4606.2,242.817,3643.23,1542.24,2193.71,656.864,865.569,271.498,-601.193,3442.11,1343.81,-669.027,-589.169,-124.323,-568.395,1995.34,2199.27,3168.19,1360.03,-1589.59,215.181,-2315.43,-552.459,2949.46,968.289,-1405.52
-250354,0,1,0,1,1,250411,-0.384764,0.00591807,1.98251,0.65987,0.194549,-1.62464,-1.32884,-0.638008,0.776036,1.76188,-0.149657,0.116447,-1.54277,-0.0636614,0.2482,-1.00728,-1.59481,-1.01706,-0.127135,0.559175,1.40119,-1.61276,1.8305,-0.0898098,-1.26576,-1.76124,1.23195,-0.269686,1.22789,-1.59845,-1.56077,0.458786,1.996,-0.185011,-1.75004,1.38731,-0.797919,-1.56933,0.936032,-1.67351,1.35279,0.444837,1.42627,-1.3104,-0.0724454,0.89088,-0.393547,0.886616,0.0264761,-0.478673,-1.03596,0.226382,0.0675763,-1.26799,0.156639,-0.0321617,0.998724,0.212245,-0.63784,-0.775643,-0.788799,1.94885,1.21166,0.828242,-0.92643,-0.62419,-1.08532,0.0134659,-0.922084,-1.04397,-1.82062,-0.720654,-1.94471,-0.376988,1.76676,-0.594025,1.17955,0.313105,1.16384,0.0323358,0.112372,0.276904,0.173359,1.84303,0.871915,-1.30925,-0.819472,-0.271119,0.144731,1.18899,1.07535,1.68402,1.67163,-0.91779,-0.253471,-1.68299,-0.374937,1.42931,0.855572,-1.19532,-0.491663,1.6612,-0.204321,-0.541829,-1.8345,-0.517165,0.908343,1.26385,-1.15557,-1.07699,-0.248939,2.74658,-1.42103,-1.18368,1.12016,-1.71491,-0.39132,0.0580604,-1.38852,0.493285,-0.198371,1.33585,0.817055,-0.462273,0.0516283,-1.67753,0.555439,0.386137,0.893628,-0.596067,0.373424,-0.860051,-1.53308,0.631856,-0.655605,-1.14716,-1.87946,0.960322,1.78803,1.31232,-0.978995,-0.257888,0.986676,0.645749,-0.615438,-2.03632,-1.76088,1.63621,0.410667,-0.634394,-1.67504,-0.261966,-0.140696,0.823619,-1.1092,-0.144234,0.40229,-0.648807,-0.686098,0.733672,1.64994,-0.280646,-0.658455,0.448711,-0.645548,1.76474,-0.945714,1.19167,-0.300743,-1.5257,-1.79716,-0.727732,0.669439,2.33548,0.917067,-0.189979,-0.0476959,-0.744227,1.73097,-1.52057,-0.9359,0.429518,0.710937,-0.0781851,0.370019,-0.0860975,0.310694,-1.3699,0.498353,1.06928,0.70425,0.958917,0.377303,-0.432261,-0.567119,0.827951,-0.365559,0.656103,-1.04422,-2.18308,-547.184,-508.299,2761.5,815.011,520.894,-1882.04,-2005.36,-819.359,713.376,4167.89,684.524,-60.5022,-3825.74,-379.508,89.5438,-786.665,-2764.26,-1893.05,-1138.15,1330.48,3721.9,-4549.31,2287.66,267.703,-2638.59,-2872.07,3581.78,-691.08,1559.76,-2665.15,-3407.54,531.827,2745.55,-223.138,-3512.96,4957.76,-1430.38,-3610.6,1490.59,-2808.39,2647.86,134.514,1058.66,-2025.01,485.435,3088.29,-408.039,1755.96,-843.537,223.64,-979.537,157.066,-382.401,-1592.82,146.539,630.355,1663.4,390.568,-1767.98,-422.267,-1066.21,3073.98,426.967,1910.6,-1257.09,-400.344,-1141.72,499.265,-2604.22,-1076.11,-4120.46,-2216.12,-5824.17,-626.233,4606.2,242.817,3643.23,1542.24,2193.71,656.864,865.569,271.498,-601.193,3442.11,1343.81,-669.027,-589.169,-124.323,-568.395,1995.34,2199.27,3168.19,1360.03,-1589.59,215.181,-2315.43,-552.459,2949.46,968.289,-1405.52
-250354,0,1,0,1,1,250401,-0.384764,0.00591807,1.98251,0.65987,0.194549,-1.62464,-1.32884,-0.638008,0.776036,1.76188,-0.149657,0.116447,-1.54277,-0.0636614,0.2482,-1.00728,-1.59481,-1.01706,-0.127135,0.559175,1.40119,-1.61276,1.8305,-0.0898098,-1.26576,-1.76124,1.23195,-0.269686,1.22789,-1.59845,-1.56077,0.458786,1.996,-0.185011,-1.75004,1.38731,-0.797919,-1.56933,0.936032,-1.67351,1.35279,0.444837,1.42627,-1.3104,-0.0724454,0.89088,-0.393547,0.886616,0.0264761,-0.478673,-1.03596,0.226382,0.0675763,-1.26799,0.156639,-0.0321617,0.998724,0.212245,-0.63784,-0.775643,-0.788799,1.94885,1.21166,0.828242,-0.92643,-0.62419,-1.08532,0.0134659,-0.922084,-1.04397,-1.82062,-0.720654,-1.94471,-0.376988,1.76676,-0.594025,1.17955,0.313105,1.16384,0.0323358,0.112372,0.276904,0.173359,1.84303,0.871915,-1.30925,-0.819472,-0.271119,0.144731,1.18899,1.07535,1.68402,1.67163,-0.91779,-0.253471,-1.68299,-0.374937,1.42931,0.855572,-1.19532,-0.979665,0.365615,1.61885,-0.557883,1.29311,0.000962542,0.36548,-0.682307,-0.15398,0.268207,1.23458,0.709367,1.54348,0.180532,0.952384,0.922276,0.60691,1.41144,1.19974,-0.477462,-0.104504,0.540388,2.57937,-1.29584,-0.252809,0.362871,-1.02938,-0.0385911,1.80339,-0.988556,-0.471019,-1.31923,1.3372,0.472937,1.14217,0.010622,0.402922,0.555487,0.546003,1.01854,-0.859575,-0.431343,-1.28072,0.352937,-0.786541,0.99209,0.586213,-1.1436,-0.996248,-1.62646,1.81891,0.747619,0.859398,-0.258953,1.50423,-0.0167287,-0.481336,-0.416992,-0.026509,0.917066,-1.28978,-0.00409428,0.149389,-2.7029,0.33357,0.506034,0.779608,0.0913841,0.81706,-1.97107,-0.752976,1.21885,-0.395807,1.74911,0.528545,0.480391,0.987141,1.08388,1.29487,-0.0269756,-0.0872817,-0.443274,-0.521927,-0.443821,1.29272,-2.13388,0.129204,0.127283,-0.70763,0.932395,-1.10337,-0.615253,0.161153,-0.98002,0.29533,-1.16688,-1.38499,0.433395,-0.426824,0.534876,-547.184,-508.299,2761.5,815.011,520.894,-1882.04,-2005.36,-819.359,713.376,4167.89,684.524,-60.5022,-3825.74,-379.508,89.5438,-786.665,-2764.26,-1893.05,-1138.15,1330.48,3721.9,-4549.31,2287.66,267.703,-2638.59,-2872.07,3581.78,-691.08,1559.76,-2665.15,-3407.54,531.827,2745.55,-223.138,-3512.96,4957.76,-1430.38,-3610.6,1490.59,-2808.39,2647.86,134.514,1058.66,-2025.01,485.435,3088.29,-408.039,1755.96,-843.537,223.64,-979.537,157.066,-382.401,-1592.82,146.539,630.355,1663.4,390.568,-1767.98,-422.267,-1066.21,3073.98,426.967,1910.6,-1257.09,-400.344,-1141.72,499.265,-2604.22,-1076.11,-4120.46,-2216.12,-5824.17,-626.233,4606.2,242.817,3643.23,1542.24,2193.71,656.864,865.569,271.498,-601.193,3442.11,1343.81,-669.027,-589.169,-124.323,-568.395,1995.34,2199.27,3168.19,1360.03,-1589.59,215.181,-2315.43,-552.459,2949.46,968.289,-1405.52
-250354,0,1,0,1,1,250410,-0.384764,0.00591807,1.98251,0.65987,0.194549,-1.62464,-1.32884,-0.638008,0.776036,1.76188,-0.149657,0.116447,-1.54277,-0.0636614,0.2482,-1.00728,-1.59481,-1.01706,-0.127135,0.559175,1.40119,-1.61276,1.8305,-0.0898098,-1.26576,-1.76124,1.23195,-0.269686,1.22789,-1.59845,-1.56077,0.458786,1.996,-0.185011,-1.75004,1.38731,-0.797919,-1.56933,0.936032,-1.67351,1.35279,0.444837,1.42627,-1.3104,-0.0724454,0.89088,-0.393547,0.886616,0.0264761,-0.478673,-1.03596,0.226382,0.0675763,-1.26799,0.156639,-0.0321617,0.998724,0.212245,-0.63784,-0.775643,-0.788799,1.94885,1.21166,0.828242,-0.92643,-0.62419,-1.08532,0.0134659,-0.922084,-1.04397,-1.82062,-0.720654,-1.94471,-0.376988,1.76676,-0.594025,1.17955,0.313105,1.16384,0.0323358,0.112372,0.276904,0.173359,1.84303,0.871915,-1.30925,-0.819472,-0.271119,0.144731,1.18899,1.07535,1.68402,1.67163,-0.91779,-0.253471,-1.68299,-0.374937,1.42931,0.855572,-1.19532,1.29339,0.770539,0.607957,0.0530526,1.80355,-0.058851,1.04997,0.806613,1.11906,2.11264,-0.0674593,-0.400811,1.21268,-1.39388,-0.522643,1.15768,1.19776,0.767614,-1.61338,-2.19048,-0.695266,-1.53533,-0.548847,-1.66646,0.322877,-0.324669,0.930052,0.418093,0.717007,2.50712,0.804001,2.0709,-0.114352,0.291583,-0.5961,-1.36106,1.73787,-1.14873,-1.47085,0.399853,1.08824,1.50742,0.182223,-1.61545,1.27391,0.503495,-3.02885,-2.69283,-1.38596,1.28776,0.263536,0.0951624,0.969367,-1.18182,-0.27595,0.414276,0.156378,0.50741,-0.133226,-1.33367,0.149885,-1.12594,-0.892695,-0.00672021,0.102854,0.885967,0.350749,-0.0337489,0.318443,-1.66276,0.870856,0.685129,0.246035,0.457926,-0.631184,1.21968,-0.131418,0.0877715,1.15365,0.849886,-0.100574,-1.5108,0.500629,0.275616,-0.146609,0.599612,0.728053,0.0576205,0.251747,0.157444,2.05837,-0.505293,-0.193375,-0.170297,-0.000435592,-0.773579,0.574416,-1.06943,0.863645,0.626075,-547.184,-508.299,2761.5,815.011,520.894,-1882.04,-2005.36,-819.359,713.376,4167.89,684.524,-60.5022,-3825.74,-379.508,89.5438,-786.665,-2764.26,-1893.05,-1138.15,1330.48,3721.9,-4549.31,2287.66,267.703,-2638.59,-2872.07,3581.78,-691.08,1559.76,-2665.15,-3407.54,531.827,2745.55,-223.138,-3512.96,4957.76,-1430.38,-3610.6,1490.59,-2808.39,2647.86,134.514,1058.66,-2025.01,485.435,3088.29,-408.039,1755.96,-843.537,223.64,-979.537,157.066,-382.401,-1592.82,146.539,630.355,1663.4,390.568,-1767.98,-422.267,-1066.21,3073.98,426.967,1910.6,-1257.09,-400.344,-1141.72,499.265,-2604.22,-1076.11,-4120.46,-2216.12,-5824.17,-626.233,4606.2,242.817,3643.23,1542.24,2193.71,656.864,865.569,271.498,-601.193,3442.11,1343.81,-669.027,-589.169,-124.323,-568.395,1995.34,2199.27,3168.19,1360.03,-1589.59,215.181,-2315.43,-552.459,2949.46,968.289,-1405.52
-250354,0,1,0,1,1,250405,-0.384764,0.00591807,1.98251,0.65987,0.194549,-1.62464,-1.32884,-0.638008,0.776036,1.76188,-0.149657,0.116447,-1.54277,-0.0636614,0.2482,-1.00728,-1.59481,-1.01706,-0.127135,0.559175,1.40119,-1.61276,1.8305,-0.0898098,-1.26576,-1.76124,1.23195,-0.269686,1.22789,-1.59845,-1.56077,0.458786,1.996,-0.185011,-1.75004,1.38731,-0.797919,-1.56933,0.936032,-1.67351,1.35279,0.444837,1.42627,-1.3104,-0.0724454,0.89088,-0.393547,0.886616,0.0264761,-0.478673,-1.03596,0.226382,0.0675763,-1.26799,0.156639,-0.0321617,0.998724,0.212245,-0.63784,-0.775643,-0.788799,1.94885,1.21166,0.828242,-0.92643,-0.62419,-1.08532,0.0134659,-0.922084,-1.04397,-1.82062,-0.720654,-1.94471,-0.376988,1.76676,-0.594025,1.17955,0.313105,1.16384,0.0323358,0.112372,0.276904,0.173359,1.84303,0.871915,-1.30925,-0.819472,-0.271119,0.144731,1.18899,1.07535,1.68402,1.67163,-0.91779,-0.253471,-1.68299,-0.374937,1.42931,0.855572,-1.19532,-1.65593,1.43043,-0.832575,2.02536,0.982192,-0.145688,1.59679,1.10134,0.642049,1.42388,2.32942,0.523547,0.278138,-0.530715,-0.874829,0.303926,-0.977619,0.815351,-0.42306,1.69834,-1.82291,0.793399,-2.18737,1.41645,-0.182386,-0.206418,0.853102,-0.177983,0.721753,-1.32384,0.355609,-0.563828,-1.13008,1.26094,0.138271,0.498154,-0.0567375,-1.24878,-0.202895,0.70534,2.05781,0.970547,-0.230977,0.275861,-0.736622,-0.0638396,0.843101,0.242009,0.199318,0.675799,-1.21211,-0.775979,-0.444806,-1.41705,-0.0627383,-1.73769,0.623231,0.0541586,0.120409,0.329411,0.0756056,-0.162939,-0.240456,0.225763,-0.914081,-0.394847,0.725141,2.67381,-1.07362,1.259,2.27511,1.22638,0.431988,-1.20255,-0.980674,-0.107506,-1.5734,0.229879,0.234696,-0.435131,0.149389,0.0889678,0.843784,0.0662142,-1.41603,0.877121,1.05216,-0.267641,-0.899015,1.56192,0.0668345,0.75268,-0.721014,0.558113,-0.0389531,2.03162,1.12258,-0.489643,0.657253,-0.505089,-547.184,-508.299,2761.5,815.011,520.894,-1882.04,-2005.36,-819.359,713.376,4167.89,684.524,-60.5022,-3825.74,-379.508,89.5438,-786.665,-2764.26,-1893.05,-1138.15,1330.48,3721.9,-4549.31,2287.66,267.703,-2638.59,-2872.07,3581.78,-691.08,1559.76,-2665.15,-3407.54,531.827,2745.55,-223.138,-3512.96,4957.76,-1430.38,-3610.6,1490.59,-2808.39,2647.86,134.514,1058.66,-2025.01,485.435,3088.29,-408.039,1755.96,-843.537,223.64,-979.537,157.066,-382.401,-1592.82,146.539,630.355,1663.4,390.568,-1767.98,-422.267,-1066.21,3073.98,426.967,1910.6,-1257.09,-400.344,-1141.72,499.265,-2604.22,-1076.11,-4120.46,-2216.12,-5824.17,-626.233,4606.2,242.817,3643.23,1542.24,2193.71,656.864,865.569,271.498,-601.193,3442.11,1343.81,-669.027,-589.169,-124.323,-568.395,1995.34,2199.27,3168.19,1360.03,-1589.59,215.181,-2315.43,-552.459,2949.46,968.289,-1405.52
-250354,0,1,0,1,1,250413,-0.384764,0.00591807,1.98251,0.65987,0.194549,-1.62464,-1.32884,-0.638008,0.776036,1.76188,-0.149657,0.116447,-1.54277,-0.0636614,0.2482,-1.00728,-1.59481,-1.01706,-0.127135,0.559175,1.40119,-1.61276,1.8305,-0.0898098,-1.26576,-1.76124,1.23195,-0.269686,1.22789,-1.59845,-1.56077,0.458786,1.996,-0.185011,-1.75004,1.38731,-0.797919,-1.56933,0.936032,-1.67351,1.35279,0.444837,1.42627,-1.3104,-0.0724454,0.89088,-0.393547,0.886616,0.0264761,-0.478673,-1.03596,0.226382,0.0675763,-1.26799,0.156639,-0.0321617,0.998724,0.212245,-0.63784,-0.775643,-0.788799,1.94885,1.21166,0.828242,-0.92643,-0.62419,-1.08532,0.0134659,-0.922084,-1.04397,-1.82062,-0.720654,-1.94471,-0.376988,1.76676,-0.594025,1.17955,0.313105,1.16384,0.0323358,0.112372,0.276904,0.173359,1.84303,0.871915,-1.30925,-0.819472,-0.271119,0.144731,1.18899,1.07535,1.68402,1.67163,-0.91779,-0.253471,-1.68299,-0.374937,1.42931,0.855572,-1.19532,0.253248,0.591834,-1.5296,1.29557,0.9455,0.260981,-0.953299,-1.46853,0.0493985,0.544063,-0.268239,3.11127,-0.825212,2.27306,1.63331,0.155777,0.740139,0.517937,-0.137343,-1.83096,-1.28769,0.648158,-1.34858,0.732019,0.827926,0.738234,-0.591003,-0.53761,-0.0754561,0.0093841,-0.849762,3.12552,1.40593,-0.969078,0.468947,-1.30874,1.07666,-1.4486,-1.50083,1.36675,-0.176898,-0.394668,-0.477623,1.51256,-1.28384,-0.746262,1.03331,1.10201,0.27698,0.859177,0.546013,-0.388974,-0.901998,-0.329589,1.30713,-0.749181,-1.63634,-0.663482,0.144083,-1.12337,-1.58721,0.485786,-2.47097,-1.16234,0.431497,0.503062,-0.205364,1.00462,0.566151,-0.59259,2.09254,0.231826,0.465055,0.694927,-1.20633,-0.00506132,-1.08307,0.133057,1.15223,-0.550523,1.63307,1.10184,1.33133,-0.330725,0.00773958,-0.16127,-1.82829,-0.623536,1.51387,1.10193,0.261392,0.453836,1.10938,0.0327481,-1.1587,1.15367,-1.20074,0.435029,0.812033,-0.98581,-547.184,-508.299,2761.5,815.011,520.894,-1882.04,-2005.36,-819.359,713.376,4167.89,684.524,-60.5022,-3825.74,-379.508,89.5438,-786.665,-2764.26,-1893.05,-1138.15,1330.48,3721.9,-4549.31,2287.66,267.703,-2638.59,-2872.07,3581.78,-691.08,1559.76,-2665.15,-3407.54,531.827,2745.55,-223.138,-3512.96,4957.76,-1430.38,-3610.6,1490.59,-2808.39,2647.86,134.514,1058.66,-2025.01,485.435,3088.29,-408.039,1755.96,-843.537,223.64,-979.537,157.066,-382.401,-1592.82,146.539,630.355,1663.4,390.568,-1767.98,-422.267,-1066.21,3073.98,426.967,1910.6,-1257.09,-400.344,-1141.72,499.265,-2604.22,-1076.11,-4120.46,-2216.12,-5824.17,-626.233,4606.2,242.817,3643.23,1542.24,2193.71,656.864,865.569,271.498,-601.193,3442.11,1343.81,-669.027,-589.169,-124.323,-568.395,1995.34,2199.27,3168.19,1360.03,-1589.59,215.181,-2315.43,-552.459,2949.46,968.289,-1405.52
-250354,0,1,0,1,1,250402,-0.384764,0.00591807,1.98251,0.65987,0.194549,-1.62464,-1.32884,-0.638008,0.776036,1.76188,-0.149657,0.116447,-1.54277,-0.0636614,0.2482,-1.00728,-1.59481,-1.01706,-0.127135,0.559175,1.40119,-1.61276,1.8305,-0.0898098,-1.26576,-1.76124,1.23195,-0.269686,1.22789,-1.59845,-1.56077,0.458786,1.996,-0.185011,-1.75004,1.38731,-0.797919,-1.56933,0.936032,-1.67351,1.35279,0.444837,1.42627,-1.3104,-0.0724454,0.89088,-0.393547,0.886616,0.0264761,-0.478673,-1.03596,0.226382,0.0675763,-1.26799,0.156639,-0.0321617,0.998724,0.212245,-0.63784,-0.775643,-0.788799,1.94885,1.21166,0.828242,-0.92643,-0.62419,-1.08532,0.0134659,-0.922084,-1.04397,-1.82062,-0.720654,-1.94471,-0.376988,1.76676,-0.594025,1.17955,0.313105,1.16384,0.0323358,0.112372,0.276904,0.173359,1.84303,0.871915,-1.30925,-0.819472,-0.271119,0.144731,1.18899,1.07535,1.68402,1.67163,-0.91779,-0.253471,-1.68299,-0.374937,1.42931,0.855572,-1.19532,0.157492,-0.409023,0.876908,0.419279,-0.0532623,-0.00857844,0.445378,-0.547884,2.43306,-0.317388,1.12515,-1.39671,0.15261,0.314406,0.439375,-1.33676,-1.66515,-1.01523,0.965313,-0.440037,-0.690509,-0.924864,0.19709,-0.207383,-0.557205,0.433767,-1.06373,0.328224,0.563192,-0.587149,1.48517,0.445556,-0.358365,-1.6162,0.355487,-0.94318,-0.423741,-0.815312,0.260937,1.23608,0.136359,-0.373007,1.54353,-0.506604,0.946329,-0.427346,-0.644026,0.600857,0.343756,1.40623,-0.717695,-0.618915,-0.0837788,-1.34874,-2.38522,0.469411,-0.871945,-0.979104,0.884962,1.52675,-0.899709,1.58355,-0.409008,0.0870047,-1.02504,-0.799185,0.291182,0.202036,1.74907,-0.115114,0.876737,0.523274,-0.0590011,1.62282,-0.0544776,0.18936,2.7632e-05,-0.536022,0.666501,1.60814,-0.778223,-0.253217,0.954872,-0.924729,-0.206938,-1.91526,0.620933,-0.0951803,1.1876,-1.38719,-0.865733,0.395796,1.06552,-0.486836,-2.28554,0.988497,2.72669,-0.369201,0.251375,1.90636,-547.184,-508.299,2761.5,815.011,520.894,-1882.04,-2005.36,-819.359,713.376,4167.89,684.524,-60.5022,-3825.74,-379.508,89.5438,-786.665,-2764.26,-1893.05,-1138.15,1330.48,3721.9,-4549.31,2287.66,267.703,-2638.59,-2872.07,3581.78,-691.08,1559.76,-2665.15,-3407.54,531.827,2745.55,-223.138,-3512.96,4957.76,-1430.38,-3610.6,1490.59,-2808.39,2647.86,134.514,1058.66,-2025.01,485.435,3088.29,-408.039,1755.96,-843.537,223.64,-979.537,157.066,-382.401,-1592.82,146.539,630.355,1663.4,390.568,-1767.98,-422.267,-1066.21,3073.98,426.967,1910.6,-1257.09,-400.344,-1141.72,499.265,-2604.22,-1076.11,-4120.46,-2216.12,-5824.17,-626.233,4606.2,242.817,3643.23,1542.24,2193.71,656.864,865.569,271.498,-601.193,3442.11,1343.81,-669.027,-589.169,-124.323,-568.395,1995.34,2199.27,3168.19,1360.03,-1589.59,215.181,-2315.43,-552.459,2949.46,968.289,-1405.52
-250354,0,1,0,1,1,250410,-0.384764,0.00591807,1.98251,0.65987,0.194549,-1.62464,-1.32884,-0.638008,0.776036,1.76188,-0.149657,0.116447,-1.54277,-0.0636614,0.2482,-1.00728,-1.59481,-1.01706,-0.127135,0.559175,1.40119,-1.61276,1.8305,-0.0898098,-1.26576,-1.76124,1.23195,-0.269686,1.22789,-1.59845,-1.56077,0.458786,1.996,-0.185011,-1.75004,1.38731,-0.797919,-1.56933,0.936032,-1.67351,1.35279,0.444837,1.42627,-1.3104,-0.0724454,0.89088,-0.393547,0.886616,0.0264761,-0.478673,-1.03596,0.226382,0.0675763,-1.26799,0.156639,-0.0321617,0.998724,0.212245,-0.63784,-0.775643,-0.788799,1.94885,1.21166,0.828242,-0.92643,-0.62419,-1.08532,0.0134659,-0.922084,-1.04397,-1.82062,-0.720654,-1.94471,-0.376988,1.76676,-0.594025,1.17955,0.313105,1.16384,0.0323358,0.112372,0.276904,0.173359,1.84303,0.871915,-1.30925,-0.819472,-0.271119,0.144731,1.18899,1.07535,1.68402,1.67163,-0.91779,-0.253471,-1.68299,-0.374937,1.42931,0.855572,-1.19532,-1.12317,0.572972,1.30556,-1.7139,-1.25729,-0.0188766,-1.64,3.04164,-0.274498,-0.335967,0.0684266,0.88049,-0.30916,-0.0774096,-1.19023,1.44356,-0.419672,0.268517,-2.63355,1.01041,0.639323,-1.469,1.36594,0.746524,0.053128,0.933148,0.587468,0.476149,0.483956,-0.314889,-1.56403,0.202859,-2.49562,-0.717077,-0.0528368,-0.336235,0.843715,-1.35389,-0.216921,1.16892,0.235704,-1.06036,0.467955,-0.920247,-1.4687,-1.36445,0.698048,0.928681,-0.829116,0.729065,-1.81781,1.08468,-0.505169,-0.0300461,-1.7475,-0.26483,1.38828,1.83485,-1.93798,0.154939,1.317,0.0434056,-0.228109,0.0425861,-0.789383,-1.24276,-0.75075,0.684932,0.626418,1.28261,-0.257562,-0.295297,-1.25047,0.514307,-0.0797695,0.765113,2.167,0.194296,-1.87686,1.19348,0.238418,-1.04745,0.429511,-0.701464,1.31592,-0.636236,0.131986,1.53536,-0.507926,-0.385957,0.762335,0.949779,0.626523,-0.171695,-0.271526,1.31559,0.816621,-1.2413,0.718875,-0.283994,-547.184,-508.299,2761.5,815.011,520.894,-1882.04,-2005.36,-819.359,713.376,4167.89,684.524,-60.5022,-3825.74,-379.508,89.5438,-786.665,-2764.26,-1893.05,-1138.15,1330.48,3721.9,-4549.31,2287.66,267.703,-2638.59,-2872.07,3581.78,-691.08,1559.76,-2665.15,-3407.54,531.827,2745.55,-223.138,-3512.96,4957.76,-1430.38,-3610.6,1490.59,-2808.39,2647.86,134.514,1058.66,-2025.01,485.435,3088.29,-408.039,1755.96,-843.537,223.64,-979.537,157.066,-382.401,-1592.82,146.539,630.355,1663.4,390.568,-1767.98,-422.267,-1066.21,3073.98,426.967,1910.6,-1257.09,-400.344,-1141.72,499.265,-2604.22,-1076.11,-4120.46,-2216.12,-5824.17,-626.233,4606.2,242.817,3643.23,1542.24,2193.71,656.864,865.569,271.498,-601.193,3442.11,1343.81,-669.027,-589.169,-124.323,-568.395,1995.34,2199.27,3168.19,1360.03,-1589.59,215.181,-2315.43,-552.459,2949.46,968.289,-1405.52
-250354,0,1,0,1,1,250404,-0.384764,0.00591807,1.98251,0.65987,0.194549,-1.62464,-1.32884,-0.638008,0.776036,1.76188,-0.149657,0.116447,-1.54277,-0.0636614,0.2482,-1.00728,-1.59481,-1.01706,-0.127135,0.559175,1.40119,-1.61276,1.8305,-0.0898098,-1.26576,-1.76124,1.23195,-0.269686,1.22789,-1.59845,-1.56077,0.458786,1.996,-0.185011,-1.75004,1.38731,-0.797919,-1.56933,0.936032,-1.67351,1.35279,0.444837,1.42627,-1.3104,-0.0724454,0.89088,-0.393547,0.886616,0.0264761,-0.478673,-1.03596,0.226382,0.0675763,-1.26799,0.156639,-0.0321617,0.998724,0.212245,-0.63784,-0.775643,-0.788799,1.94885,1.21166,0.828242,-0.92643,-0.62419,-1.08532,0.0134659,-0.922084,-1.04397,-1.82062,-0.720654,-1.94471,-0.376988,1.76676,-0.594025,1.17955,0.313105,1.16384,0.0323358,0.112372,0.276904,0.173359,1.84303,0.871915,-1.30925,-0.819472,-0.271119,0.144731,1.18899,1.07535,1.68402,1.67163,-0.91779,-0.253471,-1.68299,-0.374937,1.42931,0.855572,-1.19532,0.119904,-0.11395,-0.293851,2.00636,1.54135,-0.11723,-0.777576,1.98311,0.976689,0.466732,0.530688,0.170328,1.09906,1.73484,1.38597,1.44696,1.33871,0.955573,-0.686159,0.508742,0.811489,2.03475,1.06673,0.513972,-1.29958,-0.869741,0.0988286,1.40256,-0.899007,-1.27857,0.73149,-1.47243,-2.51803,1.14201,-0.593672,1.41389,-0.355641,1.4476,-0.141991,0.18799,-0.909434,0.863038,-1.15571,-0.930208,-0.138963,-0.454262,0.85952,-0.100796,-0.909746,0.834881,-0.796894,0.473378,0.355893,-0.49957,-0.708964,-0.00582973,0.327306,-1.30445,-1.50759,0.950191,0.75458,0.644556,1.47896,-0.817648,-0.914788,-1.99016,-0.352365,0.998173,0.209408,0.171799,0.89051,1.29455,1.30537,-0.0534624,-0.0796603,0.984471,-0.939473,1.22021,-0.731726,0.0681083,0.316421,-0.532195,0.171083,-0.85896,-1.50418,0.629403,-0.779643,0.01068,0.0144657,0.480161,-1.34663,0.698743,-0.856913,-1.7074,-2.16381,0.0652733,0.228391,1.05998,0.552976,-0.654747,-547.184,-508.299,2761.5,815.011,520.894,-1882.04,-2005.36,-819.359,713.376,4167.89,684.524,-60.5022,-3825.74,-379.508,89.5438,-786.665,-2764.26,-1893.05,-1138.15,1330.48,3721.9,-4549.31,2287.66,267.703,-2638.59,-2872.07,3581.78,-691.08,1559.76,-2665.15,-3407.54,531.827,2745.55,-223.138,-3512.96,4957.76,-1430.38,-3610.6,1490.59,-2808.39,2647.86,134.514,1058.66,-2025.01,485.435,3088.29,-408.039,1755.96,-843.537,223.64,-979.537,157.066,-382.401,-1592.82,146.539,630.355,1663.4,390.568,-1767.98,-422.267,-1066.21,3073.98,426.967,1910.6,-1257.09,-400.344,-1141.72,499.265,-2604.22,-1076.11,-4120.46,-2216.12,-5824.17,-626.233,4606.2,242.817,3643.23,1542.24,2193.71,656.864,865.569,271.498,-601.193,3442.11,1343.81,-669.027,-589.169,-124.323,-568.395,1995.34,2199.27,3168.19,1360.03,-1589.59,215.181,-2315.43,-552.459,2949.46,968.289,-1405.52
-250354,0,1,0,1,1,250393,-0.384764,0.00591807,1.98251,0.65987,0.194549,-1.62464,-1.32884,-0.638008,0.776036,1.76188,-0.149657,0.116447,-1.54277,-0.0636614,0.2482,-1.00728,-1.59481,-1.01706,-0.127135,0.559175,1.40119,-1.61276,1.8305,-0.0898098,-1.26576,-1.76124,1.23195,-0.269686,1.22789,-1.59845,-1.56077,0.458786,1.996,-0.185011,-1.75004,1.38731,-0.797919,-1.56933,0.936032,-1.67351,1.35279,0.444837,1.42627,-1.3104,-0.0724454,0.89088,-0.393547,0.886616,0.0264761,-0.478673,-1.03596,0.226382,0.0675763,-1.26799,0.156639,-0.0321617,0.998724,0.212245,-0.63784,-0.775643,-0.788799,1.94885,1.21166,0.828242,-0.92643,-0.62419,-1.08532,0.0134659,-0.922084,-1.04397,-1.82062,-0.720654,-1.94471,-0.376988,1.76676,-0.594025,1.17955,0.313105,1.16384,0.0323358,0.112372,0.276904,0.173359,1.84303,0.871915,-1.30925,-0.819472,-0.271119,0.144731,1.18899,1.07535,1.68402,1.67163,-0.91779,-0.253471,-1.68299,-0.374937,1.42931,0.855572,-1.19532,1.40213,1.91621,0.369436,-0.603338,-0.250551,-1.6825,1.01726,-0.416481,0.928675,-0.554585,-0.0327469,0.41103,-0.827021,-0.426706,-0.0532659,2.09244,-0.888303,-0.042107,-0.753768,0.400624,-0.863843,-0.516437,-0.861642,0.314135,-1.57097,-0.529557,0.927582,-0.00620948,0.214808,0.418461,1.08344,-0.0375954,-1.04737,1.29703,-0.524313,-0.182634,-0.390278,-0.636577,0.347021,0.0360151,-0.52288,0.68894,-0.36496,1.77845,-0.723002,0.086312,-0.0357888,0.176636,1.0373,-1.39443,-0.376987,0.349252,-1.69027,-1.71407,1.24489,-0.791271,-0.216142,0.418102,0.165783,-0.645277,-1.27073,0.591715,1.0783,-0.424158,1.48998,-0.674714,0.945796,-0.752688,-0.293791,-0.215017,-0.325233,1.39279,0.950969,-1.96001,0.866655,0.828882,-0.0559511,-0.699662,1.50023,1.15112,-0.0766995,0.981857,-1.20615,0.346211,-0.262183,-0.495294,-0.412124,-0.851624,0.753939,-0.594691,0.11984,1.21144,-1.66837,0.497955,-0.178921,-0.330633,-0.345928,-0.909299,-1.17274,-0.971761,-547.184,-508.299,2761.5,815.011,520.894,-1882.04,-2005.36,-819.359,713.376,4167.89,684.524,-60.5022,-3825.74,-379.508,89.5438,-786.665,-2764.26,-1893.05,-1138.15,1330.48,3721.9,-4549.31,2287.66,267.703,-2638.59,-2872.07,3581.78,-691.08,1559.76,-2665.15,-3407.54,531.827,2745.55,-223.138,-3512.96,4957.76,-1430.38,-3610.6,1490.59,-2808.39,2647.86,134.514,1058.66,-2025.01,485.435,3088.29,-408.039,1755.96,-843.537,223.64,-979.537,157.066,-382.401,-1592.82,146.539,630.355,1663.4,390.568,-1767.98,-422.267,-1066.21,3073.98,426.967,1910.6,-1257.09,-400.344,-1141.72,499.265,-2604.22,-1076.11,-4120.46,-2216.12,-5824.17,-626.233,4606.2,242.817,3643.23,1542.24,2193.71,656.864,865.569,271.498,-601.193,3442.11,1343.81,-669.027,-589.169,-124.323,-568.395,1995.34,2199.27,3168.19,1360.03,-1589.59,215.181,-2315.43,-552.459,2949.46,968.289,-1405.52
-250354,0,1,0,1,1,250399,-0.384764,0.00591807,1.98251,0.65987,0.194549,-1.62464,-1.32884,-0.638008,0.776036,1.76188,-0.149657,0.116447,-1.54277,-0.0636614,0.2482,-1.00728,-1.59481,-1.01706,-0.127135,0.559175,1.40119,-1.61276,1.8305,-0.0898098,-1.26576,-1.76124,1.23195,-0.269686,1.22789,-1.59845,-1.56077,0.458786,1.996,-0.185011,-1.75004,1.38731,-0.797919,-1.56933,0.936032,-1.67351,1.35279,0.444837,1.42627,-1.3104,-0.0724454,0.89088,-0.393547,0.886616,0.0264761,-0.478673,-1.03596,0.226382,0.0675763,-1.26799,0.156639,-0.0321617,0.998724,0.212245,-0.63784,-0.775643,-0.788799,1.94885,1.21166,0.828242,-0.92643,-0.62419,-1.08532,0.0134659,-0.922084,-1.04397,-1.82062,-0.720654,-1.94471,-0.376988,1.76676,-0.594025,1.17955,0.313105,1.16384,0.0323358,0.112372,0.276904,0.173359,1.84303,0.871915,-1.30925,-0.819472,-0.271119,0.144731,1.18899,1.07535,1.68402,1.67163,-0.91779,-0.253471,-1.68299,-0.374937,1.42931,0.855572,-1.19532,-0.0319296,0.0739087,0.121881,0.347117,2.17059,-0.352542,-0.819913,-1.75913,-0.410292,1.13594,1.17742,1.45677,0.840037,0.6435,0.204845,-1.15854,-0.371142,0.0472048,-2.22376,-1.85275,-1.30144,-0.440079,0.856131,0.218771,-0.659991,0.226464,0.231835,0.585973,-0.365548,0.434776,1.3336,-0.264214,-1.13791,-0.69716,-1.44794,-0.164557,-0.751606,-0.773415,-0.187397,-0.218681,-0.00204042,-0.486555,-0.473077,0.979254,-1.38512,0.209692,-1.15584,1.00728,-1.50679,0.849805,0.368438,0.247374,-1.24972,-0.0800814,-0.950223,1.12239,-0.724764,1.48086,-0.271524,0.809224,-0.310654,-0.021587,-0.724497,0.876188,0.263017,-0.637994,1.00118,-1.42443,-0.791381,-0.0252717,1.32183,-1.57931,0.171929,-0.764356,0.224212,-1.18423,-0.124724,0.208152,-1.5466,-1.34746,-0.609256,0.798845,0.752942,-0.572153,1.46157,-1.64147,0.435254,-0.400407,-1.21285,-0.904471,1.28662,-0.920799,2.30639,0.466213,-1.60645,-0.221988,-0.863312,-0.113952,0.459166,-0.710765,-547.184,-508.299,2761.5,815.011,520.894,-1882.04,-2005.36,-819.359,713.376,4167.89,684.524,-60.5022,-3825.74,-379.508,89.5438,-786.665,-2764.26,-1893.05,-1138.15,1330.48,3721.9,-4549.31,2287.66,267.703,-2638.59,-2872.07,3581.78,-691.08,1559.76,-2665.15,-3407.54,531.827,2745.55,-223.138,-3512.96,4957.76,-1430.38,-3610.6,1490.59,-2808.39,2647.86,134.514,1058.66,-2025.01,485.435,3088.29,-408.039,1755.96,-843.537,223.64,-979.537,157.066,-382.401,-1592.82,146.539,630.355,1663.4,390.568,-1767.98,-422.267,-1066.21,3073.98,426.967,1910.6,-1257.09,-400.344,-1141.72,499.265,-2604.22,-1076.11,-4120.46,-2216.12,-5824.17,-626.233,4606.2,242.817,3643.23,1542.24,2193.71,656.864,865.569,271.498,-601.193,3442.11,1343.81,-669.027,-589.169,-124.323,-568.395,1995.34,2199.27,3168.19,1360.03,-1589.59,215.181,-2315.43,-552.459,2949.46,968.289,-1405.52
-250354,0,1,0,1,1,250402,-0.384764,0.00591807,1.98251,0.65987,0.194549,-1.62464,-1.32884,-0.638008,0.776036,1.76188,-0.149657,0.116447,-1.54277,-0.0636614,0.2482,-1.00728,-1.59481,-1.01706,-0.127135,0.559175,1.40119,-1.61276,1.8305,-0.0898098,-1.26576,-1.76124,1.23195,-0.269686,1.22789,-1.59845,-1.56077,0.458786,1.996,-0.185011,-1.75004,1.38731,-0.797919,-1.56933,0.936032,-1.67351,1.35279,0.444837,1.42627,-1.3104,-0.0724454,0.89088,-0.393547,0.886616,0.0264761,-0.478673,-1.03596,0.226382,0.0675763,-1.26799,0.156639,-0.0321617,0.998724,0.212245,-0.63784,-0.775643,-0.788799,1.94885,1.21166,0.828242,-0.92643,-0.62419,-1.08532,0.0134659,-0.922084,-1.04397,-1.82062,-0.720654,-1.94471,-0.376988,1.76676,-0.594025,1.17955,0.313105,1.16384,0.0323358,0.112372,0.276904,0.173359,1.84303,0.871915,-1.30925,-0.819472,-0.271119,0.144731,1.18899,1.07535,1.68402,1.67163,-0.91779,-0.253471,-1.68299,-0.374937,1.42931,0.855572,-1.19532,-1.18132,-0.550359,0.316066,2.04111,1.2168,0.194169,-0.332514,1.08051,-0.475309,1.57435,-0.0279074,-1.11584,-0.560305,-0.519632,0.230804,-1.00892,-0.76674,0.596972,-2.26053,0.00368202,1.7648,-0.567304,1.0185,0.43531,0.57158,-0.825119,-0.215055,1.67001,0.044396,0.19622,0.114366,0.539545,0.145328,0.578046,-2.32321,1.24212,-0.615954,0.733942,0.0753322,0.338128,0.755483,0.512322,0.46204,0.573046,0.0440452,0.725906,1.97031,0.886639,-0.244198,-0.216779,0.788616,0.598228,-1.30425,-0.304314,0.347636,0.23746,-0.644487,-0.507802,-0.288541,0.0563925,2.05539,-0.577228,0.46187,-1.52686,-0.104534,1.18409,-1.04547,-1.38768,0.398885,0.800155,0.815119,-0.171627,0.402275,3.54678,0.729367,1.00767,0.101448,-1.21864,0.0988401,-1.54431,0.797554,0.129321,-1.01478,0.806241,0.966619,0.637898,-1.8855,0.818521,-0.485425,0.678252,-0.867616,0.393982,0.0729275,-0.376681,-1.41381,-1.5701,0.435824,-0.49712,-0.460015,1.02306,-547.184,-508.299,2761.5,815.011,520.894,-1882.04,-2005.36,-819.359,713.376,4167.89,684.524,-60.5022,-3825.74,-379.508,89.5438,-786.665,-2764.26,-1893.05,-1138.15,1330.48,3721.9,-4549.31,2287.66,267.703,-2638.59,-2872.07,3581.78,-691.08,1559.76,-2665.15,-3407.54,531.827,2745.55,-223.138,-3512.96,4957.76,-1430.38,-3610.6,1490.59,-2808.39,2647.86,134.514,1058.66,-2025.01,485.435,3088.29,-408.039,1755.96,-843.537,223.64,-979.537,157.066,-382.401,-1592.82,146.539,630.355,1663.4,390.568,-1767.98,-422.267,-1066.21,3073.98,426.967,1910.6,-1257.09,-400.344,-1141.72,499.265,-2604.22,-1076.11,-4120.46,-2216.12,-5824.17,-626.233,4606.2,242.817,3643.23,1542.24,2193.71,656.864,865.569,271.498,-601.193,3442.11,1343.81,-669.027,-589.169,-124.323,-568.395,1995.34,2199.27,3168.19,1360.03,-1589.59,215.181,-2315.43,-552.459,2949.46,968.289,-1405.52
-250354,0,1,0,1,1,250408,-0.384764,0.00591807,1.98251,0.65987,0.194549,-1.62464,-1.32884,-0.638008,0.776036,1.76188,-0.149657,0.116447,-1.54277,-0.0636614,0.2482,-1.00728,-1.59481,-1.01706,-0.127135,0.559175,1.40119,-1.61276,1.8305,-0.0898098,-1.26576,-1.76124,1.23195,-0.269686,1.22789,-1.59845,-1.56077,0.458786,1.996,-0.185011,-1.75004,1.38731,-0.797919,-1.56933,0.936032,-1.67351,1.35279,0.444837,1.42627,-1.3104,-0.0724454,0.89088,-0.393547,0.886616,0.0264761,-0.478673,-1.03596,0.226382,0.0675763,-1.26799,0.156639,-0.0321617,0.998724,0.212245,-0.63784,-0.775643,-0.788799,1.94885,1.21166,0.828242,-0.92643,-0.62419,-1.08532,0.0134659,-0.922084,-1.04397,-1.82062,-0.720654,-1.94471,-0.376988,1.76676,-0.594025,1.17955,0.313105,1.16384,0.0323358,0.112372,0.276904,0.173359,1.84303,0.871915,-1.30925,-0.819472,-0.271119,0.144731,1.18899,1.07535,1.68402,1.67163,-0.91779,-0.253471,-1.68299,-0.374937,1.42931,0.855572,-1.19532,-1.86873,-2.57564,-1.1351,0.525434,0.466709,-0.147957,1.7783,-0.709548,2.20431,0.118124,0.817112,0.134084,-0.212956,0.822657,1.01273,1.45195,0.0667442,-1.39514,-0.237052,-0.351304,-1.33696,-0.174419,-1.16909,0.642417,2.41019,0.0259444,0.137215,0.911842,-2.18583,-0.441379,2.70089,0.753698,0.293034,0.00463693,-0.806322,-0.988613,1.91211,0.67312,0.747432,0.63114,0.176148,0.556779,-0.167036,-0.719672,-0.126248,0.659568,-0.678376,-1.49975,-0.381376,2.60866,0.722313,0.241127,0.604252,0.974544,-0.812928,-0.150169,0.357708,-0.252813,1.17005,-0.257713,-1.8543,-0.231366,-0.621574,0.0727,1.86675,0.499559,0.292884,-0.424007,1.47759,0.264628,0.529671,-0.441325,0.174446,0.908165,0.150331,0.622994,0.295366,0.0857705,-0.889406,0.179915,0.193258,0.287305,-1.39909,-0.154625,0.248733,-1.17705,0.0910606,-0.240554,1.62614,-0.919095,0.154316,-0.327633,-1.47568,-1.56934,-0.206709,-1.09967,1.51733,-0.752027,1.07556,2.56683,-547.184,-508.299,2761.5,815.011,520.894,-1882.04,-2005.36,-819.359,713.376,4167.89,684.524,-60.5022,-3825.74,-379.508,89.5438,-786.665,-2764.26,-1893.05,-1138.15,1330.48,3721.9,-4549.31,2287.66,267.703,-2638.59,-2872.07,3581.78,-691.08,1559.76,-2665.15,-3407.54,531.827,2745.55,-223.138,-3512.96,4957.76,-1430.38,-3610.6,1490.59,-2808.39,2647.86,134.514,1058.66,-2025.01,485.435,3088.29,-408.039,1755.96,-843.537,223.64,-979.537,157.066,-382.401,-1592.82,146.539,630.355,1663.4,390.568,-1767.98,-422.267,-1066.21,3073.98,426.967,1910.6,-1257.09,-400.344,-1141.72,499.265,-2604.22,-1076.11,-4120.46,-2216.12,-5824.17,-626.233,4606.2,242.817,3643.23,1542.24,2193.71,656.864,865.569,271.498,-601.193,3442.11,1343.81,-669.027,-589.169,-124.323,-568.395,1995.34,2199.27,3168.19,1360.03,-1589.59,215.181,-2315.43,-552.459,2949.46,968.289,-1405.52
-250354,0,1,0,1,1,250405,-0.384764,0.00591807,1.98251,0.65987,0.194549,-1.62464,-1.32884,-0.638008,0.776036,1.76188,-0.149657,0.116447,-1.54277,-0.0636614,0.2482,-1.00728,-1.59481,-1.01706,-0.127135,0.559175,1.40119,-1.61276,1.8305,-0.0898098,-1.26576,-1.76124,1.23195,-0.269686,1.22789,-1.59845,-1.56077,0.458786,1.996,-0.185011,-1.75004,1.38731,-0.797919,-1.56933,0.936032,-1.67351,1.35279,0.444837,1.42627,-1.3104,-0.0724454,0.89088,-0.393547,0.886616,0.0264761,-0.478673,-1.03596,0.226382,0.0675763,-1.26799,0.156639,-0.0321617,0.998724,0.212245,-0.63784,-0.775643,-0.788799,1.94885,1.21166,0.828242,-0.92643,-0.62419,-1.08532,0.0134659,-0.922084,-1.04397,-1.82062,-0.720654,-1.94471,-0.376988,1.76676,-0.594025,1.17955,0.313105,1.16384,0.0323358,0.112372,0.276904,0.173359,1.84303,0.871915,-1.30925,-0.819472,-0.271119,0.144731,1.18899,1.07535,1.68402,1.67163,-0.91779,-0.253471,-1.68299,-0.374937,1.42931,0.855572,-1.19532,0.673708,0.185066,-0.196254,1.0488,-0.137068,2.49625,-1.26939,-1.30427,-1.08472,1.36891,-0.285697,0.315036,-1.12163,0.969371,0.0179563,-0.564036,0.859068,-0.0269108,-0.48119,0.227977,0.0741017,-0.182247,-0.199418,1.694,-0.876663,1.3921,-1.14127,-0.136848,1.03724,0.0752292,0.793544,1.2848,-0.543118,-0.739976,-1.94109,0.226953,-0.452634,-1.39227,2.42232,-1.36907,1.50615,-1.38736,0.123203,0.204859,0.856808,0.902979,2.38773,-0.0697557,0.754218,-0.353355,0.12601,1.0925,0.525166,2.01859,-1.00521,-0.960375,0.472206,-0.331403,0.784782,0.472848,-0.279893,0.40593,1.20689,-0.997837,0.637075,-0.0752842,0.199063,-0.623707,-0.203258,-0.648963,-1.703,1.37629,-1.0925,-0.713375,-0.258627,-0.00263738,-1.63056,-1.02125,-0.772004,0.668028,-0.800869,-1.33141,-1.11926,0.277323,-0.732683,-0.513764,-1.60549,-0.23727,-1.27012,-0.014,0.0033598,0.174006,-0.561976,-0.492647,3.04195,-0.953439,-0.972992,1.19231,0.881406,-1.03103,-547.184,-508.299,2761.5,815.011,520.894,-1882.04,-2005.36,-819.359,713.376,4167.89,684.524,-60.5022,-3825.74,-379.508,89.5438,-786.665,-2764.26,-1893.05,-1138.15,1330.48,3721.9,-4549.31,2287.66,267.703,-2638.59,-2872.07,3581.78,-691.08,1559.76,-2665.15,-3407.54,531.827,2745.55,-223.138,-3512.96,4957.76,-1430.38,-3610.6,1490.59,-2808.39,2647.86,134.514,1058.66,-2025.01,485.435,3088.29,-408.039,1755.96,-843.537,223.64,-979.537,157.066,-382.401,-1592.82,146.539,630.355,1663.4,390.568,-1767.98,-422.267,-1066.21,3073.98,426.967,1910.6,-1257.09,-400.344,-1141.72,499.265,-2604.22,-1076.11,-4120.46,-2216.12,-5824.17,-626.233,4606.2,242.817,3643.23,1542.24,2193.71,656.864,865.569,271.498,-601.193,3442.11,1343.81,-669.027,-589.169,-124.323,-568.395,1995.34,2199.27,3168.19,1360.03,-1589.59,215.181,-2315.43,-552.459,2949.46,968.289,-1405.52
-250354,0,1,0,1,1,250412,-0.384764,0.00591807,1.98251,0.65987,0.194549,-1.62464,-1.32884,-0.638008,0.776036,1.76188,-0.149657,0.116447,-1.54277,-0.0636614,0.2482,-1.00728,-1.59481,-1.01706,-0.127135,0.559175,1.40119,-1.61276,1.8305,-0.0898098,-1.26576,-1.76124,1.23195,-0.269686,1.22789,-1.59845,-1.56077,0.458786,1.996,-0.185011,-1.75004,1.38731,-0.797919,-1.56933,0.936032,-1.67351,1.35279,0.444837,1.42627,-1.3104,-0.0724454,0.89088,-0.393547,0.886616,0.0264761,-0.478673,-1.03596,0.226382,0.0675763,-1.26799,0.156639,-0.0321617,0.998724,0.212245,-0.63784,-0.775643,-0.788799,1.94885,1.21166,0.828242,-0.92643,-0.62419,-1.08532,0.0134659,-0.922084,-1.04397,-1.82062,-0.720654,-1.94471,-0.376988,1.76676,-0.594025,1.17955,0.313105,1.16384,0.0323358,0.112372,0.276904,0.173359,1.84303,0.871915,-1.30925,-0.819472,-0.271119,0.144731,1.18899,1.07535,1.68402,1.67163,-0.91779,-0.253471,-1.68299,-0.374937,1.42931,0.855572,-1.19532,0.151046,-0.723335,-0.840632,-2.15499,1.68916,1.62568,0.821454,-0.523605,-0.0542574,0.453131,0.355075,1.53355,1.00034,-0.43473,0.352148,0.15072,1.27606,1.57388,0.0700258,-0.215789,-0.584736,0.09646,-0.836928,-0.645678,-1.14257,1.59726,-0.340583,-1.33533,0.422563,-0.292166,-0.383699,-2.34432,3.1189,-0.294371,-1.2319,0.623136,0.690526,0.234447,0.786559,-1.81958,-0.833642,0.0815908,0.95428,-0.081482,-0.382904,-0.243188,1.01554,0.475202,-1.05037,0.248271,-2.91171,-0.0473498,0.942979,-0.352072,-1.70742,1.30062,1.31622,-0.439311,1.19717,1.51358,1.03625,-0.91272,-0.429875,-0.199618,0.64088,0.861668,0.329032,-1.05762,-2.32676,2.04317,-0.823416,-1.09224,-0.14672,-0.433134,0.2683,0.0251944,-0.163909,1.03488,0.432513,0.804259,-1.27251,-0.247255,-0.0483204,2.53625,0.316803,0.797095,-1.24915,0.273447,1.22063,-1.12786,-0.201114,-0.914526,-2.54264,-0.838675,-0.0932486,0.941442,-0.275481,-0.392189,-0.935969,0.293754,-547.184,-508.299,2761.5,815.011,520.894,-1882.04,-2005.36,-819.359,713.376,4167.89,684.524,-60.5022,-3825.74,-379.508,89.5438,-786.665,-2764.26,-1893.05,-1138.15,1330.48,3721.9,-4549.31,2287.66,267.703,-2638.59,-2872.07,3581.78,-691.08,1559.76,-2665.15,-3407.54,531.827,2745.55,-223.138,-3512.96,4957.76,-1430.38,-3610.6,1490.59,-2808.39,2647.86,134.514,1058.66,-2025.01,485.435,3088.29,-408.039,1755.96,-843.537,223.64,-979.537,157.066,-382.401,-1592.82,146.539,630.355,1663.4,390.568,-1767.98,-422.267,-1066.21,3073.98,426.967,1910.6,-1257.09,-400.344,-1141.72,499.265,-2604.22,-1076.11,-4120.46,-2216.12,-5824.17,-626.233,4606.2,242.817,3643.23,1542.24,2193.71,656.864,865.569,271.498,-601.193,3442.11,1343.81,-669.027,-589.169,-124.323,-568.395,1995.34,2199.27,3168.19,1360.03,-1589.59,215.181,-2315.43,-552.459,2949.46,968.289,-1405.52
-250354,0,1,0,1,1,250415,-0.384764,0.00591807,1.98251,0.65987,0.194549,-1.62464,-1.32884,-0.638008,0.776036,1.76188,-0.149657,0.116447,-1.54277,-0.0636614,0.2482,-1.00728,-1.59481,-1.01706,-0.127135,0.559175,1.40119,-1.61276,1.8305,-0.0898098,-1.26576,-1.76124,1.23195,-0.269686,1.22789,-1.59845,-1.56077,0.458786,1.996,-0.185011,-1.75004,1.38731,-0.797919,-1.56933,0.936032,-1.67351,1.35279,0.444837,1.42627,-1.3104,-0.0724454,0.89088,-0.393547,0.886616,0.0264761,-0.478673,-1.03596,0.226382,0.0675763,-1.26799,0.156639,-0.0321617,0.998724,0.212245,-0.63784,-0.775643,-0.788799,1.94885,1.21166,0.828242,-0.92643,-0.62419,-1.08532,0.0134659,-0.922084,-1.04397,-1.82062,-0.720654,-1.94471,-0.376988,1.76676,-0.594025,1.17955,0.313105,1.16384,0.0323358,0.112372,0.276904,0.173359,1.84303,0.871915,-1.30925,-0.819472,-0.271119,0.144731,1.18899,1.07535,1.68402,1.67163,-0.91779,-0.253471,-1.68299,-0.374937,1.42931,0.855572,-1.19532,-0.980079,1.1358,1.1806,-1.56304,0.256096,0.394005,1.08519,-0.816134,-2.05784,1.11484,-1.45295,1.28792,0.129928,-0.429032,0.976975,0.935972,-0.853757,2.71783,-0.598077,1.01446,0.00779879,-0.856121,1.28871,-1.53789,1.81404,-0.879771,-0.6508,-0.351145,2.39609,0.756057,1.46074,-0.55118,-1.50885,0.0628764,-1.77724,0.0634168,1.45574,-0.723061,0.578789,1.69192,0.916982,-0.236993,-1.16084,-1.28084,0.598566,0.532683,0.690079,-0.376452,-2.11562,-2.05853,0.258981,-1.00493,-0.804531,-1.55397,0.00735024,-0.246641,1.0633,0.0138514,-1.16702,-1.14485,-0.468276,-1.22314,0.837196,1.47309,0.132617,-0.757035,0.438409,-0.982744,-0.749319,-0.670053,2.93985,-0.228265,0.204681,-2.17398,0.237819,-0.893742,0.433677,0.241743,-1.30036,-0.797076,1.59747,-0.738827,2.23928,0.711161,0.565489,-0.431111,0.874068,-0.00179646,0.579732,-0.367617,0.301865,-0.874483,0.187094,-1.39614,0.295921,-1.67703,-0.0271858,0.679267,-0.357974,0.160377,-547.184,-508.299,2761.5,815.011,520.894,-1882.04,-2005.36,-819.359,713.376,4167.89,684.524,-60.5022,-3825.74,-379.508,89.5438,-786.665,-2764.26,-1893.05,-1138.15,1330.48,3721.9,-4549.31,2287.66,267.703,-2638.59,-2872.07,3581.78,-691.08,1559.76,-2665.15,-3407.54,531.827,2745.55,-223.138,-3512.96,4957.76,-1430.38,-3610.6,1490.59,-2808.39,2647.86,134.514,1058.66,-2025.01,485.435,3088.29,-408.039,1755.96,-843.537,223.64,-979.537,157.066,-382.401,-1592.82,146.539,630.355,1663.4,390.568,-1767.98,-422.267,-1066.21,3073.98,426.967,1910.6,-1257.09,-400.344,-1141.72,499.265,-2604.22,-1076.11,-4120.46,-2216.12,-5824.17,-626.233,4606.2,242.817,3643.23,1542.24,2193.71,656.864,865.569,271.498,-601.193,3442.11,1343.81,-669.027,-589.169,-124.323,-568.395,1995.34,2199.27,3168.19,1360.03,-1589.59,215.181,-2315.43,-552.459,2949.46,968.289,-1405.52
-250354,0,1,0,1,1,250395,-0.384764,0.00591807,1.98251,0.65987,0.194549,-1.62464,-1.32884,-0.638008,0.776036,1.76188,-0.149657,0.116447,-1.54277,-0.0636614,0.2482,-1.00728,-1.59481,-1.01706,-0.127135,0.559175,1.40119,-1.61276,1.8305,-0.0898098,-1.26576,-1.76124,1.23195,-0.269686,1.22789,-1.59845,-1.56077,0.458786,1.996,-0.185011,-1.75004,1.38731,-0.797919,-1.56933,0.936032,-1.67351,1.35279,0.444837,1.42627,-1.3104,-0.0724454,0.89088,-0.393547,0.886616,0.0264761,-0.478673,-1.03596,0.226382,0.0675763,-1.26799,0.156639,-0.0321617,0.998724,0.212245,-0.63784,-0.775643,-0.788799,1.94885,1.21166,0.828242,-0.92643,-0.62419,-1.08532,0.0134659,-0.922084,-1.04397,-1.82062,-0.720654,-1.94471,-0.376988,1.76676,-0.594025,1.17955,0.313105,1.16384,0.0323358,0.112372,0.276904,0.173359,1.84303,0.871915,-1.30925,-0.819472,-0.271119,0.144731,1.18899,1.07535,1.68402,1.67163,-0.91779,-0.253471,-1.68299,-0.374937,1.42931,0.855572,-1.19532,-1.6013,-0.705525,-0.294862,-1.0441,-0.566005,-0.563629,-0.526403,0.251681,0.934196,0.0631625,-0.758231,0.0634543,-0.589089,0.340271,-1.22695,0.616957,-0.428186,0.335934,0.676149,-0.100411,-2.65424,-1.39204,-0.643171,0.344406,-0.107119,-1.6648,0.483586,-0.683215,0.641827,-0.0244626,-1.0249,-0.752153,-0.863916,-0.714535,-0.427195,-0.294709,-0.366992,0.50543,0.714571,0.507707,-0.557853,-1.17397,2.13819,-0.0997469,-0.23822,1.16014,-1.2141,-0.834236,-0.350905,-0.466105,0.557704,-0.749247,1.38512,0.223898,0.179288,0.261533,0.213534,-0.792893,1.2256,-0.886221,0.33873,0.569215,0.150215,0.261359,1.05585,2.12448,-0.800251,0.274544,1.11652,0.435718,0.910411,-0.36575,0.710119,-0.111185,1.65098,-1.92288,0.815657,0.47435,-0.58901,1.38091,0.597635,0.380869,-1.10109,1.99235,0.899029,0.347273,0.437352,-0.103626,0.0618567,-0.398089,1.95951,-0.907444,0.911951,0.175383,0.130058,1.29548,1.66168,0.410568,0.349943,-1.102,-547.184,-508.299,2761.5,815.011,520.894,-1882.04,-2005.36,-819.359,713.376,4167.89,684.524,-60.5022,-3825.74,-379.508,89.5438,-786.665,-2764.26,-1893.05,-1138.15,1330.48,3721.9,-4549.31,2287.66,267.703,-2638.59,-2872.07,3581.78,-691.08,1559.76,-2665.15,-3407.54,531.827,2745.55,-223.138,-3512.96,4957.76,-1430.38,-3610.6,1490.59,-2808.39,2647.86,134.514,1058.66,-2025.01,485.435,3088.29,-408.039,1755.96,-843.537,223.64,-979.537,157.066,-382.401,-1592.82,146.539,630.355,1663.4,390.568,-1767.98,-422.267,-1066.21,3073.98,426.967,1910.6,-1257.09,-400.344,-1141.72,499.265,-2604.22,-1076.11,-4120.46,-2216.12,-5824.17,-626.233,4606.2,242.817,3643.23,1542.24,2193.71,656.864,865.569,271.498,-601.193,3442.11,1343.81,-669.027,-589.169,-124.323,-568.395,1995.34,2199.27,3168.19,1360.03,-1589.59,215.181,-2315.43,-552.459,2949.46,968.289,-1405.52
-250354,0,1,0,1,1,250421,-0.384764,0.00591807,1.98251,0.65987,0.194549,-1.62464,-1.32884,-0.638008,0.776036,1.76188,-0.149657,0.116447,-1.54277,-0.0636614,0.2482,-1.00728,-1.59481,-1.01706,-0.127135,0.559175,1.40119,-1.61276,1.8305,-0.0898098,-1.26576,-1.76124,1.23195,-0.269686,1.22789,-1.59845,-1.56077,0.458786,1.996,-0.185011,-1.75004,1.38731,-0.797919,-1.56933,0.936032,-1.67351,1.35279,0.444837,1.42627,-1.3104,-0.0724454,0.89088,-0.393547,0.886616,0.0264761,-0.478673,-1.03596,0.226382,0.0675763,-1.26799,0.156639,-0.0321617,0.998724,0.212245,-0.63784,-0.775643,-0.788799,1.94885,1.21166,0.828242,-0.92643,-0.62419,-1.08532,0.0134659,-0.922084,-1.04397,-1.82062,-0.720654,-1.94471,-0.376988,1.76676,-0.594025,1.17955,0.313105,1.16384,0.0323358,0.112372,0.276904,0.173359,1.84303,0.871915,-1.30925,-0.819472,-0.271119,0.144731,1.18899,1.07535,1.68402,1.67163,-0.91779,-0.253471,-1.68299,-0.374937,1.42931,0.855572,-1.19532,0.0203374,-1.18438,2.22759,0.902253,-1.11276,0.180113,-0.267972,1.48455,-0.671248,0.718429,-0.414463,0.849974,-0.979789,-0.555272,1.35067,-1.23176,-0.580447,-0.599196,0.12438,0.802548,1.368,-0.795354,-1.70206,-0.211377,1.89937,0.0315431,2.32188,0.120619,0.232793,-1.53881,-0.0611881,-0.81651,-1.14982,-0.460964,-0.440411,1.24999,1.23009,1.71733,2.04356,0.161205,0.199693,-0.621903,-3.48899,-0.0242765,1.14312,-0.229374,-0.235934,0.111244,0.302804,1.02608,-0.662768,0.385291,1.3405,-0.0679648,-0.0513699,-2.75664,1.58739,-1.53675,0.788976,-0.0448854,1.20715,0.0809892,-0.577565,-1.5257,-0.0359264,-2.38189,0.950012,-1.20897,-0.051714,-0.193902,1.46412,0.435495,2.20303,-2.10495,0.764174,-0.709397,1.4532,-1.37636,-1.26093,0.485447,-0.149138,-0.299026,-1.84533,0.518199,-1.23387,0.792213,0.903103,1.03257,-1.16525,-1.04479,0.854799,0.0731329,-0.710853,-1.14937,-0.511232,0.873244,2.68756,-0.84637,0.492667,1.17607,-547.184,-508.299,2761.5,815.011,520.894,-1882.04,-2005.36,-819.359,713.376,4167.89,684.524,-60.5022,-3825.74,-379.508,89.5438,-786.665,-2764.26,-1893.05,-1138.15,1330.48,3721.9,-4549.31,2287.66,267.703,-2638.59,-2872.07,3581.78,-691.08,1559.76,-2665.15,-3407.54,531.827,2745.55,-223.138,-3512.96,4957.76,-1430.38,-3610.6,1490.59,-2808.39,2647.86,134.514,1058.66,-2025.01,485.435,3088.29,-408.039,1755.96,-843.537,223.64,-979.537,157.066,-382.401,-1592.82,146.539,630.355,1663.4,390.568,-1767.98,-422.267,-1066.21,3073.98,426.967,1910.6,-1257.09,-400.344,-1141.72,499.265,-2604.22,-1076.11,-4120.46,-2216.12,-5824.17,-626.233,4606.2,242.817,3643.23,1542.24,2193.71,656.864,865.569,271.498,-601.193,3442.11,1343.81,-669.027,-589.169,-124.323,-568.395,1995.34,2199.27,3168.19,1360.03,-1589.59,215.181,-2315.43,-552.459,2949.46,968.289,-1405.52
-250354,0,1,0,1,1,250411,-0.384764,0.00591807,1.98251,0.65987,0.194549,-1.62464,-1.32884,-0.638008,0.776036,1.76188,-0.149657,0.116447,-1.54277,-0.0636614,0.2482,-1.00728,-1.59481,-1.01706,-0.127135,0.559175,1.40119,-1.61276,1.8305,-0.0898098,-1.26576,-1.76124,1.23195,-0.269686,1.22789,-1.59845,-1.56077,0.458786,1.996,-0.185011,-1.75004,1.38731,-0.797919,-1.56933,0.936032,-1.67351,1.35279,0.444837,1.42627,-1.3104,-0.0724454,0.89088,-0.393547,0.886616,0.0264761,-0.478673,-1.03596,0.226382,0.0675763,-1.26799,0.156639,-0.0321617,0.998724,0.212245,-0.63784,-0.775643,-0.788799,1.94885,1.21166,0.828242,-0.92643,-0.62419,-1.08532,0.0134659,-0.922084,-1.04397,-1.82062,-0.720654,-1.94471,-0.376988,1.76676,-0.594025,1.17955,0.313105,1.16384,0.0323358,0.112372,0.276904,0.173359,1.84303,0.871915,-1.30925,-0.819472,-0.271119,0.144731,1.18899,1.07535,1.68402,1.67163,-0.91779,-0.253471,-1.68299,-0.374937,1.42931,0.855572,-1.19532,-0.0561761,-0.480461,1.23602,1.86241,-0.948423,-0.211332,1.10545,1.30824,0.028298,-0.871569,-0.980106,1.31287,0.085316,-0.30791,-0.661324,0.377242,-1.57892,-1.08604,0.51785,2.16187,0.649161,0.187647,-2.45125,0.739934,-1.19687,-0.815899,-1.08562,0.371167,-0.38937,-0.10868,0.0145932,-0.311863,-1.18252,-0.285396,-0.175709,0.743961,0.959597,0.57492,-1.40981,-0.869078,1.65067,1.2576,0.0462664,0.0616413,-0.209598,0.513458,0.769642,0.492024,0.542123,0.13893,0.751687,-1.67,-0.816544,-1.46605,-0.500889,-0.945557,-0.0475338,0.84566,-1.44815,-0.916868,0.517534,1.0415,-0.443001,0.6026,-1.126,2.0345,-1.66104,0.602472,0.989182,1.26377,1.08246,0.260663,1.31863,1.38833,-1.53531,1.06914,0.329835,0.790797,-2.46684,0.056203,0.292472,1.78014,0.275504,2.05609,0.664289,-2.2179,-0.828814,-2.47923,0.653897,2.16586,0.168435,-0.227232,0.705807,0.971031,0.0878729,-0.168902,-1.12182,0.998437,-0.393163,-1.51306,-547.184,-508.299,2761.5,815.011,520.894,-1882.04,-2005.36,-819.359,713.376,4167.89,684.524,-60.5022,-3825.74,-379.508,89.5438,-786.665,-2764.26,-1893.05,-1138.15,1330.48,3721.9,-4549.31,2287.66,267.703,-2638.59,-2872.07,3581.78,-691.08,1559.76,-2665.15,-3407.54,531.827,2745.55,-223.138,-3512.96,4957.76,-1430.38,-3610.6,1490.59,-2808.39,2647.86,134.514,1058.66,-2025.01,485.435,3088.29,-408.039,1755.96,-843.537,223.64,-979.537,157.066,-382.401,-1592.82,146.539,630.355,1663.4,390.568,-1767.98,-422.267,-1066.21,3073.98,426.967,1910.6,-1257.09,-400.344,-1141.72,499.265,-2604.22,-1076.11,-4120.46,-2216.12,-5824.17,-626.233,4606.2,242.817,3643.23,1542.24,2193.71,656.864,865.569,271.498,-601.193,3442.11,1343.81,-669.027,-589.169,-124.323,-568.395,1995.34,2199.27,3168.19,1360.03,-1589.59,215.181,-2315.43,-552.459,2949.46,968.289,-1405.52
-250354,0,1,0,1,1,250410,-0.384764,0.00591807,1.98251,0.65987,0.194549,-1.62464,-1.32884,-0.638008,0.776036,1.76188,-0.149657,0.116447,-1.54277,-0.0636614,0.2482,-1.00728,-1.59481,-1.01706,-0.127135,0.559175,1.40119,-1.61276,1.8305,-0.0898098,-1.26576,-1.76124,1.23195,-0.269686,1.22789,-1.59845,-1.56077,0.458786,1.996,-0.185011,-1.75004,1.38731,-0.797919,-1.56933,0.936032,-1.67351,1.35279,0.444837,1.42627,-1.3104,-0.0724454,0.89088,-0.393547,0.886616,0.0264761,-0.478673,-1.03596,0.226382,0.0675763,-1.26799,0.156639,-0.0321617,0.998724,0.212245,-0.63784,-0.775643,-0.788799,1.94885,1.21166,0.828242,-0.92643,-0.62419,-1.08532,0.0134659,-0.922084,-1.04397,-1.82062,-0.720654,-1.94471,-0.376988,1.76676,-0.594025,1.17955,0.313105,1.16384,0.0323358,0.112372,0.276904,0.173359,1.84303,0.871915,-1.30925,-0.819472,-0.271119,0.144731,1.18899,1.07535,1.68402,1.67163,-0.91779,-0.253471,-1.68299,-0.374937,1.42931,0.855572,-1.19532,-0.0514071,1.19642,0.568347,1.1102,1.3381,0.194184,-0.812296,-0.267445,1.96509,1.27806,-0.949345,-0.66696,-1.17343,-0.300921,0.624659,0.00202529,0.0757548,0.188654,1.72373,1.52765,-0.259299,-0.455282,-0.684705,0.234945,-1.33799,-1.05144,0.671692,-0.0126773,0.810157,0.30417,0.385596,0.687462,0.909853,0.112625,-0.918946,-1.66639,-0.293536,1.17483,-0.450715,-0.558505,0.139198,-0.0811007,-1.1954,-0.0509953,1.29896,1.04093,0.287283,1.24577,-0.607552,2.14593,0.589905,0.796241,-1.56072,-0.91293,1.32784,-1.82254,-1.13486,0.831845,0.482562,2.41685,-0.813502,1.66927,-0.954556,0.578253,2.3408,0.420611,-0.462511,-0.443959,-1.04738,0.316005,0.45893,0.431516,-0.418798,0.277024,0.588176,-0.327913,1.40141,-0.838806,0.656404,0.40015,-1.87022,-0.517044,3.5305,1.0682,0.177096,-0.94887,-0.879367,-0.454881,0.547757,-0.566623,-1.49172,1.89652,2.08259,1.53835,-0.273492,-1.22815,0.218798,0.090916,-1.24128,0.642467,-547.184,-508.299,2761.5,815.011,520.894,-1882.04,-2005.36,-819.359,713.376,4167.89,684.524,-60.5022,-3825.74,-379.508,89.5438,-786.665,-2764.26,-1893.05,-1138.15,1330.48,3721.9,-4549.31,2287.66,267.703,-2638.59,-2872.07,3581.78,-691.08,1559.76,-2665.15,-3407.54,531.827,2745.55,-223.138,-3512.96,4957.76,-1430.38,-3610.6,1490.59,-2808.39,2647.86,134.514,1058.66,-2025.01,485.435,3088.29,-408.039,1755.96,-843.537,223.64,-979.537,157.066,-382.401,-1592.82,146.539,630.355,1663.4,390.568,-1767.98,-422.267,-1066.21,3073.98,426.967,1910.6,-1257.09,-400.344,-1141.72,499.265,-2604.22,-1076.11,-4120.46,-2216.12,-5824.17,-626.233,4606.2,242.817,3643.23,1542.24,2193.71,656.864,865.569,271.498,-601.193,3442.11,1343.81,-669.027,-589.169,-124.323,-568.395,1995.34,2199.27,3168.19,1360.03,-1589.59,215.181,-2315.43,-552.459,2949.46,968.289,-1405.52
-250354,0,1,0,1,1,250414,-0.384764,0.00591807,1.98251,0.65987,0.194549,-1.62464,-1.32884,-0.638008,0.776036,1.76188,-0.149657,0.116447,-1.54277,-0.0636614,0.2482,-1.00728,-1.59481,-1.01706,-0.127135,0.559175,1.40119,-1.61276,1.8305,-0.0898098,-1.26576,-1.76124,1.23195,-0.269686,1.22789,-1.59845,-1.56077,0.458786,1.996,-0.185011,-1.75004,1.38731,-0.797919,-1.56933,0.936032,-1.67351,1.35279,0.444837,1.42627,-1.3104,-0.0724454,0.89088,-0.393547,0.886616,0.0264761,-0.478673,-1.03596,0.226382,0.0675763,-1.26799,0.156639,-0.0321617,0.998724,0.212245,-0.63784,-0.775643,-0.788799,1.94885,1.21166,0.828242,-0.92643,-0.62419,-1.08532,0.0134659,-0.922084,-1.04397,-1.82062,-0.720654,-1.94471,-0.376988,1.76676,-0.594025,1.17955,0.313105,1.16384,0.0323358,0.112372,0.276904,0.173359,1.84303,0.871915,-1.30925,-0.819472,-0.271119,0.144731,1.18899,1.07535,1.68402,1.67163,-0.91779,-0.253471,-1.68299,-0.374937,1.42931,0.855572,-1.19532,-2.56656,-0.838207,-0.722893,1.48953,1.32682,-1.34241,-1.39771,0.876023,0.282019,-1.76753,-0.275164,-0.663699,-0.933698,0.578617,-0.434169,-0.256564,-1.08943,2.2886,-0.714631,-0.668014,-0.910713,-0.455429,0.203778,2.54572,-0.604802,-0.120663,1.25734,-0.151385,0.295663,-0.751792,0.220078,-0.474695,0.932286,0.403221,0.714047,-0.132069,-1.78067,0.719575,1.00423,-0.761339,0.177217,0.662501,-0.89764,-0.873969,0.552669,-0.439301,1.51026,0.27714,-0.0656224,-0.488875,0.305493,1.11473,0.559921,-0.420758,-1.10013,-0.467378,1.41136,-2.20688,-1.34566,0.27758,-1.6585,1.26455,-0.639533,-0.806434,0.816501,-1.67329,-1.18366,-1.16939,-0.724274,-0.467156,-0.867104,-0.403508,-1.34009,-1.79992,0.792196,0.0137419,0.543476,-1.46413,-0.427265,0.0425747,-1.07979,-2.25742,2.04499,-0.569613,0.804364,-0.0861186,-0.483173,1.59883,1.21855,0.326906,-2.00235,0.0649463,1.61532,-1.76885,-0.0521731,-1.92412,-0.339392,0.205513,2.16634,1.29532,-547.184,-508.299,2761.5,815.011,520.894,-1882.04,-2005.36,-819.359,713.376,4167.89,684.524,-60.5022,-3825.74,-379.508,89.5438,-786.665,-2764.26,-1893.05,-1138.15,1330.48,3721.9,-4549.31,2287.66,267.703,-2638.59,-2872.07,3581.78,-691.08,1559.76,-2665.15,-3407.54,531.827,2745.55,-223.138,-3512.96,4957.76,-1430.38,-3610.6,1490.59,-2808.39,2647.86,134.514,1058.66,-2025.01,485.435,3088.29,-408.039,1755.96,-843.537,223.64,-979.537,157.066,-382.401,-1592.82,146.539,630.355,1663.4,390.568,-1767.98,-422.267,-1066.21,3073.98,426.967,1910.6,-1257.09,-400.344,-1141.72,499.265,-2604.22,-1076.11,-4120.46,-2216.12,-5824.17,-626.233,4606.2,242.817,3643.23,1542.24,2193.71,656.864,865.569,271.498,-601.193,3442.11,1343.81,-669.027,-589.169,-124.323,-568.395,1995.34,2199.27,3168.19,1360.03,-1589.59,215.181,-2315.43,-552.459,2949.46,968.289,-1405.52
-250354,0,1,0,1,1,250396,-0.384764,0.00591807,1.98251,0.65987,0.194549,-1.62464,-1.32884,-0.638008,0.776036,1.76188,-0.149657,0.116447,-1.54277,-0.0636614,0.2482,-1.00728,-1.59481,-1.01706,-0.127135,0.559175,1.40119,-1.61276,1.8305,-0.0898098,-1.26576,-1.76124,1.23195,-0.269686,1.22789,-1.59845,-1.56077,0.458786,1.996,-0.185011,-1.75004,1.38731,-0.797919,-1.56933,0.936032,-1.67351,1.35279,0.444837,1.42627,-1.3104,-0.0724454,0.89088,-0.393547,0.886616,0.0264761,-0.478673,-1.03596,0.226382,0.0675763,-1.26799,0.156639,-0.0321617,0.998724,0.212245,-0.63784,-0.775643,-0.788799,1.94885,1.21166,0.828242,-0.92643,-0.62419,-1.08532,0.0134659,-0.922084,-1.04397,-1.82062,-0.720654,-1.94471,-0.376988,1.76676,-0.594025,1.17955,0.313105,1.16384,0.0323358,0.112372,0.276904,0.173359,1.84303,0.871915,-1.30925,-0.819472,-0.271119,0.144731,1.18899,1.07535,1.68402,1.67163,-0.91779,-0.253471,-1.68299,-0.374937,1.42931,0.855572,-1.19532,-1.78022,2.42222,-0.789546,-0.350215,1.62142,0.463844,-1.16984,-1.97219,-1.07857,-0.107986,-1.75288,0.2198,-1.47667,-1.01958,-0.836382,0.160913,0.193829,0.636636,-0.731991,-1.09262,1.56137,0.173994,0.532178,0.436476,-0.212884,-0.200049,0.920421,-0.52477,-0.525927,0.0802475,-0.62146,0.354242,0.179248,-0.317142,-0.376341,-0.0151961,-0.338798,-0.867783,1.35561,0.106265,-1.45961,0.416404,0.450253,-0.104639,0.585369,1.63543,-0.453169,0.84353,-0.443917,1.15362,-1.83747,-0.644422,-0.670156,0.431071,0.671295,0.878852,-1.35532,0.186928,-0.287846,-0.707348,0.308615,0.677729,-1.25689,-0.0493425,-1.47757,1.74977,-0.0855811,1.25263,-0.622991,0.300738,-1.16072,-0.667498,-1.11825,-1.22953,-0.383285,-0.145844,-1.31889,-0.336902,0.924617,0.0992246,-0.756174,0.690479,0.262373,1.32695,0.616361,-0.951824,-0.258923,0.385493,0.33156,0.503986,0.46972,0.347848,-2.30892,-1.40662,0.399751,-1.0693,0.26262,1.23333,0.490852,-0.126977,-547.184,-508.299,2761.5,815.011,520.894,-1882.04,-2005.36,-819.359,713.376,4167.89,684.524,-60.5022,-3825.74,-379.508,89.5438,-786.665,-2764.26,-1893.05,-1138.15,1330.48,3721.9,-4549.31,2287.66,267.703,-2638.59,-2872.07,3581.78,-691.08,1559.76,-2665.15,-3407.54,531.827,2745.55,-223.138,-3512.96,4957.76,-1430.38,-3610.6,1490.59,-2808.39,2647.86,134.514,1058.66,-2025.01,485.435,3088.29,-408.039,1755.96,-843.537,223.64,-979.537,157.066,-382.401,-1592.82,146.539,630.355,1663.4,390.568,-1767.98,-422.267,-1066.21,3073.98,426.967,1910.6,-1257.09,-400.344,-1141.72,499.265,-2604.22,-1076.11,-4120.46,-2216.12,-5824.17,-626.233,4606.2,242.817,3643.23,1542.24,2193.71,656.864,865.569,271.498,-601.193,3442.11,1343.81,-669.027,-589.169,-124.323,-568.395,1995.34,2199.27,3168.19,1360.03,-1589.59,215.181,-2315.43,-552.459,2949.46,968.289,-1405.52
-250354,0,1,0,1,1,250410,-0.384764,0.00591807,1.98251,0.65987,0.194549,-1.62464,-1.32884,-0.638008,0.776036,1.76188,-0.149657,0.116447,-1.54277,-0.0636614,0.2482,-1.00728,-1.59481,-1.01706,-0.127135,0.559175,1.40119,-1.61276,1.8305,-0.0898098,-1.26576,-1.76124,1.23195,-0.269686,1.22789,-1.59845,-1.56077,0.458786,1.996,-0.185011,-1.75004,1.38731,-0.797919,-1.56933,0.936032,-1.67351,1.35279,0.444837,1.42627,-1.3104,-0.0724454,0.89088,-0.393547,0.886616,0.0264761,-0.478673,-1.03596,0.226382,0.0675763,-1.26799,0.156639,-0.0321617,0.998724,0.212245,-0.63784,-0.775643,-0.788799,1.94885,1.21166,0.828242,-0.92643,-0.62419,-1.08532,0.0134659,-0.922084,-1.04397,-1.82062,-0.720654,-1.94471,-0.376988,1.76676,-0.594025,1.17955,0.313105,1.16384,0.0323358,0.112372,0.276904,0.173359,1.84303,0.871915,-1.30925,-0.819472,-0.271119,0.144731,1.18899,1.07535,1.68402,1.67163,-0.91779,-0.253471,-1.68299,-0.374937,1.42931,0.855572,-1.19532,0.279113,0.654628,-0.701566,1.61396,-0.170975,-0.459623,0.368738,-1.08831,0.70351,1.4872,-0.583771,-1.3631,1.84353,0.789221,1.77944,0.626995,-1.25694,-0.668989,1.39378,-0.346941,1.2107,-0.64577,0.96701,1.21729,1.61904,-0.989143,-1.48473,-0.56606,-0.0635079,0.747483,-1.8733,0.882714,1.71202,-0.408232,-0.160119,-0.704211,-1.33159,-0.34785,0.48155,0.340396,-1.08728,-1.31522,-0.573845,0.545889,-1.9596,-0.460415,-0.573717,0.0760092,-0.686098,1.65394,-1.5267,-1.13565,0.40309,0.464919,0.173568,-0.0412466,-0.451806,-0.771088,-0.163323,2.01945,-2.75108,0.825265,1.27295,-1.18645,0.273321,0.432927,1.31992,-0.0234316,-0.790607,-2.08918,-0.717464,-0.818647,0.19804,0.824373,2.18815,0.418846,-0.374961,-1.46256,-0.231026,1.51187,-0.488052,-0.776762,0.778264,-0.825587,-2.6851,0.227087,0.625596,0.0794844,0.98938,0.713404,-0.456856,1.06865,-1.01079,0.416437,-0.562225,0.0104504,-0.58907,-0.977226,-1.71509,0.224816,-547.184,-508.299,2761.5,815.011,520.894,-1882.04,-2005.36,-819.359,713.376,4167.89,684.524,-60.5022,-3825.74,-379.508,89.5438,-786.665,-2764.26,-1893.05,-1138.15,1330.48,3721.9,-4549.31,2287.66,267.703,-2638.59,-2872.07,3581.78,-691.08,1559.76,-2665.15,-3407.54,531.827,2745.55,-223.138,-3512.96,4957.76,-1430.38,-3610.6,1490.59,-2808.39,2647.86,134.514,1058.66,-2025.01,485.435,3088.29,-408.039,1755.96,-843.537,223.64,-979.537,157.066,-382.401,-1592.82,146.539,630.355,1663.4,390.568,-1767.98,-422.267,-1066.21,3073.98,426.967,1910.6,-1257.09,-400.344,-1141.72,499.265,-2604.22,-1076.11,-4120.46,-2216.12,-5824.17,-626.233,4606.2,242.817,3643.23,1542.24,2193.71,656.864,865.569,271.498,-601.193,3442.11,1343.81,-669.027,-589.169,-124.323,-568.395,1995.34,2199.27,3168.19,1360.03,-1589.59,215.181,-2315.43,-552.459,2949.46,968.289,-1405.52
-250354,0,1,0,1,1,250406,-0.384764,0.00591807,1.98251,0.65987,0.194549,-1.62464,-1.32884,-0.638008,0.776036,1.76188,-0.149657,0.116447,-1.54277,-0.0636614,0.2482,-1.00728,-1.59481,-1.01706,-0.127135,0.559175,1.40119,-1.61276,1.8305,-0.0898098,-1.26576,-1.76124,1.23195,-0.269686,1.22789,-1.59845,-1.56077,0.458786,1.996,-0.185011,-1.75004,1.38731,-0.797919,-1.56933,0.936032,-1.67351,1.35279,0.444837,1.42627,-1.3104,-0.0724454,0.89088,-0.393547,0.886616,0.0264761,-0.478673,-1.03596,0.226382,0.0675763,-1.26799,0.156639,-0.0321617,0.998724,0.212245,-0.63784,-0.775643,-0.788799,1.94885,1.21166,0.828242,-0.92643,-0.62419,-1.08532,0.0134659,-0.922084,-1.04397,-1.82062,-0.720654,-1.94471,-0.376988,1.76676,-0.594025,1.17955,0.313105,1.16384,0.0323358,0.112372,0.276904,0.173359,1.84303,0.871915,-1.30925,-0.819472,-0.271119,0.144731,1.18899,1.07535,1.68402,1.67163,-0.91779,-0.253471,-1.68299,-0.374937,1.42931,0.855572,-1.19532,-0.520791,0.678675,0.192555,-1.87971,-0.546212,1.9474,0.492068,-2.28442,1.65394,1.17189,-1.31174,-0.851777,0.734507,-1.44269,-3.47549,0.160405,0.929426,0.0771456,-1.38814,0.362117,-0.740482,-0.58349,-1.01021,-1.13639,-0.203113,1.03958,-1.52212,1.82483,-0.291148,1.21659,-0.00262833,0.503605,-0.813971,-0.605772,-0.582957,-0.380048,-1.14824,-1.72007,0.415839,-1.07749,0.0967724,-0.414998,0.478805,-0.0251892,0.75081,-0.225342,-0.584899,-0.348746,-0.792724,-0.886175,1.56394,0.521841,0.600606,0.227384,-1.38344,-0.218499,-0.610933,0.766948,-0.773322,-0.905083,0.682208,-0.00552268,-0.893142,-0.76249,-0.63045,-0.369172,-1.93417,-0.615059,-1.44395,0.676139,0.460827,0.293218,0.839748,0.981284,-0.397289,-1.01008,-1.48998,0.92751,0.219686,-0.128809,0.154036,0.00296904,-0.842848,-0.536568,-0.486336,2.24267,0.479403,0.264783,0.374047,1.36013,-0.150674,-0.473671,0.0752569,-0.443882,1.81493,-0.763279,0.0690298,0.079228,2.67476,-1.40574,-547.184,-508.299,2761.5,815.011,520.894,-1882.04,-2005.36,-819.359,713.376,4167.89,684.524,-60.5022,-3825.74,-379.508,89.5438,-786.665,-2764.26,-1893.05,-1138.15,1330.48,3721.9,-4549.31,2287.66,267.703,-2638.59,-2872.07,3581.78,-691.08,1559.76,-2665.15,-3407.54,531.827,2745.55,-223.138,-3512.96,4957.76,-1430.38,-3610.6,1490.59,-2808.39,2647.86,134.514,1058.66,-2025.01,485.435,3088.29,-408.039,1755.96,-843.537,223.64,-979.537,157.066,-382.401,-1592.82,146.539,630.355,1663.4,390.568,-1767.98,-422.267,-1066.21,3073.98,426.967,1910.6,-1257.09,-400.344,-1141.72,499.265,-2604.22,-1076.11,-4120.46,-2216.12,-5824.17,-626.233,4606.2,242.817,3643.23,1542.24,2193.71,656.864,865.569,271.498,-601.193,3442.11,1343.81,-669.027,-589.169,-124.323,-568.395,1995.34,2199.27,3168.19,1360.03,-1589.59,215.181,-2315.43,-552.459,2949.46,968.289,-1405.52
-250354,0,1,0,1,1,250395,-0.384764,0.00591807,1.98251,0.65987,0.194549,-1.62464,-1.32884,-0.638008,0.776036,1.76188,-0.149657,0.116447,-1.54277,-0.0636614,0.2482,-1.00728,-1.59481,-1.01706,-0.127135,0.559175,1.40119,-1.61276,1.8305,-0.0898098,-1.26576,-1.76124,1.23195,-0.269686,1.22789,-1.59845,-1.56077,0.458786,1.996,-0.185011,-1.75004,1.38731,-0.797919,-1.56933,0.936032,-1.67351,1.35279,0.444837,1.42627,-1.3104,-0.0724454,0.89088,-0.393547,0.886616,0.0264761,-0.478673,-1.03596,0.226382,0.0675763,-1.26799,0.156639,-0.0321617,0.998724,0.212245,-0.63784,-0.775643,-0.788799,1.94885,1.21166,0.828242,-0.92643,-0.62419,-1.08532,0.0134659,-0.922084,-1.04397,-1.82062,-0.720654,-1.94471,-0.376988,1.76676,-0.594025,1.17955,0.313105,1.16384,0.0323358,0.112372,0.276904,0.173359,1.84303,0.871915,-1.30925,-0.819472,-0.271119,0.144731,1.18899,1.07535,1.68402,1.67163,-0.91779,-0.253471,-1.68299,-0.374937,1.42931,0.855572,-1.19532,-0.0140805,-0.19268,-0.663671,0.244804,0.561465,-0.30541,0.988779,-1.04439,0.0587443,-0.4227,1.17654,-1.63697,-0.460061,1.82137,0.942183,-0.26064,-0.907024,0.775668,0.711666,1.18069,0.0404594,-1.35357,1.31809,0.345742,-0.91895,-0.217479,-0.0849251,1.36392,-1.67824,-0.973339,0.165451,-0.183357,0.975186,0.283771,0.0338426,-1.9704,0.652108,0.769916,0.954962,0.506372,0.054871,-0.0557908,1.4602,-1.60634,-0.399788,0.955023,-0.0274804,0.5111,0.285128,0.0580701,-0.659484,-0.132578,-0.834845,1.27426,-0.564164,-0.352723,0.471671,-0.563734,-1.22569,1.13259,-0.242286,0.705034,0.102701,-1.15828,-0.080515,-1.83446,-0.952529,0.657783,2.18166,0.668539,0.766381,-0.255476,-0.262935,0.327329,0.733776,-0.213831,-0.0285436,-2.79807,-0.109467,-0.495346,0.645091,1.43784,0.124667,0.272749,0.985455,-1.00685,1.35165,-0.340022,-0.381483,0.335415,0.14331,-0.929047,-1.2605,-0.265272,1.52709,-0.960399,0.384833,0.518937,-0.520451,-1.74898,-547.184,-508.299,2761.5,815.011,520.894,-1882.04,-2005.36,-819.359,713.376,4167.89,684.524,-60.5022,-3825.74,-379.508,89.5438,-786.665,-2764.26,-1893.05,-1138.15,1330.48,3721.9,-4549.31,2287.66,267.703,-2638.59,-2872.07,3581.78,-691.08,1559.76,-2665.15,-3407.54,531.827,2745.55,-223.138,-3512.96,4957.76,-1430.38,-3610.6,1490.59,-2808.39,2647.86,134.514,1058.66,-2025.01,485.435,3088.29,-408.039,1755.96,-843.537,223.64,-979.537,157.066,-382.401,-1592.82,146.539,630.355,1663.4,390.568,-1767.98,-422.267,-1066.21,3073.98,426.967,1910.6,-1257.09,-400.344,-1141.72,499.265,-2604.22,-1076.11,-4120.46,-2216.12,-5824.17,-626.233,4606.2,242.817,3643.23,1542.24,2193.71,656.864,865.569,271.498,-601.193,3442.11,1343.81,-669.027,-589.169,-124.323,-568.395,1995.34,2199.27,3168.19,1360.03,-1589.59,215.181,-2315.43,-552.459,2949.46,968.289,-1405.52
-250354,0,1,0,1,1,250397,-0.384764,0.00591807,1.98251,0.65987,0.194549,-1.62464,-1.32884,-0.638008,0.776036,1.76188,-0.149657,0.116447,-1.54277,-0.0636614,0.2482,-1.00728,-1.59481,-1.01706,-0.127135,0.559175,1.40119,-1.61276,1.8305,-0.0898098,-1.26576,-1.76124,1.23195,-0.269686,1.22789,-1.59845,-1.56077,0.458786,1.996,-0.185011,-1.75004,1.38731,-0.797919,-1.56933,0.936032,-1.67351,1.35279,0.444837,1.42627,-1.3104,-0.0724454,0.89088,-0.393547,0.886616,0.0264761,-0.478673,-1.03596,0.226382,0.0675763,-1.26799,0.156639,-0.0321617,0.998724,0.212245,-0.63784,-0.775643,-0.788799,1.94885,1.21166,0.828242,-0.92643,-0.62419,-1.08532,0.0134659,-0.922084,-1.04397,-1.82062,-0.720654,-1.94471,-0.376988,1.76676,-0.594025,1.17955,0.313105,1.16384,0.0323358,0.112372,0.276904,0.173359,1.84303,0.871915,-1.30925,-0.819472,-0.271119,0.144731,1.18899,1.07535,1.68402,1.67163,-0.91779,-0.253471,-1.68299,-0.374937,1.42931,0.855572,-1.19532,-0.163064,-0.320551,-1.18052,-1.80635,-1.45564,1.23647,1.28752,-0.246636,-0.940723,0.229578,-0.457781,-0.721516,-0.480196,-0.472769,-0.0444857,-0.368063,1.71982,0.783798,-1.05461,1.16954,-0.231944,1.31002,0.614035,-0.386377,0.269235,-0.12841,0.404949,1.35871,1.53779,1.29255,0.436528,-1.64602,-0.569673,1.37481,-0.202686,-0.131951,1.20025,0.909519,-0.0145557,-0.498065,-1.22579,-0.598461,-1.43417,-1.39756,1.2928,-0.671396,0.839524,1.08385,0.784935,0.865468,-0.0980546,-0.616238,-0.777666,-1.2725,-0.383933,-1.80318,0.810268,1.57664,-0.158058,1.07592,0.348337,-0.482184,0.729379,1.51757,0.197306,-0.371576,-0.416212,0.55507,-2.07218,-1.20524,-0.580245,-0.652582,-1.70255,1.04601,0.416448,-0.0581298,-1.46137,-0.931161,0.225646,1.06375,-0.721275,0.745099,-0.625519,-0.754363,-0.267739,-0.48708,-0.210664,0.0299787,-0.408443,0.0473013,1.36993,0.351231,0.387173,0.0299906,-0.526133,-0.396492,0.601437,-1.45144,-1.3267,-1.45017,-547.184,-508.299,2761.5,815.011,520.894,-1882.04,-2005.36,-819.359,713.376,4167.89,684.524,-60.5022,-3825.74,-379.508,89.5438,-786.665,-2764.26,-1893.05,-1138.15,1330.48,3721.9,-4549.31,2287.66,267.703,-2638.59,-2872.07,3581.78,-691.08,1559.76,-2665.15,-3407.54,531.827,2745.55,-223.138,-3512.96,4957.76,-1430.38,-3610.6,1490.59,-2808.39,2647.86,134.514,1058.66,-2025.01,485.435,3088.29,-408.039,1755.96,-843.537,223.64,-979.537,157.066,-382.401,-1592.82,146.539,630.355,1663.4,390.568,-1767.98,-422.267,-1066.21,3073.98,426.967,1910.6,-1257.09,-400.344,-1141.72,499.265,-2604.22,-1076.11,-4120.46,-2216.12,-5824.17,-626.233,4606.2,242.817,3643.23,1542.24,2193.71,656.864,865.569,271.498,-601.193,3442.11,1343.81,-669.027,-589.169,-124.323,-568.395,1995.34,2199.27,3168.19,1360.03,-1589.59,215.181,-2315.43,-552.459,2949.46,968.289,-1405.52
-250354,0,1,0,1,1,250403,-0.384764,0.00591807,1.98251,0.65987,0.194549,-1.62464,-1.32884,-0.638008,0.776036,1.76188,-0.149657,0.116447,-1.54277,-0.0636614,0.2482,-1.00728,-1.59481,-1.01706,-0.127135,0.559175,1.40119,-1.61276,1.8305,-0.0898098,-1.26576,-1.76124,1.23195,-0.269686,1.22789,-1.59845,-1.56077,0.458786,1.996,-0.185011,-1.75004,1.38731,-0.797919,-1.56933,0.936032,-1.67351,1.35279,0.444837,1.42627,-1.3104,-0.0724454,0.89088,-0.393547,0.886616,0.0264761,-0.478673,-1.03596,0.226382,0.0675763,-1.26799,0.156639,-0.0321617,0.998724,0.212245,-0.63784,-0.775643,-0.788799,1.94885,1.21166,0.828242,-0.92643,-0.62419,-1.08532,0.0134659,-0.922084,-1.04397,-1.82062,-0.720654,-1.94471,-0.376988,1.76676,-0.594025,1.17955,0.313105,1.16384,0.0323358,0.112372,0.276904,0.173359,1.84303,0.871915,-1.30925,-0.819472,-0.271119,0.144731,1.18899,1.07535,1.68402,1.67163,-0.91779,-0.253471,-1.68299,-0.374937,1.42931,0.855572,-1.19532,-0.308937,-0.094859,0.291917,2.73503,1.3775,0.0769941,1.01662,-0.471558,-0.11934,1.32948,0.495424,1.44098,-1.32493,1.08772,2.10066,0.49983,0.448659,0.134812,-1.81952,-0.278743,0.623054,0.894439,1.46478,-0.116566,0.936585,0.268566,0.147718,1.48741,0.349573,-1.12902,-0.164259,1.11539,1.20355,0.479531,-0.711246,0.318737,0.97616,-0.965471,0.919091,0.673819,0.483671,0.0602394,-0.9046,-0.436254,0.649089,0.807514,0.280567,-0.871755,1.14471,-0.655952,-0.5513,-0.477655,0.750322,-0.510109,0.947603,-1.11118,1.24772,-0.054432,-0.238826,-1.44978,0.993173,-0.173504,-1.45454,2.03939,0.0592008,-1.81422,0.47308,-0.365616,0.00608982,-0.315352,-0.242726,2.73715,1.81359,-0.158715,-1.13126,-1.08291,0.745547,1.24591,-0.475185,-0.282259,0.438199,0.499302,2.54677,0.682754,-0.0157967,-0.415282,0.215664,0.351204,-0.653283,-0.423438,0.0728149,-0.92039,0.248044,-1.13832,-1.26945,-1.01576,-1.30214,-0.169359,0.461209,-1.43376,-547.184,-508.299,2761.5,815.011,520.894,-1882.04,-2005.36,-819.359,713.376,4167.89,684.524,-60.5022,-3825.74,-379.508,89.5438,-786.665,-2764.26,-1893.05,-1138.15,1330.48,3721.9,-4549.31,2287.66,267.703,-2638.59,-2872.07,3581.78,-691.08,1559.76,-2665.15,-3407.54,531.827,2745.55,-223.138,-3512.96,4957.76,-1430.38,-3610.6,1490.59,-2808.39,2647.86,134.514,1058.66,-2025.01,485.435,3088.29,-408.039,1755.96,-843.537,223.64,-979.537,157.066,-382.401,-1592.82,146.539,630.355,1663.4,390.568,-1767.98,-422.267,-1066.21,3073.98,426.967,1910.6,-1257.09,-400.344,-1141.72,499.265,-2604.22,-1076.11,-4120.46,-2216.12,-5824.17,-626.233,4606.2,242.817,3643.23,1542.24,2193.71,656.864,865.569,271.498,-601.193,3442.11,1343.81,-669.027,-589.169,-124.323,-568.395,1995.34,2199.27,3168.19,1360.03,-1589.59,215.181,-2315.43,-552.459,2949.46,968.289,-1405.52
-250354,0,1,0,1,1,250403,-0.384764,0.00591807,1.98251,0.65987,0.194549,-1.62464,-1.32884,-0.638008,0.776036,1.76188,-0.149657,0.116447,-1.54277,-0.0636614,0.2482,-1.00728,-1.59481,-1.01706,-0.127135,0.559175,1.40119,-1.61276,1.8305,-0.0898098,-1.26576,-1.76124,1.23195,-0.269686,1.22789,-1.59845,-1.56077,0.458786,1.996,-0.185011,-1.75004,1.38731,-0.797919,-1.56933,0.936032,-1.67351,1.35279,0.444837,1.42627,-1.3104,-0.0724454,0.89088,-0.393547,0.886616,0.0264761,-0.478673,-1.03596,0.226382,0.0675763,-1.26799,0.156639,-0.0321617,0.998724,0.212245,-0.63784,-0.775643,-0.788799,1.94885,1.21166,0.828242,-0.92643,-0.62419,-1.08532,0.0134659,-0.922084,-1.04397,-1.82062,-0.720654,-1.94471,-0.376988,1.76676,-0.594025,1.17955,0.313105,1.16384,0.0323358,0.112372,0.276904,0.173359,1.84303,0.871915,-1.30925,-0.819472,-0.271119,0.144731,1.18899,1.07535,1.68402,1.67163,-0.91779,-0.253471,-1.68299,-0.374937,1.42931,0.855572,-1.19532,-0.832871,0.594842,0.182458,0.0155483,0.229429,-0.716176,-0.572332,-0.0249872,-0.975003,-0.772017,0.334012,-1.73691,0.175849,-1.27582,1.94255,-0.713797,1.21811,-0.184357,0.158632,-0.266638,-0.339544,0.357514,0.147326,0.366599,-0.329267,0.72483,-1.10859,-0.458607,-0.622293,-0.109423,-0.951576,-1.32281,-1.02204,0.433802,0.176879,-0.755493,0.758015,-2.25985,-0.677821,-1.89722,-1.45019,0.386683,-0.504134,2.05941,-0.477452,-0.453378,-1.89641,-1.39789,-0.228041,-1.83931,0.452019,-0.789381,0.53781,-0.677224,0.262853,-0.23371,-0.146769,-1.42315,0.99485,-0.743428,-2.03754,1.78174,-1.28903,0.770694,1.75771,-1.13355,-2.02578,0.803691,-0.459132,0.651004,1.23022,0.901999,-1.65639,0.405005,-0.165988,-0.725003,0.232492,0.362595,-0.994351,-1.45415,0.899638,0.77397,0.0345564,-0.624468,1.73873,0.372353,0.311344,0.349404,-0.464411,-1.50098,0.42586,-1.00014,-1.66236,1.81874,-0.00942179,-0.789388,-0.145268,0.337733,-0.533456,0.095011,-547.184,-508.299,2761.5,815.011,520.894,-1882.04,-2005.36,-819.359,713.376,4167.89,684.524,-60.5022,-3825.74,-379.508,89.5438,-786.665,-2764.26,-1893.05,-1138.15,1330.48,3721.9,-4549.31,2287.66,267.703,-2638.59,-2872.07,3581.78,-691.08,1559.76,-2665.15,-3407.54,531.827,2745.55,-223.138,-3512.96,4957.76,-1430.38,-3610.6,1490.59,-2808.39,2647.86,134.514,1058.66,-2025.01,485.435,3088.29,-408.039,1755.96,-843.537,223.64,-979.537,157.066,-382.401,-1592.82,146.539,630.355,1663.4,390.568,-1767.98,-422.267,-1066.21,3073.98,426.967,1910.6,-1257.09,-400.344,-1141.72,499.265,-2604.22,-1076.11,-4120.46,-2216.12,-5824.17,-626.233,4606.2,242.817,3643.23,1542.24,2193.71,656.864,865.569,271.498,-601.193,3442.11,1343.81,-669.027,-589.169,-124.323,-568.395,1995.34,2199.27,3168.19,1360.03,-1589.59,215.181,-2315.43,-552.459,2949.46,968.289,-1405.52
-250354,0,1,0,1,1,250398,-0.384764,0.00591807,1.98251,0.65987,0.194549,-1.62464,-1.32884,-0.638008,0.776036,1.76188,-0.149657,0.116447,-1.54277,-0.0636614,0.2482,-1.00728,-1.59481,-1.01706,-0.127135,0.559175,1.40119,-1.61276,1.8305,-0.0898098,-1.26576,-1.76124,1.23195,-0.269686,1.22789,-1.59845,-1.56077,0.458786,1.996,-0.185011,-1.75004,1.38731,-0.797919,-1.56933,0.936032,-1.67351,1.35279,0.444837,1.42627,-1.3104,-0.0724454,0.89088,-0.393547,0.886616,0.0264761,-0.478673,-1.03596,0.226382,0.0675763,-1.26799,0.156639,-0.0321617,0.998724,0.212245,-0.63784,-0.775643,-0.788799,1.94885,1.21166,0.828242,-0.92643,-0.62419,-1.08532,0.0134659,-0.922084,-1.04397,-1.82062,-0.720654,-1.94471,-0.376988,1.76676,-0.594025,1.17955,0.313105,1.16384,0.0323358,0.112372,0.276904,0.173359,1.84303,0.871915,-1.30925,-0.819472,-0.271119,0.144731,1.18899,1.07535,1.68402,1.67163,-0.91779,-0.253471,-1.68299,-0.374937,1.42931,0.855572,-1.19532,0.173337,0.336181,-1.33911,0.0134981,-0.0692995,-1.15535,-0.0291779,-0.424738,2.22096,-0.628713,-1.51806,-0.902219,-0.408496,-1.29377,0.0913941,0.912761,-1.09893,0.281335,-0.59358,-0.339412,0.602965,-0.0811468,-0.193092,0.366365,-0.499869,-0.272799,0.537723,-0.756067,-1.4334,0.241448,-0.697428,-1.32667,-0.970447,-0.816433,1.33721,-0.580267,-1.30074,1.84179,-0.670424,1.08631,-1.43959,0.239642,0.0963046,-0.515138,-0.624976,1.07981,0.205668,-1.27902,0.106589,-0.466032,1.2549,1.37904,-1.98221,1.41741,0.209041,0.208005,0.478414,0.277564,-1.62111,-0.00531929,0.604908,-1.28457,-2.09364,-0.876463,0.977718,-0.234351,-1.57725,0.285612,-0.851574,0.15931,0.712784,0.93759,0.906948,-0.403158,-0.722974,-0.105667,-0.840542,1.45513,-1.64633,-0.654867,-0.437263,0.0459256,-0.349476,0.341856,-0.118069,-0.48868,0.549161,0.344514,-1.16424,0.563332,-1.35703,0.994984,1.12537,-0.227863,-0.398619,1.87775,-1.0607,1.14882,-1.37018,1.10781,-547.184,-508.299,2761.5,815.011,520.894,-1882.04,-2005.36,-819.359,713.376,4167.89,684.524,-60.5022,-3825.74,-379.508,89.5438,-786.665,-2764.26,-1893.05,-1138.15,1330.48,3721.9,-4549.31,2287.66,267.703,-2638.59,-2872.07,3581.78,-691.08,1559.76,-2665.15,-3407.54,531.827,2745.55,-223.138,-3512.96,4957.76,-1430.38,-3610.6,1490.59,-2808.39,2647.86,134.514,1058.66,-2025.01,485.435,3088.29,-408.039,1755.96,-843.537,223.64,-979.537,157.066,-382.401,-1592.82,146.539,630.355,1663.4,390.568,-1767.98,-422.267,-1066.21,3073.98,426.967,1910.6,-1257.09,-400.344,-1141.72,499.265,-2604.22,-1076.11,-4120.46,-2216.12,-5824.17,-626.233,4606.2,242.817,3643.23,1542.24,2193.71,656.864,865.569,271.498,-601.193,3442.11,1343.81,-669.027,-589.169,-124.323,-568.395,1995.34,2199.27,3168.19,1360.03,-1589.59,215.181,-2315.43,-552.459,2949.46,968.289,-1405.52
-250354,0,1,0,1,1,250399,-0.384764,0.00591807,1.98251,0.65987,0.194549,-1.62464,-1.32884,-0.638008,0.776036,1.76188,-0.149657,0.116447,-1.54277,-0.0636614,0.2482,-1.00728,-1.59481,-1.01706,-0.127135,0.559175,1.40119,-1.61276,1.8305,-0.0898098,-1.26576,-1.76124,1.23195,-0.269686,1.22789,-1.59845,-1.56077,0.458786,1.996,-0.185011,-1.75004,1.38731,-0.797919,-1.56933,0.936032,-1.67351,1.35279,0.444837,1.42627,-1.3104,-0.0724454,0.89088,-0.393547,0.886616,0.0264761,-0.478673,-1.03596,0.226382,0.0675763,-1.26799,0.156639,-0.0321617,0.998724,0.212245,-0.63784,-0.775643,-0.788799,1.94885,1.21166,0.828242,-0.92643,-0.62419,-1.08532,0.0134659,-0.922084,-1.04397,-1.82062,-0.720654,-1.94471,-0.376988,1.76676,-0.594025,1.17955,0.313105,1.16384,0.0323358,0.112372,0.276904,0.173359,1.84303,0.871915,-1.30925,-0.819472,-0.271119,0.144731,1.18899,1.07535,1.68402,1.67163,-0.91779,-0.253471,-1.68299,-0.374937,1.42931,0.855572,-1.19532,-0.179294,0.178213,0.115175,0.013528,-0.0930841,0.783124,-0.2892,3.94254,0.535617,-1.14657,0.736802,0.582735,-0.250487,0.197963,0.830209,0.40219,-0.392679,0.154455,0.0237873,1.7799,-0.506032,-0.272147,-0.395918,-0.598169,0.305517,-1.31066,-1.03975,0.129575,-0.227614,-0.700416,-0.674143,-2.60566,1.22464,-0.398833,-1.13635,0.91897,-0.755649,0.18007,0.487635,-1.31512,1.0166,0.0950487,-1.24498,0.388997,-0.73604,-1.89078,-0.123281,0.418115,0.916708,-0.347812,0.607257,0.447977,-0.12791,0.323014,0.744461,-0.93306,2.35725,-0.2693,1.35152,0.535281,-0.0686064,0.164909,-0.544279,1.34601,-0.167604,2.2585,1.55245,-1.40275,0.9742,0.212084,-0.0374897,-0.501166,0.255686,-0.367765,-0.696737,-0.215715,-0.625011,0.386213,-0.213148,-1.08927,-0.549595,-0.00960519,-1.18356,0.29695,0.867194,1.248,0.00242888,-1.44997,-0.591543,-0.930219,-0.92643,-0.898906,0.386635,0.688373,-1.2253,-1.53448,-0.513599,0.694501,1.36243,0.19158,-547.184,-508.299,2761.5,815.011,520.894,-1882.04,-2005.36,-819.359,713.376,4167.89,684.524,-60.5022,-3825.74,-379.508,89.5438,-786.665,-2764.26,-1893.05,-1138.15,1330.48,3721.9,-4549.31,2287.66,267.703,-2638.59,-2872.07,3581.78,-691.08,1559.76,-2665.15,-3407.54,531.827,2745.55,-223.138,-3512.96,4957.76,-1430.38,-3610.6,1490.59,-2808.39,2647.86,134.514,1058.66,-2025.01,485.435,3088.29,-408.039,1755.96,-843.537,223.64,-979.537,157.066,-382.401,-1592.82,146.539,630.355,1663.4,390.568,-1767.98,-422.267,-1066.21,3073.98,426.967,1910.6,-1257.09,-400.344,-1141.72,499.265,-2604.22,-1076.11,-4120.46,-2216.12,-5824.17,-626.233,4606.2,242.817,3643.23,1542.24,2193.71,656.864,865.569,271.498,-601.193,3442.11,1343.81,-669.027,-589.169,-124.323,-568.395,1995.34,2199.27,3168.19,1360.03,-1589.59,215.181,-2315.43,-552.459,2949.46,968.289,-1405.52
-250354,0,1,0,1,1,250399,-0.384764,0.00591807,1.98251,0.65987,0.194549,-1.62464,-1.32884,-0.638008,0.776036,1.76188,-0.149657,0.116447,-1.54277,-0.0636614,0.2482,-1.00728,-1.59481,-1.01706,-0.127135,0.559175,1.40119,-1.61276,1.8305,-0.0898098,-1.26576,-1.76124,1.23195,-0.269686,1.22789,-1.59845,-1.56077,0.458786,1.996,-0.185011,-1.75004,1.38731,-0.797919,-1.56933,0.936032,-1.67351,1.35279,0.444837,1.42627,-1.3104,-0.0724454,0.89088,-0.393547,0.886616,0.0264761,-0.478673,-1.03596,0.226382,0.0675763,-1.26799,0.156639,-0.0321617,0.998724,0.212245,-0.63784,-0.775643,-0.788799,1.94885,1.21166,0.828242,-0.92643,-0.62419,-1.08532,0.0134659,-0.922084,-1.04397,-1.82062,-0.720654,-1.94471,-0.376988,1.76676,-0.594025,1.17955,0.313105,1.16384,0.0323358,0.112372,0.276904,0.173359,1.84303,0.871915,-1.30925,-0.819472,-0.271119,0.144731,1.18899,1.07535,1.68402,1.67163,-0.91779,-0.253471,-1.68299,-0.374937,1.42931,0.855572,-1.19532,1.10453,1.52413,0.0732391,1.06638,-0.320042,-0.0483426,1.19115,0.934657,-0.362686,0.907716,0.276203,-0.214843,-1.16135,0.27298,1.66895,0.843922,-1.18185,-0.872831,1.57118,-0.15536,-0.801043,-1.5837,1.07405,-0.361874,-0.390508,-2.53929,-0.87344,0.862259,0.0986354,-0.370575,0.308518,0.893173,-1.00858,1.54548,-0.980943,-1.15128,0.332523,-0.294024,1.24487,0.138294,2.01201,-1.69663,1.37688,0.247448,0.466001,0.584987,-0.112295,0.497642,-0.410178,0.993006,0.580147,1.64614,1.66727,0.415232,-0.327187,1.1972,-1.95278,0.537722,-0.633568,-0.364974,0.551348,0.216013,-0.512179,0.209401,0.923118,0.0286064,-0.281585,0.560577,0.401209,-1.99113,-0.247819,0.358713,-0.525769,-0.882573,0.0440101,1.1447,0.666017,-0.993364,-0.557083,-0.399707,0.772486,0.771369,0.796287,0.17806,0.227856,-1.10736,-0.95184,1.31729,0.384653,-1.29189,-0.785839,-0.486805,-1.38642,-1.31483,-0.0285209,0.18574,-0.574624,1.68213,0.818869,-1.43349,-547.184,-508.299,2761.5,815.011,520.894,-1882.04,-2005.36,-819.359,713.376,4167.89,684.524,-60.5022,-3825.74,-379.508,89.5438,-786.665,-2764.26,-1893.05,-1138.15,1330.48,3721.9,-4549.31,2287.66,267.703,-2638.59,-2872.07,3581.78,-691.08,1559.76,-2665.15,-3407.54,531.827,2745.55,-223.138,-3512.96,4957.76,-1430.38,-3610.6,1490.59,-2808.39,2647.86,134.514,1058.66,-2025.01,485.435,3088.29,-408.039,1755.96,-843.537,223.64,-979.537,157.066,-382.401,-1592.82,146.539,630.355,1663.4,390.568,-1767.98,-422.267,-1066.21,3073.98,426.967,1910.6,-1257.09,-400.344,-1141.72,499.265,-2604.22,-1076.11,-4120.46,-2216.12,-5824.17,-626.233,4606.2,242.817,3643.23,1542.24,2193.71,656.864,865.569,271.498,-601.193,3442.11,1343.81,-669.027,-589.169,-124.323,-568.395,1995.34,2199.27,3168.19,1360.03,-1589.59,215.181,-2315.43,-552.459,2949.46,968.289,-1405.52
-250354,0,1,0,1,1,250399,-0.384764,0.00591807,1.98251,0.65987,0.194549,-1.62464,-1.32884,-0.638008,0.776036,1.76188,-0.149657,0.116447,-1.54277,-0.0636614,0.2482,-1.00728,-1.59481,-1.01706,-0.127135,0.559175,1.40119,-1.61276,1.8305,-0.0898098,-1.26576,-1.76124,1.23195,-0.269686,1.22789,-1.59845,-1.56077,0.458786,1.996,-0.185011,-1.75004,1.38731,-0.797919,-1.56933,0.936032,-1.67351,1.35279,0.444837,1.42627,-1.3104,-0.0724454,0.89088,-0.393547,0.886616,0.0264761,-0.478673,-1.03596,0.226382,0.0675763,-1.26799,0.156639,-0.0321617,0.998724,0.212245,-0.63784,-0.775643,-0.788799,1.94885,1.21166,0.828242,-0.92643,-0.62419,-1.08532,0.0134659,-0.922084,-1.04397,-1.82062,-0.720654,-1.94471,-0.376988,1.76676,-0.594025,1.17955,0.313105,1.16384,0.0323358,0.112372,0.276904,0.173359,1.84303,0.871915,-1.30925,-0.819472,-0.271119,0.144731,1.18899,1.07535,1.68402,1.67163,-0.91779,-0.253471,-1.68299,-0.374937,1.42931,0.855572,-1.19532,0.508234,-0.181551,-0.613629,-1.75751,0.21275,-2.01914,-0.646981,1.37584,-0.535951,-0.240207,-1.36002,-0.459518,0.541531,-0.12576,2.02183,-0.475236,-1.02136,-0.36734,-1.51311,-0.335097,-1.47778,0.370894,-0.975335,0.212949,0.0637809,-0.23824,2.02675,-0.797081,-1.09911,0.458346,1.45242,-0.165144,0.124399,-0.854167,-0.747268,0.598758,-0.0655725,-0.689445,0.40505,-0.426374,1.69347,-0.628536,-0.500388,0.385823,-0.799571,-1.27641,1.18265,-1.43877,1.57619,-1.22111,-1.18834,0.211657,0.607448,0.342943,0.63388,-0.137997,-0.776677,-1.29539,0.915882,-1.45625,-0.0695822,-0.638528,1.35479,-1.06996,0.299725,0.00602104,0.0875313,-0.585458,-0.424207,0.213867,0.366526,-0.165031,0.774044,0.570411,-1.18581,-1.05422,1.7464,-0.88884,0.271278,2.05883,0.380769,0.124969,-0.312841,0.118211,0.962764,0.00108611,0.0628084,-2.39123,-0.359313,-0.431636,-0.679898,2.03507,0.000679208,0.761988,0.708214,-1.74225,-0.0306645,-0.842178,-0.991748,-1.03658,-547.184,-508.299,2761.5,815.011,520.894,-1882.04,-2005.36,-819.359,713.376,4167.89,684.524,-60.5022,-3825.74,-379.508,89.5438,-786.665,-2764.26,-1893.05,-1138.15,1330.48,3721.9,-4549.31,2287.66,267.703,-2638.59,-2872.07,3581.78,-691.08,1559.76,-2665.15,-3407.54,531.827,2745.55,-223.138,-3512.96,4957.76,-1430.38,-3610.6,1490.59,-2808.39,2647.86,134.514,1058.66,-2025.01,485.435,3088.29,-408.039,1755.96,-843.537,223.64,-979.537,157.066,-382.401,-1592.82,146.539,630.355,1663.4,390.568,-1767.98,-422.267,-1066.21,3073.98,426.967,1910.6,-1257.09,-400.344,-1141.72,499.265,-2604.22,-1076.11,-4120.46,-2216.12,-5824.17,-626.233,4606.2,242.817,3643.23,1542.24,2193.71,656.864,865.569,271.498,-601.193,3442.11,1343.81,-669.027,-589.169,-124.323,-568.395,1995.34,2199.27,3168.19,1360.03,-1589.59,215.181,-2315.43,-552.459,2949.46,968.289,-1405.52
-250354,0,1,0,1,1,250394,-0.384764,0.00591807,1.98251,0.65987,0.194549,-1.62464,-1.32884,-0.638008,0.776036,1.76188,-0.149657,0.116447,-1.54277,-0.0636614,0.2482,-1.00728,-1.59481,-1.01706,-0.127135,0.559175,1.40119,-1.61276,1.8305,-0.0898098,-1.26576,-1.76124,1.23195,-0.269686,1.22789,-1.59845,-1.56077,0.458786,1.996,-0.185011,-1.75004,1.38731,-0.797919,-1.56933,0.936032,-1.67351,1.35279,0.444837,1.42627,-1.3104,-0.0724454,0.89088,-0.393547,0.886616,0.0264761,-0.478673,-1.03596,0.226382,0.0675763,-1.26799,0.156639,-0.0321617,0.998724,0.212245,-0.63784,-0.775643,-0.788799,1.94885,1.21166,0.828242,-0.92643,-0.62419,-1.08532,0.0134659,-0.922084,-1.04397,-1.82062,-0.720654,-1.94471,-0.376988,1.76676,-0.594025,1.17955,0.313105,1.16384,0.0323358,0.112372,0.276904,0.173359,1.84303,0.871915,-1.30925,-0.819472,-0.271119,0.144731,1.18899,1.07535,1.68402,1.67163,-0.91779,-0.253471,-1.68299,-0.374937,1.42931,0.855572,-1.19532,2.28365,0.57144,0.366616,-0.0677672,-0.00542106,0.264729,1.0484,-1.23302,1.32067,-0.184851,0.843057,1.62857,-0.526478,-0.0772287,1.37674,0.345558,1.69402,0.368125,-1.18433,-0.961028,-0.678086,-0.195965,-0.402504,-0.368,1.18673,0.0168762,0.450367,-0.308071,-0.143759,-0.559483,1.19068,0.320917,-0.722453,-0.45693,-0.267802,0.992581,-0.210151,1.15987,0.555686,-0.630221,0.0111478,-1.27726,1.36535,0.0144119,0.415979,0.932092,1.02133,-0.0382922,-0.0546333,-0.0769347,0.498763,-0.17687,-0.675975,0.241776,0.207518,-1.0545,-2.04972,-1.24994,-0.350396,1.15272,-1.17732,-2.05109,0.131517,0.287365,0.215779,0.775617,1.5381,0.0249447,0.254981,1.80074,1.18369,1.30918,0.466855,0.386926,0.643619,-0.647056,0.151152,-1.011,0.12335,-0.220188,-0.0257534,0.739833,-0.882245,-1.29626,-0.668899,-0.799105,0.404091,1.06371,-0.711603,0.910552,1.71647,-0.156424,-2.08903,-0.326602,0.528857,-0.261457,1.08827,0.882902,-0.705669,-0.752851,-547.184,-508.299,2761.5,815.011,520.894,-1882.04,-2005.36,-819.359,713.376,4167.89,684.524,-60.5022,-3825.74,-379.508,89.5438,-786.665,-2764.26,-1893.05,-1138.15,1330.48,3721.9,-4549.31,2287.66,267.703,-2638.59,-2872.07,3581.78,-691.08,1559.76,-2665.15,-3407.54,531.827,2745.55,-223.138,-3512.96,4957.76,-1430.38,-3610.6,1490.59,-2808.39,2647.86,134.514,1058.66,-2025.01,485.435,3088.29,-408.039,1755.96,-843.537,223.64,-979.537,157.066,-382.401,-1592.82,146.539,630.355,1663.4,390.568,-1767.98,-422.267,-1066.21,3073.98,426.967,1910.6,-1257.09,-400.344,-1141.72,499.265,-2604.22,-1076.11,-4120.46,-2216.12,-5824.17,-626.233,4606.2,242.817,3643.23,1542.24,2193.71,656.864,865.569,271.498,-601.193,3442.11,1343.81,-669.027,-589.169,-124.323,-568.395,1995.34,2199.27,3168.19,1360.03,-1589.59,215.181,-2315.43,-552.459,2949.46,968.289,-1405.52
-250354,0,1,0,1,1,250412,-0.384764,0.00591807,1.98251,0.65987,0.194549,-1.62464,-1.32884,-0.638008,0.776036,1.76188,-0.149657,0.116447,-1.54277,-0.0636614,0.2482,-1.00728,-1.59481,-1.01706,-0.127135,0.559175,1.40119,-1.61276,1.8305,-0.0898098,-1.26576,-1.76124,1.23195,-0.269686,1.22789,-1.59845,-1.56077,0.458786,1.996,-0.185011,-1.75004,1.38731,-0.797919,-1.56933,0.936032,-1.67351,1.35279,0.444837,1.42627,-1.3104,-0.0724454,0.89088,-0.393547,0.886616,0.0264761,-0.478673,-1.03596,0.226382,0.0675763,-1.26799,0.156639,-0.0321617,0.998724,0.212245,-0.63784,-0.775643,-0.788799,1.94885,1.21166,0.828242,-0.92643,-0.62419,-1.08532,0.0134659,-0.922084,-1.04397,-1.82062,-0.720654,-1.94471,-0.376988,1.76676,-0.594025,1.17955,0.313105,1.16384,0.0323358,0.112372,0.276904,0.173359,1.84303,0.871915,-1.30925,-0.819472,-0.271119,0.144731,1.18899,1.07535,1.68402,1.67163,-0.91779,-0.253471,-1.68299,-0.374937,1.42931,0.855572,-1.19532,-2.35802,-0.875937,-0.695132,-0.587729,-0.934389,-1.12119,2.36313,0.439495,-0.409887,-1.18967,0.205982,0.196223,0.198728,-0.0282551,0.677569,-0.467649,-0.650102,0.227682,-1.06888,0.452069,1.02341,1.17156,-0.198172,-0.211413,0.991489,-2.35741,-0.143576,-0.809495,1.12258,0.473459,0.41049,1.09232,1.35244,1.27563,2.3012,-2.21794,0.267022,-0.907389,0.623595,0.271515,0.607732,-0.756966,-0.929112,0.358527,-1.83134,0.196984,-0.571952,1.09103,-0.556834,-0.874072,1.46023,0.341108,-0.561264,0.0162368,0.364794,1.07315,-1.26282,1.08959,0.301416,-1.45787,-0.85951,-1.03972,0.938545,-0.865437,0.311193,-1.53491,1.30072,-1.43114,0.200076,-0.446835,-0.922357,1.05204,0.385577,-0.62507,-0.665923,1.6053,-1.133,-0.584588,1.2217,-0.620832,-0.612018,-0.611398,0.375767,-0.977244,0.949909,0.713386,-0.654658,-0.658215,-0.241962,-2.15471,2.91785,0.00884949,1.35134,-1.67356,0.655454,1.48203,2.29503,0.198216,-1.58355,-1.24152,-547.184,-508.299,2761.5,815.011,520.894,-1882.04,-2005.36,-819.359,713.376,4167.89,684.524,-60.5022,-3825.74,-379.508,89.5438,-786.665,-2764.26,-1893.05,-1138.15,1330.48,3721.9,-4549.31,2287.66,267.703,-2638.59,-2872.07,3581.78,-691.08,1559.76,-2665.15,-3407.54,531.827,2745.55,-223.138,-3512.96,4957.76,-1430.38,-3610.6,1490.59,-2808.39,2647.86,134.514,1058.66,-2025.01,485.435,3088.29,-408.039,1755.96,-843.537,223.64,-979.537,157.066,-382.401,-1592.82,146.539,630.355,1663.4,390.568,-1767.98,-422.267,-1066.21,3073.98,426.967,1910.6,-1257.09,-400.344,-1141.72,499.265,-2604.22,-1076.11,-4120.46,-2216.12,-5824.17,-626.233,4606.2,242.817,3643.23,1542.24,2193.71,656.864,865.569,271.498,-601.193,3442.11,1343.81,-669.027,-589.169,-124.323,-568.395,1995.34,2199.27,3168.19,1360.03,-1589.59,215.181,-2315.43,-552.459,2949.46,968.289,-1405.52
-250354,0,1,0,1,1,250393,-0.384764,0.00591807,1.98251,0.65987,0.194549,-1.62464,-1.32884,-0.638008,0.776036,1.76188,-0.149657,0.116447,-1.54277,-0.0636614,0.2482,-1.00728,-1.59481,-1.01706,-0.127135,0.559175,1.40119,-1.61276,1.8305,-0.0898098,-1.26576,-1.76124,1.23195,-0.269686,1.22789,-1.59845,-1.56077,0.458786,1.996,-0.185011,-1.75004,1.38731,-0.797919,-1.56933,0.936032,-1.67351,1.35279,0.444837,1.42627,-1.3104,-0.0724454,0.89088,-0.393547,0.886616,0.0264761,-0.478673,-1.03596,0.226382,0.0675763,-1.26799,0.156639,-0.0321617,0.998724,0.212245,-0.63784,-0.775643,-0.788799,1.94885,1.21166,0.828242,-0.92643,-0.62419,-1.08532,0.0134659,-0.922084,-1.04397,-1.82062,-0.720654,-1.94471,-0.376988,1.76676,-0.594025,1.17955,0.313105,1.16384,0.0323358,0.112372,0.276904,0.173359,1.84303,0.871915,-1.30925,-0.819472,-0.271119,0.144731,1.18899,1.07535,1.68402,1.67163,-0.91779,-0.253471,-1.68299,-0.374937,1.42931,0.855572,-1.19532,-0.417413,0.276758,1.60682,0.599384,1.76992,-0.251223,0.179121,0.957775,2.05361,0.611134,-0.561441,1.08414,-0.300944,0.741222,0.370298,-1.38645,-0.262894,-0.32393,0.700155,0.490421,0.0207228,-0.631911,-0.247656,0.795642,-0.392767,1.11438,1.84413,0.548896,-0.757823,0.752075,1.26527,-1.28425,0.759294,-0.430518,1.80816,-0.778122,-0.194514,-0.495558,-0.567922,-0.249179,-1.6896,-0.399199,-0.982465,-0.558277,-0.542618,0.0905514,1.63503,0.155646,-0.502213,0.914016,-1.20331,1.57028,-0.0979045,-0.378335,0.0656373,1.34265,-0.190799,-0.523763,0.555587,0.316913,-0.82541,0.974946,-0.521337,-0.0254173,-0.403601,-0.949424,-0.611907,-0.631657,1.05438,0.958519,0.619191,0.292336,0.978326,-0.523833,-0.0650382,0.69997,0.673001,-0.482375,1.04873,1.03557,-0.437295,-1.71515,-0.56984,-0.629073,0.704492,1.01567,0.874353,0.413349,0.64616,-0.451671,-0.346643,0.827591,0.747062,0.303213,0.811387,1.45337,1.02993,-0.832767,0.272472,2.35313,-547.184,-508.299,2761.5,815.011,520.894,-1882.04,-2005.36,-819.359,713.376,4167.89,684.524,-60.5022,-3825.74,-379.508,89.5438,-786.665,-2764.26,-1893.05,-1138.15,1330.48,3721.9,-4549.31,2287.66,267.703,-2638.59,-2872.07,3581.78,-691.08,1559.76,-2665.15,-3407.54,531.827,2745.55,-223.138,-3512.96,4957.76,-1430.38,-3610.6,1490.59,-2808.39,2647.86,134.514,1058.66,-2025.01,485.435,3088.29,-408.039,1755.96,-843.537,223.64,-979.537,157.066,-382.401,-1592.82,146.539,630.355,1663.4,390.568,-1767.98,-422.267,-1066.21,3073.98,426.967,1910.6,-1257.09,-400.344,-1141.72,499.265,-2604.22,-1076.11,-4120.46,-2216.12,-5824.17,-626.233,4606.2,242.817,3643.23,1542.24,2193.71,656.864,865.569,271.498,-601.193,3442.11,1343.81,-669.027,-589.169,-124.323,-568.395,1995.34,2199.27,3168.19,1360.03,-1589.59,215.181,-2315.43,-552.459,2949.46,968.289,-1405.52
-250354,0,1,0,1,1,250415,-0.384764,0.00591807,1.98251,0.65987,0.194549,-1.62464,-1.32884,-0.638008,0.776036,1.76188,-0.149657,0.116447,-1.54277,-0.0636614,0.2482,-1.00728,-1.59481,-1.01706,-0.127135,0.559175,1.40119,-1.61276,1.8305,-0.0898098,-1.26576,-1.76124,1.23195,-0.269686,1.22789,-1.59845,-1.56077,0.458786,1.996,-0.185011,-1.75004,1.38731,-0.797919,-1.56933,0.936032,-1.67351,1.35279,0.444837,1.42627,-1.3104,-0.0724454,0.89088,-0.393547,0.886616,0.0264761,-0.478673,-1.03596,0.226382,0.0675763,-1.26799,0.156639,-0.0321617,0.998724,0.212245,-0.63784,-0.775643,-0.788799,1.94885,1.21166,0.828242,-0.92643,-0.62419,-1.08532,0.0134659,-0.922084,-1.04397,-1.82062,-0.720654,-1.94471,-0.376988,1.76676,-0.594025,1.17955,0.313105,1.16384,0.0323358,0.112372,0.276904,0.173359,1.84303,0.871915,-1.30925,-0.819472,-0.271119,0.144731,1.18899,1.07535,1.68402,1.67163,-0.91779,-0.253471,-1.68299,-0.374937,1.42931,0.855572,-1.19532,0.882369,-2.03894,0.602389,-2.64643,-0.509774,0.554079,-0.311844,-2.34803,-1.6191,0.89893,0.678373,-1.65388,0.221913,1.02637,-1.46595,-0.464781,-0.829949,-0.447139,0.735523,0.295978,0.144553,-1.52074,0.613515,-0.475686,-1.41087,-1.03978,-1.17901,-0.270878,0.400554,0.36008,-1.71715,0.153641,1.51068,-1.93134,-0.788077,-0.572491,-0.855588,-1.17759,-0.397006,-0.291638,0.39708,-0.728943,0.397874,-1.88599,-0.413244,-0.790028,0.919089,-1.9464,-1.07748,-1.54538,-0.311515,0.144676,0.698655,-1.21155,-0.91505,-1.65936,-1.31968,0.570802,-0.0872777,0.348199,1.29775,0.88903,0.113584,0.592728,-0.408491,1.10807,1.57728,-1.94184,0.86306,0.342962,0.616863,-0.507186,-3.57038,0.0384867,0.783297,1.24242,-1.88832,-0.22482,-0.751023,0.704912,-0.047519,-0.428299,1.34357,-0.0984408,0.977297,1.02666,-0.865179,1.10513,0.156087,0.431923,1.34958,-1.98956,1.91227,-0.495112,0.698905,0.30285,-1.12814,-0.0282217,-0.551964,0.188573,-547.184,-508.299,2761.5,815.011,520.894,-1882.04,-2005.36,-819.359,713.376,4167.89,684.524,-60.5022,-3825.74,-379.508,89.5438,-786.665,-2764.26,-1893.05,-1138.15,1330.48,3721.9,-4549.31,2287.66,267.703,-2638.59,-2872.07,3581.78,-691.08,1559.76,-2665.15,-3407.54,531.827,2745.55,-223.138,-3512.96,4957.76,-1430.38,-3610.6,1490.59,-2808.39,2647.86,134.514,1058.66,-2025.01,485.435,3088.29,-408.039,1755.96,-843.537,223.64,-979.537,157.066,-382.401,-1592.82,146.539,630.355,1663.4,390.568,-1767.98,-422.267,-1066.21,3073.98,426.967,1910.6,-1257.09,-400.344,-1141.72,499.265,-2604.22,-1076.11,-4120.46,-2216.12,-5824.17,-626.233,4606.2,242.817,3643.23,1542.24,2193.71,656.864,865.569,271.498,-601.193,3442.11,1343.81,-669.027,-589.169,-124.323,-568.395,1995.34,2199.27,3168.19,1360.03,-1589.59,215.181,-2315.43,-552.459,2949.46,968.289,-1405.52
-250354,0,1,0,1,1,250405,-0.384764,0.00591807,1.98251,0.65987,0.194549,-1.62464,-1.32884,-0.638008,0.776036,1.76188,-0.149657,0.116447,-1.54277,-0.0636614,0.2482,-1.00728,-1.59481,-1.01706,-0.127135,0.559175,1.40119,-1.61276,1.8305,-0.0898098,-1.26576,-1.76124,1.23195,-0.269686,1.22789,-1.59845,-1.56077,0.458786,1.996,-0.185011,-1.75004,1.38731,-0.797919,-1.56933,0.936032,-1.67351,1.35279,0.444837,1.42627,-1.3104,-0.0724454,0.89088,-0.393547,0.886616,0.0264761,-0.478673,-1.03596,0.226382,0.0675763,-1.26799,0.156639,-0.0321617,0.998724,0.212245,-0.63784,-0.775643,-0.788799,1.94885,1.21166,0.828242,-0.92643,-0.62419,-1.08532,0.0134659,-0.922084,-1.04397,-1.82062,-0.720654,-1.94471,-0.376988,1.76676,-0.594025,1.17955,0.313105,1.16384,0.0323358,0.112372,0.276904,0.173359,1.84303,0.871915,-1.30925,-0.819472,-0.271119,0.144731,1.18899,1.07535,1.68402,1.67163,-0.91779,-0.253471,-1.68299,-0.374937,1.42931,0.855572,-1.19532,-0.667008,0.708482,-1.05717,1.40636,1.78537,0.48979,0.00449553,1.11765,0.538341,1.60321,-0.334782,0.0268471,0.271364,0.777285,0.258836,-0.2595,1.46453,-1.09523,1.08346,-0.830925,-0.456414,1.6394,0.0286742,0.991558,-2.63141,-1.1157,-0.878036,0.546733,-1.763,-1.3829,1.57038,-1.08028,-1.20194,-0.0811203,-1.62092,1.11242,-1.71493,1.13711,0.455969,0.019206,0.383749,0.159804,-0.821854,0.395569,-0.247101,0.596195,-0.537804,1.91121,2.51117,-0.520116,-0.120944,0.994232,-0.289206,0.507849,-0.627752,-1.39086,-0.777175,-0.280562,0.0524957,-2.18249,-0.97075,-0.0791224,0.477116,1.27344,1.05787,0.175181,0.540835,-0.0444197,0.652729,-0.890689,0.0427464,0.414597,0.474202,0.851101,-0.738601,1.66067,0.409933,-0.621097,0.612073,0.488304,0.565428,-0.4348,-0.401198,-1.05657,-0.705673,-0.518897,1.32837,-0.736983,-1.16091,-0.779997,-1.17441,-2.07667,1.70301,-1.53835,0.223575,-0.746583,0.675709,0.865829,0.817796,-0.21353,-547.184,-508.299,2761.5,815.011,520.894,-1882.04,-2005.36,-819.359,713.376,4167.89,684.524,-60.5022,-3825.74,-379.508,89.5438,-786.665,-2764.26,-1893.05,-1138.15,1330.48,3721.9,-4549.31,2287.66,267.703,-2638.59,-2872.07,3581.78,-691.08,1559.76,-2665.15,-3407.54,531.827,2745.55,-223.138,-3512.96,4957.76,-1430.38,-3610.6,1490.59,-2808.39,2647.86,134.514,1058.66,-2025.01,485.435,3088.29,-408.039,1755.96,-843.537,223.64,-979.537,157.066,-382.401,-1592.82,146.539,630.355,1663.4,390.568,-1767.98,-422.267,-1066.21,3073.98,426.967,1910.6,-1257.09,-400.344,-1141.72,499.265,-2604.22,-1076.11,-4120.46,-2216.12,-5824.17,-626.233,4606.2,242.817,3643.23,1542.24,2193.71,656.864,865.569,271.498,-601.193,3442.11,1343.81,-669.027,-589.169,-124.323,-568.395,1995.34,2199.27,3168.19,1360.03,-1589.59,215.181,-2315.43,-552.459,2949.46,968.289,-1405.52
-250354,0,1,0,1,1,250402,-0.384764,0.00591807,1.98251,0.65987,0.194549,-1.62464,-1.32884,-0.638008,0.776036,1.76188,-0.149657,0.116447,-1.54277,-0.0636614,0.2482,-1.00728,-1.59481,-1.01706,-0.127135,0.559175,1.40119,-1.61276,1.8305,-0.0898098,-1.26576,-1.76124,1.23195,-0.269686,1.22789,-1.59845,-1.56077,0.458786,1.996,-0.185011,-1.75004,1.38731,-0.797919,-1.56933,0.936032,-1.67351,1.35279,0.444837,1.42627,-1.3104,-0.0724454,0.89088,-0.393547,0.886616,0.0264761,-0.478673,-1.03596,0.226382,0.0675763,-1.26799,0.156639,-0.0321617,0.998724,0.212245,-0.63784,-0.775643,-0.788799,1.94885,1.21166,0.828242,-0.92643,-0.62419,-1.08532,0.0134659,-0.922084,-1.04397,-1.82062,-0.720654,-1.94471,-0.376988,1.76676,-0.594025,1.17955,0.313105,1.16384,0.0323358,0.112372,0.276904,0.173359,1.84303,0.871915,-1.30925,-0.819472,-0.271119,0.144731,1.18899,1.07535,1.68402,1.67163,-0.91779,-0.253471,-1.68299,-0.374937,1.42931,0.855572,-1.19532,0.711934,-1.00703,1.50503,-1.03027,0.990021,0.33802,-0.0722549,-0.0793987,-0.341261,1.2163,1.46328,0.105208,-0.0819269,0.0043329,-0.415074,-0.612983,0.30874,-0.927571,1.1508,0.0436257,0.353198,0.65097,-0.887598,-2.50927,0.0834941,0.283041,0.400733,-0.0296999,1.10351,1.61163,-0.469651,0.184479,-0.43729,-0.0463831,-0.358984,-0.0349872,-0.348527,-1.92306,-0.448758,1.66595,-0.515126,-1.03817,-0.8669,-2.071,0.673721,0.31843,0.132993,1.25232,-2.23518,1.15883,-1.32069,0.250205,-1.24782,1.56161,0.363019,-0.434898,-0.618291,-0.841244,-0.196532,1.93522,0.300217,-1.20605,-1.00035,-0.16753,-0.541739,-0.476645,-0.677357,-1.66651,-0.54716,-0.219998,-2.33549,0.569543,-0.402872,0.375957,-1.23949,-0.000421912,-0.290021,-0.20303,-1.3692,-1.16007,-1.70298,-0.565892,1.39381,-1.06167,0.747063,-0.380167,1.34948,-0.261448,0.00157681,-1.04809,0.00315522,-1.08185,-0.557728,0.18082,-0.524063,-1.17142,-0.983925,-1.77385,-1.03515,-1.6491,-547.184,-508.299,2761.5,815.011,520.894,-1882.04,-2005.36,-819.359,713.376,4167.89,684.524,-60.5022,-3825.74,-379.508,89.5438,-786.665,-2764.26,-1893.05,-1138.15,1330.48,3721.9,-4549.31,2287.66,267.703,-2638.59,-2872.07,3581.78,-691.08,1559.76,-2665.15,-3407.54,531.827,2745.55,-223.138,-3512.96,4957.76,-1430.38,-3610.6,1490.59,-2808.39,2647.86,134.514,1058.66,-2025.01,485.435,3088.29,-408.039,1755.96,-843.537,223.64,-979.537,157.066,-382.401,-1592.82,146.539,630.355,1663.4,390.568,-1767.98,-422.267,-1066.21,3073.98,426.967,1910.6,-1257.09,-400.344,-1141.72,499.265,-2604.22,-1076.11,-4120.46,-2216.12,-5824.17,-626.233,4606.2,242.817,3643.23,1542.24,2193.71,656.864,865.569,271.498,-601.193,3442.11,1343.81,-669.027,-589.169,-124.323,-568.395,1995.34,2199.27,3168.19,1360.03,-1589.59,215.181,-2315.43,-552.459,2949.46,968.289,-1405.52
-250354,0,1,0,1,1,250406,-0.384764,0.00591807,1.98251,0.65987,0.194549,-1.62464,-1.32884,-0.638008,0.776036,1.76188,-0.149657,0.116447,-1.54277,-0.0636614,0.2482,-1.00728,-1.59481,-1.01706,-0.127135,0.559175,1.40119,-1.61276,1.8305,-0.0898098,-1.26576,-1.76124,1.23195,-0.269686,1.22789,-1.59845,-1.56077,0.458786,1.996,-0.185011,-1.75004,1.38731,-0.797919,-1.56933,0.936032,-1.67351,1.35279,0.444837,1.42627,-1.3104,-0.0724454,0.89088,-0.393547,0.886616,0.0264761,-0.478673,-1.03596,0.226382,0.0675763,-1.26799,0.156639,-0.0321617,0.998724,0.212245,-0.63784,-0.775643,-0.788799,1.94885,1.21166,0.828242,-0.92643,-0.62419,-1.08532,0.0134659,-0.922084,-1.04397,-1.82062,-0.720654,-1.94471,-0.376988,1.76676,-0.594025,1.17955,0.313105,1.16384,0.0323358,0.112372,0.276904,0.173359,1.84303,0.871915,-1.30925,-0.819472,-0.271119,0.144731,1.18899,1.07535,1.68402,1.67163,-0.91779,-0.253471,-1.68299,-0.374937,1.42931,0.855572,-1.19532,-1.95908,-0.779838,1.01522,2.32607,1.05595,2.9162,0.456213,-0.413405,1.2655,-0.97867,1.26987,-1.11789,0.0704322,-1.32455,2.54578,0.683296,0.916622,0.161807,0.345433,0.581842,-0.404426,1.21914,0.00776055,1.14033,-0.870328,-0.530442,-0.0821712,-1.16516,0.74203,0.170676,0.335105,0.491337,0.315757,1.5357,0.119724,1.07023,-0.160681,0.644454,-0.647977,0.223015,1.97106,0.866672,0.784973,-0.950574,0.753053,0.944836,0.445515,-0.320403,-0.148368,1.12768,-0.601607,-1.09829,1.28464,-2.5129,0.502037,-0.0700196,1.4675,-0.994681,0.305666,-0.30284,0.641744,0.394983,-0.996994,1.17714,-1.28977,-1.21782,-0.201305,0.301331,-2.23602,0.521182,-1.90232,0.080769,0.0791299,0.286116,-0.278271,0.157761,-0.95826,-0.550909,-0.749019,0.284675,-0.938483,0.537863,0.943342,-1.67674,-0.48869,-0.394664,-0.329417,1.2345,-0.829901,0.000790261,-1.65169,0.108947,-0.501977,0.32305,1.30986,-0.0719532,-0.0758054,-0.287803,-1.4469,-1.55146,-547.184,-508.299,2761.5,815.011,520.894,-1882.04,-2005.36,-819.359,713.376,4167.89,684.524,-60.5022,-3825.74,-379.508,89.5438,-786.665,-2764.26,-1893.05,-1138.15,1330.48,3721.9,-4549.31,2287.66,267.703,-2638.59,-2872.07,3581.78,-691.08,1559.76,-2665.15,-3407.54,531.827,2745.55,-223.138,-3512.96,4957.76,-1430.38,-3610.6,1490.59,-2808.39,2647.86,134.514,1058.66,-2025.01,485.435,3088.29,-408.039,1755.96,-843.537,223.64,-979.537,157.066,-382.401,-1592.82,146.539,630.355,1663.4,390.568,-1767.98,-422.267,-1066.21,3073.98,426.967,1910.6,-1257.09,-400.344,-1141.72,499.265,-2604.22,-1076.11,-4120.46,-2216.12,-5824.17,-626.233,4606.2,242.817,3643.23,1542.24,2193.71,656.864,865.569,271.498,-601.193,3442.11,1343.81,-669.027,-589.169,-124.323,-568.395,1995.34,2199.27,3168.19,1360.03,-1589.59,215.181,-2315.43,-552.459,2949.46,968.289,-1405.52
-250354,0,1,0,1,1,250409,-0.384764,0.00591807,1.98251,0.65987,0.194549,-1.62464,-1.32884,-0.638008,0.776036,1.76188,-0.149657,0.116447,-1.54277,-0.0636614,0.2482,-1.00728,-1.59481,-1.01706,-0.127135,0.559175,1.40119,-1.61276,1.8305,-0.0898098,-1.26576,-1.76124,1.23195,-0.269686,1.22789,-1.59845,-1.56077,0.458786,1.996,-0.185011,-1.75004,1.38731,-0.797919,-1.56933,0.936032,-1.67351,1.35279,0.444837,1.42627,-1.3104,-0.0724454,0.89088,-0.393547,0.886616,0.0264761,-0.478673,-1.03596,0.226382,0.0675763,-1.26799,0.156639,-0.0321617,0.998724,0.212245,-0.63784,-0.775643,-0.788799,1.94885,1.21166,0.828242,-0.92643,-0.62419,-1.08532,0.0134659,-0.922084,-1.04397,-1.82062,-0.720654,-1.94471,-0.376988,1.76676,-0.594025,1.17955,0.313105,1.16384,0.0323358,0.112372,0.276904,0.173359,1.84303,0.871915,-1.30925,-0.819472,-0.271119,0.144731,1.18899,1.07535,1.68402,1.67163,-0.91779,-0.253471,-1.68299,-0.374937,1.42931,0.855572,-1.19532,1.01755,0.823774,1.22427,0.64219,-0.162548,0.10016,0.53943,-0.102669,-1.9251,0.146753,0.139531,0.670953,0.305993,0.748924,0.742107,-1.20764,-0.909439,0.55382,-3.33056,-0.715429,-1.43988,-0.754855,-0.446316,-2.48537,0.442187,0.107778,-0.474292,1.13512,0.543012,1.13529,1.4864,-0.0770404,-0.783133,-0.012365,0.552178,-1.18525,-2.35587,0.258409,-0.735181,0.588145,0.185877,-0.689374,0.912627,-1.04051,0.504368,-0.197758,-0.35221,-0.116674,-0.970315,-0.0752175,0.0488124,0.256662,0.404232,0.285697,-0.165115,2.20087,-0.498752,-0.694929,-0.0180198,0.463205,-0.91644,0.987233,-0.115361,0.856792,1.97386,-0.933011,0.339772,-1.28088,0.18241,-0.199472,0.499336,0.00610078,1.53703,2.5849,-2.32812,-1.1288,-0.979894,-0.75564,0.769893,-0.323402,1.04035,1.54226,1.14193,-1.57514,-1.01504,0.225445,0.987248,-0.053485,-0.445227,-3.46502,0.495585,-1.01548,0.307443,-0.0699702,-1.53694,0.20236,-0.152181,0.228534,-0.894395,0.248024,-547.184,-508.299,2761.5,815.011,520.894,-1882.04,-2005.36,-819.359,713.376,4167.89,684.524,-60.5022,-3825.74,-379.508,89.5438,-786.665,-2764.26,-1893.05,-1138.15,1330.48,3721.9,-4549.31,2287.66,267.703,-2638.59,-2872.07,3581.78,-691.08,1559.76,-2665.15,-3407.54,531.827,2745.55,-223.138,-3512.96,4957.76,-1430.38,-3610.6,1490.59,-2808.39,2647.86,134.514,1058.66,-2025.01,485.435,3088.29,-408.039,1755.96,-843.537,223.64,-979.537,157.066,-382.401,-1592.82,146.539,630.355,1663.4,390.568,-1767.98,-422.267,-1066.21,3073.98,426.967,1910.6,-1257.09,-400.344,-1141.72,499.265,-2604.22,-1076.11,-4120.46,-2216.12,-5824.17,-626.233,4606.2,242.817,3643.23,1542.24,2193.71,656.864,865.569,271.498,-601.193,3442.11,1343.81,-669.027,-589.169,-124.323,-568.395,1995.34,2199.27,3168.19,1360.03,-1589.59,215.181,-2315.43,-552.459,2949.46,968.289,-1405.52
-250354,0,1,0,1,1,250398,-0.384764,0.00591807,1.98251,0.65987,0.194549,-1.62464,-1.32884,-0.638008,0.776036,1.76188,-0.149657,0.116447,-1.54277,-0.0636614,0.2482,-1.00728,-1.59481,-1.01706,-0.127135,0.559175,1.40119,-1.61276,1.8305,-0.0898098,-1.26576,-1.76124,1.23195,-0.269686,1.22789,-1.59845,-1.56077,0.458786,1.996,-0.185011,-1.75004,1.38731,-0.797919,-1.56933,0.936032,-1.67351,1.35279,0.444837,1.42627,-1.3104,-0.0724454,0.89088,-0.393547,0.886616,0.0264761,-0.478673,-1.03596,0.226382,0.0675763,-1.26799,0.156639,-0.0321617,0.998724,0.212245,-0.63784,-0.775643,-0.788799,1.94885,1.21166,0.828242,-0.92643,-0.62419,-1.08532,0.0134659,-0.922084,-1.04397,-1.82062,-0.720654,-1.94471,-0.376988,1.76676,-0.594025,1.17955,0.313105,1.16384,0.0323358,0.112372,0.276904,0.173359,1.84303,0.871915,-1.30925,-0.819472,-0.271119,0.144731,1.18899,1.07535,1.68402,1.67163,-0.91779,-0.253471,-1.68299,-0.374937,1.42931,0.855572,-1.19532,1.03644,-0.520825,0.102098,-0.436165,-0.35002,-0.287929,-0.0576873,1.2718,-0.276506,-0.351436,-0.0966111,0.00613425,-0.826976,0.45721,1.34913,-0.229334,-1.60465,0.334097,0.184192,-0.591893,0.11278,-1.62635,0.395009,-1.24788,0.468802,-0.690836,-1.54484,0.256351,0.0134679,-1.47235,-1.11966,-2.53503,-0.307849,0.0821772,-0.360308,-0.273378,0.309228,1.86641,2.55505,1.87938,1.38307,-0.226254,-2.49242,0.406547,-1.50336,0.15486,-1.0503,-0.846779,-1.02897,1.21102,-0.314234,-0.276617,-1.11771,0.32951,1.27352,1.47688,-0.293791,1.3813,0.02374,0.873677,-0.191572,0.572113,0.929608,-0.568452,0.111972,0.547334,0.187904,0.324778,1.35599,-0.550795,0.381358,0.18783,0.481042,-0.918614,0.46639,0.347387,0.627935,-1.52381,1.36618,0.0688422,0.591551,-0.751485,-0.458897,0.945838,0.162012,-0.302361,0.953076,1.12949,-0.482513,-0.461816,1.02425,-0.541438,-1.18468,1.54058,0.369818,-0.0912488,0.325637,0.10081,-2.00648,-0.176023,-547.184,-508.299,2761.5,815.011,520.894,-1882.04,-2005.36,-819.359,713.376,4167.89,684.524,-60.5022,-3825.74,-379.508,89.5438,-786.665,-2764.26,-1893.05,-1138.15,1330.48,3721.9,-4549.31,2287.66,267.703,-2638.59,-2872.07,3581.78,-691.08,1559.76,-2665.15,-3407.54,531.827,2745.55,-223.138,-3512.96,4957.76,-1430.38,-3610.6,1490.59,-2808.39,2647.86,134.514,1058.66,-2025.01,485.435,3088.29,-408.039,1755.96,-843.537,223.64,-979.537,157.066,-382.401,-1592.82,146.539,630.355,1663.4,390.568,-1767.98,-422.267,-1066.21,3073.98,426.967,1910.6,-1257.09,-400.344,-1141.72,499.265,-2604.22,-1076.11,-4120.46,-2216.12,-5824.17,-626.233,4606.2,242.817,3643.23,1542.24,2193.71,656.864,865.569,271.498,-601.193,3442.11,1343.81,-669.027,-589.169,-124.323,-568.395,1995.34,2199.27,3168.19,1360.03,-1589.59,215.181,-2315.43,-552.459,2949.46,968.289,-1405.52
-250354,0,1,0,1,1,250408,-0.384764,0.00591807,1.98251,0.65987,0.194549,-1.62464,-1.32884,-0.638008,0.776036,1.76188,-0.149657,0.116447,-1.54277,-0.0636614,0.2482,-1.00728,-1.59481,-1.01706,-0.127135,0.559175,1.40119,-1.61276,1.8305,-0.0898098,-1.26576,-1.76124,1.23195,-0.269686,1.22789,-1.59845,-1.56077,0.458786,1.996,-0.185011,-1.75004,1.38731,-0.797919,-1.56933,0.936032,-1.67351,1.35279,0.444837,1.42627,-1.3104,-0.0724454,0.89088,-0.393547,0.886616,0.0264761,-0.478673,-1.03596,0.226382,0.0675763,-1.26799,0.156639,-0.0321617,0.998724,0.212245,-0.63784,-0.775643,-0.788799,1.94885,1.21166,0.828242,-0.92643,-0.62419,-1.08532,0.0134659,-0.922084,-1.04397,-1.82062,-0.720654,-1.94471,-0.376988,1.76676,-0.594025,1.17955,0.313105,1.16384,0.0323358,0.112372,0.276904,0.173359,1.84303,0.871915,-1.30925,-0.819472,-0.271119,0.144731,1.18899,1.07535,1.68402,1.67163,-0.91779,-0.253471,-1.68299,-0.374937,1.42931,0.855572,-1.19532,2.5511,0.437057,0.974865,-0.21587,-1.36226,-0.672702,-0.20483,-1.4829,-1.76874,1.07841,-1.52034,-0.686098,0.530823,-0.0708143,2.03576,-0.106857,0.273572,0.7786,-0.665735,0.143509,-0.00886628,0.313034,-0.018967,0.0782928,1.32383,-0.401265,1.92736,0.681735,-0.416078,2.09095,-0.864611,-0.304511,2.18232,1.1481,0.159213,-0.257204,-1.32003,0.459193,-0.0932554,1.41475,1.23375,1.48277,-0.438415,-0.210051,0.307001,0.48435,1.67158,0.018149,-1.54813,1.10464,0.474416,-0.0773473,-0.472656,-0.38133,-1.07294,-1.57978,0.666948,0.304672,1.45556,0.6586,0.174063,-0.980498,-0.403824,0.0454817,1.57427,0.208571,1.66644,-1.30498,-0.250466,0.945267,-0.658574,-0.0702837,0.173702,1.70743,-0.531595,1.2611,0.332564,-0.80341,-0.760633,-2.4646,0.0822871,0.30347,0.894087,-0.41862,-0.960383,-1.49851,-0.516865,-0.795531,1.54909,0.111663,0.277794,1.57756,1.04047,-0.0789165,0.487189,1.11444,0.690261,-1.65919,-1.17508,-2.24126,-547.184,-508.299,2761.5,815.011,520.894,-1882.04,-2005.36,-819.359,713.376,4167.89,684.524,-60.5022,-3825.74,-379.508,89.5438,-786.665,-2764.26,-1893.05,-1138.15,1330.48,3721.9,-4549.31,2287.66,267.703,-2638.59,-2872.07,3581.78,-691.08,1559.76,-2665.15,-3407.54,531.827,2745.55,-223.138,-3512.96,4957.76,-1430.38,-3610.6,1490.59,-2808.39,2647.86,134.514,1058.66,-2025.01,485.435,3088.29,-408.039,1755.96,-843.537,223.64,-979.537,157.066,-382.401,-1592.82,146.539,630.355,1663.4,390.568,-1767.98,-422.267,-1066.21,3073.98,426.967,1910.6,-1257.09,-400.344,-1141.72,499.265,-2604.22,-1076.11,-4120.46,-2216.12,-5824.17,-626.233,4606.2,242.817,3643.23,1542.24,2193.71,656.864,865.569,271.498,-601.193,3442.11,1343.81,-669.027,-589.169,-124.323,-568.395,1995.34,2199.27,3168.19,1360.03,-1589.59,215.181,-2315.43,-552.459,2949.46,968.289,-1405.52
-250354,0,1,0,1,1,250398,-0.384764,0.00591807,1.98251,0.65987,0.194549,-1.62464,-1.32884,-0.638008,0.776036,1.76188,-0.149657,0.116447,-1.54277,-0.0636614,0.2482,-1.00728,-1.59481,-1.01706,-0.127135,0.559175,1.40119,-1.61276,1.8305,-0.0898098,-1.26576,-1.76124,1.23195,-0.269686,1.22789,-1.59845,-1.56077,0.458786,1.996,-0.185011,-1.75004,1.38731,-0.797919,-1.56933,0.936032,-1.67351,1.35279,0.444837,1.42627,-1.3104,-0.0724454,0.89088,-0.393547,0.886616,0.0264761,-0.478673,-1.03596,0.226382,0.0675763,-1.26799,0.156639,-0.0321617,0.998724,0.212245,-0.63784,-0.775643,-0.788799,1.94885,1.21166,0.828242,-0.92643,-0.62419,-1.08532,0.0134659,-0.922084,-1.04397,-1.82062,-0.720654,-1.94471,-0.376988,1.76676,-0.594025,1.17955,0.313105,1.16384,0.0323358,0.112372,0.276904,0.173359,1.84303,0.871915,-1.30925,-0.819472,-0.271119,0.144731,1.18899,1.07535,1.68402,1.67163,-0.91779,-0.253471,-1.68299,-0.374937,1.42931,0.855572,-1.19532,-1.35466,-0.749622,-0.810964,-0.973755,-0.25265,0.462393,1.19141,1.27874,-1.76125,-0.57424,-1.69232,-0.372832,0.401545,-0.551718,-0.416104,-0.903853,2.92944,-1.08189,0.872887,2.15254,0.648136,1.02063,-0.451874,-0.252354,0.00095945,-0.459582,0.109963,-0.944688,-0.751693,-0.792288,-0.904363,0.70274,0.535578,0.156378,-2.03758,0.125517,0.80274,-0.0480024,0.630743,0.337945,-0.317783,0.35947,0.692834,-0.14832,-1.80356,-0.241885,1.31501,1.4167,0.88433,0.935035,-0.137016,0.431373,-1.12831,-1.0194,-1.36337,0.919335,-0.611528,-1.1549,-0.748618,-1.08348,-0.369967,0.51356,-0.734648,1.11537,1.68468,-0.149107,1.32656,-0.629505,2.252,1.28428,-0.768971,0.630462,-0.282867,-0.538579,0.538845,0.243711,-0.26602,0.0461529,0.74525,-0.323411,-0.211666,0.347755,0.343356,-0.0845007,0.912021,0.287906,-0.541104,0.564671,0.858591,-1.43592,1.18198,-0.417632,0.512641,0.159936,0.0520855,-0.980495,0.149713,1.93086,-0.137178,1.1759,-547.184,-508.299,2761.5,815.011,520.894,-1882.04,-2005.36,-819.359,713.376,4167.89,684.524,-60.5022,-3825.74,-379.508,89.5438,-786.665,-2764.26,-1893.05,-1138.15,1330.48,3721.9,-4549.31,2287.66,267.703,-2638.59,-2872.07,3581.78,-691.08,1559.76,-2665.15,-3407.54,531.827,2745.55,-223.138,-3512.96,4957.76,-1430.38,-3610.6,1490.59,-2808.39,2647.86,134.514,1058.66,-2025.01,485.435,3088.29,-408.039,1755.96,-843.537,223.64,-979.537,157.066,-382.401,-1592.82,146.539,630.355,1663.4,390.568,-1767.98,-422.267,-1066.21,3073.98,426.967,1910.6,-1257.09,-400.344,-1141.72,499.265,-2604.22,-1076.11,-4120.46,-2216.12,-5824.17,-626.233,4606.2,242.817,3643.23,1542.24,2193.71,656.864,865.569,271.498,-601.193,3442.11,1343.81,-669.027,-589.169,-124.323,-568.395,1995.34,2199.27,3168.19,1360.03,-1589.59,215.181,-2315.43,-552.459,2949.46,968.289,-1405.52
-250354,0,1,0,1,1,250394,-0.384764,0.00591807,1.98251,0.65987,0.194549,-1.62464,-1.32884,-0.638008,0.776036,1.76188,-0.149657,0.116447,-1.54277,-0.0636614,0.2482,-1.00728,-1.59481,-1.01706,-0.127135,0.559175,1.40119,-1.61276,1.8305,-0.0898098,-1.26576,-1.76124,1.23195,-0.269686,1.22789,-1.59845,-1.56077,0.458786,1.996,-0.185011,-1.75004,1.38731,-0.797919,-1.56933,0.936032,-1.67351,1.35279,0.444837,1.42627,-1.3104,-0.0724454,0.89088,-0.393547,0.886616,0.0264761,-0.478673,-1.03596,0.226382,0.0675763,-1.26799,0.156639,-0.0321617,0.998724,0.212245,-0.63784,-0.775643,-0.788799,1.94885,1.21166,0.828242,-0.92643,-0.62419,-1.08532,0.0134659,-0.922084,-1.04397,-1.82062,-0.720654,-1.94471,-0.376988,1.76676,-0.594025,1.17955,0.313105,1.16384,0.0323358,0.112372,0.276904,0.173359,1.84303,0.871915,-1.30925,-0.819472,-0.271119,0.144731,1.18899,1.07535,1.68402,1.67163,-0.91779,-0.253471,-1.68299,-0.374937,1.42931,0.855572,-1.19532,0.218575,1.26093,0.0517328,-0.199314,0.654209,-0.95922,0.319275,0.0278231,-0.13147,-0.576389,-1.33133,-0.431203,-0.590189,0.603297,-0.221492,2.92642,0.625351,0.355835,-1.51096,1.04759,0.260571,0.143628,0.25113,-0.4261,-0.342808,-1.0166,1.31759,0.207627,0.673884,1.7224,-0.562469,1.29545,0.617612,0.144245,0.506004,0.562091,-1.05661,0.829268,-0.976056,-0.30205,-0.0611077,-0.538191,-1.36746,-0.269989,-0.380536,-0.626761,1.0205,-0.854283,-0.215013,1.30495,0.182575,0.460704,-1.80654,1.44302,1.38554,-1.93058,-0.342165,0.576904,-1.72264,-0.484864,-0.551648,-1.4033,-0.909704,1.18307,-0.111605,0.0440262,-0.139448,0.995068,-0.637721,-0.696441,-0.840363,-0.785597,-1.68406,0.403519,1.29561,-0.496339,0.404848,0.16835,-0.324799,-0.424319,0.199888,0.762187,0.457883,-0.566374,0.567544,0.337567,1.68531,0.335107,-0.126592,0.855908,0.791852,2.21545,0.130084,0.478219,-0.664161,-1.21687,-0.697727,-0.194041,-0.907192,0.419022,-547.184,-508.299,2761.5,815.011,520.894,-1882.04,-2005.36,-819.359,713.376,4167.89,684.524,-60.5022,-3825.74,-379.508,89.5438,-786.665,-2764.26,-1893.05,-1138.15,1330.48,3721.9,-4549.31,2287.66,267.703,-2638.59,-2872.07,3581.78,-691.08,1559.76,-2665.15,-3407.54,531.827,2745.55,-223.138,-3512.96,4957.76,-1430.38,-3610.6,1490.59,-2808.39,2647.86,134.514,1058.66,-2025.01,485.435,3088.29,-408.039,1755.96,-843.537,223.64,-979.537,157.066,-382.401,-1592.82,146.539,630.355,1663.4,390.568,-1767.98,-422.267,-1066.21,3073.98,426.967,1910.6,-1257.09,-400.344,-1141.72,499.265,-2604.22,-1076.11,-4120.46,-2216.12,-5824.17,-626.233,4606.2,242.817,3643.23,1542.24,2193.71,656.864,865.569,271.498,-601.193,3442.11,1343.81,-669.027,-589.169,-124.323,-568.395,1995.34,2199.27,3168.19,1360.03,-1589.59,215.181,-2315.43,-552.459,2949.46,968.289,-1405.52
-250354,0,1,0,1,1,250407,-0.384764,0.00591807,1.98251,0.65987,0.194549,-1.62464,-1.32884,-0.638008,0.776036,1.76188,-0.149657,0.116447,-1.54277,-0.0636614,0.2482,-1.00728,-1.59481,-1.01706,-0.127135,0.559175,1.40119,-1.61276,1.8305,-0.0898098,-1.26576,-1.76124,1.23195,-0.269686,1.22789,-1.59845,-1.56077,0.458786,1.996,-0.185011,-1.75004,1.38731,-0.797919,-1.56933,0.936032,-1.67351,1.35279,0.444837,1.42627,-1.3104,-0.0724454,0.89088,-0.393547,0.886616,0.0264761,-0.478673,-1.03596,0.226382,0.0675763,-1.26799,0.156639,-0.0321617,0.998724,0.212245,-0.63784,-0.775643,-0.788799,1.94885,1.21166,0.828242,-0.92643,-0.62419,-1.08532,0.0134659,-0.922084,-1.04397,-1.82062,-0.720654,-1.94471,-0.376988,1.76676,-0.594025,1.17955,0.313105,1.16384,0.0323358,0.112372,0.276904,0.173359,1.84303,0.871915,-1.30925,-0.819472,-0.271119,0.144731,1.18899,1.07535,1.68402,1.67163,-0.91779,-0.253471,-1.68299,-0.374937,1.42931,0.855572,-1.19532,-0.615595,1.0401,1.27101,1.29405,-0.640075,-2.06253,-0.877618,-0.738861,0.234958,0.62512,-0.00256505,-0.663896,1.03567,-0.710308,0.294297,0.861753,1.81304,1.16391,-0.250829,-0.438323,-1.40748,-1.40662,0.537322,-1.62498,-2.29937,0.795331,0.454766,-2.18094,0.103984,-0.112056,1.23452,0.400078,1.17731,0.471796,-0.597983,-1.37732,-1.98889,-0.330231,0.31433,0.10175,-1.4303,0.412416,-0.289762,-0.00020209,-2.18098,-2.07967,0.166719,-0.0826895,0.43425,-1.60952,-0.634913,1.76751,0.342525,0.809512,-1.2322,0.207445,-0.145073,-0.175569,0.417675,-0.875824,0.30639,-1.48768,0.990906,1.33134,-2.26568,-0.648711,-1.48266,-1.21297,0.883432,1.27969,-1.16419,-1.57938,-0.828015,-0.0217065,1.08111,-1.12532,0.233841,-0.0553793,-0.0637554,1.19759,-0.269749,-0.10519,0.76484,0.196915,1.09788,0.527216,0.762195,-0.310286,-1.4205,1.55223,1.68049,0.568796,0.290682,-0.38504,-0.319412,-0.783331,0.422258,0.870924,-0.324496,-0.390332,-547.184,-508.299,2761.5,815.011,520.894,-1882.04,-2005.36,-819.359,713.376,4167.89,684.524,-60.5022,-3825.74,-379.508,89.5438,-786.665,-2764.26,-1893.05,-1138.15,1330.48,3721.9,-4549.31,2287.66,267.703,-2638.59,-2872.07,3581.78,-691.08,1559.76,-2665.15,-3407.54,531.827,2745.55,-223.138,-3512.96,4957.76,-1430.38,-3610.6,1490.59,-2808.39,2647.86,134.514,1058.66,-2025.01,485.435,3088.29,-408.039,1755.96,-843.537,223.64,-979.537,157.066,-382.401,-1592.82,146.539,630.355,1663.4,390.568,-1767.98,-422.267,-1066.21,3073.98,426.967,1910.6,-1257.09,-400.344,-1141.72,499.265,-2604.22,-1076.11,-4120.46,-2216.12,-5824.17,-626.233,4606.2,242.817,3643.23,1542.24,2193.71,656.864,865.569,271.498,-601.193,3442.11,1343.81,-669.027,-589.169,-124.323,-568.395,1995.34,2199.27,3168.19,1360.03,-1589.59,215.181,-2315.43,-552.459,2949.46,968.289,-1405.52
-250354,0,1,0,1,1,250420,-0.384764,0.00591807,1.98251,0.65987,0.194549,-1.62464,-1.32884,-0.638008,0.776036,1.76188,-0.149657,0.116447,-1.54277,-0.0636614,0.2482,-1.00728,-1.59481,-1.01706,-0.127135,0.559175,1.40119,-1.61276,1.8305,-0.0898098,-1.26576,-1.76124,1.23195,-0.269686,1.22789,-1.59845,-1.56077,0.458786,1.996,-0.185011,-1.75004,1.38731,-0.797919,-1.56933,0.936032,-1.67351,1.35279,0.444837,1.42627,-1.3104,-0.0724454,0.89088,-0.393547,0.886616,0.0264761,-0.478673,-1.03596,0.226382,0.0675763,-1.26799,0.156639,-0.0321617,0.998724,0.212245,-0.63784,-0.775643,-0.788799,1.94885,1.21166,0.828242,-0.92643,-0.62419,-1.08532,0.0134659,-0.922084,-1.04397,-1.82062,-0.720654,-1.94471,-0.376988,1.76676,-0.594025,1.17955,0.313105,1.16384,0.0323358,0.112372,0.276904,0.173359,1.84303,0.871915,-1.30925,-0.819472,-0.271119,0.144731,1.18899,1.07535,1.68402,1.67163,-0.91779,-0.253471,-1.68299,-0.374937,1.42931,0.855572,-1.19532,0.444727,0.378365,-0.771923,0.933181,-0.461307,1.77916,-1.48913,1.65975,1.15101,0.0101731,1.11553,1.78132,-0.399369,1.4972,1.60958,2.00831,-1.1958,-0.416142,0.363672,-0.974769,1.82467,-0.0758502,0.735417,3.19766,1.32082,1.58621,0.00375329,0.782353,-2.45121,1.87513,-0.289246,-1.02443,0.178578,-1.7853,1.25561,0.939541,0.859975,-0.746014,0.724737,-1.09603,-0.189717,-1.1343,-1.8548,-0.6003,-0.00964435,-0.117283,-1.50315,0.131738,-0.966076,-0.62829,0.218719,0.447709,-0.0486197,-0.211938,-0.194533,0.820479,-0.0419095,0.142886,-0.103722,0.334502,0.794421,-0.603856,0.661671,1.69501,-0.99139,1.07848,-0.167729,-0.1413,-0.977663,2.00616,0.999437,-0.939338,-1.66038,-0.0319956,2.5596,-1.15842,0.177614,-0.708198,0.664701,1.70803,1.10227,-0.744814,0.292927,1.83917,-1.24461,-1.50697,2.17777,0.289579,0.296176,-0.531577,0.371252,0.352835,0.497119,-2.18769,1.84785,1.55198,-1.5523,-0.12779,0.1159,-0.0652735,-547.184,-508.299,2761.5,815.011,520.894,-1882.04,-2005.36,-819.359,713.376,4167.89,684.524,-60.5022,-3825.74,-379.508,89.5438,-786.665,-2764.26,-1893.05,-1138.15,1330.48,3721.9,-4549.31,2287.66,267.703,-2638.59,-2872.07,3581.78,-691.08,1559.76,-2665.15,-3407.54,531.827,2745.55,-223.138,-3512.96,4957.76,-1430.38,-3610.6,1490.59,-2808.39,2647.86,134.514,1058.66,-2025.01,485.435,3088.29,-408.039,1755.96,-843.537,223.64,-979.537,157.066,-382.401,-1592.82,146.539,630.355,1663.4,390.568,-1767.98,-422.267,-1066.21,3073.98,426.967,1910.6,-1257.09,-400.344,-1141.72,499.265,-2604.22,-1076.11,-4120.46,-2216.12,-5824.17,-626.233,4606.2,242.817,3643.23,1542.24,2193.71,656.864,865.569,271.498,-601.193,3442.11,1343.81,-669.027,-589.169,-124.323,-568.395,1995.34,2199.27,3168.19,1360.03,-1589.59,215.181,-2315.43,-552.459,2949.46,968.289,-1405.52
-250354,0,1,0,1,1,250408,-0.384764,0.00591807,1.98251,0.65987,0.194549,-1.62464,-1.32884,-0.638008,0.776036,1.76188,-0.149657,0.116447,-1.54277,-0.0636614,0.2482,-1.00728,-1.59481,-1.01706,-0.127135,0.559175,1.40119,-1.61276,1.8305,-0.0898098,-1.26576,-1.76124,1.23195,-0.269686,1.22789,-1.59845,-1.56077,0.458786,1.996,-0.185011,-1.75004,1.38731,-0.797919,-1.56933,0.936032,-1.67351,1.35279,0.444837,1.42627,-1.3104,-0.0724454,0.89088,-0.393547,0.886616,0.0264761,-0.478673,-1.03596,0.226382,0.0675763,-1.26799,0.156639,-0.0321617,0.998724,0.212245,-0.63784,-0.775643,-0.788799,1.94885,1.21166,0.828242,-0.92643,-0.62419,-1.08532,0.0134659,-0.922084,-1.04397,-1.82062,-0.720654,-1.94471,-0.376988,1.76676,-0.594025,1.17955,0.313105,1.16384,0.0323358,0.112372,0.276904,0.173359,1.84303,0.871915,-1.30925,-0.819472,-0.271119,0.144731,1.18899,1.07535,1.68402,1.67163,-0.91779,-0.253471,-1.68299,-0.374937,1.42931,0.855572,-1.19532,-0.0193831,-0.36638,-1.15619,0.0381162,-1.06238,-1.29329,0.368937,-1.46316,1.30304,0.39801,-1.39412,0.28377,-0.434895,0.731937,-0.363157,-0.404425,-0.266258,-0.159101,-0.0894752,-0.139451,-1.56242,1.06549,0.197775,-0.848932,0.970697,-0.710517,-0.546661,0.290751,-0.743683,-0.420189,0.0469258,-0.176487,1.7712,-0.0657807,-0.342874,0.638826,-0.643189,-1.52235,0.276472,0.832827,1.3391,-0.600429,-1.13697,0.141931,0.220532,-0.867597,0.352403,0.309985,-1.049,0.349802,-0.844651,0.304728,1.17903,0.919664,-0.933877,1.68585,0.598028,1.41607,1.87917,0.139663,-1.65764,-0.385646,-1.45399,-1.84139,-0.989505,1.49985,0.0624398,-1.3538,-2.52716,-0.141939,0.327505,-1.93293,-2.45968,-2.02056,0.290748,-1.22408,0.0354731,0.236747,1.95539,2.47657,-1.10701,1.231,-0.460134,0.586691,-0.144382,-1.68534,0.0603699,0.40852,-0.312087,0.199957,-0.360684,-0.377437,-1.97198,-0.869835,-0.834918,1.70362,0.140005,1.24315,-0.749771,-1.10809,-547.184,-508.299,2761.5,815.011,520.894,-1882.04,-2005.36,-819.359,713.376,4167.89,684.524,-60.5022,-3825.74,-379.508,89.5438,-786.665,-2764.26,-1893.05,-1138.15,1330.48,3721.9,-4549.31,2287.66,267.703,-2638.59,-2872.07,3581.78,-691.08,1559.76,-2665.15,-3407.54,531.827,2745.55,-223.138,-3512.96,4957.76,-1430.38,-3610.6,1490.59,-2808.39,2647.86,134.514,1058.66,-2025.01,485.435,3088.29,-408.039,1755.96,-843.537,223.64,-979.537,157.066,-382.401,-1592.82,146.539,630.355,1663.4,390.568,-1767.98,-422.267,-1066.21,3073.98,426.967,1910.6,-1257.09,-400.344,-1141.72,499.265,-2604.22,-1076.11,-4120.46,-2216.12,-5824.17,-626.233,4606.2,242.817,3643.23,1542.24,2193.71,656.864,865.569,271.498,-601.193,3442.11,1343.81,-669.027,-589.169,-124.323,-568.395,1995.34,2199.27,3168.19,1360.03,-1589.59,215.181,-2315.43,-552.459,2949.46,968.289,-1405.52
-250354,0,1,0,1,1,250412,-0.384764,0.00591807,1.98251,0.65987,0.194549,-1.62464,-1.32884,-0.638008,0.776036,1.76188,-0.149657,0.116447,-1.54277,-0.0636614,0.2482,-1.00728,-1.59481,-1.01706,-0.127135,0.559175,1.40119,-1.61276,1.8305,-0.0898098,-1.26576,-1.76124,1.23195,-0.269686,1.22789,-1.59845,-1.56077,0.458786,1.996,-0.185011,-1.75004,1.38731,-0.797919,-1.56933,0.936032,-1.67351,1.35279,0.444837,1.42627,-1.3104,-0.0724454,0.89088,-0.393547,0.886616,0.0264761,-0.478673,-1.03596,0.226382,0.0675763,-1.26799,0.156639,-0.0321617,0.998724,0.212245,-0.63784,-0.775643,-0.788799,1.94885,1.21166,0.828242,-0.92643,-0.62419,-1.08532,0.0134659,-0.922084,-1.04397,-1.82062,-0.720654,-1.94471,-0.376988,1.76676,-0.594025,1.17955,0.313105,1.16384,0.0323358,0.112372,0.276904,0.173359,1.84303,0.871915,-1.30925,-0.819472,-0.271119,0.144731,1.18899,1.07535,1.68402,1.67163,-0.91779,-0.253471,-1.68299,-0.374937,1.42931,0.855572,-1.19532,0.54676,-0.129833,0.393068,-0.464933,0.665087,-0.895941,-1.0085,1.04933,-0.362417,0.299377,1.54186,0.796944,-1.22262,0.0413386,-0.560874,-0.524112,-1.52856,-0.326606,0.103732,1.13423,-1.50599,0.0508299,-1.60013,0.270783,0.12448,-0.718604,3.08518,0.587176,1.23508,0.765682,0.405697,0.929772,-1.29965,-1.10029,1.95335,0.676764,-0.778748,-1.77529,-0.298147,1.11219,0.515905,-1.06925,-0.316488,1.49253,-1.39789,1.17748,-1.85861,-0.611117,-0.270043,-1.01943,0.0278449,0.826131,-0.751101,0.633425,-0.538445,0.828382,-0.250353,1.70286,-0.448721,1.94125,-0.963476,2.09858,-0.676437,0.725334,-0.103505,-1.12641,1.23061,-0.176458,0.101139,2.28721,-1.02212,1.14441,-1.54885,0.81058,0.957158,-2.20614,0.202066,0.172091,0.736082,1.48937,0.0271399,-1.41044,-1.29549,-2.42413,-1.00811,-0.370969,-0.52205,-0.703011,0.9534,0.63502,-0.660963,0.0833624,0.515809,0.222477,-0.979428,-1.76707,-0.200201,-1.91594,0.257113,0.807998,-547.184,-508.299,2761.5,815.011,520.894,-1882.04,-2005.36,-819.359,713.376,4167.89,684.524,-60.5022,-3825.74,-379.508,89.5438,-786.665,-2764.26,-1893.05,-1138.15,1330.48,3721.9,-4549.31,2287.66,267.703,-2638.59,-2872.07,3581.78,-691.08,1559.76,-2665.15,-3407.54,531.827,2745.55,-223.138,-3512.96,4957.76,-1430.38,-3610.6,1490.59,-2808.39,2647.86,134.514,1058.66,-2025.01,485.435,3088.29,-408.039,1755.96,-843.537,223.64,-979.537,157.066,-382.401,-1592.82,146.539,630.355,1663.4,390.568,-1767.98,-422.267,-1066.21,3073.98,426.967,1910.6,-1257.09,-400.344,-1141.72,499.265,-2604.22,-1076.11,-4120.46,-2216.12,-5824.17,-626.233,4606.2,242.817,3643.23,1542.24,2193.71,656.864,865.569,271.498,-601.193,3442.11,1343.81,-669.027,-589.169,-124.323,-568.395,1995.34,2199.27,3168.19,1360.03,-1589.59,215.181,-2315.43,-552.459,2949.46,968.289,-1405.52
-250354,0,1,0,1,1,250411,-0.384764,0.00591807,1.98251,0.65987,0.194549,-1.62464,-1.32884,-0.638008,0.776036,1.76188,-0.149657,0.116447,-1.54277,-0.0636614,0.2482,-1.00728,-1.59481,-1.01706,-0.127135,0.559175,1.40119,-1.61276,1.8305,-0.0898098,-1.26576,-1.76124,1.23195,-0.269686,1.22789,-1.59845,-1.56077,0.458786,1.996,-0.185011,-1.75004,1.38731,-0.797919,-1.56933,0.936032,-1.67351,1.35279,0.444837,1.42627,-1.3104,-0.0724454,0.89088,-0.393547,0.886616,0.0264761,-0.478673,-1.03596,0.226382,0.0675763,-1.26799,0.156639,-0.0321617,0.998724,0.212245,-0.63784,-0.775643,-0.788799,1.94885,1.21166,0.828242,-0.92643,-0.62419,-1.08532,0.0134659,-0.922084,-1.04397,-1.82062,-0.720654,-1.94471,-0.376988,1.76676,-0.594025,1.17955,0.313105,1.16384,0.0323358,0.112372,0.276904,0.173359,1.84303,0.871915,-1.30925,-0.819472,-0.271119,0.144731,1.18899,1.07535,1.68402,1.67163,-0.91779,-0.253471,-1.68299,-0.374937,1.42931,0.855572,-1.19532,-0.657126,0.59765,0.873626,1.17004,0.181603,-0.367878,-0.808406,0.415133,0.566721,1.13093,-0.285791,0.394738,-0.800662,0.365848,-0.804948,1.00644,0.195134,-0.741587,0.00187493,-0.329243,-2.01612,-1.89913,-0.12283,0.716049,-1.49098,0.171844,-1.38575,0.458178,1.83511,0.828284,0.794694,0.555285,0.675265,1.41071,0.260926,-0.186198,-1.54896,0.224741,1.23257,0.782203,-0.928377,-0.860448,1.15081,0.531754,-0.0421804,-2.04295,-0.0257273,-1.23633,2.63341,0.397426,0.829726,-1.24694,-0.400468,-1.04058,-0.866292,-0.980072,-1.01416,-0.130293,0.464702,1.70887,0.845243,-0.600823,-1.83375,-1.78641,-0.464324,2.05779,0.502615,1.35317,0.315471,0.815773,-0.615282,-0.0569479,0.280268,-0.0733926,0.281037,-0.385782,-1.1593,0.973578,-1.97724,-2.97423,0.757495,-2.43717,-0.664783,0.900386,1.29698,-0.238971,0.365122,-1.21427,-0.484746,0.623563,1.56533,0.0205625,1.19937,0.916315,0.982487,-0.0174642,-1.99603,0.642097,0.417449,1.28775,-547.184,-508.299,2761.5,815.011,520.894,-1882.04,-2005.36,-819.359,713.376,4167.89,684.524,-60.5022,-3825.74,-379.508,89.5438,-786.665,-2764.26,-1893.05,-1138.15,1330.48,3721.9,-4549.31,2287.66,267.703,-2638.59,-2872.07,3581.78,-691.08,1559.76,-2665.15,-3407.54,531.827,2745.55,-223.138,-3512.96,4957.76,-1430.38,-3610.6,1490.59,-2808.39,2647.86,134.514,1058.66,-2025.01,485.435,3088.29,-408.039,1755.96,-843.537,223.64,-979.537,157.066,-382.401,-1592.82,146.539,630.355,1663.4,390.568,-1767.98,-422.267,-1066.21,3073.98,426.967,1910.6,-1257.09,-400.344,-1141.72,499.265,-2604.22,-1076.11,-4120.46,-2216.12,-5824.17,-626.233,4606.2,242.817,3643.23,1542.24,2193.71,656.864,865.569,271.498,-601.193,3442.11,1343.81,-669.027,-589.169,-124.323,-568.395,1995.34,2199.27,3168.19,1360.03,-1589.59,215.181,-2315.43,-552.459,2949.46,968.289,-1405.52
-250354,0,1,0,1,1,250399,-0.384764,0.00591807,1.98251,0.65987,0.194549,-1.62464,-1.32884,-0.638008,0.776036,1.76188,-0.149657,0.116447,-1.54277,-0.0636614,0.2482,-1.00728,-1.59481,-1.01706,-0.127135,0.559175,1.40119,-1.61276,1.8305,-0.0898098,-1.26576,-1.76124,1.23195,-0.269686,1.22789,-1.59845,-1.56077,0.458786,1.996,-0.185011,-1.75004,1.38731,-0.797919,-1.56933,0.936032,-1.67351,1.35279,0.444837,1.42627,-1.3104,-0.0724454,0.89088,-0.393547,0.886616,0.0264761,-0.478673,-1.03596,0.226382,0.0675763,-1.26799,0.156639,-0.0321617,0.998724,0.212245,-0.63784,-0.775643,-0.788799,1.94885,1.21166,0.828242,-0.92643,-0.62419,-1.08532,0.0134659,-0.922084,-1.04397,-1.82062,-0.720654,-1.94471,-0.376988,1.76676,-0.594025,1.17955,0.313105,1.16384,0.0323358,0.112372,0.276904,0.173359,1.84303,0.871915,-1.30925,-0.819472,-0.271119,0.144731,1.18899,1.07535,1.68402,1.67163,-0.91779,-0.253471,-1.68299,-0.374937,1.42931,0.855572,-1.19532,-1.29151,-0.394674,-0.82361,-1.71968,0.476606,1.43788,0.0989142,0.369676,0.454956,-1.10527,-0.344876,-0.731118,-0.500059,-1.15698,-0.0586707,-1.15456,0.511397,0.099273,-2.21113,0.0111778,0.599665,-0.862646,-0.348385,0.843003,-0.74164,0.280673,-0.459305,-0.781188,-1.13615,0.842241,-0.364174,-0.520584,2.23034,1.1177,-1.27745,-0.552429,0.557351,-1.3512,0.368896,0.106665,-0.36991,1.59885,-0.94805,0.900157,0.456653,0.114382,-0.864385,-0.0224927,-1.7335,1.58944,0.133018,-0.606124,-0.454706,-0.110437,-0.02975,-0.576025,-1.07834,0.076274,-0.612811,0.764284,0.938452,-0.32867,-1.93263,-0.335545,0.397286,0.173612,-1.78863,1.24647,-0.0676112,-0.156013,2.35147,0.241485,-1.14481,-0.766599,0.290357,0.608175,-1.11388,-0.849087,-0.378173,-1.2861,0.130458,2.2962,0.833879,-1.1338,-0.914265,0.24729,2.31912,-0.00013513,0.1929,0.0074852,-0.887744,0.383154,-1.48745,0.557136,-0.293019,0.765041,0.525251,1.64914,0.0113178,0.262476,-547.184,-508.299,2761.5,815.011,520.894,-1882.04,-2005.36,-819.359,713.376,4167.89,684.524,-60.5022,-3825.74,-379.508,89.5438,-786.665,-2764.26,-1893.05,-1138.15,1330.48,3721.9,-4549.31,2287.66,267.703,-2638.59,-2872.07,3581.78,-691.08,1559.76,-2665.15,-3407.54,531.827,2745.55,-223.138,-3512.96,4957.76,-1430.38,-3610.6,1490.59,-2808.39,2647.86,134.514,1058.66,-2025.01,485.435,3088.29,-408.039,1755.96,-843.537,223.64,-979.537,157.066,-382.401,-1592.82,146.539,630.355,1663.4,390.568,-1767.98,-422.267,-1066.21,3073.98,426.967,1910.6,-1257.09,-400.344,-1141.72,499.265,-2604.22,-1076.11,-4120.46,-2216.12,-5824.17,-626.233,4606.2,242.817,3643.23,1542.24,2193.71,656.864,865.569,271.498,-601.193,3442.11,1343.81,-669.027,-589.169,-124.323,-568.395,1995.34,2199.27,3168.19,1360.03,-1589.59,215.181,-2315.43,-552.459,2949.46,968.289,-1405.52
-250354,0,1,0,1,1,250412,-0.384764,0.00591807,1.98251,0.65987,0.194549,-1.62464,-1.32884,-0.638008,0.776036,1.76188,-0.149657,0.116447,-1.54277,-0.0636614,0.2482,-1.00728,-1.59481,-1.01706,-0.127135,0.559175,1.40119,-1.61276,1.8305,-0.0898098,-1.26576,-1.76124,1.23195,-0.269686,1.22789,-1.59845,-1.56077,0.458786,1.996,-0.185011,-1.75004,1.38731,-0.797919,-1.56933,0.936032,-1.67351,1.35279,0.444837,1.42627,-1.3104,-0.0724454,0.89088,-0.393547,0.886616,0.0264761,-0.478673,-1.03596,0.226382,0.0675763,-1.26799,0.156639,-0.0321617,0.998724,0.212245,-0.63784,-0.775643,-0.788799,1.94885,1.21166,0.828242,-0.92643,-0.62419,-1.08532,0.0134659,-0.922084,-1.04397,-1.82062,-0.720654,-1.94471,-0.376988,1.76676,-0.594025,1.17955,0.313105,1.16384,0.0323358,0.112372,0.276904,0.173359,1.84303,0.871915,-1.30925,-0.819472,-0.271119,0.144731,1.18899,1.07535,1.68402,1.67163,-0.91779,-0.253471,-1.68299,-0.374937,1.42931,0.855572,-1.19532,-0.191558,0.573134,-0.224621,0.17131,0.383294,-0.653148,2.14143,-0.396099,1.09622,-0.790122,0.916034,1.15211,0.199856,-0.813626,-0.204695,-1.1872,-0.223097,0.450117,-0.773471,0.342882,-0.890056,-0.754943,0.305444,1.35273,0.353065,0.233738,0.573466,1.1562,-0.479418,2.29595,-0.814308,0.806124,-2.17744,-2.51317,0.157581,0.49044,0.606243,-1.06531,-1.20546,-0.794183,0.424289,0.615595,-0.0665534,-1.96445,-0.666302,1.21431,-0.654688,-0.0237817,1.46972,0.812,0.677769,-1.5508,-0.170928,-1.62032,2.2396,0.463029,-1.77065,-0.370529,1.20791,-1.24312,1.31755,1.08851,-0.92393,-1.0287,0.396507,-0.0716313,0.0737541,1.1756,0.338304,1.10939,-0.115963,1.48048,-0.678588,-0.536711,-0.701855,-0.67141,-0.869107,1.17244,0.16049,0.0353796,-0.910641,-1.18616,-1.61235,-1.62355,-0.224163,-0.127034,-0.387546,1.99606,0.751378,1.07503,1.52995,-0.624752,-2.57303,1.07483,-0.417983,-1.26721,0.343655,-0.585231,-0.838359,2.88958,-547.184,-508.299,2761.5,815.011,520.894,-1882.04,-2005.36,-819.359,713.376,4167.89,684.524,-60.5022,-3825.74,-379.508,89.5438,-786.665,-2764.26,-1893.05,-1138.15,1330.48,3721.9,-4549.31,2287.66,267.703,-2638.59,-2872.07,3581.78,-691.08,1559.76,-2665.15,-3407.54,531.827,2745.55,-223.138,-3512.96,4957.76,-1430.38,-3610.6,1490.59,-2808.39,2647.86,134.514,1058.66,-2025.01,485.435,3088.29,-408.039,1755.96,-843.537,223.64,-979.537,157.066,-382.401,-1592.82,146.539,630.355,1663.4,390.568,-1767.98,-422.267,-1066.21,3073.98,426.967,1910.6,-1257.09,-400.344,-1141.72,499.265,-2604.22,-1076.11,-4120.46,-2216.12,-5824.17,-626.233,4606.2,242.817,3643.23,1542.24,2193.71,656.864,865.569,271.498,-601.193,3442.11,1343.81,-669.027,-589.169,-124.323,-568.395,1995.34,2199.27,3168.19,1360.03,-1589.59,215.181,-2315.43,-552.459,2949.46,968.289,-1405.52
-250354,0,1,0,1,1,250399,-0.384764,0.00591807,1.98251,0.65987,0.194549,-1.62464,-1.32884,-0.638008,0.776036,1.76188,-0.149657,0.116447,-1.54277,-0.0636614,0.2482,-1.00728,-1.59481,-1.01706,-0.127135,0.559175,1.40119,-1.61276,1.8305,-0.0898098,-1.26576,-1.76124,1.23195,-0.269686,1.22789,-1.59845,-1.56077,0.458786,1.996,-0.185011,-1.75004,1.38731,-0.797919,-1.56933,0.936032,-1.67351,1.35279,0.444837,1.42627,-1.3104,-0.0724454,0.89088,-0.393547,0.886616,0.0264761,-0.478673,-1.03596,0.226382,0.0675763,-1.26799,0.156639,-0.0321617,0.998724,0.212245,-0.63784,-0.775643,-0.788799,1.94885,1.21166,0.828242,-0.92643,-0.62419,-1.08532,0.0134659,-0.922084,-1.04397,-1.82062,-0.720654,-1.94471,-0.376988,1.76676,-0.594025,1.17955,0.313105,1.16384,0.0323358,0.112372,0.276904,0.173359,1.84303,0.871915,-1.30925,-0.819472,-0.271119,0.144731,1.18899,1.07535,1.68402,1.67163,-0.91779,-0.253471,-1.68299,-0.374937,1.42931,0.855572,-1.19532,0.752402,-1.08872,0.0467319,-1.01571,0.295432,-0.365571,-0.688187,1.57106,0.222514,0.29024,0.707957,1.14213,1.26623,0.166612,0.118809,-1.04397,-0.487401,0.445946,2.21815,0.224481,-0.277149,0.00234431,-0.690085,-1.12837,0.78468,-0.0706442,1.14755,-0.531717,-1.7082,0.986055,0.386917,1.07801,-0.247347,-1.05605,0.536016,-0.0342882,0.776052,1.11247,-0.341982,0.365347,-0.358485,0.741722,-0.346955,-0.60649,0.91234,-1.07958,1.39218,0.0572864,-0.723075,0.513887,-0.897702,0.650578,0.754605,1.59143,-0.173437,0.106427,-1.89209,0.285775,-0.46661,0.470413,-0.62526,1.1085,1.28966,1.2074,2.37395,0.103108,-1.14638,-0.431582,-0.159684,1.96117,2.8182,0.880057,-1.7085,1.03545,0.610918,1.04901,-0.811614,0.0787287,0.696903,0.114772,-1.04701,0.494141,0.531539,-0.232033,-0.221483,1.42644,0.521647,-0.590305,0.756615,0.54521,-0.488125,-0.428097,-1.20419,1.90869,1.16309,0.418664,-0.228361,-1.72335,-0.479359,-0.965278,-547.184,-508.299,2761.5,815.011,520.894,-1882.04,-2005.36,-819.359,713.376,4167.89,684.524,-60.5022,-3825.74,-379.508,89.5438,-786.665,-2764.26,-1893.05,-1138.15,1330.48,3721.9,-4549.31,2287.66,267.703,-2638.59,-2872.07,3581.78,-691.08,1559.76,-2665.15,-3407.54,531.827,2745.55,-223.138,-3512.96,4957.76,-1430.38,-3610.6,1490.59,-2808.39,2647.86,134.514,1058.66,-2025.01,485.435,3088.29,-408.039,1755.96,-843.537,223.64,-979.537,157.066,-382.401,-1592.82,146.539,630.355,1663.4,390.568,-1767.98,-422.267,-1066.21,3073.98,426.967,1910.6,-1257.09,-400.344,-1141.72,499.265,-2604.22,-1076.11,-4120.46,-2216.12,-5824.17,-626.233,4606.2,242.817,3643.23,1542.24,2193.71,656.864,865.569,271.498,-601.193,3442.11,1343.81,-669.027,-589.169,-124.323,-568.395,1995.34,2199.27,3168.19,1360.03,-1589.59,215.181,-2315.43,-552.459,2949.46,968.289,-1405.52
-250354,0,1,0,1,1,250405,-0.384764,0.00591807,1.98251,0.65987,0.194549,-1.62464,-1.32884,-0.638008,0.776036,1.76188,-0.149657,0.116447,-1.54277,-0.0636614,0.2482,-1.00728,-1.59481,-1.01706,-0.127135,0.559175,1.40119,-1.61276,1.8305,-0.0898098,-1.26576,-1.76124,1.23195,-0.269686,1.22789,-1.59845,-1.56077,0.458786,1.996,-0.185011,-1.75004,1.38731,-0.797919,-1.56933,0.936032,-1.67351,1.35279,0.444837,1.42627,-1.3104,-0.0724454,0.89088,-0.393547,0.886616,0.0264761,-0.478673,-1.03596,0.226382,0.0675763,-1.26799,0.156639,-0.0321617,0.998724,0.212245,-0.63784,-0.775643,-0.788799,1.94885,1.21166,0.828242,-0.92643,-0.62419,-1.08532,0.0134659,-0.922084,-1.04397,-1.82062,-0.720654,-1.94471,-0.376988,1.76676,-0.594025,1.17955,0.313105,1.16384,0.0323358,0.112372,0.276904,0.173359,1.84303,0.871915,-1.30925,-0.819472,-0.271119,0.144731,1.18899,1.07535,1.68402,1.67163,-0.91779,-0.253471,-1.68299,-0.374937,1.42931,0.855572,-1.19532,1.02446,0.393097,-0.0270046,0.336497,-1.58483,0.00112407,0.366256,1.78612,-0.717925,-1.16293,0.682114,-0.332744,0.710946,-1.04968,-2.58448,-0.733803,-1.15178,-2.23865,0.331321,-1.04358,0.799622,0.796641,-0.0279286,-1.05844,1.18749,-0.441189,0.3234,-0.24882,-1.01397,-0.864125,0.608928,-0.0251863,0.811765,-1.14733,1.21244,-0.554168,0.412744,-0.683251,0.0995101,1.16765,-0.550083,1.25722,-0.767514,0.341485,-0.515515,0.701974,-0.907305,-0.94586,0.418201,0.537104,-0.715836,0.727432,1.29063,-0.0950695,0.353749,0.638711,-0.181847,2.1222,-0.687208,-1.07736,0.129222,-1.46957,0.436104,-0.887846,-1.4098,-1.3667,-2.3025,0.216701,-1.07188,-0.0842525,1.23196,-1.58685,-0.0962654,1.5545,0.0825201,-0.427967,0.45872,1.88097,1.11733,0.0164676,-0.61985,-1.48129,-0.0102785,0.162251,0.152421,0.52899,0.0530879,0.260363,0.464966,-1.75991,-2.15649,1.37488,-0.440456,0.294468,1.33196,1.4804,-0.107954,0.549376,2.42734,-0.775673,-547.184,-508.299,2761.5,815.011,520.894,-1882.04,-2005.36,-819.359,713.376,4167.89,684.524,-60.5022,-3825.74,-379.508,89.5438,-786.665,-2764.26,-1893.05,-1138.15,1330.48,3721.9,-4549.31,2287.66,267.703,-2638.59,-2872.07,3581.78,-691.08,1559.76,-2665.15,-3407.54,531.827,2745.55,-223.138,-3512.96,4957.76,-1430.38,-3610.6,1490.59,-2808.39,2647.86,134.514,1058.66,-2025.01,485.435,3088.29,-408.039,1755.96,-843.537,223.64,-979.537,157.066,-382.401,-1592.82,146.539,630.355,1663.4,390.568,-1767.98,-422.267,-1066.21,3073.98,426.967,1910.6,-1257.09,-400.344,-1141.72,499.265,-2604.22,-1076.11,-4120.46,-2216.12,-5824.17,-626.233,4606.2,242.817,3643.23,1542.24,2193.71,656.864,865.569,271.498,-601.193,3442.11,1343.81,-669.027,-589.169,-124.323,-568.395,1995.34,2199.27,3168.19,1360.03,-1589.59,215.181,-2315.43,-552.459,2949.46,968.289,-1405.52
-250354,0,1,0,1,1,250403,-0.384764,0.00591807,1.98251,0.65987,0.194549,-1.62464,-1.32884,-0.638008,0.776036,1.76188,-0.149657,0.116447,-1.54277,-0.0636614,0.2482,-1.00728,-1.59481,-1.01706,-0.127135,0.559175,1.40119,-1.61276,1.8305,-0.0898098,-1.26576,-1.76124,1.23195,-0.269686,1.22789,-1.59845,-1.56077,0.458786,1.996,-0.185011,-1.75004,1.38731,-0.797919,-1.56933,0.936032,-1.67351,1.35279,0.444837,1.42627,-1.3104,-0.0724454,0.89088,-0.393547,0.886616,0.0264761,-0.478673,-1.03596,0.226382,0.0675763,-1.26799,0.156639,-0.0321617,0.998724,0.212245,-0.63784,-0.775643,-0.788799,1.94885,1.21166,0.828242,-0.92643,-0.62419,-1.08532,0.0134659,-0.922084,-1.04397,-1.82062,-0.720654,-1.94471,-0.376988,1.76676,-0.594025,1.17955,0.313105,1.16384,0.0323358,0.112372,0.276904,0.173359,1.84303,0.871915,-1.30925,-0.819472,-0.271119,0.144731,1.18899,1.07535,1.68402,1.67163,-0.91779,-0.253471,-1.68299,-0.374937,1.42931,0.855572,-1.19532,-1.65385,0.50624,-0.273359,0.622347,0.563997,-0.168621,1.12591,-0.965823,-0.25032,-0.547477,1.28425,0.827772,-0.11503,1.69289,-0.0811527,0.177538,1.76792,-1.59742,0.396138,-0.870736,0.639628,-0.106489,-0.741713,-0.16715,0.738507,0.0691192,-1.36896,1.59822,-1.12856,-0.291204,0.691692,0.569305,0.55741,-0.422826,0.270329,-0.525753,-0.718994,0.712768,0.593057,1.57286,0.479901,-2.30953,1.33725,-0.73599,1.44875,-0.310252,0.319118,0.232744,-0.513524,1.23821,0.9756,-1.41565,-0.10159,0.139895,2.10192,-1.52643,2.29282,-0.649158,1.38458,-0.054648,0.555412,0.986127,1.53681,1.55581,-2.21965,-0.280969,2.26512,-0.506485,-0.890741,1.87199,0.372156,-0.283391,-0.0610818,-0.895314,-0.268004,-0.204577,-0.829969,-0.3195,-1.51089,1.59947,0.678991,-1.11656,0.615785,-1.89649,-0.135687,-0.27742,0.389973,0.41583,0.02739,1.21791,-0.370216,0.00710051,0.563946,-0.401026,0.757051,0.804101,-0.18719,-0.657888,-0.970572,-0.187347,-547.184,-508.299,2761.5,815.011,520.894,-1882.04,-2005.36,-819.359,713.376,4167.89,684.524,-60.5022,-3825.74,-379.508,89.5438,-786.665,-2764.26,-1893.05,-1138.15,1330.48,3721.9,-4549.31,2287.66,267.703,-2638.59,-2872.07,3581.78,-691.08,1559.76,-2665.15,-3407.54,531.827,2745.55,-223.138,-3512.96,4957.76,-1430.38,-3610.6,1490.59,-2808.39,2647.86,134.514,1058.66,-2025.01,485.435,3088.29,-408.039,1755.96,-843.537,223.64,-979.537,157.066,-382.401,-1592.82,146.539,630.355,1663.4,390.568,-1767.98,-422.267,-1066.21,3073.98,426.967,1910.6,-1257.09,-400.344,-1141.72,499.265,-2604.22,-1076.11,-4120.46,-2216.12,-5824.17,-626.233,4606.2,242.817,3643.23,1542.24,2193.71,656.864,865.569,271.498,-601.193,3442.11,1343.81,-669.027,-589.169,-124.323,-568.395,1995.34,2199.27,3168.19,1360.03,-1589.59,215.181,-2315.43,-552.459,2949.46,968.289,-1405.52
-250354,0,1,0,1,1,250398,-0.384764,0.00591807,1.98251,0.65987,0.194549,-1.62464,-1.32884,-0.638008,0.776036,1.76188,-0.149657,0.116447,-1.54277,-0.0636614,0.2482,-1.00728,-1.59481,-1.01706,-0.127135,0.559175,1.40119,-1.61276,1.8305,-0.0898098,-1.26576,-1.76124,1.23195,-0.269686,1.22789,-1.59845,-1.56077,0.458786,1.996,-0.185011,-1.75004,1.38731,-0.797919,-1.56933,0.936032,-1.67351,1.35279,0.444837,1.42627,-1.3104,-0.0724454,0.89088,-0.393547,0.886616,0.0264761,-0.478673,-1.03596,0.226382,0.0675763,-1.26799,0.156639,-0.0321617,0.998724,0.212245,-0.63784,-0.775643,-0.788799,1.94885,1.21166,0.828242,-0.92643,-0.62419,-1.08532,0.0134659,-0.922084,-1.04397,-1.82062,-0.720654,-1.94471,-0.376988,1.76676,-0.594025,1.17955,0.313105,1.16384,0.0323358,0.112372,0.276904,0.173359,1.84303,0.871915,-1.30925,-0.819472,-0.271119,0.144731,1.18899,1.07535,1.68402,1.67163,-0.91779,-0.253471,-1.68299,-0.374937,1.42931,0.855572,-1.19532,1.27241,-0.36941,0.277925,-0.0400044,0.521593,0.680049,0.944479,-0.548712,-0.293759,0.981568,0.97482,0.643202,0.565217,-0.651453,2.90993,0.505162,-0.794453,0.952765,0.852481,0.468584,0.402129,-0.981308,-0.308321,1.21098,0.730612,0.922885,0.23155,-0.280437,-0.402985,1.26638,-0.710851,-0.500136,-0.0939192,-1.64723,1.19195,0.135948,0.222708,-0.772015,0.277274,-0.941382,1.24069,1.72263,-1.52956,1.96353,0.0529315,-0.963805,0.88427,-1.56165,-1.02123,-1.19335,0.0546715,-0.225918,1.03865,-0.193815,0.557284,0.15348,0.0306699,-1.52662,-0.586358,-0.967004,-0.478202,0.81636,0.16271,-0.420152,-0.333049,1.88081,0.620783,0.822069,-0.706566,-0.767788,0.490121,0.180595,0.801848,-1.27831,1.89418,1.02773,-1.1053,-0.284642,0.790661,-0.448474,1.4064,-0.928561,-0.346637,-1.28338,-0.251223,0.519313,1.00991,-0.399396,-0.704052,-1.88617,-1.62296,0.0789785,-0.297317,-0.595034,-1.86844,-0.163289,0.163357,0.0781589,-0.503443,-1.27669,-547.184,-508.299,2761.5,815.011,520.894,-1882.04,-2005.36,-819.359,713.376,4167.89,684.524,-60.5022,-3825.74,-379.508,89.5438,-786.665,-2764.26,-1893.05,-1138.15,1330.48,3721.9,-4549.31,2287.66,267.703,-2638.59,-2872.07,3581.78,-691.08,1559.76,-2665.15,-3407.54,531.827,2745.55,-223.138,-3512.96,4957.76,-1430.38,-3610.6,1490.59,-2808.39,2647.86,134.514,1058.66,-2025.01,485.435,3088.29,-408.039,1755.96,-843.537,223.64,-979.537,157.066,-382.401,-1592.82,146.539,630.355,1663.4,390.568,-1767.98,-422.267,-1066.21,3073.98,426.967,1910.6,-1257.09,-400.344,-1141.72,499.265,-2604.22,-1076.11,-4120.46,-2216.12,-5824.17,-626.233,4606.2,242.817,3643.23,1542.24,2193.71,656.864,865.569,271.498,-601.193,3442.11,1343.81,-669.027,-589.169,-124.323,-568.395,1995.34,2199.27,3168.19,1360.03,-1589.59,215.181,-2315.43,-552.459,2949.46,968.289,-1405.52
-250354,0,1,0,1,1,250415,-0.384764,0.00591807,1.98251,0.65987,0.194549,-1.62464,-1.32884,-0.638008,0.776036,1.76188,-0.149657,0.116447,-1.54277,-0.0636614,0.2482,-1.00728,-1.59481,-1.01706,-0.127135,0.559175,1.40119,-1.61276,1.8305,-0.0898098,-1.26576,-1.76124,1.23195,-0.269686,1.22789,-1.59845,-1.56077,0.458786,1.996,-0.185011,-1.75004,1.38731,-0.797919,-1.56933,0.936032,-1.67351,1.35279,0.444837,1.42627,-1.3104,-0.0724454,0.89088,-0.393547,0.886616,0.0264761,-0.478673,-1.03596,0.226382,0.0675763,-1.26799,0.156639,-0.0321617,0.998724,0.212245,-0.63784,-0.775643,-0.788799,1.94885,1.21166,0.828242,-0.92643,-0.62419,-1.08532,0.0134659,-0.922084,-1.04397,-1.82062,-0.720654,-1.94471,-0.376988,1.76676,-0.594025,1.17955,0.313105,1.16384,0.0323358,0.112372,0.276904,0.173359,1.84303,0.871915,-1.30925,-0.819472,-0.271119,0.144731,1.18899,1.07535,1.68402,1.67163,-0.91779,-0.253471,-1.68299,-0.374937,1.42931,0.855572,-1.19532,0.434383,-0.452398,-1.25048,-2.09079,-0.120577,-0.66555,0.810209,-0.845025,0.115803,-0.569064,0.128119,-0.954477,-1.24516,-0.0182423,-1.04544,-2.11058,2.43805,0.748497,3.13741,0.929884,-2.55013,1.38469,-0.901709,-0.218745,-0.0642154,-0.520367,0.756244,-1.42259,0.21648,0.0272433,-0.699888,-2.28969,0.0209351,-0.0514002,-2.06494,-0.786457,-0.98542,-1.02225,-0.733075,0.182192,0.470634,-1.81469,-0.393719,0.65994,1.83851,-0.30141,0.918305,0.039231,0.596299,1.40453,0.52883,0.1261,1.49736,2.07129,0.678274,0.991702,-0.348323,0.034848,0.622158,0.342573,-0.284904,0.933681,-1.01613,0.314656,-0.346468,-0.554476,0.0149596,0.257895,-0.674332,0.918133,0.828835,-0.578806,0.0218181,1.98361,-1.27831,0.636187,-0.216039,-1.39832,0.946692,-0.216363,0.340874,-1.51292,-1.09072,0.620728,1.03901,1.04009,2.476,0.0772479,-1.25326,-0.972785,2.46476,-1.4165,-1.03108,1.58883,0.961632,-0.071687,1.59675,0.0570615,0.410837,-0.315104,-547.184,-508.299,2761.5,815.011,520.894,-1882.04,-2005.36,-819.359,713.376,4167.89,684.524,-60.5022,-3825.74,-379.508,89.5438,-786.665,-2764.26,-1893.05,-1138.15,1330.48,3721.9,-4549.31,2287.66,267.703,-2638.59,-2872.07,3581.78,-691.08,1559.76,-2665.15,-3407.54,531.827,2745.55,-223.138,-3512.96,4957.76,-1430.38,-3610.6,1490.59,-2808.39,2647.86,134.514,1058.66,-2025.01,485.435,3088.29,-408.039,1755.96,-843.537,223.64,-979.537,157.066,-382.401,-1592.82,146.539,630.355,1663.4,390.568,-1767.98,-422.267,-1066.21,3073.98,426.967,1910.6,-1257.09,-400.344,-1141.72,499.265,-2604.22,-1076.11,-4120.46,-2216.12,-5824.17,-626.233,4606.2,242.817,3643.23,1542.24,2193.71,656.864,865.569,271.498,-601.193,3442.11,1343.81,-669.027,-589.169,-124.323,-568.395,1995.34,2199.27,3168.19,1360.03,-1589.59,215.181,-2315.43,-552.459,2949.46,968.289,-1405.52
-250354,0,1,0,1,1,250405,-0.384764,0.00591807,1.98251,0.65987,0.194549,-1.62464,-1.32884,-0.638008,0.776036,1.76188,-0.149657,0.116447,-1.54277,-0.0636614,0.2482,-1.00728,-1.59481,-1.01706,-0.127135,0.559175,1.40119,-1.61276,1.8305,-0.0898098,-1.26576,-1.76124,1.23195,-0.269686,1.22789,-1.59845,-1.56077,0.458786,1.996,-0.185011,-1.75004,1.38731,-0.797919,-1.56933,0.936032,-1.67351,1.35279,0.444837,1.42627,-1.3104,-0.0724454,0.89088,-0.393547,0.886616,0.0264761,-0.478673,-1.03596,0.226382,0.0675763,-1.26799,0.156639,-0.0321617,0.998724,0.212245,-0.63784,-0.775643,-0.788799,1.94885,1.21166,0.828242,-0.92643,-0.62419,-1.08532,0.0134659,-0.922084,-1.04397,-1.82062,-0.720654,-1.94471,-0.376988,1.76676,-0.594025,1.17955,0.313105,1.16384,0.0323358,0.112372,0.276904,0.173359,1.84303,0.871915,-1.30925,-0.819472,-0.271119,0.144731,1.18899,1.07535,1.68402,1.67163,-0.91779,-0.253471,-1.68299,-0.374937,1.42931,0.855572,-1.19532,-0.829633,-0.890108,-2.05411,0.4961,0.963988,-0.941321,-0.315641,0.0428203,1.18673,-0.928709,0.531526,0.341606,1.44456,0.514778,-0.326926,-0.928779,0.0307051,0.121039,-2.32571,-0.187789,-0.863297,-1.00886,-1.36823,2.11729,-0.355245,0.13429,0.207819,-0.730554,0.371559,1.38867,-0.513914,-0.230998,0.805079,0.939901,-0.733307,1.9539,-0.907209,-0.551657,1.33685,1.22728,0.766518,-1.87137,-0.0262456,-0.22721,-0.135886,0.990141,0.406994,0.381753,0.361959,0.93123,0.968593,1.007,1.31708,2.20335,1.57784,1.33329,-1.27365,2.43659,-0.369369,0.388345,-0.285823,0.0329256,-0.136957,0.365583,-0.559457,1.2425,0.767303,0.141611,2.12576,-0.975274,0.581049,-1.78551,0.412182,-0.549289,1.18659,2.24075,-0.399378,-0.688837,-0.521241,-0.581055,-1.58301,-1.86737,0.175009,0.153761,-0.617712,1.38638,0.419733,-0.972435,-0.517192,0.0389087,-0.00201603,1.01837,-0.618485,-1.03837,-0.120581,0.50424,-0.14334,-0.293705,0.407766,0.59434,-547.184,-508.299,2761.5,815.011,520.894,-1882.04,-2005.36,-819.359,713.376,4167.89,684.524,-60.5022,-3825.74,-379.508,89.5438,-786.665,-2764.26,-1893.05,-1138.15,1330.48,3721.9,-4549.31,2287.66,267.703,-2638.59,-2872.07,3581.78,-691.08,1559.76,-2665.15,-3407.54,531.827,2745.55,-223.138,-3512.96,4957.76,-1430.38,-3610.6,1490.59,-2808.39,2647.86,134.514,1058.66,-2025.01,485.435,3088.29,-408.039,1755.96,-843.537,223.64,-979.537,157.066,-382.401,-1592.82,146.539,630.355,1663.4,390.568,-1767.98,-422.267,-1066.21,3073.98,426.967,1910.6,-1257.09,-400.344,-1141.72,499.265,-2604.22,-1076.11,-4120.46,-2216.12,-5824.17,-626.233,4606.2,242.817,3643.23,1542.24,2193.71,656.864,865.569,271.498,-601.193,3442.11,1343.81,-669.027,-589.169,-124.323,-568.395,1995.34,2199.27,3168.19,1360.03,-1589.59,215.181,-2315.43,-552.459,2949.46,968.289,-1405.52
-250354,0,1,0,1,1,250409,-0.384764,0.00591807,1.98251,0.65987,0.194549,-1.62464,-1.32884,-0.638008,0.776036,1.76188,-0.149657,0.116447,-1.54277,-0.0636614,0.2482,-1.00728,-1.59481,-1.01706,-0.127135,0.559175,1.40119,-1.61276,1.8305,-0.0898098,-1.26576,-1.76124,1.23195,-0.269686,1.22789,-1.59845,-1.56077,0.458786,1.996,-0.185011,-1.75004,1.38731,-0.797919,-1.56933,0.936032,-1.67351,1.35279,0.444837,1.42627,-1.3104,-0.0724454,0.89088,-0.393547,0.886616,0.0264761,-0.478673,-1.03596,0.226382,0.0675763,-1.26799,0.156639,-0.0321617,0.998724,0.212245,-0.63784,-0.775643,-0.788799,1.94885,1.21166,0.828242,-0.92643,-0.62419,-1.08532,0.0134659,-0.922084,-1.04397,-1.82062,-0.720654,-1.94471,-0.376988,1.76676,-0.594025,1.17955,0.313105,1.16384,0.0323358,0.112372,0.276904,0.173359,1.84303,0.871915,-1.30925,-0.819472,-0.271119,0.144731,1.18899,1.07535,1.68402,1.67163,-0.91779,-0.253471,-1.68299,-0.374937,1.42931,0.855572,-1.19532,2.10597,0.0614234,-0.723941,1.5205,-0.70887,-1.28554,-0.0876213,1.19779,-1.31224,-0.246446,-0.731533,0.016786,-1.11931,-0.730465,1.2292,2.13425,-0.368054,-0.929246,-0.481952,-1.50507,-0.762337,0.548541,-0.570907,-0.0400473,1.38091,1.7759,0.260433,0.785666,-0.9742,-0.305719,0.436898,0.505495,0.325907,1.12168,0.751882,-0.313146,-0.222185,-0.843045,-0.79113,0.331752,-0.296614,0.0313779,-0.0599637,-2.03243,1.45442,0.263696,0.345446,0.329702,0.625666,0.128743,-1.03919,0.948826,-0.563637,0.255221,1.9959,0.977913,2.2157,-1.20599,-1.44942,1.02644,1.29659,0.479079,-0.402237,0.880786,-1.667,-1.3441,-1.65625,0.0912197,1.28306,0.99836,-0.644443,-1.2273,1.0459,-1.39211,-1.27782,1.3541,-0.282238,-0.796258,0.207348,-0.607663,0.58411,1.72286,-0.193138,0.880184,-0.36642,-1.91419,0.0688587,-0.428179,-1.29864,-1.44638,1.9404,-0.0398413,-0.821201,-1.522,-0.200887,-1.41287,-0.265601,0.518591,-2.56422,0.0674261,-547.184,-508.299,2761.5,815.011,520.894,-1882.04,-2005.36,-819.359,713.376,4167.89,684.524,-60.5022,-3825.74,-379.508,89.5438,-786.665,-2764.26,-1893.05,-1138.15,1330.48,3721.9,-4549.31,2287.66,267.703,-2638.59,-2872.07,3581.78,-691.08,1559.76,-2665.15,-3407.54,531.827,2745.55,-223.138,-3512.96,4957.76,-1430.38,-3610.6,1490.59,-2808.39,2647.86,134.514,1058.66,-2025.01,485.435,3088.29,-408.039,1755.96,-843.537,223.64,-979.537,157.066,-382.401,-1592.82,146.539,630.355,1663.4,390.568,-1767.98,-422.267,-1066.21,3073.98,426.967,1910.6,-1257.09,-400.344,-1141.72,499.265,-2604.22,-1076.11,-4120.46,-2216.12,-5824.17,-626.233,4606.2,242.817,3643.23,1542.24,2193.71,656.864,865.569,271.498,-601.193,3442.11,1343.81,-669.027,-589.169,-124.323,-568.395,1995.34,2199.27,3168.19,1360.03,-1589.59,215.181,-2315.43,-552.459,2949.46,968.289,-1405.52
-250354,0,1,0,1,1,250416,-0.384764,0.00591807,1.98251,0.65987,0.194549,-1.62464,-1.32884,-0.638008,0.776036,1.76188,-0.149657,0.116447,-1.54277,-0.0636614,0.2482,-1.00728,-1.59481,-1.01706,-0.127135,0.559175,1.40119,-1.61276,1.8305,-0.0898098,-1.26576,-1.76124,1.23195,-0.269686,1.22789,-1.59845,-1.56077,0.458786,1.996,-0.185011,-1.75004,1.38731,-0.797919,-1.56933,0.936032,-1.67351,1.35279,0.444837,1.42627,-1.3104,-0.0724454,0.89088,-0.393547,0.886616,0.0264761,-0.478673,-1.03596,0.226382,0.0675763,-1.26799,0.156639,-0.0321617,0.998724,0.212245,-0.63784,-0.775643,-0.788799,1.94885,1.21166,0.828242,-0.92643,-0.62419,-1.08532,0.0134659,-0.922084,-1.04397,-1.82062,-0.720654,-1.94471,-0.376988,1.76676,-0.594025,1.17955,0.313105,1.16384,0.0323358,0.112372,0.276904,0.173359,1.84303,0.871915,-1.30925,-0.819472,-0.271119,0.144731,1.18899,1.07535,1.68402,1.67163,-0.91779,-0.253471,-1.68299,-0.374937,1.42931,0.855572,-1.19532,-0.574513,2.37626,-0.902779,-0.107551,-1.16014,0.384223,0.419869,1.78335,-0.68202,2.3089,0.449286,-0.285397,0.611944,0.179005,0.106941,0.568518,-0.616205,0.263619,-0.861576,-1.78379,-0.773358,0.32776,0.696015,0.411846,-0.497443,0.682706,-1.03416,0.720797,0.247541,-0.533135,1.66843,-0.840689,-1.25437,-3.17428,0.167983,0.429953,0.166759,0.154092,1.8319,-1.18482,1.87803,0.18707,-0.390094,0.560473,1.66845,0.354729,0.44574,0.39397,-2.76191,-0.194222,-0.772265,1.04028,0.414841,0.72522,-0.414802,0.279345,-0.234609,1.29373,-1.60925,1.88829,-0.266063,-1.15679,-0.920164,0.291017,-0.0764874,-1.01245,-0.352399,1.7293,0.923353,0.989183,0.846792,-0.144358,1.39618,0.839268,1.2427,-0.887584,-0.775765,-2.58482,-0.804731,0.289694,-1.52915,-0.216331,-1.33921,0.941535,0.291314,-0.886229,0.56306,-0.582283,0.588341,-0.683776,0.871603,-0.998672,2.43013,0.105154,-0.258111,0.217256,-0.637474,-3.00769,-1.7705,-1.51157,-547.184,-508.299,2761.5,815.011,520.894,-1882.04,-2005.36,-819.359,713.376,4167.89,684.524,-60.5022,-3825.74,-379.508,89.5438,-786.665,-2764.26,-1893.05,-1138.15,1330.48,3721.9,-4549.31,2287.66,267.703,-2638.59,-2872.07,3581.78,-691.08,1559.76,-2665.15,-3407.54,531.827,2745.55,-223.138,-3512.96,4957.76,-1430.38,-3610.6,1490.59,-2808.39,2647.86,134.514,1058.66,-2025.01,485.435,3088.29,-408.039,1755.96,-843.537,223.64,-979.537,157.066,-382.401,-1592.82,146.539,630.355,1663.4,390.568,-1767.98,-422.267,-1066.21,3073.98,426.967,1910.6,-1257.09,-400.344,-1141.72,499.265,-2604.22,-1076.11,-4120.46,-2216.12,-5824.17,-626.233,4606.2,242.817,3643.23,1542.24,2193.71,656.864,865.569,271.498,-601.193,3442.11,1343.81,-669.027,-589.169,-124.323,-568.395,1995.34,2199.27,3168.19,1360.03,-1589.59,215.181,-2315.43,-552.459,2949.46,968.289,-1405.52
-250354,0,1,0,1,1,250407,-0.384764,0.00591807,1.98251,0.65987,0.194549,-1.62464,-1.32884,-0.638008,0.776036,1.76188,-0.149657,0.116447,-1.54277,-0.0636614,0.2482,-1.00728,-1.59481,-1.01706,-0.127135,0.559175,1.40119,-1.61276,1.8305,-0.0898098,-1.26576,-1.76124,1.23195,-0.269686,1.22789,-1.59845,-1.56077,0.458786,1.996,-0.185011,-1.75004,1.38731,-0.797919,-1.56933,0.936032,-1.67351,1.35279,0.444837,1.42627,-1.3104,-0.0724454,0.89088,-0.393547,0.886616,0.0264761,-0.478673,-1.03596,0.226382,0.0675763,-1.26799,0.156639,-0.0321617,0.998724,0.212245,-0.63784,-0.775643,-0.788799,1.94885,1.21166,0.828242,-0.92643,-0.62419,-1.08532,0.0134659,-0.922084,-1.04397,-1.82062,-0.720654,-1.94471,-0.376988,1.76676,-0.594025,1.17955,0.313105,1.16384,0.0323358,0.112372,0.276904,0.173359,1.84303,0.871915,-1.30925,-0.819472,-0.271119,0.144731,1.18899,1.07535,1.68402,1.67163,-0.91779,-0.253471,-1.68299,-0.374937,1.42931,0.855572,-1.19532,0.562965,-2.60912,-0.350794,-1.45484,-0.31746,-1.21743,-2.23512,0.138799,0.124262,-0.928014,0.724952,-0.181049,-0.619371,1.4164,-0.706425,0.464345,-1.23417,-0.731522,-1.1075,0.701776,-1.13056,0.929758,0.585988,0.286763,-1.01519,0.601591,0.30315,-2.0461,0.08705,0.548377,-0.667011,0.47507,1.06577,1.41758,-1.22314,0.897787,-0.17998,1.3588,1.49732,0.825775,-0.78749,2.2425,0.626702,1.15801,1.50302,0.247967,0.23728,-1.3201,-0.313486,-0.127767,0.147828,-0.981109,-0.361803,-0.584634,0.748426,-1.55934,-0.349914,-1.58404,-0.656229,-0.480304,0.429379,2.45563,-0.757954,0.22503,1.32172,0.0106426,1.27122,-0.888355,-0.550769,-0.619622,1.73724,0.628697,-0.74411,-1.20946,0.838914,-0.0808591,-0.75728,0.411978,-1.53417,-0.481363,0.58342,0.412957,-2.07623,-0.66706,-0.285992,-0.350135,2.16752,-1.01073,-0.122736,-0.237112,0.669377,-1.14803,-0.510016,-0.219396,1.20395,1.59053,-0.274569,-1.52338,-0.564278,-1.45919,-547.184,-508.299,2761.5,815.011,520.894,-1882.04,-2005.36,-819.359,713.376,4167.89,684.524,-60.5022,-3825.74,-379.508,89.5438,-786.665,-2764.26,-1893.05,-1138.15,1330.48,3721.9,-4549.31,2287.66,267.703,-2638.59,-2872.07,3581.78,-691.08,1559.76,-2665.15,-3407.54,531.827,2745.55,-223.138,-3512.96,4957.76,-1430.38,-3610.6,1490.59,-2808.39,2647.86,134.514,1058.66,-2025.01,485.435,3088.29,-408.039,1755.96,-843.537,223.64,-979.537,157.066,-382.401,-1592.82,146.539,630.355,1663.4,390.568,-1767.98,-422.267,-1066.21,3073.98,426.967,1910.6,-1257.09,-400.344,-1141.72,499.265,-2604.22,-1076.11,-4120.46,-2216.12,-5824.17,-626.233,4606.2,242.817,3643.23,1542.24,2193.71,656.864,865.569,271.498,-601.193,3442.11,1343.81,-669.027,-589.169,-124.323,-568.395,1995.34,2199.27,3168.19,1360.03,-1589.59,215.181,-2315.43,-552.459,2949.46,968.289,-1405.52
-250354,0,1,0,1,1,250403,-0.384764,0.00591807,1.98251,0.65987,0.194549,-1.62464,-1.32884,-0.638008,0.776036,1.76188,-0.149657,0.116447,-1.54277,-0.0636614,0.2482,-1.00728,-1.59481,-1.01706,-0.127135,0.559175,1.40119,-1.61276,1.8305,-0.0898098,-1.26576,-1.76124,1.23195,-0.269686,1.22789,-1.59845,-1.56077,0.458786,1.996,-0.185011,-1.75004,1.38731,-0.797919,-1.56933,0.936032,-1.67351,1.35279,0.444837,1.42627,-1.3104,-0.0724454,0.89088,-0.393547,0.886616,0.0264761,-0.478673,-1.03596,0.226382,0.0675763,-1.26799,0.156639,-0.0321617,0.998724,0.212245,-0.63784,-0.775643,-0.788799,1.94885,1.21166,0.828242,-0.92643,-0.62419,-1.08532,0.0134659,-0.922084,-1.04397,-1.82062,-0.720654,-1.94471,-0.376988,1.76676,-0.594025,1.17955,0.313105,1.16384,0.0323358,0.112372,0.276904,0.173359,1.84303,0.871915,-1.30925,-0.819472,-0.271119,0.144731,1.18899,1.07535,1.68402,1.67163,-0.91779,-0.253471,-1.68299,-0.374937,1.42931,0.855572,-1.19532,-0.787007,-0.894334,-0.668687,-0.417367,-0.0283073,0.190543,-2.34157,-0.832275,-0.697846,0.920101,1.37901,-1.24733,-0.170182,0.93245,-2.49888,-2.25173,0.0478488,-0.633906,0.94777,-0.22288,-0.455552,-1.00169,0.104823,0.385601,-1.25018,-0.72471,0.47162,-1.3261,0.598852,-0.533484,-0.712147,0.673118,-0.0194876,1.91861,0.549285,1.82211,0.205426,1.73101,0.130679,0.338275,0.703041,-0.299396,1.62103,0.644507,0.400769,-0.476553,-0.550746,-1.14655,-1.03917,-1.41965,1.38624,-0.550246,2.55807,0.486568,-0.826526,-0.0945164,0.285829,0.0829557,0.653857,1.64707,0.713179,0.976054,-1.93856,0.803826,-0.422214,1.19137,1.45777,-0.201185,0.569807,-0.0550717,-1.06832,0.617729,-0.0570306,0.842166,-0.156131,-1.15129,1.54217,-1.04098,0.587553,-0.16544,0.156816,-0.164256,1.2346,1.0759,-0.0421534,-1.2612,0.278192,-0.210296,-0.658534,-1.85675,0.991596,-0.896258,-0.903061,0.250999,-0.0632527,-0.87323,0.255049,1.51882,-0.426563,0.346467,-547.184,-508.299,2761.5,815.011,520.894,-1882.04,-2005.36,-819.359,713.376,4167.89,684.524,-60.5022,-3825.74,-379.508,89.5438,-786.665,-2764.26,-1893.05,-1138.15,1330.48,3721.9,-4549.31,2287.66,267.703,-2638.59,-2872.07,3581.78,-691.08,1559.76,-2665.15,-3407.54,531.827,2745.55,-223.138,-3512.96,4957.76,-1430.38,-3610.6,1490.59,-2808.39,2647.86,134.514,1058.66,-2025.01,485.435,3088.29,-408.039,1755.96,-843.537,223.64,-979.537,157.066,-382.401,-1592.82,146.539,630.355,1663.4,390.568,-1767.98,-422.267,-1066.21,3073.98,426.967,1910.6,-1257.09,-400.344,-1141.72,499.265,-2604.22,-1076.11,-4120.46,-2216.12,-5824.17,-626.233,4606.2,242.817,3643.23,1542.24,2193.71,656.864,865.569,271.498,-601.193,3442.11,1343.81,-669.027,-589.169,-124.323,-568.395,1995.34,2199.27,3168.19,1360.03,-1589.59,215.181,-2315.43,-552.459,2949.46,968.289,-1405.52
-250354,0,1,0,1,1,250393,-0.384764,0.00591807,1.98251,0.65987,0.194549,-1.62464,-1.32884,-0.638008,0.776036,1.76188,-0.149657,0.116447,-1.54277,-0.0636614,0.2482,-1.00728,-1.59481,-1.01706,-0.127135,0.559175,1.40119,-1.61276,1.8305,-0.0898098,-1.26576,-1.76124,1.23195,-0.269686,1.22789,-1.59845,-1.56077,0.458786,1.996,-0.185011,-1.75004,1.38731,-0.797919,-1.56933,0.936032,-1.67351,1.35279,0.444837,1.42627,-1.3104,-0.0724454,0.89088,-0.393547,0.886616,0.0264761,-0.478673,-1.03596,0.226382,0.0675763,-1.26799,0.156639,-0.0321617,0.998724,0.212245,-0.63784,-0.775643,-0.788799,1.94885,1.21166,0.828242,-0.92643,-0.62419,-1.08532,0.0134659,-0.922084,-1.04397,-1.82062,-0.720654,-1.94471,-0.376988,1.76676,-0.594025,1.17955,0.313105,1.16384,0.0323358,0.112372,0.276904,0.173359,1.84303,0.871915,-1.30925,-0.819472,-0.271119,0.144731,1.18899,1.07535,1.68402,1.67163,-0.91779,-0.253471,-1.68299,-0.374937,1.42931,0.855572,-1.19532,0.59947,1.2447,-0.114592,1.32615,-0.338837,1.97425,0.405819,-0.226558,-0.470551,-0.0440841,-1.29546,-0.886809,1.0877,0.757097,1.67573,-0.205082,1.43834,0.0478296,0.808458,0.956217,-0.287996,0.390896,0.645058,0.682938,-0.696843,-0.872938,0.47216,-0.640634,1.36267,0.103989,-0.505679,-0.980457,-1.26822,-0.332452,0.411492,0.502102,1.21228,-0.115495,-0.861383,0.585751,-0.610677,0.904116,0.485132,1.24049,-0.387102,0.644938,0.917146,1.60455,0.417697,-1.1683,0.641118,-0.00832606,1.89008,0.778069,0.288242,1.44464,-0.272093,-0.882114,0.0667981,0.55081,1.44557,0.0607209,-0.767787,1.40442,-0.328676,-0.745023,0.106923,-0.00871554,0.457234,0.50666,-0.787153,0.809885,-0.458954,0.67785,0.445427,0.387203,-0.840282,1.16418,1.11138,1.53631,-0.0248254,0.306828,-1.41597,-1.94471,-0.242495,0.503435,-1.09985,0.920548,0.372716,0.00485791,0.750691,-0.764498,-1.92254,-0.735464,0.656106,-1.42123,-0.636807,-0.111391,0.899697,-1.02804,-547.184,-508.299,2761.5,815.011,520.894,-1882.04,-2005.36,-819.359,713.376,4167.89,684.524,-60.5022,-3825.74,-379.508,89.5438,-786.665,-2764.26,-1893.05,-1138.15,1330.48,3721.9,-4549.31,2287.66,267.703,-2638.59,-2872.07,3581.78,-691.08,1559.76,-2665.15,-3407.54,531.827,2745.55,-223.138,-3512.96,4957.76,-1430.38,-3610.6,1490.59,-2808.39,2647.86,134.514,1058.66,-2025.01,485.435,3088.29,-408.039,1755.96,-843.537,223.64,-979.537,157.066,-382.401,-1592.82,146.539,630.355,1663.4,390.568,-1767.98,-422.267,-1066.21,3073.98,426.967,1910.6,-1257.09,-400.344,-1141.72,499.265,-2604.22,-1076.11,-4120.46,-2216.12,-5824.17,-626.233,4606.2,242.817,3643.23,1542.24,2193.71,656.864,865.569,271.498,-601.193,3442.11,1343.81,-669.027,-589.169,-124.323,-568.395,1995.34,2199.27,3168.19,1360.03,-1589.59,215.181,-2315.43,-552.459,2949.46,968.289,-1405.52
-250354,0,1,0,1,1,250408,-0.384764,0.00591807,1.98251,0.65987,0.194549,-1.62464,-1.32884,-0.638008,0.776036,1.76188,-0.149657,0.116447,-1.54277,-0.0636614,0.2482,-1.00728,-1.59481,-1.01706,-0.127135,0.559175,1.40119,-1.61276,1.8305,-0.0898098,-1.26576,-1.76124,1.23195,-0.269686,1.22789,-1.59845,-1.56077,0.458786,1.996,-0.185011,-1.75004,1.38731,-0.797919,-1.56933,0.936032,-1.67351,1.35279,0.444837,1.42627,-1.3104,-0.0724454,0.89088,-0.393547,0.886616,0.0264761,-0.478673,-1.03596,0.226382,0.0675763,-1.26799,0.156639,-0.0321617,0.998724,0.212245,-0.63784,-0.775643,-0.788799,1.94885,1.21166,0.828242,-0.92643,-0.62419,-1.08532,0.0134659,-0.922084,-1.04397,-1.82062,-0.720654,-1.94471,-0.376988,1.76676,-0.594025,1.17955,0.313105,1.16384,0.0323358,0.112372,0.276904,0.173359,1.84303,0.871915,-1.30925,-0.819472,-0.271119,0.144731,1.18899,1.07535,1.68402,1.67163,-0.91779,-0.253471,-1.68299,-0.374937,1.42931,0.855572,-1.19532,0.0601668,-2.83859,-0.432662,0.740581,-0.747809,0.792912,-1.04651,0.124124,0.866517,0.247677,-0.366157,-1.4742,-0.23935,-0.594656,1.18416,-0.542581,-0.259439,0.34956,1.60878,-0.37024,-0.44887,-1.72369,0.748525,-0.922835,0.846775,1.75659,-1.51734,0.456998,-1.38125,2.88822,0.501819,1.27898,0.993019,0.501366,0.659004,1.86249,-0.678437,-0.771365,1.9514,-1.24209,0.600134,-0.68753,-0.12488,-1.05845,-0.129118,-0.320643,1.07335,-0.236955,0.503822,-0.933687,-0.825535,-2.16495,1.28134,-0.344746,0.810961,0.859713,0.526778,0.583156,-7.78597e-05,0.416872,-0.288661,-1.08847,-0.337393,1.05295,1.55355,0.906277,1.168,-0.919738,-0.696326,-0.819955,-0.112151,-0.355553,-0.87537,0.486953,0.297772,0.296327,-0.689373,-1.10769,1.61332,1.36739,0.612063,-2.10374,0.807969,-0.272827,0.646671,-0.502445,-1.0537,-0.579987,-0.94353,-0.628306,1.45136,-1.0987,-0.653559,0.62325,-0.109406,-1.5909,-0.0146656,-0.055797,1.30897,2.47127,-547.184,-508.299,2761.5,815.011,520.894,-1882.04,-2005.36,-819.359,713.376,4167.89,684.524,-60.5022,-3825.74,-379.508,89.5438,-786.665,-2764.26,-1893.05,-1138.15,1330.48,3721.9,-4549.31,2287.66,267.703,-2638.59,-2872.07,3581.78,-691.08,1559.76,-2665.15,-3407.54,531.827,2745.55,-223.138,-3512.96,4957.76,-1430.38,-3610.6,1490.59,-2808.39,2647.86,134.514,1058.66,-2025.01,485.435,3088.29,-408.039,1755.96,-843.537,223.64,-979.537,157.066,-382.401,-1592.82,146.539,630.355,1663.4,390.568,-1767.98,-422.267,-1066.21,3073.98,426.967,1910.6,-1257.09,-400.344,-1141.72,499.265,-2604.22,-1076.11,-4120.46,-2216.12,-5824.17,-626.233,4606.2,242.817,3643.23,1542.24,2193.71,656.864,865.569,271.498,-601.193,3442.11,1343.81,-669.027,-589.169,-124.323,-568.395,1995.34,2199.27,3168.19,1360.03,-1589.59,215.181,-2315.43,-552.459,2949.46,968.289,-1405.52
-250354,0,1,0,1,1,250400,-0.384764,0.00591807,1.98251,0.65987,0.194549,-1.62464,-1.32884,-0.638008,0.776036,1.76188,-0.149657,0.116447,-1.54277,-0.0636614,0.2482,-1.00728,-1.59481,-1.01706,-0.127135,0.559175,1.40119,-1.61276,1.8305,-0.0898098,-1.26576,-1.76124,1.23195,-0.269686,1.22789,-1.59845,-1.56077,0.458786,1.996,-0.185011,-1.75004,1.38731,-0.797919,-1.56933,0.936032,-1.67351,1.35279,0.444837,1.42627,-1.3104,-0.0724454,0.89088,-0.393547,0.886616,0.0264761,-0.478673,-1.03596,0.226382,0.0675763,-1.26799,0.156639,-0.0321617,0.998724,0.212245,-0.63784,-0.775643,-0.788799,1.94885,1.21166,0.828242,-0.92643,-0.62419,-1.08532,0.0134659,-0.922084,-1.04397,-1.82062,-0.720654,-1.94471,-0.376988,1.76676,-0.594025,1.17955,0.313105,1.16384,0.0323358,0.112372,0.276904,0.173359,1.84303,0.871915,-1.30925,-0.819472,-0.271119,0.144731,1.18899,1.07535,1.68402,1.67163,-0.91779,-0.253471,-1.68299,-0.374937,1.42931,0.855572,-1.19532,-0.973165,0.770226,-1.5901,0.361552,0.804355,0.325869,0.551046,1.72619,2.05175,-1.30859,-0.712312,-1.6859,-1.63256,-1.13405,0.753534,-0.751396,-0.305782,0.265015,-0.52482,-0.629727,0.595694,-0.594862,-0.0737719,1.26599,-0.325121,-1.1807,-0.198941,0.626847,-1.70089,-1.73273,0.87593,-0.920039,-0.397416,1.71503,0.478374,-0.635914,-1.70112,0.721249,-0.688223,1.2506,-2.31243,0.101023,-0.938954,-1.74526,-1.1212,-1.10099,-0.126395,-0.427235,-1.9356,0.942655,-0.59222,0.237393,-0.144528,0.637494,0.321575,0.429364,-0.99376,-0.383095,0.968838,-0.877432,-0.577868,0.910037,-0.182571,-1.18845,-0.533158,-0.435033,-0.608921,0.26052,-1.01244,0.686445,1.51463,-0.299814,1.22484,1.24087,-1.06459,-1.2108,0.131644,-0.408887,-0.542808,0.96838,1.35415,-0.535218,1.49386,-0.0545161,-0.210786,-0.185531,1.76275,-0.100428,-0.294326,0.355016,-0.975896,1.55211,1.05679,0.800863,0.12339,-0.169196,-0.133152,0.399524,0.369174,0.209692,-547.184,-508.299,2761.5,815.011,520.894,-1882.04,-2005.36,-819.359,713.376,4167.89,684.524,-60.5022,-3825.74,-379.508,89.5438,-786.665,-2764.26,-1893.05,-1138.15,1330.48,3721.9,-4549.31,2287.66,267.703,-2638.59,-2872.07,3581.78,-691.08,1559.76,-2665.15,-3407.54,531.827,2745.55,-223.138,-3512.96,4957.76,-1430.38,-3610.6,1490.59,-2808.39,2647.86,134.514,1058.66,-2025.01,485.435,3088.29,-408.039,1755.96,-843.537,223.64,-979.537,157.066,-382.401,-1592.82,146.539,630.355,1663.4,390.568,-1767.98,-422.267,-1066.21,3073.98,426.967,1910.6,-1257.09,-400.344,-1141.72,499.265,-2604.22,-1076.11,-4120.46,-2216.12,-5824.17,-626.233,4606.2,242.817,3643.23,1542.24,2193.71,656.864,865.569,271.498,-601.193,3442.11,1343.81,-669.027,-589.169,-124.323,-568.395,1995.34,2199.27,3168.19,1360.03,-1589.59,215.181,-2315.43,-552.459,2949.46,968.289,-1405.52
-250354,0,1,0,1,1,250413,-0.384764,0.00591807,1.98251,0.65987,0.194549,-1.62464,-1.32884,-0.638008,0.776036,1.76188,-0.149657,0.116447,-1.54277,-0.0636614,0.2482,-1.00728,-1.59481,-1.01706,-0.127135,0.559175,1.40119,-1.61276,1.8305,-0.0898098,-1.26576,-1.76124,1.23195,-0.269686,1.22789,-1.59845,-1.56077,0.458786,1.996,-0.185011,-1.75004,1.38731,-0.797919,-1.56933,0.936032,-1.67351,1.35279,0.444837,1.42627,-1.3104,-0.0724454,0.89088,-0.393547,0.886616,0.0264761,-0.478673,-1.03596,0.226382,0.0675763,-1.26799,0.156639,-0.0321617,0.998724,0.212245,-0.63784,-0.775643,-0.788799,1.94885,1.21166,0.828242,-0.92643,-0.62419,-1.08532,0.0134659,-0.922084,-1.04397,-1.82062,-0.720654,-1.94471,-0.376988,1.76676,-0.594025,1.17955,0.313105,1.16384,0.0323358,0.112372,0.276904,0.173359,1.84303,0.871915,-1.30925,-0.819472,-0.271119,0.144731,1.18899,1.07535,1.68402,1.67163,-0.91779,-0.253471,-1.68299,-0.374937,1.42931,0.855572,-1.19532,-0.562251,-1.20203,1.39447,-0.0098904,-0.709011,-0.156293,1.54073,0.2142,-0.1313,0.424798,1.17642,-0.368477,-0.0509982,0.730141,-0.843496,-1.17652,-0.285515,2.38878,-0.825415,-0.405685,-0.361523,-2.09767,1.2505,-0.879743,0.23484,0.271733,-1.4476,-0.783081,-1.32242,1.33024,-0.291731,0.430518,-1.7401,0.154802,1.16397,-2.28475,-0.528363,-0.164529,0.0920909,-0.944622,-0.223426,1.5616,0.211937,0.712457,-2.22787,0.425488,0.217902,-0.961986,-2.27449,0.149619,-0.266442,-2.09415,1.14824,0.276143,0.530745,0.760295,0.412778,0.56072,0.861943,1.65459,-1.1978,-1.21455,0.814646,-1.50889,-1.65078,-0.428602,-1.97977,1.16767,0.588237,0.534601,1.01607,1.68318,1.81243,-1.42029,0.293011,-0.503924,-0.0648537,0.0407837,-0.559961,0.660178,1.28588,-1.67097,1.03817,0.313365,0.456162,-0.665318,-1.75613,-1.37525,1.30569,0.341228,-1.08792,-1.58083,2.26017,-0.550207,-1.06852,0.232392,-0.0318691,-0.514392,0.902229,0.822406,-547.184,-508.299,2761.5,815.011,520.894,-1882.04,-2005.36,-819.359,713.376,4167.89,684.524,-60.5022,-3825.74,-379.508,89.5438,-786.665,-2764.26,-1893.05,-1138.15,1330.48,3721.9,-4549.31,2287.66,267.703,-2638.59,-2872.07,3581.78,-691.08,1559.76,-2665.15,-3407.54,531.827,2745.55,-223.138,-3512.96,4957.76,-1430.38,-3610.6,1490.59,-2808.39,2647.86,134.514,1058.66,-2025.01,485.435,3088.29,-408.039,1755.96,-843.537,223.64,-979.537,157.066,-382.401,-1592.82,146.539,630.355,1663.4,390.568,-1767.98,-422.267,-1066.21,3073.98,426.967,1910.6,-1257.09,-400.344,-1141.72,499.265,-2604.22,-1076.11,-4120.46,-2216.12,-5824.17,-626.233,4606.2,242.817,3643.23,1542.24,2193.71,656.864,865.569,271.498,-601.193,3442.11,1343.81,-669.027,-589.169,-124.323,-568.395,1995.34,2199.27,3168.19,1360.03,-1589.59,215.181,-2315.43,-552.459,2949.46,968.289,-1405.52
-250354,0,1,0,1,1,250412,-0.384764,0.00591807,1.98251,0.65987,0.194549,-1.62464,-1.32884,-0.638008,0.776036,1.76188,-0.149657,0.116447,-1.54277,-0.0636614,0.2482,-1.00728,-1.59481,-1.01706,-0.127135,0.559175,1.40119,-1.61276,1.8305,-0.0898098,-1.26576,-1.76124,1.23195,-0.269686,1.22789,-1.59845,-1.56077,0.458786,1.996,-0.185011,-1.75004,1.38731,-0.797919,-1.56933,0.936032,-1.67351,1.35279,0.444837,1.42627,-1.3104,-0.0724454,0.89088,-0.393547,0.886616,0.0264761,-0.478673,-1.03596,0.226382,0.0675763,-1.26799,0.156639,-0.0321617,0.998724,0.212245,-0.63784,-0.775643,-0.788799,1.94885,1.21166,0.828242,-0.92643,-0.62419,-1.08532,0.0134659,-0.922084,-1.04397,-1.82062,-0.720654,-1.94471,-0.376988,1.76676,-0.594025,1.17955,0.313105,1.16384,0.0323358,0.112372,0.276904,0.173359,1.84303,0.871915,-1.30925,-0.819472,-0.271119,0.144731,1.18899,1.07535,1.68402,1.67163,-0.91779,-0.253471,-1.68299,-0.374937,1.42931,0.855572,-1.19532,-1.2021,0.142947,1.53758,1.60796,1.77258,2.30824,-1.68853,-0.471951,-1.73298,0.362607,0.21544,-1.44205,0.677818,-1.50001,-1.52556,-0.235945,-1.13304,0.343102,-0.363164,-1.12439,-1.03175,-0.307802,1.63241,0.711955,-0.859216,0.791299,0.381742,-1.00022,-1.5387,-0.710278,-2.09542,0.236038,0.191663,-0.866957,1.60949,-0.287763,0.642635,0.417181,-0.0484779,-1.09551,-0.730646,2.02041,0.324169,-1.5902,0.662331,-0.162009,0.869618,-0.558896,0.436324,-0.696788,-0.323927,0.270671,0.91052,-0.478318,-1.83679,-0.464896,0.920161,0.414237,-1.12115,0.109794,-0.917124,0.325237,-0.12833,1.33208,0.703459,-2.90961,1.1947,0.782978,0.538578,-0.690339,1.22294,1.28752,1.52271,-0.319454,-0.635036,1.65305,-0.674991,-0.802289,0.673625,1.42196,0.700543,1.50805,0.275485,-0.585378,0.0814937,-0.45058,-0.0589289,0.28,0.201792,0.163053,-0.0664336,0.417,-3.25654,-0.819044,0.638657,0.850576,0.0793639,1.34011,-0.716496,1.7302,-547.184,-508.299,2761.5,815.011,520.894,-1882.04,-2005.36,-819.359,713.376,4167.89,684.524,-60.5022,-3825.74,-379.508,89.5438,-786.665,-2764.26,-1893.05,-1138.15,1330.48,3721.9,-4549.31,2287.66,267.703,-2638.59,-2872.07,3581.78,-691.08,1559.76,-2665.15,-3407.54,531.827,2745.55,-223.138,-3512.96,4957.76,-1430.38,-3610.6,1490.59,-2808.39,2647.86,134.514,1058.66,-2025.01,485.435,3088.29,-408.039,1755.96,-843.537,223.64,-979.537,157.066,-382.401,-1592.82,146.539,630.355,1663.4,390.568,-1767.98,-422.267,-1066.21,3073.98,426.967,1910.6,-1257.09,-400.344,-1141.72,499.265,-2604.22,-1076.11,-4120.46,-2216.12,-5824.17,-626.233,4606.2,242.817,3643.23,1542.24,2193.71,656.864,865.569,271.498,-601.193,3442.11,1343.81,-669.027,-589.169,-124.323,-568.395,1995.34,2199.27,3168.19,1360.03,-1589.59,215.181,-2315.43,-552.459,2949.46,968.289,-1405.52
-250354,0,1,0,1,1,250401,-0.384764,0.00591807,1.98251,0.65987,0.194549,-1.62464,-1.32884,-0.638008,0.776036,1.76188,-0.149657,0.116447,-1.54277,-0.0636614,0.2482,-1.00728,-1.59481,-1.01706,-0.127135,0.559175,1.40119,-1.61276,1.8305,-0.0898098,-1.26576,-1.76124,1.23195,-0.269686,1.22789,-1.59845,-1.56077,0.458786,1.996,-0.185011,-1.75004,1.38731,-0.797919,-1.56933,0.936032,-1.67351,1.35279,0.444837,1.42627,-1.3104,-0.0724454,0.89088,-0.393547,0.886616,0.0264761,-0.478673,-1.03596,0.226382,0.0675763,-1.26799,0.156639,-0.0321617,0.998724,0.212245,-0.63784,-0.775643,-0.788799,1.94885,1.21166,0.828242,-0.92643,-0.62419,-1.08532,0.0134659,-0.922084,-1.04397,-1.82062,-0.720654,-1.94471,-0.376988,1.76676,-0.594025,1.17955,0.313105,1.16384,0.0323358,0.112372,0.276904,0.173359,1.84303,0.871915,-1.30925,-0.819472,-0.271119,0.144731,1.18899,1.07535,1.68402,1.67163,-0.91779,-0.253471,-1.68299,-0.374937,1.42931,0.855572,-1.19532,-1.15616,0.242679,-0.88612,-0.664413,-1.269,-1.9867,-0.199102,-0.545369,-0.958582,0.659674,-1.01491,0.26201,-1.83318,0.88599,0.465726,-1.42278,1.36264,1.50454,-0.720546,-1.04244,0.575702,0.882802,-1.15075,-0.947235,1.13112,-1.03623,-1.11575,-0.837779,0.372273,0.0525405,1.11162,1.90552,1.50164,-0.353511,-2.12584,0.196022,-0.742374,-0.929168,-1.01797,0.124881,0.445433,-0.556098,0.136504,-0.524852,-0.683488,1.7467,-0.427809,0.61313,-0.77884,-0.948076,0.410702,1.36194,-0.815727,-1.81534,-1.00403,0.597059,0.580238,-0.642679,0.0333843,1.15991,-1.22376,1.06861,0.774821,-0.258869,1.72312,-0.75346,-0.00130554,2.12,-1.05597,0.192772,-0.995282,0.446748,-0.0120417,-1.6097,-0.334921,1.49014,1.43403,0.280262,0.106743,-0.0918486,-0.447673,-0.851174,0.938711,-0.374004,-0.452786,-0.835456,0.247108,-0.738951,-2.02525,0.893168,-0.604799,0.681815,-0.85641,-0.40702,-0.78266,0.722794,-0.204396,-0.784046,-0.932257,-0.367429,-547.184,-508.299,2761.5,815.011,520.894,-1882.04,-2005.36,-819.359,713.376,4167.89,684.524,-60.5022,-3825.74,-379.508,89.5438,-786.665,-2764.26,-1893.05,-1138.15,1330.48,3721.9,-4549.31,2287.66,267.703,-2638.59,-2872.07,3581.78,-691.08,1559.76,-2665.15,-3407.54,531.827,2745.55,-223.138,-3512.96,4957.76,-1430.38,-3610.6,1490.59,-2808.39,2647.86,134.514,1058.66,-2025.01,485.435,3088.29,-408.039,1755.96,-843.537,223.64,-979.537,157.066,-382.401,-1592.82,146.539,630.355,1663.4,390.568,-1767.98,-422.267,-1066.21,3073.98,426.967,1910.6,-1257.09,-400.344,-1141.72,499.265,-2604.22,-1076.11,-4120.46,-2216.12,-5824.17,-626.233,4606.2,242.817,3643.23,1542.24,2193.71,656.864,865.569,271.498,-601.193,3442.11,1343.81,-669.027,-589.169,-124.323,-568.395,1995.34,2199.27,3168.19,1360.03,-1589.59,215.181,-2315.43,-552.459,2949.46,968.289,-1405.52
-250354,0,1,0,1,1,250395,-0.384764,0.00591807,1.98251,0.65987,0.194549,-1.62464,-1.32884,-0.638008,0.776036,1.76188,-0.149657,0.116447,-1.54277,-0.0636614,0.2482,-1.00728,-1.59481,-1.01706,-0.127135,0.559175,1.40119,-1.61276,1.8305,-0.0898098,-1.26576,-1.76124,1.23195,-0.269686,1.22789,-1.59845,-1.56077,0.458786,1.996,-0.185011,-1.75004,1.38731,-0.797919,-1.56933,0.936032,-1.67351,1.35279,0.444837,1.42627,-1.3104,-0.0724454,0.89088,-0.393547,0.886616,0.0264761,-0.478673,-1.03596,0.226382,0.0675763,-1.26799,0.156639,-0.0321617,0.998724,0.212245,-0.63784,-0.775643,-0.788799,1.94885,1.21166,0.828242,-0.92643,-0.62419,-1.08532,0.0134659,-0.922084,-1.04397,-1.82062,-0.720654,-1.94471,-0.376988,1.76676,-0.594025,1.17955,0.313105,1.16384,0.0323358,0.112372,0.276904,0.173359,1.84303,0.871915,-1.30925,-0.819472,-0.271119,0.144731,1.18899,1.07535,1.68402,1.67163,-0.91779,-0.253471,-1.68299,-0.374937,1.42931,0.855572,-1.19532,1.21668,0.171121,-0.374908,0.756796,-0.44088,0.334371,-1.0495,-0.632464,-0.581869,-0.274028,-0.609994,-1.46493,-1.50188,-0.843806,0.552094,0.143645,1.44186,0.262609,1.49895,0.0607335,-1.45897,-1.05332,-0.669225,1.61062,-0.659473,-0.426648,0.214243,0.317885,1.03526,-0.0149043,0.158989,0.794009,-0.231868,-0.868968,0.323531,0.736166,-1.23059,-1.04468,0.891553,-1.18028,-1.02818,0.753419,-0.6494,-1.53156,-0.779374,-1.26545,-0.192772,-1.52054,-0.139879,-0.884958,-0.998162,-0.446746,0.308252,-0.491387,-0.868041,0.669724,-0.108774,0.316714,-0.934101,-0.633386,-0.483912,1.1012,0.867301,-0.158886,-1.23001,1.35928,0.65675,0.335546,0.0105282,-0.685881,0.200231,0.174502,-1.0023,0.497166,-0.701316,0.837887,-1.04824,-0.690262,-0.113449,-0.139394,-2.01372,-0.262772,-1.14306,0.345045,-0.510373,0.727012,-0.849927,0.0249554,2.13644,-1.70737,-0.942921,0.362782,0.436778,0.365862,2.73057,1.57025,0.494114,-0.122466,-1.35039,-0.190155,-547.184,-508.299,2761.5,815.011,520.894,-1882.04,-2005.36,-819.359,713.376,4167.89,684.524,-60.5022,-3825.74,-379.508,89.5438,-786.665,-2764.26,-1893.05,-1138.15,1330.48,3721.9,-4549.31,2287.66,267.703,-2638.59,-2872.07,3581.78,-691.08,1559.76,-2665.15,-3407.54,531.827,2745.55,-223.138,-3512.96,4957.76,-1430.38,-3610.6,1490.59,-2808.39,2647.86,134.514,1058.66,-2025.01,485.435,3088.29,-408.039,1755.96,-843.537,223.64,-979.537,157.066,-382.401,-1592.82,146.539,630.355,1663.4,390.568,-1767.98,-422.267,-1066.21,3073.98,426.967,1910.6,-1257.09,-400.344,-1141.72,499.265,-2604.22,-1076.11,-4120.46,-2216.12,-5824.17,-626.233,4606.2,242.817,3643.23,1542.24,2193.71,656.864,865.569,271.498,-601.193,3442.11,1343.81,-669.027,-589.169,-124.323,-568.395,1995.34,2199.27,3168.19,1360.03,-1589.59,215.181,-2315.43,-552.459,2949.46,968.289,-1405.52
-250354,0,1,0,1,1,250406,-0.384764,0.00591807,1.98251,0.65987,0.194549,-1.62464,-1.32884,-0.638008,0.776036,1.76188,-0.149657,0.116447,-1.54277,-0.0636614,0.2482,-1.00728,-1.59481,-1.01706,-0.127135,0.559175,1.40119,-1.61276,1.8305,-0.0898098,-1.26576,-1.76124,1.23195,-0.269686,1.22789,-1.59845,-1.56077,0.458786,1.996,-0.185011,-1.75004,1.38731,-0.797919,-1.56933,0.936032,-1.67351,1.35279,0.444837,1.42627,-1.3104,-0.0724454,0.89088,-0.393547,0.886616,0.0264761,-0.478673,-1.03596,0.226382,0.0675763,-1.26799,0.156639,-0.0321617,0.998724,0.212245,-0.63784,-0.775643,-0.788799,1.94885,1.21166,0.828242,-0.92643,-0.62419,-1.08532,0.0134659,-0.922084,-1.04397,-1.82062,-0.720654,-1.94471,-0.376988,1.76676,-0.594025,1.17955,0.313105,1.16384,0.0323358,0.112372,0.276904,0.173359,1.84303,0.871915,-1.30925,-0.819472,-0.271119,0.144731,1.18899,1.07535,1.68402,1.67163,-0.91779,-0.253471,-1.68299,-0.374937,1.42931,0.855572,-1.19532,-0.136124,-0.30476,1.12966,0.0517264,0.671845,0.739993,-0.417906,-0.217678,0.873224,-0.919713,-0.282316,-0.33813,0.595608,1.24141,0.551567,1.98387,-1.12446,2.05344,0.500928,-1.30768,0.775982,-0.216216,0.780049,0.0939236,1.428,-0.196036,0.899193,-0.557301,0.459661,-0.450883,0.594784,-0.269791,-0.558688,0.323608,1.03935,-0.741971,0.777938,-0.661631,-0.832336,-0.743722,0.218331,1.15524,-0.520349,0.0662607,-0.414713,0.775428,2.3986,-1.62731,0.551818,1.61104,-0.765299,1.14993,2.2846,0.888282,1.9666,0.967925,0.514458,-0.214879,0.660541,0.597589,1.0427,0.6433,1.4084,0.109303,-0.81467,-0.654822,2.16969,-2.24042,0.812587,0.665036,-0.0557611,-0.932225,-1.59946,1.55649,1.43562,-0.0244375,0.180099,-0.233726,0.267618,1.89529,0.498221,-1.02718,-0.118061,0.373568,-1.65562,-1.57547,-0.289303,-0.00260588,0.931625,-0.661633,-0.981255,0.029452,0.808183,-0.446711,-0.436413,-2.45828,-0.214974,1.61378,1.80755,-0.677972,-547.184,-508.299,2761.5,815.011,520.894,-1882.04,-2005.36,-819.359,713.376,4167.89,684.524,-60.5022,-3825.74,-379.508,89.5438,-786.665,-2764.26,-1893.05,-1138.15,1330.48,3721.9,-4549.31,2287.66,267.703,-2638.59,-2872.07,3581.78,-691.08,1559.76,-2665.15,-3407.54,531.827,2745.55,-223.138,-3512.96,4957.76,-1430.38,-3610.6,1490.59,-2808.39,2647.86,134.514,1058.66,-2025.01,485.435,3088.29,-408.039,1755.96,-843.537,223.64,-979.537,157.066,-382.401,-1592.82,146.539,630.355,1663.4,390.568,-1767.98,-422.267,-1066.21,3073.98,426.967,1910.6,-1257.09,-400.344,-1141.72,499.265,-2604.22,-1076.11,-4120.46,-2216.12,-5824.17,-626.233,4606.2,242.817,3643.23,1542.24,2193.71,656.864,865.569,271.498,-601.193,3442.11,1343.81,-669.027,-589.169,-124.323,-568.395,1995.34,2199.27,3168.19,1360.03,-1589.59,215.181,-2315.43,-552.459,2949.46,968.289,-1405.52
-250354,0,1,0,1,1,250397,-0.384764,0.00591807,1.98251,0.65987,0.194549,-1.62464,-1.32884,-0.638008,0.776036,1.76188,-0.149657,0.116447,-1.54277,-0.0636614,0.2482,-1.00728,-1.59481,-1.01706,-0.127135,0.559175,1.40119,-1.61276,1.8305,-0.0898098,-1.26576,-1.76124,1.23195,-0.269686,1.22789,-1.59845,-1.56077,0.458786,1.996,-0.185011,-1.75004,1.38731,-0.797919,-1.56933,0.936032,-1.67351,1.35279,0.444837,1.42627,-1.3104,-0.0724454,0.89088,-0.393547,0.886616,0.0264761,-0.478673,-1.03596,0.226382,0.0675763,-1.26799,0.156639,-0.0321617,0.998724,0.212245,-0.63784,-0.775643,-0.788799,1.94885,1.21166,0.828242,-0.92643,-0.62419,-1.08532,0.0134659,-0.922084,-1.04397,-1.82062,-0.720654,-1.94471,-0.376988,1.76676,-0.594025,1.17955,0.313105,1.16384,0.0323358,0.112372,0.276904,0.173359,1.84303,0.871915,-1.30925,-0.819472,-0.271119,0.144731,1.18899,1.07535,1.68402,1.67163,-0.91779,-0.253471,-1.68299,-0.374937,1.42931,0.855572,-1.19532,-1.59227,-0.351164,-0.0342719,-0.858008,-0.323317,0.957903,0.783958,-0.265846,-1.03247,-1.50719,-0.471648,0.323602,0.487865,-2.4347,0.533207,0.84735,0.511732,-0.421421,0.0275182,-0.968239,-1.19293,-2.09608,0.962444,1.31344,-2.05959,-0.376729,-0.0869951,0.0962805,0.347268,-1.18934,-0.0324793,0.411947,1.4906,-1.34291,-0.330159,0.222955,0.995505,1.03296,0.689566,2.07769,0.562469,0.0632802,-1.54022,0.211075,-0.804668,1.42211,-0.05315,0.584957,0.646308,0.0607586,-1.52937,-1.30541,-0.134791,-0.254334,0.358245,-0.0291098,-1.49901,-0.354686,-1.36035,0.431215,0.407544,-0.769672,0.375815,0.955513,1.18912,-0.00594117,1.68424,0.185415,0.0471489,1.13408,-0.411678,0.636271,-1.52048,0.284335,0.970861,0.569033,1.03049,-0.104927,0.767615,1.46343,-0.751321,-0.698904,-0.636445,0.209481,0.610487,-1.55589,-1.33923,-1.3353,0.274533,1.0973,0.196725,-0.524016,0.998745,-0.357157,0.478766,-0.442331,0.212846,-0.310373,-1.33142,-0.617848,-547.184,-508.299,2761.5,815.011,520.894,-1882.04,-2005.36,-819.359,713.376,4167.89,684.524,-60.5022,-3825.74,-379.508,89.5438,-786.665,-2764.26,-1893.05,-1138.15,1330.48,3721.9,-4549.31,2287.66,267.703,-2638.59,-2872.07,3581.78,-691.08,1559.76,-2665.15,-3407.54,531.827,2745.55,-223.138,-3512.96,4957.76,-1430.38,-3610.6,1490.59,-2808.39,2647.86,134.514,1058.66,-2025.01,485.435,3088.29,-408.039,1755.96,-843.537,223.64,-979.537,157.066,-382.401,-1592.82,146.539,630.355,1663.4,390.568,-1767.98,-422.267,-1066.21,3073.98,426.967,1910.6,-1257.09,-400.344,-1141.72,499.265,-2604.22,-1076.11,-4120.46,-2216.12,-5824.17,-626.233,4606.2,242.817,3643.23,1542.24,2193.71,656.864,865.569,271.498,-601.193,3442.11,1343.81,-669.027,-589.169,-124.323,-568.395,1995.34,2199.27,3168.19,1360.03,-1589.59,215.181,-2315.43,-552.459,2949.46,968.289,-1405.52
-250354,0,1,0,1,1,250400,-0.384764,0.00591807,1.98251,0.65987,0.194549,-1.62464,-1.32884,-0.638008,0.776036,1.76188,-0.149657,0.116447,-1.54277,-0.0636614,0.2482,-1.00728,-1.59481,-1.01706,-0.127135,0.559175,1.40119,-1.61276,1.8305,-0.0898098,-1.26576,-1.76124,1.23195,-0.269686,1.22789,-1.59845,-1.56077,0.458786,1.996,-0.185011,-1.75004,1.38731,-0.797919,-1.56933,0.936032,-1.67351,1.35279,0.444837,1.42627,-1.3104,-0.0724454,0.89088,-0.393547,0.886616,0.0264761,-0.478673,-1.03596,0.226382,0.0675763,-1.26799,0.156639,-0.0321617,0.998724,0.212245,-0.63784,-0.775643,-0.788799,1.94885,1.21166,0.828242,-0.92643,-0.62419,-1.08532,0.0134659,-0.922084,-1.04397,-1.82062,-0.720654,-1.94471,-0.376988,1.76676,-0.594025,1.17955,0.313105,1.16384,0.0323358,0.112372,0.276904,0.173359,1.84303,0.871915,-1.30925,-0.819472,-0.271119,0.144731,1.18899,1.07535,1.68402,1.67163,-0.91779,-0.253471,-1.68299,-0.374937,1.42931,0.855572,-1.19532,0.76751,-0.356606,-0.319805,-0.0756524,-0.0923619,-0.828982,0.568932,-0.655568,-0.0681476,1.00308,0.720481,-1.82922,-1.02078,-0.812557,0.429637,0.318337,-0.354645,0.395282,-0.253,-0.449399,0.0288648,-0.60275,-0.494537,-0.0753422,-1.43321,1.29304,0.0349097,0.405756,-1.25901,1.59658,1.31389,0.303206,-2.48599,-1.19734,-0.939237,-0.279244,-0.508919,-1.11097,1.14986,0.577506,0.513664,-2.0187,0.172045,-0.779394,-0.110181,1.08539,-1.35911,0.642456,-1.1758,-0.999278,-1.12728,-0.982863,0.524783,0.419142,-0.173506,-1.80345,0.0969025,-0.133171,-0.542832,-0.65403,-0.739082,-2.09833,0.0793217,-0.107776,-1.16809,-0.0163944,-0.344949,1.64922,0.518246,-0.150915,0.296398,-1.95391,0.767004,-2.4175,1.15115,-0.202436,0.927233,-1.00227,-0.480651,-0.294969,0.906584,-1.71526,-1.01074,0.566378,0.227063,0.973502,-0.293158,1.90618,0.820299,-1.62401,1.16179,-0.814068,0.740706,0.253987,0.625808,-0.840445,-0.466553,-0.111059,0.797567,0.971545,-547.184,-508.299,2761.5,815.011,520.894,-1882.04,-2005.36,-819.359,713.376,4167.89,684.524,-60.5022,-3825.74,-379.508,89.5438,-786.665,-2764.26,-1893.05,-1138.15,1330.48,3721.9,-4549.31,2287.66,267.703,-2638.59,-2872.07,3581.78,-691.08,1559.76,-2665.15,-3407.54,531.827,2745.55,-223.138,-3512.96,4957.76,-1430.38,-3610.6,1490.59,-2808.39,2647.86,134.514,1058.66,-2025.01,485.435,3088.29,-408.039,1755.96,-843.537,223.64,-979.537,157.066,-382.401,-1592.82,146.539,630.355,1663.4,390.568,-1767.98,-422.267,-1066.21,3073.98,426.967,1910.6,-1257.09,-400.344,-1141.72,499.265,-2604.22,-1076.11,-4120.46,-2216.12,-5824.17,-626.233,4606.2,242.817,3643.23,1542.24,2193.71,656.864,865.569,271.498,-601.193,3442.11,1343.81,-669.027,-589.169,-124.323,-568.395,1995.34,2199.27,3168.19,1360.03,-1589.59,215.181,-2315.43,-552.459,2949.46,968.289,-1405.52
-250354,0,1,0,1,1,250405,-0.384764,0.00591807,1.98251,0.65987,0.194549,-1.62464,-1.32884,-0.638008,0.776036,1.76188,-0.149657,0.116447,-1.54277,-0.0636614,0.2482,-1.00728,-1.59481,-1.01706,-0.127135,0.559175,1.40119,-1.61276,1.8305,-0.0898098,-1.26576,-1.76124,1.23195,-0.269686,1.22789,-1.59845,-1.56077,0.458786,1.996,-0.185011,-1.75004,1.38731,-0.797919,-1.56933,0.936032,-1.67351,1.35279,0.444837,1.42627,-1.3104,-0.0724454,0.89088,-0.393547,0.886616,0.0264761,-0.478673,-1.03596,0.226382,0.0675763,-1.26799,0.156639,-0.0321617,0.998724,0.212245,-0.63784,-0.775643,-0.788799,1.94885,1.21166,0.828242,-0.92643,-0.62419,-1.08532,0.0134659,-0.922084,-1.04397,-1.82062,-0.720654,-1.94471,-0.376988,1.76676,-0.594025,1.17955,0.313105,1.16384,0.0323358,0.112372,0.276904,0.173359,1.84303,0.871915,-1.30925,-0.819472,-0.271119,0.144731,1.18899,1.07535,1.68402,1.67163,-0.91779,-0.253471,-1.68299,-0.374937,1.42931,0.855572,-1.19532,0.380384,-0.0421598,0.389039,0.165743,-0.91233,-0.65045,1.83808,-1.1942,-1.22468,1.89405,0.0927749,-1.13217,0.390681,-0.902051,0.601111,-0.263891,0.404149,-1.21466,-0.406557,-1.28456,1.59188,0.122983,0.26303,-0.590542,-0.789815,-0.42588,-0.0934323,0.0654536,-0.512113,-1.75144,1.64429,-0.613674,1.48584,-0.729271,0.708232,-1.11959,-1.31471,-0.800134,1.65409,0.969232,-0.646068,1.41097,0.734847,0.844186,-0.989639,0.981246,0.506333,1.54508,-2.1815,-2.32323,0.510562,-0.306705,0.750414,-0.812897,2.27059,-1.00827,-0.949409,-0.801777,0.352351,-0.958375,-0.0505155,1.02211,0.508834,1.05486,-0.644588,-0.333093,0.921143,-1.55337,0.506684,-1.06234,-0.533765,0.587085,-0.341742,0.185319,1.49613,-1.03831,1.23644,-0.0747989,-0.927429,-1.97176,1.51726,0.437938,0.850215,0.920472,0.123561,0.254574,0.230131,-0.667176,1.09305,0.60656,1.29287,0.99838,-1.40002,-0.337198,-0.57235,-1.47663,0.174905,1.62783,-0.15327,0.419917,-547.184,-508.299,2761.5,815.011,520.894,-1882.04,-2005.36,-819.359,713.376,4167.89,684.524,-60.5022,-3825.74,-379.508,89.5438,-786.665,-2764.26,-1893.05,-1138.15,1330.48,3721.9,-4549.31,2287.66,267.703,-2638.59,-2872.07,3581.78,-691.08,1559.76,-2665.15,-3407.54,531.827,2745.55,-223.138,-3512.96,4957.76,-1430.38,-3610.6,1490.59,-2808.39,2647.86,134.514,1058.66,-2025.01,485.435,3088.29,-408.039,1755.96,-843.537,223.64,-979.537,157.066,-382.401,-1592.82,146.539,630.355,1663.4,390.568,-1767.98,-422.267,-1066.21,3073.98,426.967,1910.6,-1257.09,-400.344,-1141.72,499.265,-2604.22,-1076.11,-4120.46,-2216.12,-5824.17,-626.233,4606.2,242.817,3643.23,1542.24,2193.71,656.864,865.569,271.498,-601.193,3442.11,1343.81,-669.027,-589.169,-124.323,-568.395,1995.34,2199.27,3168.19,1360.03,-1589.59,215.181,-2315.43,-552.459,2949.46,968.289,-1405.52
-250354,0,1,0,1,1,250409,-0.384764,0.00591807,1.98251,0.65987,0.194549,-1.62464,-1.32884,-0.638008,0.776036,1.76188,-0.149657,0.116447,-1.54277,-0.0636614,0.2482,-1.00728,-1.59481,-1.01706,-0.127135,0.559175,1.40119,-1.61276,1.8305,-0.0898098,-1.26576,-1.76124,1.23195,-0.269686,1.22789,-1.59845,-1.56077,0.458786,1.996,-0.185011,-1.75004,1.38731,-0.797919,-1.56933,0.936032,-1.67351,1.35279,0.444837,1.42627,-1.3104,-0.0724454,0.89088,-0.393547,0.886616,0.0264761,-0.478673,-1.03596,0.226382,0.0675763,-1.26799,0.156639,-0.0321617,0.998724,0.212245,-0.63784,-0.775643,-0.788799,1.94885,1.21166,0.828242,-0.92643,-0.62419,-1.08532,0.0134659,-0.922084,-1.04397,-1.82062,-0.720654,-1.94471,-0.376988,1.76676,-0.594025,1.17955,0.313105,1.16384,0.0323358,0.112372,0.276904,0.173359,1.84303,0.871915,-1.30925,-0.819472,-0.271119,0.144731,1.18899,1.07535,1.68402,1.67163,-0.91779,-0.253471,-1.68299,-0.374937,1.42931,0.855572,-1.19532,0.478789,-0.165924,0.256099,0.362439,0.773125,2.10931,-1.43777,-0.768081,-0.192939,0.76853,-1.53668,0.720402,-0.316536,-0.249056,-0.839906,0.712933,-0.327616,-0.64632,-1.00297,1.87254,0.249486,-0.956835,0.91091,0.645924,0.310478,0.728972,-1.17858,0.629233,1.00378,-2.0373,1.11327,-0.913186,-1.7159,-0.644268,0.967027,1.01022,0.512875,2.27756,-1.262,0.209273,-0.373557,0.389984,-0.870484,-0.107135,1.2871,0.19177,1.11542,-0.334063,-1.69935,0.255494,-1.2166,1.45541,-1.00031,0.337683,0.183718,-0.462143,1.32992,1.34057,-1.2379,-0.854138,1.28735,-1.94937,-1.58558,-1.15752,3.24716,1.41122,0.757515,0.159797,0.487774,-0.580365,0.05043,0.045413,0.342523,0.970246,-0.244069,1.1253,-0.516321,-1.30674,-0.810103,-0.574711,-0.606848,-1.6604,0.0221472,1.22405,-0.306694,-1.69549,-0.962327,0.400159,0.709002,-0.556875,-1.4962,1.70444,-0.523227,-0.214028,-1.79612,1.12591,-0.939018,1.00624,0.0873459,-0.52138,-547.184,-508.299,2761.5,815.011,520.894,-1882.04,-2005.36,-819.359,713.376,4167.89,684.524,-60.5022,-3825.74,-379.508,89.5438,-786.665,-2764.26,-1893.05,-1138.15,1330.48,3721.9,-4549.31,2287.66,267.703,-2638.59,-2872.07,3581.78,-691.08,1559.76,-2665.15,-3407.54,531.827,2745.55,-223.138,-3512.96,4957.76,-1430.38,-3610.6,1490.59,-2808.39,2647.86,134.514,1058.66,-2025.01,485.435,3088.29,-408.039,1755.96,-843.537,223.64,-979.537,157.066,-382.401,-1592.82,146.539,630.355,1663.4,390.568,-1767.98,-422.267,-1066.21,3073.98,426.967,1910.6,-1257.09,-400.344,-1141.72,499.265,-2604.22,-1076.11,-4120.46,-2216.12,-5824.17,-626.233,4606.2,242.817,3643.23,1542.24,2193.71,656.864,865.569,271.498,-601.193,3442.11,1343.81,-669.027,-589.169,-124.323,-568.395,1995.34,2199.27,3168.19,1360.03,-1589.59,215.181,-2315.43,-552.459,2949.46,968.289,-1405.52
-250354,0,1,0,1,1,250409,-0.384764,0.00591807,1.98251,0.65987,0.194549,-1.62464,-1.32884,-0.638008,0.776036,1.76188,-0.149657,0.116447,-1.54277,-0.0636614,0.2482,-1.00728,-1.59481,-1.01706,-0.127135,0.559175,1.40119,-1.61276,1.8305,-0.0898098,-1.26576,-1.76124,1.23195,-0.269686,1.22789,-1.59845,-1.56077,0.458786,1.996,-0.185011,-1.75004,1.38731,-0.797919,-1.56933,0.936032,-1.67351,1.35279,0.444837,1.42627,-1.3104,-0.0724454,0.89088,-0.393547,0.886616,0.0264761,-0.478673,-1.03596,0.226382,0.0675763,-1.26799,0.156639,-0.0321617,0.998724,0.212245,-0.63784,-0.775643,-0.788799,1.94885,1.21166,0.828242,-0.92643,-0.62419,-1.08532,0.0134659,-0.922084,-1.04397,-1.82062,-0.720654,-1.94471,-0.376988,1.76676,-0.594025,1.17955,0.313105,1.16384,0.0323358,0.112372,0.276904,0.173359,1.84303,0.871915,-1.30925,-0.819472,-0.271119,0.144731,1.18899,1.07535,1.68402,1.67163,-0.91779,-0.253471,-1.68299,-0.374937,1.42931,0.855572,-1.19532,-0.322319,0.140357,0.345845,2.0727,-1.14234,0.212857,-0.886505,-1.11911,0.713516,0.527282,-0.915562,1.24761,-0.394345,0.683744,0.865395,-1.72398,1.64531,1.05928,-0.416218,1.25887,0.134425,0.967886,1.00175,0.739477,-0.15601,-0.478845,-1.02172,-0.0195108,0.730071,0.285872,1.36294,-0.300098,-0.216821,-0.181748,-1.19489,2.56178,1.73525,-0.00427013,-1.03272,0.916691,0.338719,-0.467969,-1.06868,-2.0788,-0.656623,-0.392993,-0.551877,-0.504374,0.0467823,0.423211,-1.72436,0.812899,-0.601249,-1.4968,-0.910626,0.570833,-1.38615,-0.338745,-1.11679,-0.0837606,-0.338738,-0.370856,-1.42204,1.33679,-1.25673,-0.923178,-0.785191,-0.161363,0.870153,-0.939537,-0.184924,0.924276,-1.70127,0.190805,-0.237871,-0.424328,-2.36197,-0.628095,0.928322,1.26916,-2.69847,-0.664142,0.643576,-0.256067,-0.144397,-1.1136,0.325168,0.870709,0.494781,-1.8073,0.879627,-0.00710422,-0.371069,1.19711,0.489462,2.83413,2.07974,0.916195,0.0106587,0.280031,-547.184,-508.299,2761.5,815.011,520.894,-1882.04,-2005.36,-819.359,713.376,4167.89,684.524,-60.5022,-3825.74,-379.508,89.5438,-786.665,-2764.26,-1893.05,-1138.15,1330.48,3721.9,-4549.31,2287.66,267.703,-2638.59,-2872.07,3581.78,-691.08,1559.76,-2665.15,-3407.54,531.827,2745.55,-223.138,-3512.96,4957.76,-1430.38,-3610.6,1490.59,-2808.39,2647.86,134.514,1058.66,-2025.01,485.435,3088.29,-408.039,1755.96,-843.537,223.64,-979.537,157.066,-382.401,-1592.82,146.539,630.355,1663.4,390.568,-1767.98,-422.267,-1066.21,3073.98,426.967,1910.6,-1257.09,-400.344,-1141.72,499.265,-2604.22,-1076.11,-4120.46,-2216.12,-5824.17,-626.233,4606.2,242.817,3643.23,1542.24,2193.71,656.864,865.569,271.498,-601.193,3442.11,1343.81,-669.027,-589.169,-124.323,-568.395,1995.34,2199.27,3168.19,1360.03,-1589.59,215.181,-2315.43,-552.459,2949.46,968.289,-1405.52
-250354,0,1,0,1,1,250402,-0.384764,0.00591807,1.98251,0.65987,0.194549,-1.62464,-1.32884,-0.638008,0.776036,1.76188,-0.149657,0.116447,-1.54277,-0.0636614,0.2482,-1.00728,-1.59481,-1.01706,-0.127135,0.559175,1.40119,-1.61276,1.8305,-0.0898098,-1.26576,-1.76124,1.23195,-0.269686,1.22789,-1.59845,-1.56077,0.458786,1.996,-0.185011,-1.75004,1.38731,-0.797919,-1.56933,0.936032,-1.67351,1.35279,0.444837,1.42627,-1.3104,-0.0724454,0.89088,-0.393547,0.886616,0.0264761,-0.478673,-1.03596,0.226382,0.0675763,-1.26799,0.156639,-0.0321617,0.998724,0.212245,-0.63784,-0.775643,-0.788799,1.94885,1.21166,0.828242,-0.92643,-0.62419,-1.08532,0.0134659,-0.922084,-1.04397,-1.82062,-0.720654,-1.94471,-0.376988,1.76676,-0.594025,1.17955,0.313105,1.16384,0.0323358,0.112372,0.276904,0.173359,1.84303,0.871915,-1.30925,-0.819472,-0.271119,0.144731,1.18899,1.07535,1.68402,1.67163,-0.91779,-0.253471,-1.68299,-0.374937,1.42931,0.855572,-1.19532,1.21125,0.433513,-0.144797,0.308738,-0.184798,-1.09217,1.3628,0.300506,0.417918,0.58872,1.12436,-0.119,0.522782,0.189926,-0.770104,-0.102822,-0.15302,0.764883,-0.864799,-1.02145,0.618815,-2.19553,-0.860802,-1.99293,-0.559204,-1.2825,-1.09829,0.142276,0.374741,2.12781,-1.37353,-2.88874,-0.128936,-0.254953,1.06653,-0.0163783,2.69752,0.395704,-0.110244,1.33452,-2.03805,-1.43686,1.27513,-0.0294172,-0.447726,1.05657,-1.06539,-1.73027,-0.509124,0.791128,0.580709,-1.01403,-1.20179,1.07896,-0.240678,0.0556931,0.361672,-1.09903,-1.38221,-0.405426,0.369757,-0.392775,0.482497,0.202612,-0.367901,0.227046,0.207102,0.898457,0.268129,0.323927,0.264146,0.396759,-0.293976,0.818797,0.577289,0.213847,-0.230402,0.508838,-1.31184,-0.559779,0.230638,2.31099,0.190724,1.53943,-0.137049,-0.276478,-0.443689,-1.21613,0.788614,0.292074,0.442817,-1.3985,-1.37624,0.134947,-1.67778,0.847232,0.376337,-1.44484,-0.841846,0.528258,-547.184,-508.299,2761.5,815.011,520.894,-1882.04,-2005.36,-819.359,713.376,4167.89,684.524,-60.5022,-3825.74,-379.508,89.5438,-786.665,-2764.26,-1893.05,-1138.15,1330.48,3721.9,-4549.31,2287.66,267.703,-2638.59,-2872.07,3581.78,-691.08,1559.76,-2665.15,-3407.54,531.827,2745.55,-223.138,-3512.96,4957.76,-1430.38,-3610.6,1490.59,-2808.39,2647.86,134.514,1058.66,-2025.01,485.435,3088.29,-408.039,1755.96,-843.537,223.64,-979.537,157.066,-382.401,-1592.82,146.539,630.355,1663.4,390.568,-1767.98,-422.267,-1066.21,3073.98,426.967,1910.6,-1257.09,-400.344,-1141.72,499.265,-2604.22,-1076.11,-4120.46,-2216.12,-5824.17,-626.233,4606.2,242.817,3643.23,1542.24,2193.71,656.864,865.569,271.498,-601.193,3442.11,1343.81,-669.027,-589.169,-124.323,-568.395,1995.34,2199.27,3168.19,1360.03,-1589.59,215.181,-2315.43,-552.459,2949.46,968.289,-1405.52
-250354,0,1,0,1,1,250403,-0.384764,0.00591807,1.98251,0.65987,0.194549,-1.62464,-1.32884,-0.638008,0.776036,1.76188,-0.149657,0.116447,-1.54277,-0.0636614,0.2482,-1.00728,-1.59481,-1.01706,-0.127135,0.559175,1.40119,-1.61276,1.8305,-0.0898098,-1.26576,-1.76124,1.23195,-0.269686,1.22789,-1.59845,-1.56077,0.458786,1.996,-0.185011,-1.75004,1.38731,-0.797919,-1.56933,0.936032,-1.67351,1.35279,0.444837,1.42627,-1.3104,-0.0724454,0.89088,-0.393547,0.886616,0.0264761,-0.478673,-1.03596,0.226382,0.0675763,-1.26799,0.156639,-0.0321617,0.998724,0.212245,-0.63784,-0.775643,-0.788799,1.94885,1.21166,0.828242,-0.92643,-0.62419,-1.08532,0.0134659,-0.922084,-1.04397,-1.82062,-0.720654,-1.94471,-0.376988,1.76676,-0.594025,1.17955,0.313105,1.16384,0.0323358,0.112372,0.276904,0.173359,1.84303,0.871915,-1.30925,-0.819472,-0.271119,0.144731,1.18899,1.07535,1.68402,1.67163,-0.91779,-0.253471,-1.68299,-0.374937,1.42931,0.855572,-1.19532,0.129059,-1.11164,-0.302407,1.1005,-0.519858,-0.413694,-1.20489,-0.451334,-0.313818,0.367005,0.642315,0.967967,0.148875,-1.12085,-0.11182,0.704479,0.821974,-0.748692,1.94494,0.323107,0.43956,0.69381,1.56865,-0.472368,0.104495,-1.94702,0.675433,-0.0525512,0.768533,1.78689,-0.797534,0.771411,1.08025,1.05186,1.3385,0.791389,0.464752,1.35335,0.290926,0.294377,-1.40016,0.899106,-0.0600963,0.802196,-1.35511,0.0977761,0.398235,0.956659,-0.597621,2.67333,2.71249,0.138065,0.953809,0.60494,-1.49793,-1.26888,-0.466559,-0.496283,0.876444,0.325231,0.686273,-0.173498,-0.980382,0.263797,0.289032,1.87553,1.34294,-0.412458,-0.160624,2.20988,0.950943,-0.790064,-0.523198,-0.106089,0.634117,-0.541135,-0.167697,0.697131,-1.46122,0.527461,1.55592,-0.804874,0.733551,-0.527866,-0.300622,-0.138113,1.91861,-0.577959,0.352155,1.62388,-0.240494,-1.84033,0.963791,1.30475,0.41191,-0.343329,0.705407,-1.33456,0.84567,0.78875,-547.184,-508.299,2761.5,815.011,520.894,-1882.04,-2005.36,-819.359,713.376,4167.89,684.524,-60.5022,-3825.74,-379.508,89.5438,-786.665,-2764.26,-1893.05,-1138.15,1330.48,3721.9,-4549.31,2287.66,267.703,-2638.59,-2872.07,3581.78,-691.08,1559.76,-2665.15,-3407.54,531.827,2745.55,-223.138,-3512.96,4957.76,-1430.38,-3610.6,1490.59,-2808.39,2647.86,134.514,1058.66,-2025.01,485.435,3088.29,-408.039,1755.96,-843.537,223.64,-979.537,157.066,-382.401,-1592.82,146.539,630.355,1663.4,390.568,-1767.98,-422.267,-1066.21,3073.98,426.967,1910.6,-1257.09,-400.344,-1141.72,499.265,-2604.22,-1076.11,-4120.46,-2216.12,-5824.17,-626.233,4606.2,242.817,3643.23,1542.24,2193.71,656.864,865.569,271.498,-601.193,3442.11,1343.81,-669.027,-589.169,-124.323,-568.395,1995.34,2199.27,3168.19,1360.03,-1589.59,215.181,-2315.43,-552.459,2949.46,968.289,-1405.52
-250354,0,1,0,1,1,250401,-0.384764,0.00591807,1.98251,0.65987,0.194549,-1.62464,-1.32884,-0.638008,0.776036,1.76188,-0.149657,0.116447,-1.54277,-0.0636614,0.2482,-1.00728,-1.59481,-1.01706,-0.127135,0.559175,1.40119,-1.61276,1.8305,-0.0898098,-1.26576,-1.76124,1.23195,-0.269686,1.22789,-1.59845,-1.56077,0.458786,1.996,-0.185011,-1.75004,1.38731,-0.797919,-1.56933,0.936032,-1.67351,1.35279,0.444837,1.42627,-1.3104,-0.0724454,0.89088,-0.393547,0.886616,0.0264761,-0.478673,-1.03596,0.226382,0.0675763,-1.26799,0.156639,-0.0321617,0.998724,0.212245,-0.63784,-0.775643,-0.788799,1.94885,1.21166,0.828242,-0.92643,-0.62419,-1.08532,0.0134659,-0.922084,-1.04397,-1.82062,-0.720654,-1.94471,-0.376988,1.76676,-0.594025,1.17955,0.313105,1.16384,0.0323358,0.112372,0.276904,0.173359,1.84303,0.871915,-1.30925,-0.819472,-0.271119,0.144731,1.18899,1.07535,1.68402,1.67163,-0.91779,-0.253471,-1.68299,-0.374937,1.42931,0.855572,-1.19532,1.28177,-0.547875,-0.354073,-0.139183,1.13415,-1.20527,-1.2989,-0.113448,0.74916,0.343683,-1.61056,1.01169,0.357564,1.12724,0.45535,-1.47055,0.896408,-0.113477,-1.23343,-0.123158,1.11381,-0.745664,-0.181983,-0.889304,1.06886,-0.83992,0.123807,-1.75789,1.24362,0.294208,1.55379,0.448083,-0.147209,0.124233,1.15705,-2.01058,0.979886,1.27962,1.14158,-0.17616,0.327493,1.07139,0.900891,2.25685,0.993392,-0.0263788,1.0623,-0.0892594,0.0486729,1.31106,1.12455,-0.933728,0.883878,-0.0224653,-0.0937542,-0.422049,-0.653198,0.977226,0.640925,0.924919,-1.94901,1.22289,0.4177,0.985574,-2.24314,0.255227,-0.5349,-1.74935,-0.677065,0.0319378,-0.155188,-0.625276,-0.411382,0.808365,0.560374,-0.0281414,0.474672,-1.82672,-1.01622,0.0599276,-1.11288,-1.67764,-0.200033,0.559991,-0.0902713,0.745977,-1.72139,0.301084,-0.16448,-0.150074,-0.842659,-0.940154,0.768733,1.03654,-0.501749,-0.191321,-0.155656,-0.132629,-1.93806,1.58408,-547.184,-508.299,2761.5,815.011,520.894,-1882.04,-2005.36,-819.359,713.376,4167.89,684.524,-60.5022,-3825.74,-379.508,89.5438,-786.665,-2764.26,-1893.05,-1138.15,1330.48,3721.9,-4549.31,2287.66,267.703,-2638.59,-2872.07,3581.78,-691.08,1559.76,-2665.15,-3407.54,531.827,2745.55,-223.138,-3512.96,4957.76,-1430.38,-3610.6,1490.59,-2808.39,2647.86,134.514,1058.66,-2025.01,485.435,3088.29,-408.039,1755.96,-843.537,223.64,-979.537,157.066,-382.401,-1592.82,146.539,630.355,1663.4,390.568,-1767.98,-422.267,-1066.21,3073.98,426.967,1910.6,-1257.09,-400.344,-1141.72,499.265,-2604.22,-1076.11,-4120.46,-2216.12,-5824.17,-626.233,4606.2,242.817,3643.23,1542.24,2193.71,656.864,865.569,271.498,-601.193,3442.11,1343.81,-669.027,-589.169,-124.323,-568.395,1995.34,2199.27,3168.19,1360.03,-1589.59,215.181,-2315.43,-552.459,2949.46,968.289,-1405.52
-250354,0,1,0,1,1,250413,-0.384764,0.00591807,1.98251,0.65987,0.194549,-1.62464,-1.32884,-0.638008,0.776036,1.76188,-0.149657,0.116447,-1.54277,-0.0636614,0.2482,-1.00728,-1.59481,-1.01706,-0.127135,0.559175,1.40119,-1.61276,1.8305,-0.0898098,-1.26576,-1.76124,1.23195,-0.269686,1.22789,-1.59845,-1.56077,0.458786,1.996,-0.185011,-1.75004,1.38731,-0.797919,-1.56933,0.936032,-1.67351,1.35279,0.444837,1.42627,-1.3104,-0.0724454,0.89088,-0.393547,0.886616,0.0264761,-0.478673,-1.03596,0.226382,0.0675763,-1.26799,0.156639,-0.0321617,0.998724,0.212245,-0.63784,-0.775643,-0.788799,1.94885,1.21166,0.828242,-0.92643,-0.62419,-1.08532,0.0134659,-0.922084,-1.04397,-1.82062,-0.720654,-1.94471,-0.376988,1.76676,-0.594025,1.17955,0.313105,1.16384,0.0323358,0.112372,0.276904,0.173359,1.84303,0.871915,-1.30925,-0.819472,-0.271119,0.144731,1.18899,1.07535,1.68402,1.67163,-0.91779,-0.253471,-1.68299,-0.374937,1.42931,0.855572,-1.19532,3.148,-0.170611,-0.896529,0.630882,-0.0174748,1.3382,-0.586873,-0.914967,2.14924,-0.4157,0.893849,1.41264,1.64575,-1.40015,-1.23047,-0.12293,0.568926,0.282753,0.936144,-1.81101,-0.0163446,-1.07453,-1.14229,0.588862,-0.526203,0.711029,-0.307003,-0.168082,0.968649,0.699586,1.0859,0.159056,0.940187,-1.93507,1.4714,0.713452,0.320511,0.285821,-0.268245,0.240122,2.86717,-1.45273,0.930982,0.835856,0.730008,0.0295169,0.107856,2.80725,0.43791,-0.43934,-0.355009,0.533343,0.821619,-1.49038,0.369006,2.61417,-0.200616,-0.500549,0.898713,0.460738,1.12421,0.781313,-1.21904,-1.95178,-2.04237,-0.213979,0.00848738,-0.922485,-0.961777,-0.502297,1.39417,0.385875,-0.326898,-1.2757,0.244116,-0.945586,-0.390147,-1.07546,-1.03885,-0.0228303,2.00707,-0.697007,1.94529,-0.711058,1.84432,1.31199,-0.49712,-0.669159,0.402451,0.992078,-0.455711,0.697607,-0.574303,0.0581645,-0.819389,-0.360615,0.256321,1.11415,-0.0125012,-0.526849,-547.184,-508.299,2761.5,815.011,520.894,-1882.04,-2005.36,-819.359,713.376,4167.89,684.524,-60.5022,-3825.74,-379.508,89.5438,-786.665,-2764.26,-1893.05,-1138.15,1330.48,3721.9,-4549.31,2287.66,267.703,-2638.59,-2872.07,3581.78,-691.08,1559.76,-2665.15,-3407.54,531.827,2745.55,-223.138,-3512.96,4957.76,-1430.38,-3610.6,1490.59,-2808.39,2647.86,134.514,1058.66,-2025.01,485.435,3088.29,-408.039,1755.96,-843.537,223.64,-979.537,157.066,-382.401,-1592.82,146.539,630.355,1663.4,390.568,-1767.98,-422.267,-1066.21,3073.98,426.967,1910.6,-1257.09,-400.344,-1141.72,499.265,-2604.22,-1076.11,-4120.46,-2216.12,-5824.17,-626.233,4606.2,242.817,3643.23,1542.24,2193.71,656.864,865.569,271.498,-601.193,3442.11,1343.81,-669.027,-589.169,-124.323,-568.395,1995.34,2199.27,3168.19,1360.03,-1589.59,215.181,-2315.43,-552.459,2949.46,968.289,-1405.52
-250354,0,1,0,1,1,250401,-0.384764,0.00591807,1.98251,0.65987,0.194549,-1.62464,-1.32884,-0.638008,0.776036,1.76188,-0.149657,0.116447,-1.54277,-0.0636614,0.2482,-1.00728,-1.59481,-1.01706,-0.127135,0.559175,1.40119,-1.61276,1.8305,-0.0898098,-1.26576,-1.76124,1.23195,-0.269686,1.22789,-1.59845,-1.56077,0.458786,1.996,-0.185011,-1.75004,1.38731,-0.797919,-1.56933,0.936032,-1.67351,1.35279,0.444837,1.42627,-1.3104,-0.0724454,0.89088,-0.393547,0.886616,0.0264761,-0.478673,-1.03596,0.226382,0.0675763,-1.26799,0.156639,-0.0321617,0.998724,0.212245,-0.63784,-0.775643,-0.788799,1.94885,1.21166,0.828242,-0.92643,-0.62419,-1.08532,0.0134659,-0.922084,-1.04397,-1.82062,-0.720654,-1.94471,-0.376988,1.76676,-0.594025,1.17955,0.313105,1.16384,0.0323358,0.112372,0.276904,0.173359,1.84303,0.871915,-1.30925,-0.819472,-0.271119,0.144731,1.18899,1.07535,1.68402,1.67163,-0.91779,-0.253471,-1.68299,-0.374937,1.42931,0.855572,-1.19532,-2.56346,0.939211,-0.103465,-1.19368,1.84695,0.118469,-0.410691,0.316628,-1.92648,0.145736,-0.445945,0.133164,-0.0886895,0.0655757,-0.792777,-0.223602,-0.414727,-1.12289,0.822308,-2.72146,1.30561,-1.64733,0.870795,-0.255205,0.282108,-0.90994,1.56688,0.684412,-0.461409,0.0739564,0.432212,0.0191305,0.0401095,-0.109026,1.32927,-0.0111547,1.36197,-0.578814,-2.19102,-0.0884551,0.344548,-0.602819,0.764445,1.80356,-1.83102,-0.589122,1.39541,-0.540546,-0.40738,0.266299,-0.826844,-1.16196,-1.10393,-0.409166,0.00475004,-1.48637,0.0586322,1.392,0.854693,0.351129,-0.413225,1.91728,0.544054,0.0519235,0.913604,0.615168,1.1694,-0.411134,0.565063,-0.584786,-0.740016,0.479446,0.696868,-0.656579,0.482785,0.893235,-0.14805,1.24938,-1.19839,0.231925,-0.950472,0.638783,-0.701768,-0.140674,-0.202853,1.43204,1.46101,-0.262033,0.965614,-0.692257,0.00971673,0.333197,0.775037,0.688693,0.69889,1.90716,-0.824482,1.69233,-0.733493,0.476729,-547.184,-508.299,2761.5,815.011,520.894,-1882.04,-2005.36,-819.359,713.376,4167.89,684.524,-60.5022,-3825.74,-379.508,89.5438,-786.665,-2764.26,-1893.05,-1138.15,1330.48,3721.9,-4549.31,2287.66,267.703,-2638.59,-2872.07,3581.78,-691.08,1559.76,-2665.15,-3407.54,531.827,2745.55,-223.138,-3512.96,4957.76,-1430.38,-3610.6,1490.59,-2808.39,2647.86,134.514,1058.66,-2025.01,485.435,3088.29,-408.039,1755.96,-843.537,223.64,-979.537,157.066,-382.401,-1592.82,146.539,630.355,1663.4,390.568,-1767.98,-422.267,-1066.21,3073.98,426.967,1910.6,-1257.09,-400.344,-1141.72,499.265,-2604.22,-1076.11,-4120.46,-2216.12,-5824.17,-626.233,4606.2,242.817,3643.23,1542.24,2193.71,656.864,865.569,271.498,-601.193,3442.11,1343.81,-669.027,-589.169,-124.323,-568.395,1995.34,2199.27,3168.19,1360.03,-1589.59,215.181,-2315.43,-552.459,2949.46,968.289,-1405.52
-250354,0,1,0,1,1,250408,-0.384764,0.00591807,1.98251,0.65987,0.194549,-1.62464,-1.32884,-0.638008,0.776036,1.76188,-0.149657,0.116447,-1.54277,-0.0636614,0.2482,-1.00728,-1.59481,-1.01706,-0.127135,0.559175,1.40119,-1.61276,1.8305,-0.0898098,-1.26576,-1.76124,1.23195,-0.269686,1.22789,-1.59845,-1.56077,0.458786,1.996,-0.185011,-1.75004,1.38731,-0.797919,-1.56933,0.936032,-1.67351,1.35279,0.444837,1.42627,-1.3104,-0.0724454,0.89088,-0.393547,0.886616,0.0264761,-0.478673,-1.03596,0.226382,0.0675763,-1.26799,0.156639,-0.0321617,0.998724,0.212245,-0.63784,-0.775643,-0.788799,1.94885,1.21166,0.828242,-0.92643,-0.62419,-1.08532,0.0134659,-0.922084,-1.04397,-1.82062,-0.720654,-1.94471,-0.376988,1.76676,-0.594025,1.17955,0.313105,1.16384,0.0323358,0.112372,0.276904,0.173359,1.84303,0.871915,-1.30925,-0.819472,-0.271119,0.144731,1.18899,1.07535,1.68402,1.67163,-0.91779,-0.253471,-1.68299,-0.374937,1.42931,0.855572,-1.19532,2.45286,-0.25639,-1.21885,0.93351,1.62564,0.35386,-1.68447,-0.549212,1.59208,-1.04789,0.184209,1.08402,0.687724,-0.349738,0.811522,1.73615,-0.475983,-0.915465,-0.556704,-0.371445,0.925829,0.553141,-0.430482,-0.866485,0.790707,-0.667591,-0.787256,0.393288,0.565573,0.368482,-0.979147,0.704698,-0.327035,-0.0282789,-1.10843,-0.764575,-0.199792,1.52501,0.263334,0.440424,-0.826574,-2.79617,-1.05331,0.924905,0.773209,0.00908897,-0.986615,0.385726,-0.660736,0.299117,-1.84157,1.6369,-0.937745,-1.36789,-2.23411,0.552065,-0.477339,0.115356,-0.295763,2.33866,1.41121,1.51708,0.572823,0.559572,0.597777,0.928122,-1.95793,-0.476447,0.391246,-0.683948,-0.94062,-0.407825,1.07107,0.803708,-0.135993,-0.387855,1.56418,-0.00446132,-0.0516127,-1.03353,-1.26898,0.744186,1.04185,-0.525593,-0.0337718,-1.24285,1.44462,0.110112,0.478777,-1.46166,-1.32429,0.314196,0.941841,0.795177,0.934391,-1.95821,-1.57897,-0.0514047,1.12974,-1.33569,-547.184,-508.299,2761.5,815.011,520.894,-1882.04,-2005.36,-819.359,713.376,4167.89,684.524,-60.5022,-3825.74,-379.508,89.5438,-786.665,-2764.26,-1893.05,-1138.15,1330.48,3721.9,-4549.31,2287.66,267.703,-2638.59,-2872.07,3581.78,-691.08,1559.76,-2665.15,-3407.54,531.827,2745.55,-223.138,-3512.96,4957.76,-1430.38,-3610.6,1490.59,-2808.39,2647.86,134.514,1058.66,-2025.01,485.435,3088.29,-408.039,1755.96,-843.537,223.64,-979.537,157.066,-382.401,-1592.82,146.539,630.355,1663.4,390.568,-1767.98,-422.267,-1066.21,3073.98,426.967,1910.6,-1257.09,-400.344,-1141.72,499.265,-2604.22,-1076.11,-4120.46,-2216.12,-5824.17,-626.233,4606.2,242.817,3643.23,1542.24,2193.71,656.864,865.569,271.498,-601.193,3442.11,1343.81,-669.027,-589.169,-124.323,-568.395,1995.34,2199.27,3168.19,1360.03,-1589.59,215.181,-2315.43,-552.459,2949.46,968.289,-1405.52
-250354,0,1,0,1,1,250403,-0.384764,0.00591807,1.98251,0.65987,0.194549,-1.62464,-1.32884,-0.638008,0.776036,1.76188,-0.149657,0.116447,-1.54277,-0.0636614,0.2482,-1.00728,-1.59481,-1.01706,-0.127135,0.559175,1.40119,-1.61276,1.8305,-0.0898098,-1.26576,-1.76124,1.23195,-0.269686,1.22789,-1.59845,-1.56077,0.458786,1.996,-0.185011,-1.75004,1.38731,-0.797919,-1.56933,0.936032,-1.67351,1.35279,0.444837,1.42627,-1.3104,-0.0724454,0.89088,-0.393547,0.886616,0.0264761,-0.478673,-1.03596,0.226382,0.0675763,-1.26799,0.156639,-0.0321617,0.998724,0.212245,-0.63784,-0.775643,-0.788799,1.94885,1.21166,0.828242,-0.92643,-0.62419,-1.08532,0.0134659,-0.922084,-1.04397,-1.82062,-0.720654,-1.94471,-0.376988,1.76676,-0.594025,1.17955,0.313105,1.16384,0.0323358,0.112372,0.276904,0.173359,1.84303,0.871915,-1.30925,-0.819472,-0.271119,0.144731,1.18899,1.07535,1.68402,1.67163,-0.91779,-0.253471,-1.68299,-0.374937,1.42931,0.855572,-1.19532,0.793221,-0.326998,2.08925,0.533971,0.968963,-0.453497,0.879758,0.104883,-0.711019,1.00473,0.608519,0.775715,-0.0171122,-1.14962,-0.90353,-0.0857147,-0.0768586,-0.1192,1.67953,-0.395923,0.607959,1.49375,0.836182,-1.7495,-0.716615,-0.37614,-0.941088,0.522882,-0.243998,0.48763,-0.373004,0.559046,0.513467,-0.503335,-0.431009,-0.671039,0.998074,0.857704,1.87346,-0.988844,0.88382,1.3048,-1.0633,0.173987,0.109748,0.620036,1.10663,-0.225911,2.80825,1.71098,1.34457,-0.0438928,0.382774,0.209318,-0.493253,0.490415,0.262632,-0.35353,-0.194977,0.186306,0.314816,-0.292616,-1.54551,1.78896,-3.01616,-0.264939,-1.404,0.333878,1.95609,-0.666755,0.380755,0.717175,-0.633254,1.78164,-1.4631,0.71032,-0.423551,-1.01986,1.91694,-1.76447,0.015149,-0.796842,-1.29842,-1.27287,0.696418,-0.207786,-0.34547,-0.28568,0.850166,0.700924,0.342307,-0.865694,-0.698747,0.671498,0.301288,0.235857,-0.545457,-1.05208,-1.27014,1.11919,-547.184,-508.299,2761.5,815.011,520.894,-1882.04,-2005.36,-819.359,713.376,4167.89,684.524,-60.5022,-3825.74,-379.508,89.5438,-786.665,-2764.26,-1893.05,-1138.15,1330.48,3721.9,-4549.31,2287.66,267.703,-2638.59,-2872.07,3581.78,-691.08,1559.76,-2665.15,-3407.54,531.827,2745.55,-223.138,-3512.96,4957.76,-1430.38,-3610.6,1490.59,-2808.39,2647.86,134.514,1058.66,-2025.01,485.435,3088.29,-408.039,1755.96,-843.537,223.64,-979.537,157.066,-382.401,-1592.82,146.539,630.355,1663.4,390.568,-1767.98,-422.267,-1066.21,3073.98,426.967,1910.6,-1257.09,-400.344,-1141.72,499.265,-2604.22,-1076.11,-4120.46,-2216.12,-5824.17,-626.233,4606.2,242.817,3643.23,1542.24,2193.71,656.864,865.569,271.498,-601.193,3442.11,1343.81,-669.027,-589.169,-124.323,-568.395,1995.34,2199.27,3168.19,1360.03,-1589.59,215.181,-2315.43,-552.459,2949.46,968.289,-1405.52
-250354,0,1,0,1,1,250409,-0.384764,0.00591807,1.98251,0.65987,0.194549,-1.62464,-1.32884,-0.638008,0.776036,1.76188,-0.149657,0.116447,-1.54277,-0.0636614,0.2482,-1.00728,-1.59481,-1.01706,-0.127135,0.559175,1.40119,-1.61276,1.8305,-0.0898098,-1.26576,-1.76124,1.23195,-0.269686,1.22789,-1.59845,-1.56077,0.458786,1.996,-0.185011,-1.75004,1.38731,-0.797919,-1.56933,0.936032,-1.67351,1.35279,0.444837,1.42627,-1.3104,-0.0724454,0.89088,-0.393547,0.886616,0.0264761,-0.478673,-1.03596,0.226382,0.0675763,-1.26799,0.156639,-0.0321617,0.998724,0.212245,-0.63784,-0.775643,-0.788799,1.94885,1.21166,0.828242,-0.92643,-0.62419,-1.08532,0.0134659,-0.922084,-1.04397,-1.82062,-0.720654,-1.94471,-0.376988,1.76676,-0.594025,1.17955,0.313105,1.16384,0.0323358,0.112372,0.276904,0.173359,1.84303,0.871915,-1.30925,-0.819472,-0.271119,0.144731,1.18899,1.07535,1.68402,1.67163,-0.91779,-0.253471,-1.68299,-0.374937,1.42931,0.855572,-1.19532,-0.213595,0.793317,0.497297,0.916347,1.34698,0.583951,0.840268,-0.835872,-0.404463,-1.26266,0.133522,0.255113,-1.70564,-1.77252,0.604924,0.802822,0.0220082,1.02517,1.72084,0.334501,2.21829,-1.16563,-0.894889,0.165322,-0.255334,-1.40541,1.14801,-1.09409,-0.44079,-0.759329,-1.26097,-0.291446,2.00279,-0.904249,-0.750839,1.23965,0.274412,0.104781,-2.24277,-0.138223,0.597136,0.447711,-0.141295,0.957054,-0.0579393,-0.876927,-0.372293,0.155412,0.416148,-1.48258,0.967705,0.847332,0.786269,0.107785,1.3427,0.352718,-0.240262,-0.952741,0.185271,-0.337063,0.626544,-0.708497,-0.0174858,-0.0390639,0.890086,-0.499789,1.3907,1.5846,1.17945,1.15039,-0.446332,1.88534,0.63176,-0.363216,0.155728,1.26725,-0.0341669,0.145454,-1.04449,1.34483,-0.392878,-0.680148,-1.73732,1.299,2.39488,-1.43432,0.731534,0.824727,0.556332,0.327324,1.82155,0.163275,1.652,0.281411,-0.324788,-1.38234,-0.711846,-3.39136,1.69448,0.369787,-547.184,-508.299,2761.5,815.011,520.894,-1882.04,-2005.36,-819.359,713.376,4167.89,684.524,-60.5022,-3825.74,-379.508,89.5438,-786.665,-2764.26,-1893.05,-1138.15,1330.48,3721.9,-4549.31,2287.66,267.703,-2638.59,-2872.07,3581.78,-691.08,1559.76,-2665.15,-3407.54,531.827,2745.55,-223.138,-3512.96,4957.76,-1430.38,-3610.6,1490.59,-2808.39,2647.86,134.514,1058.66,-2025.01,485.435,3088.29,-408.039,1755.96,-843.537,223.64,-979.537,157.066,-382.401,-1592.82,146.539,630.355,1663.4,390.568,-1767.98,-422.267,-1066.21,3073.98,426.967,1910.6,-1257.09,-400.344,-1141.72,499.265,-2604.22,-1076.11,-4120.46,-2216.12,-5824.17,-626.233,4606.2,242.817,3643.23,1542.24,2193.71,656.864,865.569,271.498,-601.193,3442.11,1343.81,-669.027,-589.169,-124.323,-568.395,1995.34,2199.27,3168.19,1360.03,-1589.59,215.181,-2315.43,-552.459,2949.46,968.289,-1405.52
-250354,0,1,0,1,1,250399,-0.384764,0.00591807,1.98251,0.65987,0.194549,-1.62464,-1.32884,-0.638008,0.776036,1.76188,-0.149657,0.116447,-1.54277,-0.0636614,0.2482,-1.00728,-1.59481,-1.01706,-0.127135,0.559175,1.40119,-1.61276,1.8305,-0.0898098,-1.26576,-1.76124,1.23195,-0.269686,1.22789,-1.59845,-1.56077,0.458786,1.996,-0.185011,-1.75004,1.38731,-0.797919,-1.56933,0.936032,-1.67351,1.35279,0.444837,1.42627,-1.3104,-0.0724454,0.89088,-0.393547,0.886616,0.0264761,-0.478673,-1.03596,0.226382,0.0675763,-1.26799,0.156639,-0.0321617,0.998724,0.212245,-0.63784,-0.775643,-0.788799,1.94885,1.21166,0.828242,-0.92643,-0.62419,-1.08532,0.0134659,-0.922084,-1.04397,-1.82062,-0.720654,-1.94471,-0.376988,1.76676,-0.594025,1.17955,0.313105,1.16384,0.0323358,0.112372,0.276904,0.173359,1.84303,0.871915,-1.30925,-0.819472,-0.271119,0.144731,1.18899,1.07535,1.68402,1.67163,-0.91779,-0.253471,-1.68299,-0.374937,1.42931,0.855572,-1.19532,1.2209,0.667268,1.74737,-0.216018,-0.114694,0.0237759,-2.3562,-2.50185,-0.534035,0.874677,0.506297,-0.678126,-0.250869,-1.4105,-0.240151,-0.303083,-0.405391,0.665849,2.07424,-0.130182,-1.43195,0.404933,0.245279,0.429985,0.116281,-0.73603,-1.56713,1.08154,0.547228,-0.35303,0.453627,-0.217488,-0.144828,-0.929493,-1.03304,0.14217,-0.165404,0.244231,-1.67357,-0.294913,0.37141,2.03541,-0.735662,-0.0877735,-1.23853,0.117154,0.450992,-0.0241763,-0.665693,-0.938,-0.883513,-0.316522,-0.456873,0.235429,0.985347,1.1341,0.291862,0.073956,-2.33844,-0.961658,-0.0926429,-0.179872,0.01505,-1.68401,-0.0161532,-0.316774,-0.882338,1.24438,-1.05144,0.822531,0.661498,0.191072,0.407598,0.93924,-0.381104,1.35815,1.25826,-0.433287,-0.184775,-1.25794,0.114489,-0.869681,-1.31574,0.518896,0.942978,-0.201339,-0.264245,-1.05248,0.226121,1.83406,2.0447,-0.866079,-1.9749,-0.241755,-0.214165,1.30057,0.744279,-0.406172,-0.4713,-0.287653,-547.184,-508.299,2761.5,815.011,520.894,-1882.04,-2005.36,-819.359,713.376,4167.89,684.524,-60.5022,-3825.74,-379.508,89.5438,-786.665,-2764.26,-1893.05,-1138.15,1330.48,3721.9,-4549.31,2287.66,267.703,-2638.59,-2872.07,3581.78,-691.08,1559.76,-2665.15,-3407.54,531.827,2745.55,-223.138,-3512.96,4957.76,-1430.38,-3610.6,1490.59,-2808.39,2647.86,134.514,1058.66,-2025.01,485.435,3088.29,-408.039,1755.96,-843.537,223.64,-979.537,157.066,-382.401,-1592.82,146.539,630.355,1663.4,390.568,-1767.98,-422.267,-1066.21,3073.98,426.967,1910.6,-1257.09,-400.344,-1141.72,499.265,-2604.22,-1076.11,-4120.46,-2216.12,-5824.17,-626.233,4606.2,242.817,3643.23,1542.24,2193.71,656.864,865.569,271.498,-601.193,3442.11,1343.81,-669.027,-589.169,-124.323,-568.395,1995.34,2199.27,3168.19,1360.03,-1589.59,215.181,-2315.43,-552.459,2949.46,968.289,-1405.52
-250354,0,1,0,1,1,250406,-0.384764,0.00591807,1.98251,0.65987,0.194549,-1.62464,-1.32884,-0.638008,0.776036,1.76188,-0.149657,0.116447,-1.54277,-0.0636614,0.2482,-1.00728,-1.59481,-1.01706,-0.127135,0.559175,1.40119,-1.61276,1.8305,-0.0898098,-1.26576,-1.76124,1.23195,-0.269686,1.22789,-1.59845,-1.56077,0.458786,1.996,-0.185011,-1.75004,1.38731,-0.797919,-1.56933,0.936032,-1.67351,1.35279,0.444837,1.42627,-1.3104,-0.0724454,0.89088,-0.393547,0.886616,0.0264761,-0.478673,-1.03596,0.226382,0.0675763,-1.26799,0.156639,-0.0321617,0.998724,0.212245,-0.63784,-0.775643,-0.788799,1.94885,1.21166,0.828242,-0.92643,-0.62419,-1.08532,0.0134659,-0.922084,-1.04397,-1.82062,-0.720654,-1.94471,-0.376988,1.76676,-0.594025,1.17955,0.313105,1.16384,0.0323358,0.112372,0.276904,0.173359,1.84303,0.871915,-1.30925,-0.819472,-0.271119,0.144731,1.18899,1.07535,1.68402,1.67163,-0.91779,-0.253471,-1.68299,-0.374937,1.42931,0.855572,-1.19532,0.888742,-0.706323,0.895265,1.96179,-1.15638,0.208637,1.81545,-0.165036,-0.49458,0.36177,0.730255,-0.86446,-0.042186,-0.777189,0.625155,-0.516707,0.972831,-0.582628,0.253736,-1.53581,-0.582671,-0.738357,0.755962,-0.847298,0.747877,0.32371,-0.307215,-1.26223,2.62094,-0.116925,1.14924,-0.493599,0.0490094,2.94276,-1.15161,2.24534,-0.332748,-0.361893,-0.00411139,-0.842805,1.46617,-1.46487,-0.429845,0.0981317,-0.275653,0.796075,0.0625913,-0.196984,-0.290499,-2.11019,-0.0206112,0.762803,2.06653,1.44028,0.372374,-0.338558,-0.723286,-2.25345,-0.133867,0.214168,0.429622,-0.502903,0.652444,0.000837054,-1.95313,-0.448629,-1.0572,1.02565,-0.0628771,-0.417088,-2.13703,-0.914374,-0.122253,1.57113,1.6085,0.431709,0.601548,0.923819,0.0975063,-0.707464,-1.36358,-0.272306,-1.06488,-0.366015,-0.673642,-0.162476,-0.337062,0.906696,0.704228,0.252639,0.417822,0.133445,2.14756,-0.898901,-0.644071,1.87555,0.649989,-0.0254515,-0.353406,-0.0212835,-547.184,-508.299,2761.5,815.011,520.894,-1882.04,-2005.36,-819.359,713.376,4167.89,684.524,-60.5022,-3825.74,-379.508,89.5438,-786.665,-2764.26,-1893.05,-1138.15,1330.48,3721.9,-4549.31,2287.66,267.703,-2638.59,-2872.07,3581.78,-691.08,1559.76,-2665.15,-3407.54,531.827,2745.55,-223.138,-3512.96,4957.76,-1430.38,-3610.6,1490.59,-2808.39,2647.86,134.514,1058.66,-2025.01,485.435,3088.29,-408.039,1755.96,-843.537,223.64,-979.537,157.066,-382.401,-1592.82,146.539,630.355,1663.4,390.568,-1767.98,-422.267,-1066.21,3073.98,426.967,1910.6,-1257.09,-400.344,-1141.72,499.265,-2604.22,-1076.11,-4120.46,-2216.12,-5824.17,-626.233,4606.2,242.817,3643.23,1542.24,2193.71,656.864,865.569,271.498,-601.193,3442.11,1343.81,-669.027,-589.169,-124.323,-568.395,1995.34,2199.27,3168.19,1360.03,-1589.59,215.181,-2315.43,-552.459,2949.46,968.289,-1405.52
-250354,0,1,0,1,1,250401,-0.384764,0.00591807,1.98251,0.65987,0.194549,-1.62464,-1.32884,-0.638008,0.776036,1.76188,-0.149657,0.116447,-1.54277,-0.0636614,0.2482,-1.00728,-1.59481,-1.01706,-0.127135,0.559175,1.40119,-1.61276,1.8305,-0.0898098,-1.26576,-1.76124,1.23195,-0.269686,1.22789,-1.59845,-1.56077,0.458786,1.996,-0.185011,-1.75004,1.38731,-0.797919,-1.56933,0.936032,-1.67351,1.35279,0.444837,1.42627,-1.3104,-0.0724454,0.89088,-0.393547,0.886616,0.0264761,-0.478673,-1.03596,0.226382,0.0675763,-1.26799,0.156639,-0.0321617,0.998724,0.212245,-0.63784,-0.775643,-0.788799,1.94885,1.21166,0.828242,-0.92643,-0.62419,-1.08532,0.0134659,-0.922084,-1.04397,-1.82062,-0.720654,-1.94471,-0.376988,1.76676,-0.594025,1.17955,0.313105,1.16384,0.0323358,0.112372,0.276904,0.173359,1.84303,0.871915,-1.30925,-0.819472,-0.271119,0.144731,1.18899,1.07535,1.68402,1.67163,-0.91779,-0.253471,-1.68299,-0.374937,1.42931,0.855572,-1.19532,0.493423,0.975075,-1.33902,1.01601,-0.355569,0.436812,-1.06009,0.373631,0.0882146,-0.090451,-0.424625,-0.953209,-2.31438,0.915492,-0.451674,1.02004,-0.18002,0.0774766,-0.209616,0.0407143,-1.71129,0.423217,-1.13599,0.481009,1.29907,0.723157,-0.35337,0.448246,0.0824514,-0.713424,2.02752,0.208522,1.12979,0.223907,0.389602,0.865507,0.426404,-0.864444,0.120515,0.113849,-0.991126,-0.738205,0.385602,0.728293,-2.70406,-1.14463,-0.0196446,-0.958424,-1.07554,-0.111376,0.96221,-0.534475,-0.383845,0.177624,-0.782895,1.81184,1.59222,-0.763727,-0.601417,-0.723754,0.137265,0.0294284,-1.12544,1.6886,0.79201,0.122795,0.6116,-0.537256,0.352799,1.85298,-0.244778,-1.1963,1.01695,-0.524594,0.756416,0.170907,-1.85583,0.151761,0.0506626,1.46304,-1.39809,-1.70536,-0.603714,0.66543,2.21125,0.245481,-1.95511,-0.668638,0.627815,-0.595975,-0.49297,1.20983,-0.135228,-0.754302,0.567671,-0.799393,-0.968643,0.749018,-1.90237,-0.847984,-547.184,-508.299,2761.5,815.011,520.894,-1882.04,-2005.36,-819.359,713.376,4167.89,684.524,-60.5022,-3825.74,-379.508,89.5438,-786.665,-2764.26,-1893.05,-1138.15,1330.48,3721.9,-4549.31,2287.66,267.703,-2638.59,-2872.07,3581.78,-691.08,1559.76,-2665.15,-3407.54,531.827,2745.55,-223.138,-3512.96,4957.76,-1430.38,-3610.6,1490.59,-2808.39,2647.86,134.514,1058.66,-2025.01,485.435,3088.29,-408.039,1755.96,-843.537,223.64,-979.537,157.066,-382.401,-1592.82,146.539,630.355,1663.4,390.568,-1767.98,-422.267,-1066.21,3073.98,426.967,1910.6,-1257.09,-400.344,-1141.72,499.265,-2604.22,-1076.11,-4120.46,-2216.12,-5824.17,-626.233,4606.2,242.817,3643.23,1542.24,2193.71,656.864,865.569,271.498,-601.193,3442.11,1343.81,-669.027,-589.169,-124.323,-568.395,1995.34,2199.27,3168.19,1360.03,-1589.59,215.181,-2315.43,-552.459,2949.46,968.289,-1405.52
-250354,0,1,0,1,1,250416,-0.384764,0.00591807,1.98251,0.65987,0.194549,-1.62464,-1.32884,-0.638008,0.776036,1.76188,-0.149657,0.116447,-1.54277,-0.0636614,0.2482,-1.00728,-1.59481,-1.01706,-0.127135,0.559175,1.40119,-1.61276,1.8305,-0.0898098,-1.26576,-1.76124,1.23195,-0.269686,1.22789,-1.59845,-1.56077,0.458786,1.996,-0.185011,-1.75004,1.38731,-0.797919,-1.56933,0.936032,-1.67351,1.35279,0.444837,1.42627,-1.3104,-0.0724454,0.89088,-0.393547,0.886616,0.0264761,-0.478673,-1.03596,0.226382,0.0675763,-1.26799,0.156639,-0.0321617,0.998724,0.212245,-0.63784,-0.775643,-0.788799,1.94885,1.21166,0.828242,-0.92643,-0.62419,-1.08532,0.0134659,-0.922084,-1.04397,-1.82062,-0.720654,-1.94471,-0.376988,1.76676,-0.594025,1.17955,0.313105,1.16384,0.0323358,0.112372,0.276904,0.173359,1.84303,0.871915,-1.30925,-0.819472,-0.271119,0.144731,1.18899,1.07535,1.68402,1.67163,-0.91779,-0.253471,-1.68299,-0.374937,1.42931,0.855572,-1.19532,-0.670151,0.256099,0.394208,-1.87077,0.584832,-0.0774951,-0.126118,-0.385222,-0.724519,1.01981,-0.0432252,0.390823,0.879135,-0.510474,-0.0491599,2.64782,0.124563,-0.223297,-0.928854,0.288613,-0.658105,1.35034,-1.16888,0.143953,-1.2489,0.493364,1.05882,0.93122,0.452071,-0.103662,-0.826832,0.0482024,0.992829,-0.193897,1.78554,-0.530671,-1.32979,-2.65012,1.30544,2.83897,1.08462,0.662369,-1.10195,-2.57309,0.572258,1.35733,1.89063,1.28209,0.0942758,-0.993202,0.844656,1.35343,-0.188324,0.957246,-0.411833,1.16132,-0.525172,-0.163125,0.997046,-0.846241,0.0409812,-1.17616,0.0879825,1.29905,1.11589,-1.48159,-0.280969,-1.21199,1.0171,-0.945349,-0.492907,0.457191,-0.0680383,0.0224889,1.37525,-1.33644,0.750967,0.694259,1.08567,0.924395,0.647936,-0.863924,-1.58732,0.684726,-2.31864,-1.58449,-1.43545,-2.27105,0.614864,2.28754,-0.777074,0.480856,0.112601,0.299539,0.417045,1.82061,-0.978401,-0.777748,-1.91901,-0.0425777,-547.184,-508.299,2761.5,815.011,520.894,-1882.04,-2005.36,-819.359,713.376,4167.89,684.524,-60.5022,-3825.74,-379.508,89.5438,-786.665,-2764.26,-1893.05,-1138.15,1330.48,3721.9,-4549.31,2287.66,267.703,-2638.59,-2872.07,3581.78,-691.08,1559.76,-2665.15,-3407.54,531.827,2745.55,-223.138,-3512.96,4957.76,-1430.38,-3610.6,1490.59,-2808.39,2647.86,134.514,1058.66,-2025.01,485.435,3088.29,-408.039,1755.96,-843.537,223.64,-979.537,157.066,-382.401,-1592.82,146.539,630.355,1663.4,390.568,-1767.98,-422.267,-1066.21,3073.98,426.967,1910.6,-1257.09,-400.344,-1141.72,499.265,-2604.22,-1076.11,-4120.46,-2216.12,-5824.17,-626.233,4606.2,242.817,3643.23,1542.24,2193.71,656.864,865.569,271.498,-601.193,3442.11,1343.81,-669.027,-589.169,-124.323,-568.395,1995.34,2199.27,3168.19,1360.03,-1589.59,215.181,-2315.43,-552.459,2949.46,968.289,-1405.52
-250354,0,1,0,1,1,250422,-0.384764,0.00591807,1.98251,0.65987,0.194549,-1.62464,-1.32884,-0.638008,0.776036,1.76188,-0.149657,0.116447,-1.54277,-0.0636614,0.2482,-1.00728,-1.59481,-1.01706,-0.127135,0.559175,1.40119,-1.61276,1.8305,-0.0898098,-1.26576,-1.76124,1.23195,-0.269686,1.22789,-1.59845,-1.56077,0.458786,1.996,-0.185011,-1.75004,1.38731,-0.797919,-1.56933,0.936032,-1.67351,1.35279,0.444837,1.42627,-1.3104,-0.0724454,0.89088,-0.393547,0.886616,0.0264761,-0.478673,-1.03596,0.226382,0.0675763,-1.26799,0.156639,-0.0321617,0.998724,0.212245,-0.63784,-0.775643,-0.788799,1.94885,1.21166,0.828242,-0.92643,-0.62419,-1.08532,0.0134659,-0.922084,-1.04397,-1.82062,-0.720654,-1.94471,-0.376988,1.76676,-0.594025,1.17955,0.313105,1.16384,0.0323358,0.112372,0.276904,0.173359,1.84303,0.871915,-1.30925,-0.819472,-0.271119,0.144731,1.18899,1.07535,1.68402,1.67163,-0.91779,-0.253471,-1.68299,-0.374937,1.42931,0.855572,-1.19532,-2.05796,0.161716,0.509806,-0.231125,-0.774548,0.0203875,-1.05256,2.32696,-1.52067,-0.293753,0.0198234,0.535002,-1.09956,0.165313,-1.30435,-0.633899,-0.902632,0.268125,0.369607,0.579512,1.23927,1.77988,1.22801,0.013331,1.42065,-0.444517,-0.855789,-1.31003,-0.888181,-0.82183,1.45745,0.306954,1.15796,-0.870631,-0.32423,-2.97032,1.49246,0.579469,0.928838,-0.107108,0.433209,-0.920679,1.30048,-3.1949,-0.535632,0.738147,1.56531,-0.842916,0.165329,1.65288,-0.525345,-1.26946,-2.37438,0.393514,0.712213,-0.182686,-1.61471,0.324536,0.829136,0.482294,-1.79925,-0.248433,0.876755,-0.587226,0.929265,1.21826,1.64337,-0.551589,-2.1285,-0.975892,2.75951,2.36897,-0.455459,-1.69818,-0.414969,-0.417911,0.206655,-1.59333,-1.59255,0.0337416,0.652221,-0.300214,0.380853,0.407522,-0.605509,0.333398,-0.33146,2.11137,-1.34189,-1.26915,-0.847713,0.16317,0.376886,2.21265,1.28616,0.413087,-0.40818,0.746751,-0.900901,0.911648,-547.184,-508.299,2761.5,815.011,520.894,-1882.04,-2005.36,-819.359,713.376,4167.89,684.524,-60.5022,-3825.74,-379.508,89.5438,-786.665,-2764.26,-1893.05,-1138.15,1330.48,3721.9,-4549.31,2287.66,267.703,-2638.59,-2872.07,3581.78,-691.08,1559.76,-2665.15,-3407.54,531.827,2745.55,-223.138,-3512.96,4957.76,-1430.38,-3610.6,1490.59,-2808.39,2647.86,134.514,1058.66,-2025.01,485.435,3088.29,-408.039,1755.96,-843.537,223.64,-979.537,157.066,-382.401,-1592.82,146.539,630.355,1663.4,390.568,-1767.98,-422.267,-1066.21,3073.98,426.967,1910.6,-1257.09,-400.344,-1141.72,499.265,-2604.22,-1076.11,-4120.46,-2216.12,-5824.17,-626.233,4606.2,242.817,3643.23,1542.24,2193.71,656.864,865.569,271.498,-601.193,3442.11,1343.81,-669.027,-589.169,-124.323,-568.395,1995.34,2199.27,3168.19,1360.03,-1589.59,215.181,-2315.43,-552.459,2949.46,968.289,-1405.52
-250354,0,1,0,1,1,250398,-0.384764,0.00591807,1.98251,0.65987,0.194549,-1.62464,-1.32884,-0.638008,0.776036,1.76188,-0.149657,0.116447,-1.54277,-0.0636614,0.2482,-1.00728,-1.59481,-1.01706,-0.127135,0.559175,1.40119,-1.61276,1.8305,-0.0898098,-1.26576,-1.76124,1.23195,-0.269686,1.22789,-1.59845,-1.56077,0.458786,1.996,-0.185011,-1.75004,1.38731,-0.797919,-1.56933,0.936032,-1.67351,1.35279,0.444837,1.42627,-1.3104,-0.0724454,0.89088,-0.393547,0.886616,0.0264761,-0.478673,-1.03596,0.226382,0.0675763,-1.26799,0.156639,-0.0321617,0.998724,0.212245,-0.63784,-0.775643,-0.788799,1.94885,1.21166,0.828242,-0.92643,-0.62419,-1.08532,0.0134659,-0.922084,-1.04397,-1.82062,-0.720654,-1.94471,-0.376988,1.76676,-0.594025,1.17955,0.313105,1.16384,0.0323358,0.112372,0.276904,0.173359,1.84303,0.871915,-1.30925,-0.819472,-0.271119,0.144731,1.18899,1.07535,1.68402,1.67163,-0.91779,-0.253471,-1.68299,-0.374937,1.42931,0.855572,-1.19532,1.28216,-0.0183009,1.37952,0.831164,1.5321,0.162942,-0.577394,-0.259001,0.624085,-0.673623,0.611423,-0.00157211,-0.847129,1.90147,1.13592,-0.103948,0.691232,0.982299,0.0933315,-0.602408,-0.684577,-0.109378,0.518212,-1.33765,0.0976596,0.405243,-0.315797,-0.721435,-0.0800671,0.934375,-0.339791,-0.192436,1.13781,0.281916,-1.23831,-1.36187,1.24554,-1.68948,0.951778,0.511089,0.602488,-1.22519,0.593865,0.162439,-0.503496,-0.289489,0.503136,-0.464213,0.322551,-0.103691,0.0381062,0.432394,-0.508566,-2.30103,1.44195,0.605422,-0.0100144,-1.53093,0.254968,0.999331,-0.138306,0.263107,-1.87188,-0.38075,0.27211,-0.0432731,-0.463514,-0.599406,1.4436,-0.295807,0.72576,-0.493891,0.538635,1.93567,-1.89649,-1.85837,0.32947,-1.62322,1.0783,-0.109271,-0.801757,0.516842,-0.0737656,2.28565,-0.658145,-0.206122,-0.395114,-0.934601,-1.39738,-0.0852029,-0.643338,1.1237,0.150017,-1.09986,-0.546956,-0.255036,-0.63907,1.64345,-1.82941,-0.634959,-547.184,-508.299,2761.5,815.011,520.894,-1882.04,-2005.36,-819.359,713.376,4167.89,684.524,-60.5022,-3825.74,-379.508,89.5438,-786.665,-2764.26,-1893.05,-1138.15,1330.48,3721.9,-4549.31,2287.66,267.703,-2638.59,-2872.07,3581.78,-691.08,1559.76,-2665.15,-3407.54,531.827,2745.55,-223.138,-3512.96,4957.76,-1430.38,-3610.6,1490.59,-2808.39,2647.86,134.514,1058.66,-2025.01,485.435,3088.29,-408.039,1755.96,-843.537,223.64,-979.537,157.066,-382.401,-1592.82,146.539,630.355,1663.4,390.568,-1767.98,-422.267,-1066.21,3073.98,426.967,1910.6,-1257.09,-400.344,-1141.72,499.265,-2604.22,-1076.11,-4120.46,-2216.12,-5824.17,-626.233,4606.2,242.817,3643.23,1542.24,2193.71,656.864,865.569,271.498,-601.193,3442.11,1343.81,-669.027,-589.169,-124.323,-568.395,1995.34,2199.27,3168.19,1360.03,-1589.59,215.181,-2315.43,-552.459,2949.46,968.289,-1405.52
-250354,0,1,0,1,1,250408,-0.384764,0.00591807,1.98251,0.65987,0.194549,-1.62464,-1.32884,-0.638008,0.776036,1.76188,-0.149657,0.116447,-1.54277,-0.0636614,0.2482,-1.00728,-1.59481,-1.01706,-0.127135,0.559175,1.40119,-1.61276,1.8305,-0.0898098,-1.26576,-1.76124,1.23195,-0.269686,1.22789,-1.59845,-1.56077,0.458786,1.996,-0.185011,-1.75004,1.38731,-0.797919,-1.56933,0.936032,-1.67351,1.35279,0.444837,1.42627,-1.3104,-0.0724454,0.89088,-0.393547,0.886616,0.0264761,-0.478673,-1.03596,0.226382,0.0675763,-1.26799,0.156639,-0.0321617,0.998724,0.212245,-0.63784,-0.775643,-0.788799,1.94885,1.21166,0.828242,-0.92643,-0.62419,-1.08532,0.0134659,-0.922084,-1.04397,-1.82062,-0.720654,-1.94471,-0.376988,1.76676,-0.594025,1.17955,0.313105,1.16384,0.0323358,0.112372,0.276904,0.173359,1.84303,0.871915,-1.30925,-0.819472,-0.271119,0.144731,1.18899,1.07535,1.68402,1.67163,-0.91779,-0.253471,-1.68299,-0.374937,1.42931,0.855572,-1.19532,-1.44307,0.0153773,-0.268562,-0.179838,-0.237335,-0.46275,-1.54854,-1.30017,1.34543,1.73487,1.15344,0.502539,-0.232421,-1.601,0.703899,-0.76955,-0.571262,0.554832,-1.25578,1.15714,0.521083,-1.62033,0.422051,1.57806,0.399388,-0.0913121,-0.595941,1.16839,-1.56063,-0.609991,-2.33711,0.425753,-1.60084,-0.19029,-0.0918851,1.53438,-1.00175,-0.321083,-0.873446,0.259921,-2.08377,0.00330448,-1.01798,-0.105532,0.409972,-1.51791,-1.75967,1.24783,-0.335557,-1.62433,0.596578,-0.487556,-1.34715,1.45659,-1.67035,0.539065,0.132667,0.714175,-1.03128,-0.840952,1.16006,0.179142,0.269618,0.435599,0.196206,0.308827,1.02358,0.149501,-0.533886,-0.917777,0.206132,-0.015643,-1.05394,1.57809,-1.42005,-0.611079,-0.307847,-0.581267,-0.631376,1.37918,0.882458,1.03675,1.37701,0.177574,1.40401,-0.730494,-1.64905,-0.503681,-0.174076,0.855269,-0.337442,-0.987482,-1.85677,1.79226,-0.977014,-1.29243,1.90988,-0.992772,-0.0812117,0.96987,-547.184,-508.299,2761.5,815.011,520.894,-1882.04,-2005.36,-819.359,713.376,4167.89,684.524,-60.5022,-3825.74,-379.508,89.5438,-786.665,-2764.26,-1893.05,-1138.15,1330.48,3721.9,-4549.31,2287.66,267.703,-2638.59,-2872.07,3581.78,-691.08,1559.76,-2665.15,-3407.54,531.827,2745.55,-223.138,-3512.96,4957.76,-1430.38,-3610.6,1490.59,-2808.39,2647.86,134.514,1058.66,-2025.01,485.435,3088.29,-408.039,1755.96,-843.537,223.64,-979.537,157.066,-382.401,-1592.82,146.539,630.355,1663.4,390.568,-1767.98,-422.267,-1066.21,3073.98,426.967,1910.6,-1257.09,-400.344,-1141.72,499.265,-2604.22,-1076.11,-4120.46,-2216.12,-5824.17,-626.233,4606.2,242.817,3643.23,1542.24,2193.71,656.864,865.569,271.498,-601.193,3442.11,1343.81,-669.027,-589.169,-124.323,-568.395,1995.34,2199.27,3168.19,1360.03,-1589.59,215.181,-2315.43,-552.459,2949.46,968.289,-1405.52
-250354,0,1,0,1,1,250413,-0.384764,0.00591807,1.98251,0.65987,0.194549,-1.62464,-1.32884,-0.638008,0.776036,1.76188,-0.149657,0.116447,-1.54277,-0.0636614,0.2482,-1.00728,-1.59481,-1.01706,-0.127135,0.559175,1.40119,-1.61276,1.8305,-0.0898098,-1.26576,-1.76124,1.23195,-0.269686,1.22789,-1.59845,-1.56077,0.458786,1.996,-0.185011,-1.75004,1.38731,-0.797919,-1.56933,0.936032,-1.67351,1.35279,0.444837,1.42627,-1.3104,-0.0724454,0.89088,-0.393547,0.886616,0.0264761,-0.478673,-1.03596,0.226382,0.0675763,-1.26799,0.156639,-0.0321617,0.998724,0.212245,-0.63784,-0.775643,-0.788799,1.94885,1.21166,0.828242,-0.92643,-0.62419,-1.08532,0.0134659,-0.922084,-1.04397,-1.82062,-0.720654,-1.94471,-0.376988,1.76676,-0.594025,1.17955,0.313105,1.16384,0.0323358,0.112372,0.276904,0.173359,1.84303,0.871915,-1.30925,-0.819472,-0.271119,0.144731,1.18899,1.07535,1.68402,1.67163,-0.91779,-0.253471,-1.68299,-0.374937,1.42931,0.855572,-1.19532,-0.327062,0.00496443,-0.588862,0.491414,-0.287845,0.385286,2.89012,0.00770169,-1.02415,1.48685,0.826832,-0.593708,-0.226772,-0.518452,-0.229728,-1.06645,0.436273,-0.28229,-1.18658,-0.239076,-0.798674,0.152117,-0.200732,-1.89629,-1.08721,0.361861,0.891305,-0.0919213,-1.26674,0.454457,-0.880841,0.45384,-1.40833,-1.70005,-0.458143,-2.50777,-1.2742,0.0384636,2.90274,1.21773,0.947912,-1.49229,-0.353475,0.640342,-0.262032,0.96833,0.389315,-0.897224,1.83908,-1.25212,-1.05528,0.94853,1.55296,0.936987,-0.0706546,0.342097,0.589966,0.963813,-1.26915,0.758221,0.735119,1.35048,1.25793,-1.48712,-0.754534,1.83904,-0.246317,-0.336968,0.293083,-0.081876,0.819257,1.74964,0.555035,0.351824,-0.242562,-0.0109664,-1.23566,-0.0661768,-1.70944,-2.00373,-0.00807094,0.263082,-0.0536186,0.188759,0.965725,1.36535,-0.453657,-2.30734,1.00207,-0.831552,-0.0818688,0.653688,-0.25191,-1.69993,1.19333,-1.47578,0.00432311,-0.486981,2.8686,-0.891489,-547.184,-508.299,2761.5,815.011,520.894,-1882.04,-2005.36,-819.359,713.376,4167.89,684.524,-60.5022,-3825.74,-379.508,89.5438,-786.665,-2764.26,-1893.05,-1138.15,1330.48,3721.9,-4549.31,2287.66,267.703,-2638.59,-2872.07,3581.78,-691.08,1559.76,-2665.15,-3407.54,531.827,2745.55,-223.138,-3512.96,4957.76,-1430.38,-3610.6,1490.59,-2808.39,2647.86,134.514,1058.66,-2025.01,485.435,3088.29,-408.039,1755.96,-843.537,223.64,-979.537,157.066,-382.401,-1592.82,146.539,630.355,1663.4,390.568,-1767.98,-422.267,-1066.21,3073.98,426.967,1910.6,-1257.09,-400.344,-1141.72,499.265,-2604.22,-1076.11,-4120.46,-2216.12,-5824.17,-626.233,4606.2,242.817,3643.23,1542.24,2193.71,656.864,865.569,271.498,-601.193,3442.11,1343.81,-669.027,-589.169,-124.323,-568.395,1995.34,2199.27,3168.19,1360.03,-1589.59,215.181,-2315.43,-552.459,2949.46,968.289,-1405.52
-250354,0,1,0,1,1,250414,-0.384764,0.00591807,1.98251,0.65987,0.194549,-1.62464,-1.32884,-0.638008,0.776036,1.76188,-0.149657,0.116447,-1.54277,-0.0636614,0.2482,-1.00728,-1.59481,-1.01706,-0.127135,0.559175,1.40119,-1.61276,1.8305,-0.0898098,-1.26576,-1.76124,1.23195,-0.269686,1.22789,-1.59845,-1.56077,0.458786,1.996,-0.185011,-1.75004,1.38731,-0.797919,-1.56933,0.936032,-1.67351,1.35279,0.444837,1.42627,-1.3104,-0.0724454,0.89088,-0.393547,0.886616,0.0264761,-0.478673,-1.03596,0.226382,0.0675763,-1.26799,0.156639,-0.0321617,0.998724,0.212245,-0.63784,-0.775643,-0.788799,1.94885,1.21166,0.828242,-0.92643,-0.62419,-1.08532,0.0134659,-0.922084,-1.04397,-1.82062,-0.720654,-1.94471,-0.376988,1.76676,-0.594025,1.17955,0.313105,1.16384,0.0323358,0.112372,0.276904,0.173359,1.84303,0.871915,-1.30925,-0.819472,-0.271119,0.144731,1.18899,1.07535,1.68402,1.67163,-0.91779,-0.253471,-1.68299,-0.374937,1.42931,0.855572,-1.19532,0.560263,0.147242,-1.4027,0.0542516,-1.90969,-0.943526,-0.990932,2.00086,0.451417,-0.634005,-0.966175,-1.01658,0.405759,-0.683208,-0.709033,1.27401,-2.44871,1.00806,0.269743,0.346233,-2.27518,0.271146,0.798635,-1.42101,-1.18762,-0.465274,0.528758,1.54201,0.753755,1.20128,1.90801,-0.363762,0.531398,-0.394013,-0.638357,0.875095,-1.52672,0.351245,-1.57029,-0.613485,-0.580765,0.927046,1.21989,-0.11963,1.1211,-1.33972,0.150377,1.3554,1.75805,0.0332076,0.955605,-0.617833,0.607099,0.199993,0.25265,1.43813,0.671246,-0.348624,0.488429,-0.531369,-0.0477287,-0.271462,2.32146,1.49155,-0.422633,1.39267,0.20289,-0.180184,-0.983213,0.886799,-0.107711,-1.38383,0.72934,1.02971,-2.64707,-0.437907,0.875109,0.248508,0.0471756,0.609259,-0.977087,1.57876,-0.366004,-1.04008,1.15932,-0.597699,0.42805,0.954846,-2.04386,0.880035,2.0162,0.884364,1.02954,-2.01616,0.530866,-1.45197,-2.00818,0.210878,-0.535446,-1.75286,-547.184,-508.299,2761.5,815.011,520.894,-1882.04,-2005.36,-819.359,713.376,4167.89,684.524,-60.5022,-3825.74,-379.508,89.5438,-786.665,-2764.26,-1893.05,-1138.15,1330.48,3721.9,-4549.31,2287.66,267.703,-2638.59,-2872.07,3581.78,-691.08,1559.76,-2665.15,-3407.54,531.827,2745.55,-223.138,-3512.96,4957.76,-1430.38,-3610.6,1490.59,-2808.39,2647.86,134.514,1058.66,-2025.01,485.435,3088.29,-408.039,1755.96,-843.537,223.64,-979.537,157.066,-382.401,-1592.82,146.539,630.355,1663.4,390.568,-1767.98,-422.267,-1066.21,3073.98,426.967,1910.6,-1257.09,-400.344,-1141.72,499.265,-2604.22,-1076.11,-4120.46,-2216.12,-5824.17,-626.233,4606.2,242.817,3643.23,1542.24,2193.71,656.864,865.569,271.498,-601.193,3442.11,1343.81,-669.027,-589.169,-124.323,-568.395,1995.34,2199.27,3168.19,1360.03,-1589.59,215.181,-2315.43,-552.459,2949.46,968.289,-1405.52
-250354,0,1,0,1,1,250399,-0.384764,0.00591807,1.98251,0.65987,0.194549,-1.62464,-1.32884,-0.638008,0.776036,1.76188,-0.149657,0.116447,-1.54277,-0.0636614,0.2482,-1.00728,-1.59481,-1.01706,-0.127135,0.559175,1.40119,-1.61276,1.8305,-0.0898098,-1.26576,-1.76124,1.23195,-0.269686,1.22789,-1.59845,-1.56077,0.458786,1.996,-0.185011,-1.75004,1.38731,-0.797919,-1.56933,0.936032,-1.67351,1.35279,0.444837,1.42627,-1.3104,-0.0724454,0.89088,-0.393547,0.886616,0.0264761,-0.478673,-1.03596,0.226382,0.0675763,-1.26799,0.156639,-0.0321617,0.998724,0.212245,-0.63784,-0.775643,-0.788799,1.94885,1.21166,0.828242,-0.92643,-0.62419,-1.08532,0.0134659,-0.922084,-1.04397,-1.82062,-0.720654,-1.94471,-0.376988,1.76676,-0.594025,1.17955,0.313105,1.16384,0.0323358,0.112372,0.276904,0.173359,1.84303,0.871915,-1.30925,-0.819472,-0.271119,0.144731,1.18899,1.07535,1.68402,1.67163,-0.91779,-0.253471,-1.68299,-0.374937,1.42931,0.855572,-1.19532,0.0608983,-0.194481,0.755975,-0.65291,-1.21231,-0.280458,-0.477146,-0.661362,0.794567,1.52511,-0.461535,-0.0940514,1.04288,-1.31868,-0.185857,-0.395924,-0.729759,-0.939234,-1.68101,-0.537289,0.876033,1.59949,-1.91652,0.0316026,-0.811773,0.0688064,-0.128281,-0.617028,-1.50368,-0.200829,-0.983849,-0.140342,1.1425,0.705961,1.26583,-0.853431,0.0275024,-0.465569,-0.905103,0.720905,-0.272749,-1.72652,-0.317042,-2.2922,1.02434,0.461306,0.0850492,-0.747267,-1.27247,0.246665,-1.48923,-0.0556287,-0.908796,0.656852,0.220366,0.359655,0.52072,-0.74286,-1.53001,-0.143993,-1.60758,0.216338,1.78324,1.07932,1.40588,0.241723,0.353409,-0.0496867,-0.842956,0.24356,-2.11018,-0.161266,-0.336321,-0.260537,-0.149766,0.706352,-1.98032,-1.48018,-1.2589,-0.150461,-0.288972,1.38416,-0.312301,-1.2962,-1.83072,1.12564,-0.0898694,-0.0188602,0.279627,-1.24901,0.547585,-0.449083,0.87139,0.458251,0.46731,-0.0584863,1.7237,-1.69837,-0.290858,0.412698,-547.184,-508.299,2761.5,815.011,520.894,-1882.04,-2005.36,-819.359,713.376,4167.89,684.524,-60.5022,-3825.74,-379.508,89.5438,-786.665,-2764.26,-1893.05,-1138.15,1330.48,3721.9,-4549.31,2287.66,267.703,-2638.59,-2872.07,3581.78,-691.08,1559.76,-2665.15,-3407.54,531.827,2745.55,-223.138,-3512.96,4957.76,-1430.38,-3610.6,1490.59,-2808.39,2647.86,134.514,1058.66,-2025.01,485.435,3088.29,-408.039,1755.96,-843.537,223.64,-979.537,157.066,-382.401,-1592.82,146.539,630.355,1663.4,390.568,-1767.98,-422.267,-1066.21,3073.98,426.967,1910.6,-1257.09,-400.344,-1141.72,499.265,-2604.22,-1076.11,-4120.46,-2216.12,-5824.17,-626.233,4606.2,242.817,3643.23,1542.24,2193.71,656.864,865.569,271.498,-601.193,3442.11,1343.81,-669.027,-589.169,-124.323,-568.395,1995.34,2199.27,3168.19,1360.03,-1589.59,215.181,-2315.43,-552.459,2949.46,968.289,-1405.52
-250354,0,1,0,1,1,250402,-0.384764,0.00591807,1.98251,0.65987,0.194549,-1.62464,-1.32884,-0.638008,0.776036,1.76188,-0.149657,0.116447,-1.54277,-0.0636614,0.2482,-1.00728,-1.59481,-1.01706,-0.127135,0.559175,1.40119,-1.61276,1.8305,-0.0898098,-1.26576,-1.76124,1.23195,-0.269686,1.22789,-1.59845,-1.56077,0.458786,1.996,-0.185011,-1.75004,1.38731,-0.797919,-1.56933,0.936032,-1.67351,1.35279,0.444837,1.42627,-1.3104,-0.0724454,0.89088,-0.393547,0.886616,0.0264761,-0.478673,-1.03596,0.226382,0.0675763,-1.26799,0.156639,-0.0321617,0.998724,0.212245,-0.63784,-0.775643,-0.788799,1.94885,1.21166,0.828242,-0.92643,-0.62419,-1.08532,0.0134659,-0.922084,-1.04397,-1.82062,-0.720654,-1.94471,-0.376988,1.76676,-0.594025,1.17955,0.313105,1.16384,0.0323358,0.112372,0.276904,0.173359,1.84303,0.871915,-1.30925,-0.819472,-0.271119,0.144731,1.18899,1.07535,1.68402,1.67163,-0.91779,-0.253471,-1.68299,-0.374937,1.42931,0.855572,-1.19532,1.11835,0.0479347,1.44539,0.106683,1.15633,0.172762,-0.254136,0.474143,-0.163627,-0.727154,-0.84532,-0.00647935,-0.567922,2.2423,1.75641,-0.545686,-0.698452,0.86794,-0.418123,-0.836652,0.645246,0.940182,-1.12775,1.89344,0.332624,-0.367605,-0.972169,0.485475,0.154122,-0.102244,0.511713,0.434665,-1.33522,1.1174,0.716327,0.880748,-0.22723,0.769681,-0.00229876,-0.669756,0.415096,0.648888,-1.64001,-2.03654,1.19688,1.65918,1.21422,-0.507665,-0.956775,0.8325,-1.82119,1.05878,1.81582,0.387257,0.0155905,1.77069,1.01772,0.305273,-0.0516585,-0.206304,0.187863,-1.13255,-0.61902,-0.920383,1.55884,1.13594,0.567222,-0.912234,-0.525849,-0.356589,-0.96909,1.00222,1.1637,0.340678,-2.63913,0.468221,-1.00686,0.0816027,0.621197,-1.32302,-0.500783,-0.610806,0.183409,-0.98076,0.105071,-1.69385,1.10079,1.41135,0.276506,0.346375,0.974436,0.558287,0.819835,-1.44901,0.849608,1.40959,-1.01961,0.326414,0.0921399,-0.0886683,-547.184,-508.299,2761.5,815.011,520.894,-1882.04,-2005.36,-819.359,713.376,4167.89,684.524,-60.5022,-3825.74,-379.508,89.5438,-786.665,-2764.26,-1893.05,-1138.15,1330.48,3721.9,-4549.31,2287.66,267.703,-2638.59,-2872.07,3581.78,-691.08,1559.76,-2665.15,-3407.54,531.827,2745.55,-223.138,-3512.96,4957.76,-1430.38,-3610.6,1490.59,-2808.39,2647.86,134.514,1058.66,-2025.01,485.435,3088.29,-408.039,1755.96,-843.537,223.64,-979.537,157.066,-382.401,-1592.82,146.539,630.355,1663.4,390.568,-1767.98,-422.267,-1066.21,3073.98,426.967,1910.6,-1257.09,-400.344,-1141.72,499.265,-2604.22,-1076.11,-4120.46,-2216.12,-5824.17,-626.233,4606.2,242.817,3643.23,1542.24,2193.71,656.864,865.569,271.498,-601.193,3442.11,1343.81,-669.027,-589.169,-124.323,-568.395,1995.34,2199.27,3168.19,1360.03,-1589.59,215.181,-2315.43,-552.459,2949.46,968.289,-1405.52
-250354,0,1,0,1,1,250389,-0.384764,0.00591807,1.98251,0.65987,0.194549,-1.62464,-1.32884,-0.638008,0.776036,1.76188,-0.149657,0.116447,-1.54277,-0.0636614,0.2482,-1.00728,-1.59481,-1.01706,-0.127135,0.559175,1.40119,-1.61276,1.8305,-0.0898098,-1.26576,-1.76124,1.23195,-0.269686,1.22789,-1.59845,-1.56077,0.458786,1.996,-0.185011,-1.75004,1.38731,-0.797919,-1.56933,0.936032,-1.67351,1.35279,0.444837,1.42627,-1.3104,-0.0724454,0.89088,-0.393547,0.886616,0.0264761,-0.478673,-1.03596,0.226382,0.0675763,-1.26799,0.156639,-0.0321617,0.998724,0.212245,-0.63784,-0.775643,-0.788799,1.94885,1.21166,0.828242,-0.92643,-0.62419,-1.08532,0.0134659,-0.922084,-1.04397,-1.82062,-0.720654,-1.94471,-0.376988,1.76676,-0.594025,1.17955,0.313105,1.16384,0.0323358,0.112372,0.276904,0.173359,1.84303,0.871915,-1.30925,-0.819472,-0.271119,0.144731,1.18899,1.07535,1.68402,1.67163,-0.91779,-0.253471,-1.68299,-0.374937,1.42931,0.855572,-1.19532,0.583613,0.229751,0.591785,-0.322236,-0.578878,0.570825,-0.944664,-0.228548,-0.355592,-0.207098,0.212608,-0.629755,0.786212,1.60755,-0.342291,-0.438514,-0.274198,0.828543,0.603499,0.342261,0.0137301,-0.220533,0.00968501,0.242567,-0.365241,-0.317547,-0.474385,-0.720797,1.0116,-0.528102,-1.06234,-0.346601,-0.059795,-0.0575734,1.23287,0.73047,0.297335,0.234833,-1.42,-0.366406,0.923231,-0.12393,-0.184065,-1.8799,1.30795,-0.129511,1.37308,0.0626443,2.11041,1.12976,1.5296,2.36581,-0.344534,0.656826,-1.28566,-0.96007,-0.0137775,-0.249753,-0.178005,0.633838,0.0826956,0.137879,1.22341,-0.54174,-1.23713,-0.330949,1.32487,0.126213,-0.179284,-0.0155248,-0.658591,-1.15728,1.23058,0.377395,0.617794,1.29928,0.302922,1.0143,1.12766,1.05238,-0.404507,0.595834,1.48239,0.280653,-0.192252,0.290429,0.50422,-0.306391,-0.773964,-0.338991,0.367346,1.35425,-0.335523,-1.706,-1.17163,0.0197772,-1.2068,1.03003,-0.476012,0.769171,-547.184,-508.299,2761.5,815.011,520.894,-1882.04,-2005.36,-819.359,713.376,4167.89,684.524,-60.5022,-3825.74,-379.508,89.5438,-786.665,-2764.26,-1893.05,-1138.15,1330.48,3721.9,-4549.31,2287.66,267.703,-2638.59,-2872.07,3581.78,-691.08,1559.76,-2665.15,-3407.54,531.827,2745.55,-223.138,-3512.96,4957.76,-1430.38,-3610.6,1490.59,-2808.39,2647.86,134.514,1058.66,-2025.01,485.435,3088.29,-408.039,1755.96,-843.537,223.64,-979.537,157.066,-382.401,-1592.82,146.539,630.355,1663.4,390.568,-1767.98,-422.267,-1066.21,3073.98,426.967,1910.6,-1257.09,-400.344,-1141.72,499.265,-2604.22,-1076.11,-4120.46,-2216.12,-5824.17,-626.233,4606.2,242.817,3643.23,1542.24,2193.71,656.864,865.569,271.498,-601.193,3442.11,1343.81,-669.027,-589.169,-124.323,-568.395,1995.34,2199.27,3168.19,1360.03,-1589.59,215.181,-2315.43,-552.459,2949.46,968.289,-1405.52
-250354,0,1,0,1,1,250404,-0.384764,0.00591807,1.98251,0.65987,0.194549,-1.62464,-1.32884,-0.638008,0.776036,1.76188,-0.149657,0.116447,-1.54277,-0.0636614,0.2482,-1.00728,-1.59481,-1.01706,-0.127135,0.559175,1.40119,-1.61276,1.8305,-0.0898098,-1.26576,-1.76124,1.23195,-0.269686,1.22789,-1.59845,-1.56077,0.458786,1.996,-0.185011,-1.75004,1.38731,-0.797919,-1.56933,0.936032,-1.67351,1.35279,0.444837,1.42627,-1.3104,-0.0724454,0.89088,-0.393547,0.886616,0.0264761,-0.478673,-1.03596,0.226382,0.0675763,-1.26799,0.156639,-0.0321617,0.998724,0.212245,-0.63784,-0.775643,-0.788799,1.94885,1.21166,0.828242,-0.92643,-0.62419,-1.08532,0.0134659,-0.922084,-1.04397,-1.82062,-0.720654,-1.94471,-0.376988,1.76676,-0.594025,1.17955,0.313105,1.16384,0.0323358,0.112372,0.276904,0.173359,1.84303,0.871915,-1.30925,-0.819472,-0.271119,0.144731,1.18899,1.07535,1.68402,1.67163,-0.91779,-0.253471,-1.68299,-0.374937,1.42931,0.855572,-1.19532,-1.98213,-1.03689,0.533556,1.72166,-2.21769,0.9207,0.21945,1.14766,-0.170105,-1.60699,-1.10434,-0.514673,1.36766,-0.209973,-0.482009,0.525116,-0.564093,-0.086304,-1.22312,-1.53354,-1.22656,-1.1433,0.453472,0.614943,0.509074,1.24329,0.970064,-1.46534,0.915696,-0.0666055,-0.521078,0.676365,1.21029,-0.937679,0.3442,-0.416016,-0.33642,0.651827,-2.07563,-0.941759,-0.105326,-0.0341249,2.76887,0.452718,1.71157,0.973769,0.68814,-0.0968292,-0.216924,0.241562,0.433622,-0.0732081,-1.03772,-0.211809,0.0482507,-0.743543,2.00931,-0.638967,0.253607,-0.82767,1.51856,-1.06021,0.147112,0.501333,-1.41065,1.85108,-0.235291,0.745834,-0.0222795,1.90733,1.89193,-0.635962,-1.56705,-2.17721,0.618663,1.54449,1.02421,0.509493,0.909763,-0.604981,0.266227,0.185788,0.173644,0.887311,-0.444215,1.16198,-1.05475,-0.133788,-0.387729,-0.0734032,0.555341,1.00916,0.382034,0.0955205,-0.170194,0.111723,-0.145281,0.618069,0.771911,0.0523996,-547.184,-508.299,2761.5,815.011,520.894,-1882.04,-2005.36,-819.359,713.376,4167.89,684.524,-60.5022,-3825.74,-379.508,89.5438,-786.665,-2764.26,-1893.05,-1138.15,1330.48,3721.9,-4549.31,2287.66,267.703,-2638.59,-2872.07,3581.78,-691.08,1559.76,-2665.15,-3407.54,531.827,2745.55,-223.138,-3512.96,4957.76,-1430.38,-3610.6,1490.59,-2808.39,2647.86,134.514,1058.66,-2025.01,485.435,3088.29,-408.039,1755.96,-843.537,223.64,-979.537,157.066,-382.401,-1592.82,146.539,630.355,1663.4,390.568,-1767.98,-422.267,-1066.21,3073.98,426.967,1910.6,-1257.09,-400.344,-1141.72,499.265,-2604.22,-1076.11,-4120.46,-2216.12,-5824.17,-626.233,4606.2,242.817,3643.23,1542.24,2193.71,656.864,865.569,271.498,-601.193,3442.11,1343.81,-669.027,-589.169,-124.323,-568.395,1995.34,2199.27,3168.19,1360.03,-1589.59,215.181,-2315.43,-552.459,2949.46,968.289,-1405.52
-250354,0,1,0,1,1,250405,-0.384764,0.00591807,1.98251,0.65987,0.194549,-1.62464,-1.32884,-0.638008,0.776036,1.76188,-0.149657,0.116447,-1.54277,-0.0636614,0.2482,-1.00728,-1.59481,-1.01706,-0.127135,0.559175,1.40119,-1.61276,1.8305,-0.0898098,-1.26576,-1.76124,1.23195,-0.269686,1.22789,-1.59845,-1.56077,0.458786,1.996,-0.185011,-1.75004,1.38731,-0.797919,-1.56933,0.936032,-1.67351,1.35279,0.444837,1.42627,-1.3104,-0.0724454,0.89088,-0.393547,0.886616,0.0264761,-0.478673,-1.03596,0.226382,0.0675763,-1.26799,0.156639,-0.0321617,0.998724,0.212245,-0.63784,-0.775643,-0.788799,1.94885,1.21166,0.828242,-0.92643,-0.62419,-1.08532,0.0134659,-0.922084,-1.04397,-1.82062,-0.720654,-1.94471,-0.376988,1.76676,-0.594025,1.17955,0.313105,1.16384,0.0323358,0.112372,0.276904,0.173359,1.84303,0.871915,-1.30925,-0.819472,-0.271119,0.144731,1.18899,1.07535,1.68402,1.67163,-0.91779,-0.253471,-1.68299,-0.374937,1.42931,0.855572,-1.19532,0.20787,0.945683,0.0345838,1.18694,1.39243,0.831816,1.15103,-1.07218,1.03872,0.565338,0.416758,-0.346229,-0.461828,-1.25844,-0.810915,-0.766266,-0.124688,1.76957,-1.03371,0.830473,0.868663,0.841811,-1.06781,-1.74227,0.681177,-0.102986,0.26619,-0.722121,0.249382,0.718182,1.45939,1.09603,0.793198,0.00311732,0.414529,0.242975,-1.30294,-0.700141,-0.583566,-0.337183,0.719952,0.926451,-0.678623,-1.46551,0.195984,0.111427,0.857707,-0.222121,-0.344447,1.16496,-0.591418,-0.851541,0.516321,0.917281,1.19943,0.670185,-1.14914,-0.781633,-1.10581,0.690861,2.86447,-2.08111,-0.380123,0.0116244,-0.0858747,-0.597681,0.873525,1.38031,0.75363,-0.515081,1.52646,-0.140518,-0.60129,-1.29618,0.0180559,-1.3496,0.548064,0.849336,0.253335,-0.0842622,0.507182,0.545488,-2.47245,-1.16629,-1.5955,1.26643,-1.0554,-1.51151,-1.40183,-1.78434,1.1057,-1.19608,-0.0788633,0.139726,-0.921408,-1.17687,0.649038,2.09553,-0.521424,1.13161,-547.184,-508.299,2761.5,815.011,520.894,-1882.04,-2005.36,-819.359,713.376,4167.89,684.524,-60.5022,-3825.74,-379.508,89.5438,-786.665,-2764.26,-1893.05,-1138.15,1330.48,3721.9,-4549.31,2287.66,267.703,-2638.59,-2872.07,3581.78,-691.08,1559.76,-2665.15,-3407.54,531.827,2745.55,-223.138,-3512.96,4957.76,-1430.38,-3610.6,1490.59,-2808.39,2647.86,134.514,1058.66,-2025.01,485.435,3088.29,-408.039,1755.96,-843.537,223.64,-979.537,157.066,-382.401,-1592.82,146.539,630.355,1663.4,390.568,-1767.98,-422.267,-1066.21,3073.98,426.967,1910.6,-1257.09,-400.344,-1141.72,499.265,-2604.22,-1076.11,-4120.46,-2216.12,-5824.17,-626.233,4606.2,242.817,3643.23,1542.24,2193.71,656.864,865.569,271.498,-601.193,3442.11,1343.81,-669.027,-589.169,-124.323,-568.395,1995.34,2199.27,3168.19,1360.03,-1589.59,215.181,-2315.43,-552.459,2949.46,968.289,-1405.52
-250354,0,1,0,1,1,250412,-0.384764,0.00591807,1.98251,0.65987,0.194549,-1.62464,-1.32884,-0.638008,0.776036,1.76188,-0.149657,0.116447,-1.54277,-0.0636614,0.2482,-1.00728,-1.59481,-1.01706,-0.127135,0.559175,1.40119,-1.61276,1.8305,-0.0898098,-1.26576,-1.76124,1.23195,-0.269686,1.22789,-1.59845,-1.56077,0.458786,1.996,-0.185011,-1.75004,1.38731,-0.797919,-1.56933,0.936032,-1.67351,1.35279,0.444837,1.42627,-1.3104,-0.0724454,0.89088,-0.393547,0.886616,0.0264761,-0.478673,-1.03596,0.226382,0.0675763,-1.26799,0.156639,-0.0321617,0.998724,0.212245,-0.63784,-0.775643,-0.788799,1.94885,1.21166,0.828242,-0.92643,-0.62419,-1.08532,0.0134659,-0.922084,-1.04397,-1.82062,-0.720654,-1.94471,-0.376988,1.76676,-0.594025,1.17955,0.313105,1.16384,0.0323358,0.112372,0.276904,0.173359,1.84303,0.871915,-1.30925,-0.819472,-0.271119,0.144731,1.18899,1.07535,1.68402,1.67163,-0.91779,-0.253471,-1.68299,-0.374937,1.42931,0.855572,-1.19532,1.38753,0.573211,-0.539867,-0.468257,0.970341,-0.54004,0.851149,-0.40168,0.630268,-1.26185,-1.09038,-0.302863,-1.14846,1.31822,0.0278161,-1.03216,-1.3435,2.11021,1.89491,-0.285656,0.642361,-1.26716,-0.264569,-1.53596,-0.355526,1.33991,-0.707932,1.37066,0.508132,0.0561601,-1.60936,0.670856,-0.143486,-0.903376,0.746213,0.464979,0.241181,-0.216118,-1.1013,0.1852,1.09167,0.613065,-0.328499,2.12903,-1.88317,-1.63699,-1.08977,1.32521,-0.65299,0.553711,-0.783749,-2.56528,-0.312631,2.11798,0.179136,-1.26505,-0.25908,-0.253112,0.048996,-0.817351,-1.36345,-0.549507,-2.79212,0.26628,-0.80212,0.961772,0.141351,-0.0168978,-0.0849171,-1.067,-0.146752,-2.04779,-1.55751,-0.45756,-0.13947,-1.73065,-1.47854,-1.20654,-1.01279,-0.547408,0.171784,0.502165,-1.36458,-0.977831,-0.744124,-0.956481,0.667238,-0.199419,0.557642,-0.991151,-0.424488,-0.825765,0.667662,2.51029,1.60844,-1.25103,-0.759762,-1.3295,0.279024,0.509387,-547.184,-508.299,2761.5,815.011,520.894,-1882.04,-2005.36,-819.359,713.376,4167.89,684.524,-60.5022,-3825.74,-379.508,89.5438,-786.665,-2764.26,-1893.05,-1138.15,1330.48,3721.9,-4549.31,2287.66,267.703,-2638.59,-2872.07,3581.78,-691.08,1559.76,-2665.15,-3407.54,531.827,2745.55,-223.138,-3512.96,4957.76,-1430.38,-3610.6,1490.59,-2808.39,2647.86,134.514,1058.66,-2025.01,485.435,3088.29,-408.039,1755.96,-843.537,223.64,-979.537,157.066,-382.401,-1592.82,146.539,630.355,1663.4,390.568,-1767.98,-422.267,-1066.21,3073.98,426.967,1910.6,-1257.09,-400.344,-1141.72,499.265,-2604.22,-1076.11,-4120.46,-2216.12,-5824.17,-626.233,4606.2,242.817,3643.23,1542.24,2193.71,656.864,865.569,271.498,-601.193,3442.11,1343.81,-669.027,-589.169,-124.323,-568.395,1995.34,2199.27,3168.19,1360.03,-1589.59,215.181,-2315.43,-552.459,2949.46,968.289,-1405.52
-250354,0,1,0,1,1,250402,-0.384764,0.00591807,1.98251,0.65987,0.194549,-1.62464,-1.32884,-0.638008,0.776036,1.76188,-0.149657,0.116447,-1.54277,-0.0636614,0.2482,-1.00728,-1.59481,-1.01706,-0.127135,0.559175,1.40119,-1.61276,1.8305,-0.0898098,-1.26576,-1.76124,1.23195,-0.269686,1.22789,-1.59845,-1.56077,0.458786,1.996,-0.185011,-1.75004,1.38731,-0.797919,-1.56933,0.936032,-1.67351,1.35279,0.444837,1.42627,-1.3104,-0.0724454,0.89088,-0.393547,0.886616,0.0264761,-0.478673,-1.03596,0.226382,0.0675763,-1.26799,0.156639,-0.0321617,0.998724,0.212245,-0.63784,-0.775643,-0.788799,1.94885,1.21166,0.828242,-0.92643,-0.62419,-1.08532,0.0134659,-0.922084,-1.04397,-1.82062,-0.720654,-1.94471,-0.376988,1.76676,-0.594025,1.17955,0.313105,1.16384,0.0323358,0.112372,0.276904,0.173359,1.84303,0.871915,-1.30925,-0.819472,-0.271119,0.144731,1.18899,1.07535,1.68402,1.67163,-0.91779,-0.253471,-1.68299,-0.374937,1.42931,0.855572,-1.19532,0.685355,-1.27684,0.963352,-0.509908,-1.43279,1.96274,-0.584389,-1.2237,-0.606588,-0.60819,0.369098,0.330135,-0.154028,1.20635,-0.261504,1.13465,-0.302315,2.42303,-0.528678,-0.584755,1.0998,0.177949,-1.47633,0.754277,-1.14717,0.538595,-0.586138,-0.103437,-0.388459,-0.540665,-1.02995,-0.626228,0.42529,1.47127,1.94052,-0.401186,-1.20762,-0.98802,0.72065,1.08968,1.30619,-1.2597,-1.87969,-0.679708,-0.0868174,1.23308,-1.18124,0.802157,1.87015,0.129055,-0.525612,1.94406,-1.17177,0.235385,0.368888,0.142877,0.742042,0.128411,-0.0293513,0.612519,-0.847755,1.60868,0.577756,1.3932,0.610947,-0.794362,-0.49023,-2.25256,0.933549,-0.790089,1.43473,1.19185,0.756065,1.14416,-0.953798,-0.113877,0.39562,0.0268365,-0.962899,-0.753053,-0.241034,1.12298,0.891928,0.626,-0.357296,-0.82974,0.688078,-2.57132,0.898496,0.377427,0.155719,-0.113306,1.06506,0.401191,0.16163,0.374523,0.323156,0.831482,-0.335564,0.375892,-547.184,-508.299,2761.5,815.011,520.894,-1882.04,-2005.36,-819.359,713.376,4167.89,684.524,-60.5022,-3825.74,-379.508,89.5438,-786.665,-2764.26,-1893.05,-1138.15,1330.48,3721.9,-4549.31,2287.66,267.703,-2638.59,-2872.07,3581.78,-691.08,1559.76,-2665.15,-3407.54,531.827,2745.55,-223.138,-3512.96,4957.76,-1430.38,-3610.6,1490.59,-2808.39,2647.86,134.514,1058.66,-2025.01,485.435,3088.29,-408.039,1755.96,-843.537,223.64,-979.537,157.066,-382.401,-1592.82,146.539,630.355,1663.4,390.568,-1767.98,-422.267,-1066.21,3073.98,426.967,1910.6,-1257.09,-400.344,-1141.72,499.265,-2604.22,-1076.11,-4120.46,-2216.12,-5824.17,-626.233,4606.2,242.817,3643.23,1542.24,2193.71,656.864,865.569,271.498,-601.193,3442.11,1343.81,-669.027,-589.169,-124.323,-568.395,1995.34,2199.27,3168.19,1360.03,-1589.59,215.181,-2315.43,-552.459,2949.46,968.289,-1405.52
-250354,0,1,0,1,1,250410,-0.384764,0.00591807,1.98251,0.65987,0.194549,-1.62464,-1.32884,-0.638008,0.776036,1.76188,-0.149657,0.116447,-1.54277,-0.0636614,0.2482,-1.00728,-1.59481,-1.01706,-0.127135,0.559175,1.40119,-1.61276,1.8305,-0.0898098,-1.26576,-1.76124,1.23195,-0.269686,1.22789,-1.59845,-1.56077,0.458786,1.996,-0.185011,-1.75004,1.38731,-0.797919,-1.56933,0.936032,-1.67351,1.35279,0.444837,1.42627,-1.3104,-0.0724454,0.89088,-0.393547,0.886616,0.0264761,-0.478673,-1.03596,0.226382,0.0675763,-1.26799,0.156639,-0.0321617,0.998724,0.212245,-0.63784,-0.775643,-0.788799,1.94885,1.21166,0.828242,-0.92643,-0.62419,-1.08532,0.0134659,-0.922084,-1.04397,-1.82062,-0.720654,-1.94471,-0.376988,1.76676,-0.594025,1.17955,0.313105,1.16384,0.0323358,0.112372,0.276904,0.173359,1.84303,0.871915,-1.30925,-0.819472,-0.271119,0.144731,1.18899,1.07535,1.68402,1.67163,-0.91779,-0.253471,-1.68299,-0.374937,1.42931,0.855572,-1.19532,-0.673769,0.17856,0.157101,-1.94922,-1.06092,-0.0577765,1.11391,-1.55956,-0.0867327,-2.12266,-1.73468,-0.573691,-0.384851,0.0981475,0.710505,-1.16677,0.319932,0.708555,-0.129927,-0.788327,0.612001,-1.09504,1.11445,-1.06701,-1.28331,1.11822,0.41944,0.917489,-0.0663339,-0.485419,-0.625747,-0.227747,-0.239551,-1.0694,1.24099,0.867561,0.943939,0.726031,-0.3011,3.29787,-1.03551,0.135319,-0.637182,0.280628,-1.71442,-0.449248,-0.802129,1.4411,-0.0854277,0.719412,0.930684,-1.67994,-1.08829,-0.169736,-0.358732,0.715072,-1.36448,-0.511047,0.674981,1.35581,1.05145,-1.15802,-0.653243,0.482719,-0.364912,1.24977,0.924988,-1.5635,-1.20103,0.635666,0.505055,2.70188,1.00276,0.866758,0.400174,0.703642,-0.803826,0.791163,-0.017622,-0.217136,0.583995,0.869291,-1.25685,-0.386803,-0.481516,-0.408726,1.99907,-2.06729,0.0855721,-1.24804,0.317073,-0.355908,-0.0546386,1.63106,-0.590022,1.08562,0.374193,-3.24381,0.263757,0.189884,-547.184,-508.299,2761.5,815.011,520.894,-1882.04,-2005.36,-819.359,713.376,4167.89,684.524,-60.5022,-3825.74,-379.508,89.5438,-786.665,-2764.26,-1893.05,-1138.15,1330.48,3721.9,-4549.31,2287.66,267.703,-2638.59,-2872.07,3581.78,-691.08,1559.76,-2665.15,-3407.54,531.827,2745.55,-223.138,-3512.96,4957.76,-1430.38,-3610.6,1490.59,-2808.39,2647.86,134.514,1058.66,-2025.01,485.435,3088.29,-408.039,1755.96,-843.537,223.64,-979.537,157.066,-382.401,-1592.82,146.539,630.355,1663.4,390.568,-1767.98,-422.267,-1066.21,3073.98,426.967,1910.6,-1257.09,-400.344,-1141.72,499.265,-2604.22,-1076.11,-4120.46,-2216.12,-5824.17,-626.233,4606.2,242.817,3643.23,1542.24,2193.71,656.864,865.569,271.498,-601.193,3442.11,1343.81,-669.027,-589.169,-124.323,-568.395,1995.34,2199.27,3168.19,1360.03,-1589.59,215.181,-2315.43,-552.459,2949.46,968.289,-1405.52
-250354,0,1,0,1,1,250393,-0.384764,0.00591807,1.98251,0.65987,0.194549,-1.62464,-1.32884,-0.638008,0.776036,1.76188,-0.149657,0.116447,-1.54277,-0.0636614,0.2482,-1.00728,-1.59481,-1.01706,-0.127135,0.559175,1.40119,-1.61276,1.8305,-0.0898098,-1.26576,-1.76124,1.23195,-0.269686,1.22789,-1.59845,-1.56077,0.458786,1.996,-0.185011,-1.75004,1.38731,-0.797919,-1.56933,0.936032,-1.67351,1.35279,0.444837,1.42627,-1.3104,-0.0724454,0.89088,-0.393547,0.886616,0.0264761,-0.478673,-1.03596,0.226382,0.0675763,-1.26799,0.156639,-0.0321617,0.998724,0.212245,-0.63784,-0.775643,-0.788799,1.94885,1.21166,0.828242,-0.92643,-0.62419,-1.08532,0.0134659,-0.922084,-1.04397,-1.82062,-0.720654,-1.94471,-0.376988,1.76676,-0.594025,1.17955,0.313105,1.16384,0.0323358,0.112372,0.276904,0.173359,1.84303,0.871915,-1.30925,-0.819472,-0.271119,0.144731,1.18899,1.07535,1.68402,1.67163,-0.91779,-0.253471,-1.68299,-0.374937,1.42931,0.855572,-1.19532,-1.79374,0.937622,-0.570882,0.0961002,-0.704748,-1.18825,-0.480613,-0.663814,-0.640715,-0.331772,0.876312,-0.164224,-0.0468801,0.178244,-2.12725,-0.801879,1.96072,1.95371,0.0893268,0.658303,1.42891,0.98295,1.98469,-0.486161,0.828146,0.889163,-0.829982,-0.555199,-0.400114,-0.0926866,0.336058,-0.853965,-1.27995,0.718269,0.286262,-0.390417,-0.905583,0.643217,1.6313,1.41821,1.05193,0.38218,0.994119,1.74042,-1.30556,-0.301286,0.370494,0.681825,-0.20601,0.555975,-0.982943,1.01348,-0.808092,0.633117,0.271027,-0.536785,0.389799,0.948181,1.15778,0.785677,0.324466,-0.130618,0.165052,-0.0630941,0.313264,1.63362,-0.284264,0.81194,-1.04609,-1.17411,0.435347,1.3737,-0.616844,0.361215,0.386054,-0.671368,1.29303,0.879703,-0.38093,0.285819,-0.471229,-0.609412,-0.899358,0.10643,0.848833,-0.719083,-1.4882,-0.799483,-0.727287,0.528311,0.658106,0.0934201,0.326035,-0.506588,0.125835,-1.55225,-0.485817,-0.565314,-0.541866,0.416049,-547.184,-508.299,2761.5,815.011,520.894,-1882.04,-2005.36,-819.359,713.376,4167.89,684.524,-60.5022,-3825.74,-379.508,89.5438,-786.665,-2764.26,-1893.05,-1138.15,1330.48,3721.9,-4549.31,2287.66,267.703,-2638.59,-2872.07,3581.78,-691.08,1559.76,-2665.15,-3407.54,531.827,2745.55,-223.138,-3512.96,4957.76,-1430.38,-3610.6,1490.59,-2808.39,2647.86,134.514,1058.66,-2025.01,485.435,3088.29,-408.039,1755.96,-843.537,223.64,-979.537,157.066,-382.401,-1592.82,146.539,630.355,1663.4,390.568,-1767.98,-422.267,-1066.21,3073.98,426.967,1910.6,-1257.09,-400.344,-1141.72,499.265,-2604.22,-1076.11,-4120.46,-2216.12,-5824.17,-626.233,4606.2,242.817,3643.23,1542.24,2193.71,656.864,865.569,271.498,-601.193,3442.11,1343.81,-669.027,-589.169,-124.323,-568.395,1995.34,2199.27,3168.19,1360.03,-1589.59,215.181,-2315.43,-552.459,2949.46,968.289,-1405.52
-250354,0,1,0,1,1,250410,-0.384764,0.00591807,1.98251,0.65987,0.194549,-1.62464,-1.32884,-0.638008,0.776036,1.76188,-0.149657,0.116447,-1.54277,-0.0636614,0.2482,-1.00728,-1.59481,-1.01706,-0.127135,0.559175,1.40119,-1.61276,1.8305,-0.0898098,-1.26576,-1.76124,1.23195,-0.269686,1.22789,-1.59845,-1.56077,0.458786,1.996,-0.185011,-1.75004,1.38731,-0.797919,-1.56933,0.936032,-1.67351,1.35279,0.444837,1.42627,-1.3104,-0.0724454,0.89088,-0.393547,0.886616,0.0264761,-0.478673,-1.03596,0.226382,0.0675763,-1.26799,0.156639,-0.0321617,0.998724,0.212245,-0.63784,-0.775643,-0.788799,1.94885,1.21166,0.828242,-0.92643,-0.62419,-1.08532,0.0134659,-0.922084,-1.04397,-1.82062,-0.720654,-1.94471,-0.376988,1.76676,-0.594025,1.17955,0.313105,1.16384,0.0323358,0.112372,0.276904,0.173359,1.84303,0.871915,-1.30925,-0.819472,-0.271119,0.144731,1.18899,1.07535,1.68402,1.67163,-0.91779,-0.253471,-1.68299,-0.374937,1.42931,0.855572,-1.19532,-0.540821,-0.211756,0.510966,-0.111705,-0.425952,-0.449812,-0.971481,-0.939628,-0.356784,-1.18435,-0.981605,-0.985797,-0.530603,1.8056,-0.552793,-0.266086,0.849086,0.110477,-0.239961,0.299949,1.65245,-0.998777,-1.88447,-1.42771,-0.91372,-0.566006,-0.210951,-1.6436,0.596107,0.484712,-1.74077,-2.526,0.00194796,0.918762,-1.6095,0.0571243,-0.194984,-0.222156,-0.505453,0.14844,0.923199,1.48906,-0.276155,0.458486,0.192643,0.717951,0.222479,0.0457466,-1.2235,0.43292,-0.826172,2.83311,-0.874334,-1.02397,-0.331202,-1.47546,0.68758,1.79261,-1.089,0.810466,-0.386894,-0.402176,1.32701,0.387925,0.870598,0.104607,-0.145812,1.36042,-1.66762,-0.690461,0.181854,0.788352,0.842369,0.959827,-1.43305,1.43767,0.153478,-0.615025,2.78179,-1.29193,-1.15851,-2.13965,-1.6333,0.59401,0.603676,0.790593,-1.19443,0.0221314,2.43724,-1.01173,-0.515044,0.151221,1.5776,-1.01784,-0.842148,0.359923,0.339784,1.03265,-0.47694,-0.62085,-547.184,-508.299,2761.5,815.011,520.894,-1882.04,-2005.36,-819.359,713.376,4167.89,684.524,-60.5022,-3825.74,-379.508,89.5438,-786.665,-2764.26,-1893.05,-1138.15,1330.48,3721.9,-4549.31,2287.66,267.703,-2638.59,-2872.07,3581.78,-691.08,1559.76,-2665.15,-3407.54,531.827,2745.55,-223.138,-3512.96,4957.76,-1430.38,-3610.6,1490.59,-2808.39,2647.86,134.514,1058.66,-2025.01,485.435,3088.29,-408.039,1755.96,-843.537,223.64,-979.537,157.066,-382.401,-1592.82,146.539,630.355,1663.4,390.568,-1767.98,-422.267,-1066.21,3073.98,426.967,1910.6,-1257.09,-400.344,-1141.72,499.265,-2604.22,-1076.11,-4120.46,-2216.12,-5824.17,-626.233,4606.2,242.817,3643.23,1542.24,2193.71,656.864,865.569,271.498,-601.193,3442.11,1343.81,-669.027,-589.169,-124.323,-568.395,1995.34,2199.27,3168.19,1360.03,-1589.59,215.181,-2315.43,-552.459,2949.46,968.289,-1405.52
-250354,0,1,0,1,1,250403,-0.384764,0.00591807,1.98251,0.65987,0.194549,-1.62464,-1.32884,-0.638008,0.776036,1.76188,-0.149657,0.116447,-1.54277,-0.0636614,0.2482,-1.00728,-1.59481,-1.01706,-0.127135,0.559175,1.40119,-1.61276,1.8305,-0.0898098,-1.26576,-1.76124,1.23195,-0.269686,1.22789,-1.59845,-1.56077,0.458786,1.996,-0.185011,-1.75004,1.38731,-0.797919,-1.56933,0.936032,-1.67351,1.35279,0.444837,1.42627,-1.3104,-0.0724454,0.89088,-0.393547,0.886616,0.0264761,-0.478673,-1.03596,0.226382,0.0675763,-1.26799,0.156639,-0.0321617,0.998724,0.212245,-0.63784,-0.775643,-0.788799,1.94885,1.21166,0.828242,-0.92643,-0.62419,-1.08532,0.0134659,-0.922084,-1.04397,-1.82062,-0.720654,-1.94471,-0.376988,1.76676,-0.594025,1.17955,0.313105,1.16384,0.0323358,0.112372,0.276904,0.173359,1.84303,0.871915,-1.30925,-0.819472,-0.271119,0.144731,1.18899,1.07535,1.68402,1.67163,-0.91779,-0.253471,-1.68299,-0.374937,1.42931,0.855572,-1.19532,-0.173225,-0.550113,-0.28351,-0.892373,0.423519,1.00684,1.75299,-2.21312,1.42498,-0.791184,-0.0466149,-0.542292,0.43341,-1.3879,-0.134215,1.29519,-0.17979,0.648307,-1.29669,-0.155776,-0.613111,2.78305,-0.100476,1.66851,-0.939365,-1.37158,0.714329,-1.20559,-0.267145,-0.361987,0.737132,0.521892,-0.853588,0.564202,0.27367,1.51259,0.244687,0.031637,-0.466214,1.0173,0.988203,-0.232942,-1.06181,-0.935464,0.586201,-0.0621294,-0.29593,-1.58934,-1.57486,-0.832227,-0.1162,-0.710972,-1.32428,-0.0450458,1.28511,-1.53883,2.41099,-1.21456,-0.447936,-1.29147,0.527542,-1.2525,-1.71253,-1.1159,1.34393,0.291788,0.272659,-1.29209,0.461457,0.922531,0.512692,0.73254,0.357137,0.378515,-0.682644,0.470118,-0.484742,-0.272663,1.52399,-1.65982,-0.983433,-0.384465,-1.6736,0.662099,-1.0811,0.713063,-1.10853,-0.540289,1.53384,0.151215,0.939097,-0.978664,0.72405,0.269679,0.940583,0.884849,-0.960786,0.193567,0.490422,-0.300084,-547.184,-508.299,2761.5,815.011,520.894,-1882.04,-2005.36,-819.359,713.376,4167.89,684.524,-60.5022,-3825.74,-379.508,89.5438,-786.665,-2764.26,-1893.05,-1138.15,1330.48,3721.9,-4549.31,2287.66,267.703,-2638.59,-2872.07,3581.78,-691.08,1559.76,-2665.15,-3407.54,531.827,2745.55,-223.138,-3512.96,4957.76,-1430.38,-3610.6,1490.59,-2808.39,2647.86,134.514,1058.66,-2025.01,485.435,3088.29,-408.039,1755.96,-843.537,223.64,-979.537,157.066,-382.401,-1592.82,146.539,630.355,1663.4,390.568,-1767.98,-422.267,-1066.21,3073.98,426.967,1910.6,-1257.09,-400.344,-1141.72,499.265,-2604.22,-1076.11,-4120.46,-2216.12,-5824.17,-626.233,4606.2,242.817,3643.23,1542.24,2193.71,656.864,865.569,271.498,-601.193,3442.11,1343.81,-669.027,-589.169,-124.323,-568.395,1995.34,2199.27,3168.19,1360.03,-1589.59,215.181,-2315.43,-552.459,2949.46,968.289,-1405.52
-250354,0,1,0,1,1,250403,-0.384764,0.00591807,1.98251,0.65987,0.194549,-1.62464,-1.32884,-0.638008,0.776036,1.76188,-0.149657,0.116447,-1.54277,-0.0636614,0.2482,-1.00728,-1.59481,-1.01706,-0.127135,0.559175,1.40119,-1.61276,1.8305,-0.0898098,-1.26576,-1.76124,1.23195,-0.269686,1.22789,-1.59845,-1.56077,0.458786,1.996,-0.185011,-1.75004,1.38731,-0.797919,-1.56933,0.936032,-1.67351,1.35279,0.444837,1.42627,-1.3104,-0.0724454,0.89088,-0.393547,0.886616,0.0264761,-0.478673,-1.03596,0.226382,0.0675763,-1.26799,0.156639,-0.0321617,0.998724,0.212245,-0.63784,-0.775643,-0.788799,1.94885,1.21166,0.828242,-0.92643,-0.62419,-1.08532,0.0134659,-0.922084,-1.04397,-1.82062,-0.720654,-1.94471,-0.376988,1.76676,-0.594025,1.17955,0.313105,1.16384,0.0323358,0.112372,0.276904,0.173359,1.84303,0.871915,-1.30925,-0.819472,-0.271119,0.144731,1.18899,1.07535,1.68402,1.67163,-0.91779,-0.253471,-1.68299,-0.374937,1.42931,0.855572,-1.19532,-0.168232,1.16049,-0.602175,0.378142,-0.877356,-0.217516,-0.0830476,-1.26052,-0.427003,-0.913037,1.47249,-0.116605,1.57532,-0.29225,0.205007,0.449763,0.591126,-0.346166,0.706215,0.538254,-0.168712,1.57415,0.615012,0.670038,-0.263632,-2.13412,1.73813,0.429287,-0.0635209,0.155257,-1.33923,-1.35856,-1.12606,-1.40718,0.18731,-0.723173,0.573481,-0.210813,-2.72062,-0.89037,-0.180057,-0.940577,-0.404966,-1.59664,-1.06806,-0.215474,-1.05983,-2.33962,0.215258,0.316908,-0.803425,-0.797104,0.379391,-1.2098,-2.6961,-1.48619,-0.0358471,0.00143241,0.813179,-0.286484,-0.817353,-1.16158,-1.11709,0.849296,-1.41211,-0.0962837,-1.11207,-0.342653,-0.9783,-1.47627,0.590785,-1.38052,0.840381,1.27906,0.915472,-1.25062,-0.787363,-0.497056,-0.169037,0.415131,0.000572509,0.429582,0.0851607,0.848522,1.23385,1.04374,0.535194,-1.00392,0.209859,0.05203,-2.017,0.0285238,1.25252,0.489743,0.743183,0.68829,-0.0091572,1.29224,-0.00523561,1.72268,-547.184,-508.299,2761.5,815.011,520.894,-1882.04,-2005.36,-819.359,713.376,4167.89,684.524,-60.5022,-3825.74,-379.508,89.5438,-786.665,-2764.26,-1893.05,-1138.15,1330.48,3721.9,-4549.31,2287.66,267.703,-2638.59,-2872.07,3581.78,-691.08,1559.76,-2665.15,-3407.54,531.827,2745.55,-223.138,-3512.96,4957.76,-1430.38,-3610.6,1490.59,-2808.39,2647.86,134.514,1058.66,-2025.01,485.435,3088.29,-408.039,1755.96,-843.537,223.64,-979.537,157.066,-382.401,-1592.82,146.539,630.355,1663.4,390.568,-1767.98,-422.267,-1066.21,3073.98,426.967,1910.6,-1257.09,-400.344,-1141.72,499.265,-2604.22,-1076.11,-4120.46,-2216.12,-5824.17,-626.233,4606.2,242.817,3643.23,1542.24,2193.71,656.864,865.569,271.498,-601.193,3442.11,1343.81,-669.027,-589.169,-124.323,-568.395,1995.34,2199.27,3168.19,1360.03,-1589.59,215.181,-2315.43,-552.459,2949.46,968.289,-1405.52
-250354,0,1,0,1,1,250409,-0.384764,0.00591807,1.98251,0.65987,0.194549,-1.62464,-1.32884,-0.638008,0.776036,1.76188,-0.149657,0.116447,-1.54277,-0.0636614,0.2482,-1.00728,-1.59481,-1.01706,-0.127135,0.559175,1.40119,-1.61276,1.8305,-0.0898098,-1.26576,-1.76124,1.23195,-0.269686,1.22789,-1.59845,-1.56077,0.458786,1.996,-0.185011,-1.75004,1.38731,-0.797919,-1.56933,0.936032,-1.67351,1.35279,0.444837,1.42627,-1.3104,-0.0724454,0.89088,-0.393547,0.886616,0.0264761,-0.478673,-1.03596,0.226382,0.0675763,-1.26799,0.156639,-0.0321617,0.998724,0.212245,-0.63784,-0.775643,-0.788799,1.94885,1.21166,0.828242,-0.92643,-0.62419,-1.08532,0.0134659,-0.922084,-1.04397,-1.82062,-0.720654,-1.94471,-0.376988,1.76676,-0.594025,1.17955,0.313105,1.16384,0.0323358,0.112372,0.276904,0.173359,1.84303,0.871915,-1.30925,-0.819472,-0.271119,0.144731,1.18899,1.07535,1.68402,1.67163,-0.91779,-0.253471,-1.68299,-0.374937,1.42931,0.855572,-1.19532,-1.33354,-0.730952,1.281,0.0148362,0.201567,-0.72875,0.231012,0.342383,-0.979887,-0.480062,3.62274,0.609689,0.473843,1.27227,1.35902,-2.0484,0.105846,-0.80207,1.32129,1.53454,0.423135,-0.836731,0.306787,-2.35346,0.413626,0.708663,1.00449,-0.63985,0.296217,-0.761359,-0.53911,-1.06002,-0.44658,0.225713,0.253129,-1.94293,-1.52325,-2.40541,0.892588,-0.815445,0.650559,0.513317,0.402645,-0.406327,0.237718,0.408398,-2.05678,-1.91301,0.540581,-0.172747,0.967081,0.929858,0.969205,-0.501633,-0.0671889,-1.15601,1.20212,0.387193,0.397197,-0.230465,0.0881483,-0.374462,0.215651,-1.79803,0.416605,1.68652,-1.045,-1.24808,0.466834,-0.431513,-2.12512,1.54327,-1.09539,-0.0798334,-0.297018,0.802543,0.664547,-0.969267,-0.102284,-1.60817,0.14758,0.894554,-0.578482,1.49234,0.301596,0.205522,-0.505181,-0.46635,-1.44141,0.000888481,0.29755,0.198203,-0.259916,-1.61618,-0.181666,-0.0557276,1.95938,0.729094,1.17938,0.0458821,-547.184,-508.299,2761.5,815.011,520.894,-1882.04,-2005.36,-819.359,713.376,4167.89,684.524,-60.5022,-3825.74,-379.508,89.5438,-786.665,-2764.26,-1893.05,-1138.15,1330.48,3721.9,-4549.31,2287.66,267.703,-2638.59,-2872.07,3581.78,-691.08,1559.76,-2665.15,-3407.54,531.827,2745.55,-223.138,-3512.96,4957.76,-1430.38,-3610.6,1490.59,-2808.39,2647.86,134.514,1058.66,-2025.01,485.435,3088.29,-408.039,1755.96,-843.537,223.64,-979.537,157.066,-382.401,-1592.82,146.539,630.355,1663.4,390.568,-1767.98,-422.267,-1066.21,3073.98,426.967,1910.6,-1257.09,-400.344,-1141.72,499.265,-2604.22,-1076.11,-4120.46,-2216.12,-5824.17,-626.233,4606.2,242.817,3643.23,1542.24,2193.71,656.864,865.569,271.498,-601.193,3442.11,1343.81,-669.027,-589.169,-124.323,-568.395,1995.34,2199.27,3168.19,1360.03,-1589.59,215.181,-2315.43,-552.459,2949.46,968.289,-1405.52
-250354,0,1,0,1,1,250401,-0.384764,0.00591807,1.98251,0.65987,0.194549,-1.62464,-1.32884,-0.638008,0.776036,1.76188,-0.149657,0.116447,-1.54277,-0.0636614,0.2482,-1.00728,-1.59481,-1.01706,-0.127135,0.559175,1.40119,-1.61276,1.8305,-0.0898098,-1.26576,-1.76124,1.23195,-0.269686,1.22789,-1.59845,-1.56077,0.458786,1.996,-0.185011,-1.75004,1.38731,-0.797919,-1.56933,0.936032,-1.67351,1.35279,0.444837,1.42627,-1.3104,-0.0724454,0.89088,-0.393547,0.886616,0.0264761,-0.478673,-1.03596,0.226382,0.0675763,-1.26799,0.156639,-0.0321617,0.998724,0.212245,-0.63784,-0.775643,-0.788799,1.94885,1.21166,0.828242,-0.92643,-0.62419,-1.08532,0.0134659,-0.922084,-1.04397,-1.82062,-0.720654,-1.94471,-0.376988,1.76676,-0.594025,1.17955,0.313105,1.16384,0.0323358,0.112372,0.276904,0.173359,1.84303,0.871915,-1.30925,-0.819472,-0.271119,0.144731,1.18899,1.07535,1.68402,1.67163,-0.91779,-0.253471,-1.68299,-0.374937,1.42931,0.855572,-1.19532,-0.332006,1.51923,0.257296,1.43866,0.210297,-1.88569,1.69852,2.09235,0.623276,-0.558642,1.56052,0.284491,-0.729537,-0.386704,-1.21166,-0.418011,1.48124,-2.04233,0.123417,-1.04495,-2.63915,0.989529,0.642923,0.493743,-0.0467598,-1.02189,1.01159,0.848519,-0.41296,0.523094,0.382431,-0.692092,0.463476,1.45383,-0.263539,-0.486375,0.414478,-0.267713,-0.381477,-0.3704,0.678004,-0.9383,1.9151,2.96278,-0.794878,0.736248,-0.242696,-0.337342,0.479841,-0.216457,-0.812159,0.394158,0.878469,0.175625,-0.191838,-1.66658,0.235634,1.62459,-0.0760711,0.428829,0.0657835,-0.213515,-0.169585,-0.295917,0.403597,0.925985,-0.273069,-0.279058,-1.32963,-0.111435,0.314821,0.0276646,-0.307211,0.202116,-0.167087,0.272813,-1.88589,0.708791,-1.06508,-0.938991,1.88826,-0.397335,0.0372466,-0.951443,0.269516,-0.642396,-0.424881,0.692957,1.04943,-0.769588,-2.29055,0.00399026,-0.688248,1.11361,-0.232174,0.116524,-0.829089,0.610797,0.911914,0.485493,-547.184,-508.299,2761.5,815.011,520.894,-1882.04,-2005.36,-819.359,713.376,4167.89,684.524,-60.5022,-3825.74,-379.508,89.5438,-786.665,-2764.26,-1893.05,-1138.15,1330.48,3721.9,-4549.31,2287.66,267.703,-2638.59,-2872.07,3581.78,-691.08,1559.76,-2665.15,-3407.54,531.827,2745.55,-223.138,-3512.96,4957.76,-1430.38,-3610.6,1490.59,-2808.39,2647.86,134.514,1058.66,-2025.01,485.435,3088.29,-408.039,1755.96,-843.537,223.64,-979.537,157.066,-382.401,-1592.82,146.539,630.355,1663.4,390.568,-1767.98,-422.267,-1066.21,3073.98,426.967,1910.6,-1257.09,-400.344,-1141.72,499.265,-2604.22,-1076.11,-4120.46,-2216.12,-5824.17,-626.233,4606.2,242.817,3643.23,1542.24,2193.71,656.864,865.569,271.498,-601.193,3442.11,1343.81,-669.027,-589.169,-124.323,-568.395,1995.34,2199.27,3168.19,1360.03,-1589.59,215.181,-2315.43,-552.459,2949.46,968.289,-1405.52
-250354,0,1,0,1,1,250415,-0.384764,0.00591807,1.98251,0.65987,0.194549,-1.62464,-1.32884,-0.638008,0.776036,1.76188,-0.149657,0.116447,-1.54277,-0.0636614,0.2482,-1.00728,-1.59481,-1.01706,-0.127135,0.559175,1.40119,-1.61276,1.8305,-0.0898098,-1.26576,-1.76124,1.23195,-0.269686,1.22789,-1.59845,-1.56077,0.458786,1.996,-0.185011,-1.75004,1.38731,-0.797919,-1.56933,0.936032,-1.67351,1.35279,0.444837,1.42627,-1.3104,-0.0724454,0.89088,-0.393547,0.886616,0.0264761,-0.478673,-1.03596,0.226382,0.0675763,-1.26799,0.156639,-0.0321617,0.998724,0.212245,-0.63784,-0.775643,-0.788799,1.94885,1.21166,0.828242,-0.92643,-0.62419,-1.08532,0.0134659,-0.922084,-1.04397,-1.82062,-0.720654,-1.94471,-0.376988,1.76676,-0.594025,1.17955,0.313105,1.16384,0.0323358,0.112372,0.276904,0.173359,1.84303,0.871915,-1.30925,-0.819472,-0.271119,0.144731,1.18899,1.07535,1.68402,1.67163,-0.91779,-0.253471,-1.68299,-0.374937,1.42931,0.855572,-1.19532,-2.25106,-0.244732,0.176594,-1.26265,-0.555615,0.710245,0.36714,0.686926,-0.29388,-0.362805,-0.910542,-0.862284,-0.0548174,2.70878,0.785891,0.667927,-0.623633,-1.29669,0.786799,0.606221,-1.56432,-0.518055,-1.3576,0.564731,-0.286496,0.701401,0.513273,1.19232,0.115865,0.617954,-0.0944515,3.57154,-0.605478,-1.12868,0.27345,0.0808271,-1.0918,-1.16809,0.117859,-0.616165,-1.69248,0.858728,0.453133,0.457131,-2.42908,0.987974,0.895147,0.204213,0.484643,-1.48026,-0.850611,-0.933842,0.968429,0.84211,-1.2902,0.863025,-0.956105,-0.871452,-0.395241,0.679852,-0.0342222,-0.116949,-0.835995,-0.365928,0.269785,0.0073998,1.6277,-1.41411,-0.458587,-1.12931,0.653559,1.77587,-1.54636,-2.73285,2.3592,0.102149,0.637865,-1.00694,0.578521,0.627249,-0.0238091,-0.193572,-0.11344,-0.890224,2.03124,1.16874,-1.65415,0.399554,-0.528517,-0.102724,1.65438,-0.184911,1.10174,-0.56512,-1.35108,0.217373,-0.525289,-1.4426,2.53771,0.758911,-547.184,-508.299,2761.5,815.011,520.894,-1882.04,-2005.36,-819.359,713.376,4167.89,684.524,-60.5022,-3825.74,-379.508,89.5438,-786.665,-2764.26,-1893.05,-1138.15,1330.48,3721.9,-4549.31,2287.66,267.703,-2638.59,-2872.07,3581.78,-691.08,1559.76,-2665.15,-3407.54,531.827,2745.55,-223.138,-3512.96,4957.76,-1430.38,-3610.6,1490.59,-2808.39,2647.86,134.514,1058.66,-2025.01,485.435,3088.29,-408.039,1755.96,-843.537,223.64,-979.537,157.066,-382.401,-1592.82,146.539,630.355,1663.4,390.568,-1767.98,-422.267,-1066.21,3073.98,426.967,1910.6,-1257.09,-400.344,-1141.72,499.265,-2604.22,-1076.11,-4120.46,-2216.12,-5824.17,-626.233,4606.2,242.817,3643.23,1542.24,2193.71,656.864,865.569,271.498,-601.193,3442.11,1343.81,-669.027,-589.169,-124.323,-568.395,1995.34,2199.27,3168.19,1360.03,-1589.59,215.181,-2315.43,-552.459,2949.46,968.289,-1405.52
-250354,0,1,0,1,1,250407,-0.384764,0.00591807,1.98251,0.65987,0.194549,-1.62464,-1.32884,-0.638008,0.776036,1.76188,-0.149657,0.116447,-1.54277,-0.0636614,0.2482,-1.00728,-1.59481,-1.01706,-0.127135,0.559175,1.40119,-1.61276,1.8305,-0.0898098,-1.26576,-1.76124,1.23195,-0.269686,1.22789,-1.59845,-1.56077,0.458786,1.996,-0.185011,-1.75004,1.38731,-0.797919,-1.56933,0.936032,-1.67351,1.35279,0.444837,1.42627,-1.3104,-0.0724454,0.89088,-0.393547,0.886616,0.0264761,-0.478673,-1.03596,0.226382,0.0675763,-1.26799,0.156639,-0.0321617,0.998724,0.212245,-0.63784,-0.775643,-0.788799,1.94885,1.21166,0.828242,-0.92643,-0.62419,-1.08532,0.0134659,-0.922084,-1.04397,-1.82062,-0.720654,-1.94471,-0.376988,1.76676,-0.594025,1.17955,0.313105,1.16384,0.0323358,0.112372,0.276904,0.173359,1.84303,0.871915,-1.30925,-0.819472,-0.271119,0.144731,1.18899,1.07535,1.68402,1.67163,-0.91779,-0.253471,-1.68299,-0.374937,1.42931,0.855572,-1.19532,1.56601,0.093007,-0.722837,-0.696372,-1.28316,-0.0482445,-0.573867,-0.702194,-1.4298,0.351325,-1.92247,0.560517,-0.276764,0.117508,2.51485,2.21222,0.573112,0.345527,-0.81348,0.414417,-0.644618,0.8292,0.534323,-1.27278,1.52202,0.825923,2.5224,0.766855,0.552336,0.125137,-0.638781,-0.110844,-0.195515,-1.98317,0.747694,0.667299,0.457157,1.35658,0.13125,1.44137,0.409316,-1.76752,0.324688,-0.559634,0.0507507,0.253231,2.44525,-0.639948,-0.179468,0.257141,1.45498,1.27222,1.36155,-1.40888,-0.779993,-0.572691,-0.409763,0.230307,-0.729892,0.945134,-1.32149,0.0350177,-1.02318,0.182251,-0.477557,-1.15289,-1.105,1.96109,-0.169674,-2.03092,1.13736,0.522348,1.97406,-0.434817,-0.346967,-1.20484,-0.760365,-0.627649,-0.452621,0.0986861,0.707919,2.80181,-1.03714,0.291273,-0.348312,-0.525167,-0.00771295,0.319604,-0.379074,-0.384794,0.116494,-0.22681,-0.734212,-0.667136,-1.31695,0.148196,-1.52321,0.35824,0.754553,-0.0441257,-547.184,-508.299,2761.5,815.011,520.894,-1882.04,-2005.36,-819.359,713.376,4167.89,684.524,-60.5022,-3825.74,-379.508,89.5438,-786.665,-2764.26,-1893.05,-1138.15,1330.48,3721.9,-4549.31,2287.66,267.703,-2638.59,-2872.07,3581.78,-691.08,1559.76,-2665.15,-3407.54,531.827,2745.55,-223.138,-3512.96,4957.76,-1430.38,-3610.6,1490.59,-2808.39,2647.86,134.514,1058.66,-2025.01,485.435,3088.29,-408.039,1755.96,-843.537,223.64,-979.537,157.066,-382.401,-1592.82,146.539,630.355,1663.4,390.568,-1767.98,-422.267,-1066.21,3073.98,426.967,1910.6,-1257.09,-400.344,-1141.72,499.265,-2604.22,-1076.11,-4120.46,-2216.12,-5824.17,-626.233,4606.2,242.817,3643.23,1542.24,2193.71,656.864,865.569,271.498,-601.193,3442.11,1343.81,-669.027,-589.169,-124.323,-568.395,1995.34,2199.27,3168.19,1360.03,-1589.59,215.181,-2315.43,-552.459,2949.46,968.289,-1405.52
-250354,0,1,0,1,1,250406,-0.384764,0.00591807,1.98251,0.65987,0.194549,-1.62464,-1.32884,-0.638008,0.776036,1.76188,-0.149657,0.116447,-1.54277,-0.0636614,0.2482,-1.00728,-1.59481,-1.01706,-0.127135,0.559175,1.40119,-1.61276,1.8305,-0.0898098,-1.26576,-1.76124,1.23195,-0.269686,1.22789,-1.59845,-1.56077,0.458786,1.996,-0.185011,-1.75004,1.38731,-0.797919,-1.56933,0.936032,-1.67351,1.35279,0.444837,1.42627,-1.3104,-0.0724454,0.89088,-0.393547,0.886616,0.0264761,-0.478673,-1.03596,0.226382,0.0675763,-1.26799,0.156639,-0.0321617,0.998724,0.212245,-0.63784,-0.775643,-0.788799,1.94885,1.21166,0.828242,-0.92643,-0.62419,-1.08532,0.0134659,-0.922084,-1.04397,-1.82062,-0.720654,-1.94471,-0.376988,1.76676,-0.594025,1.17955,0.313105,1.16384,0.0323358,0.112372,0.276904,0.173359,1.84303,0.871915,-1.30925,-0.819472,-0.271119,0.144731,1.18899,1.07535,1.68402,1.67163,-0.91779,-0.253471,-1.68299,-0.374937,1.42931,0.855572,-1.19532,0.294247,0.661804,0.859783,0.811885,-1.80942,-0.924667,0.156903,-0.728852,0.0497374,-0.1663,-1.0049,0.442471,1.0123,-0.113939,0.363075,-0.250662,0.420717,-0.835235,-1.25285,1.06849,-1.34813,1.61899,0.36581,2.84373,0.166419,-0.330025,-0.53512,0.632251,1.42531,-1.34326,0.539107,0.335939,-0.180836,-1.30026,-0.858011,-0.0459007,-0.953024,0.44056,-0.259468,1.01161,0.284453,1.53764,-1.04783,-0.473603,-0.402263,1.03889,-0.170016,-1.34324,2.06307,-0.520762,0.346852,1.62622,1.47499,1.84563,-1.63268,0.0535614,0.714138,-0.691508,-0.477751,-1.10514,0.913781,0.274645,-0.600667,1.22616,-0.308826,-1.37682,-0.00429234,0.87672,0.925226,-0.779878,-0.658289,-0.766444,-1.21672,-1.02727,-2.07521,2.68887,-0.52702,-0.788525,0.706846,2.09344,-0.400645,-0.369256,-1.50927,1.05223,0.0705229,-0.264789,0.71332,0.181913,1.93869,-0.0394385,1.09686,-0.28898,-0.807419,-0.0259485,-1.01758,0.975751,0.0417577,-0.23491,1.86185,0.264321,-547.184,-508.299,2761.5,815.011,520.894,-1882.04,-2005.36,-819.359,713.376,4167.89,684.524,-60.5022,-3825.74,-379.508,89.5438,-786.665,-2764.26,-1893.05,-1138.15,1330.48,3721.9,-4549.31,2287.66,267.703,-2638.59,-2872.07,3581.78,-691.08,1559.76,-2665.15,-3407.54,531.827,2745.55,-223.138,-3512.96,4957.76,-1430.38,-3610.6,1490.59,-2808.39,2647.86,134.514,1058.66,-2025.01,485.435,3088.29,-408.039,1755.96,-843.537,223.64,-979.537,157.066,-382.401,-1592.82,146.539,630.355,1663.4,390.568,-1767.98,-422.267,-1066.21,3073.98,426.967,1910.6,-1257.09,-400.344,-1141.72,499.265,-2604.22,-1076.11,-4120.46,-2216.12,-5824.17,-626.233,4606.2,242.817,3643.23,1542.24,2193.71,656.864,865.569,271.498,-601.193,3442.11,1343.81,-669.027,-589.169,-124.323,-568.395,1995.34,2199.27,3168.19,1360.03,-1589.59,215.181,-2315.43,-552.459,2949.46,968.289,-1405.52
-250354,0,1,0,1,1,250407,-0.384764,0.00591807,1.98251,0.65987,0.194549,-1.62464,-1.32884,-0.638008,0.776036,1.76188,-0.149657,0.116447,-1.54277,-0.0636614,0.2482,-1.00728,-1.59481,-1.01706,-0.127135,0.559175,1.40119,-1.61276,1.8305,-0.0898098,-1.26576,-1.76124,1.23195,-0.269686,1.22789,-1.59845,-1.56077,0.458786,1.996,-0.185011,-1.75004,1.38731,-0.797919,-1.56933,0.936032,-1.67351,1.35279,0.444837,1.42627,-1.3104,-0.0724454,0.89088,-0.393547,0.886616,0.0264761,-0.478673,-1.03596,0.226382,0.0675763,-1.26799,0.156639,-0.0321617,0.998724,0.212245,-0.63784,-0.775643,-0.788799,1.94885,1.21166,0.828242,-0.92643,-0.62419,-1.08532,0.0134659,-0.922084,-1.04397,-1.82062,-0.720654,-1.94471,-0.376988,1.76676,-0.594025,1.17955,0.313105,1.16384,0.0323358,0.112372,0.276904,0.173359,1.84303,0.871915,-1.30925,-0.819472,-0.271119,0.144731,1.18899,1.07535,1.68402,1.67163,-0.91779,-0.253471,-1.68299,-0.374937,1.42931,0.855572,-1.19532,1.58968,1.20408,-2.33228,1.30487,-1.99701,2.84298,-0.409378,0.17885,-0.178076,1.2102,-0.0411624,0.682364,0.928132,0.39577,0.712204,0.139143,1.33017,-0.236692,-0.573162,-1.48198,-0.552693,-0.0966871,-0.621625,0.900748,-0.0414424,-2.46779,-0.675627,-0.240828,0.568337,0.660779,0.00551995,0.6379,-0.862281,-2.2956,-0.387792,-0.460566,-0.651424,0.379952,0.856313,0.874337,-0.520984,0.846529,-0.0902058,-0.0741473,-0.0549465,1.19716,0.808185,1.51109,1.46176,-0.00706544,-1.45711,-0.988009,0.269967,0.521732,-0.72767,-0.378922,1.35995,-0.629353,0.982487,-0.0989653,-1.68377,1.34212,-0.313553,-0.571634,0.831517,0.239408,0.761969,-0.857362,0.231407,0.404512,-1.68431,-1.39014,-0.0921053,-3.27021,-0.735531,-1.10376,-0.588205,0.541771,0.617656,1.50634,1.0451,-0.0840761,0.195683,0.739089,0.651112,0.290747,-1.28133,-1.01222,-1.23432,0.0265764,-0.294349,-0.482789,0.393652,-0.75113,0.197357,-1.35762,-0.436987,0.842215,-1.92775,0.310644,-547.184,-508.299,2761.5,815.011,520.894,-1882.04,-2005.36,-819.359,713.376,4167.89,684.524,-60.5022,-3825.74,-379.508,89.5438,-786.665,-2764.26,-1893.05,-1138.15,1330.48,3721.9,-4549.31,2287.66,267.703,-2638.59,-2872.07,3581.78,-691.08,1559.76,-2665.15,-3407.54,531.827,2745.55,-223.138,-3512.96,4957.76,-1430.38,-3610.6,1490.59,-2808.39,2647.86,134.514,1058.66,-2025.01,485.435,3088.29,-408.039,1755.96,-843.537,223.64,-979.537,157.066,-382.401,-1592.82,146.539,630.355,1663.4,390.568,-1767.98,-422.267,-1066.21,3073.98,426.967,1910.6,-1257.09,-400.344,-1141.72,499.265,-2604.22,-1076.11,-4120.46,-2216.12,-5824.17,-626.233,4606.2,242.817,3643.23,1542.24,2193.71,656.864,865.569,271.498,-601.193,3442.11,1343.81,-669.027,-589.169,-124.323,-568.395,1995.34,2199.27,3168.19,1360.03,-1589.59,215.181,-2315.43,-552.459,2949.46,968.289,-1405.52
-250354,0,1,0,1,1,250401,-0.384764,0.00591807,1.98251,0.65987,0.194549,-1.62464,-1.32884,-0.638008,0.776036,1.76188,-0.149657,0.116447,-1.54277,-0.0636614,0.2482,-1.00728,-1.59481,-1.01706,-0.127135,0.559175,1.40119,-1.61276,1.8305,-0.0898098,-1.26576,-1.76124,1.23195,-0.269686,1.22789,-1.59845,-1.56077,0.458786,1.996,-0.185011,-1.75004,1.38731,-0.797919,-1.56933,0.936032,-1.67351,1.35279,0.444837,1.42627,-1.3104,-0.0724454,0.89088,-0.393547,0.886616,0.0264761,-0.478673,-1.03596,0.226382,0.0675763,-1.26799,0.156639,-0.0321617,0.998724,0.212245,-0.63784,-0.775643,-0.788799,1.94885,1.21166,0.828242,-0.92643,-0.62419,-1.08532,0.0134659,-0.922084,-1.04397,-1.82062,-0.720654,-1.94471,-0.376988,1.76676,-0.594025,1.17955,0.313105,1.16384,0.0323358,0.112372,0.276904,0.173359,1.84303,0.871915,-1.30925,-0.819472,-0.271119,0.144731,1.18899,1.07535,1.68402,1.67163,-0.91779,-0.253471,-1.68299,-0.374937,1.42931,0.855572,-1.19532,0.805181,0.0253129,0.963317,-0.569177,0.775745,1.75172,-0.543252,-1.54126,-0.355112,-0.796339,0.0157407,0.58555,0.133291,-1.95821,0.24261,0.261457,0.0338162,-0.902496,-0.342312,0.961903,0.161812,0.895407,-0.656852,1.65589,-0.680838,-0.0723956,-0.290866,-0.410211,-0.0152142,-2.37132,0.119572,0.441028,0.0404741,-1.01671,-0.53444,0.545585,-0.751558,-0.806614,0.875969,-0.0327106,-0.438005,0.262836,2.76911,0.263705,1.33556,0.585866,1.08646,-1.88216,-0.170079,0.859397,0.79196,0.959558,-1.21325,-1.33979,0.612937,0.678949,-1.74131,0.350678,0.669029,0.926811,-0.225798,-1.8352,0.694779,-1.01457,0.208567,0.277594,0.155336,-0.674734,1.25174,-0.0415927,0.645849,0.292548,0.327804,0.408783,-1.12596,0.140501,0.0346091,-3.12226,1.82306,-1.3443,-0.179196,0.135983,1.07957,0.313227,-1.30866,0.343142,0.586191,-1.48927,-0.368623,-1.78196,-0.771006,0.605192,1.76624,-0.190361,0.831999,-1.05764,-0.459099,0.177695,-0.27082,0.257421,-547.184,-508.299,2761.5,815.011,520.894,-1882.04,-2005.36,-819.359,713.376,4167.89,684.524,-60.5022,-3825.74,-379.508,89.5438,-786.665,-2764.26,-1893.05,-1138.15,1330.48,3721.9,-4549.31,2287.66,267.703,-2638.59,-2872.07,3581.78,-691.08,1559.76,-2665.15,-3407.54,531.827,2745.55,-223.138,-3512.96,4957.76,-1430.38,-3610.6,1490.59,-2808.39,2647.86,134.514,1058.66,-2025.01,485.435,3088.29,-408.039,1755.96,-843.537,223.64,-979.537,157.066,-382.401,-1592.82,146.539,630.355,1663.4,390.568,-1767.98,-422.267,-1066.21,3073.98,426.967,1910.6,-1257.09,-400.344,-1141.72,499.265,-2604.22,-1076.11,-4120.46,-2216.12,-5824.17,-626.233,4606.2,242.817,3643.23,1542.24,2193.71,656.864,865.569,271.498,-601.193,3442.11,1343.81,-669.027,-589.169,-124.323,-568.395,1995.34,2199.27,3168.19,1360.03,-1589.59,215.181,-2315.43,-552.459,2949.46,968.289,-1405.52
-250354,0,1,0,1,1,250401,-0.384764,0.00591807,1.98251,0.65987,0.194549,-1.62464,-1.32884,-0.638008,0.776036,1.76188,-0.149657,0.116447,-1.54277,-0.0636614,0.2482,-1.00728,-1.59481,-1.01706,-0.127135,0.559175,1.40119,-1.61276,1.8305,-0.0898098,-1.26576,-1.76124,1.23195,-0.269686,1.22789,-1.59845,-1.56077,0.458786,1.996,-0.185011,-1.75004,1.38731,-0.797919,-1.56933,0.936032,-1.67351,1.35279,0.444837,1.42627,-1.3104,-0.0724454,0.89088,-0.393547,0.886616,0.0264761,-0.478673,-1.03596,0.226382,0.0675763,-1.26799,0.156639,-0.0321617,0.998724,0.212245,-0.63784,-0.775643,-0.788799,1.94885,1.21166,0.828242,-0.92643,-0.62419,-1.08532,0.0134659,-0.922084,-1.04397,-1.82062,-0.720654,-1.94471,-0.376988,1.76676,-0.594025,1.17955,0.313105,1.16384,0.0323358,0.112372,0.276904,0.173359,1.84303,0.871915,-1.30925,-0.819472,-0.271119,0.144731,1.18899,1.07535,1.68402,1.67163,-0.91779,-0.253471,-1.68299,-0.374937,1.42931,0.855572,-1.19532,-0.276536,0.564406,1.49807,-0.0494445,0.168061,1.39443,-0.307844,1.03876,-0.0894282,1.22778,2.45408,-0.86159,-0.554741,0.524065,0.350611,-1.29442,-1.69439,-0.0651135,-0.764069,0.825166,-1.08722,-0.783944,-0.0291116,0.0892763,-0.144206,1.26225,0.34323,0.935179,0.763428,-1.10763,-1.08149,-1.04037,1.64162,0.981722,0.407743,-0.53535,-0.491097,2.12117,-1.18377,1.85968,1.38645,1.29123,-1.56149,-0.925982,0.723859,1.08199,-0.363938,-1.31068,-0.0153018,1.0179,0.85829,0.614814,0.0822001,-0.0091982,-0.0358958,-0.389355,-0.149629,-0.512981,0.691536,2.3376,1.51781,1.86161,0.902211,-0.266056,-0.104223,-0.429853,0.172208,-0.312452,-0.850778,0.548169,-1.97332,-0.049972,0.320776,0.267148,-0.654515,0.552421,0.0408038,0.449314,0.805217,0.323144,-2.08849,0.132848,0.593024,0.906292,0.56555,0.779601,0.00458552,0.927087,-1.33808,-1.18575,0.927733,-0.354866,1.04244,-1.16474,-1.3714,-0.0396878,1.4537,0.272542,-0.631936,-0.152767,-547.184,-508.299,2761.5,815.011,520.894,-1882.04,-2005.36,-819.359,713.376,4167.89,684.524,-60.5022,-3825.74,-379.508,89.5438,-786.665,-2764.26,-1893.05,-1138.15,1330.48,3721.9,-4549.31,2287.66,267.703,-2638.59,-2872.07,3581.78,-691.08,1559.76,-2665.15,-3407.54,531.827,2745.55,-223.138,-3512.96,4957.76,-1430.38,-3610.6,1490.59,-2808.39,2647.86,134.514,1058.66,-2025.01,485.435,3088.29,-408.039,1755.96,-843.537,223.64,-979.537,157.066,-382.401,-1592.82,146.539,630.355,1663.4,390.568,-1767.98,-422.267,-1066.21,3073.98,426.967,1910.6,-1257.09,-400.344,-1141.72,499.265,-2604.22,-1076.11,-4120.46,-2216.12,-5824.17,-626.233,4606.2,242.817,3643.23,1542.24,2193.71,656.864,865.569,271.498,-601.193,3442.11,1343.81,-669.027,-589.169,-124.323,-568.395,1995.34,2199.27,3168.19,1360.03,-1589.59,215.181,-2315.43,-552.459,2949.46,968.289,-1405.52
-250354,0,1,0,1,1,250408,-0.384764,0.00591807,1.98251,0.65987,0.194549,-1.62464,-1.32884,-0.638008,0.776036,1.76188,-0.149657,0.116447,-1.54277,-0.0636614,0.2482,-1.00728,-1.59481,-1.01706,-0.127135,0.559175,1.40119,-1.61276,1.8305,-0.0898098,-1.26576,-1.76124,1.23195,-0.269686,1.22789,-1.59845,-1.56077,0.458786,1.996,-0.185011,-1.75004,1.38731,-0.797919,-1.56933,0.936032,-1.67351,1.35279,0.444837,1.42627,-1.3104,-0.0724454,0.89088,-0.393547,0.886616,0.0264761,-0.478673,-1.03596,0.226382,0.0675763,-1.26799,0.156639,-0.0321617,0.998724,0.212245,-0.63784,-0.775643,-0.788799,1.94885,1.21166,0.828242,-0.92643,-0.62419,-1.08532,0.0134659,-0.922084,-1.04397,-1.82062,-0.720654,-1.94471,-0.376988,1.76676,-0.594025,1.17955,0.313105,1.16384,0.0323358,0.112372,0.276904,0.173359,1.84303,0.871915,-1.30925,-0.819472,-0.271119,0.144731,1.18899,1.07535,1.68402,1.67163,-0.91779,-0.253471,-1.68299,-0.374937,1.42931,0.855572,-1.19532,-3.32498,0.0469314,0.744111,-1.07326,2.57289,-0.862721,-0.257409,-0.639782,1.33892,-0.821021,-0.385182,-0.415203,-0.197883,0.354255,-0.131362,0.139263,0.697384,0.685326,-0.360468,0.69421,0.648785,0.461864,-0.195633,-2.6208,1.12728,0.580564,-2.88229,0.390495,-0.259129,-0.107924,1.8258,-0.146739,-0.191345,0.890002,0.493887,0.991334,-1.39398,1.35158,-0.442034,0.623972,1.11786,0.0227017,-1.31498,-0.394307,0.958773,2.41049,0.775531,-1.52045,0.46739,-1.46887,0.437597,-1.36384,-0.704546,-0.213057,1.32959,-0.878217,0.90167,0.077719,-1.19049,-0.810404,-0.245973,-0.378934,0.26755,-0.640155,0.185546,0.896122,0.92129,-1.19542,0.367537,-1.72536,-0.983987,-1.30103,0.0476086,0.684233,0.316477,0.64021,1.22367,-0.84675,-0.233851,-0.794895,-0.177122,-0.636443,1.79142,0.00517777,1.12014,-1.20671,-1.46498,-0.0492171,1.01388,1.02292,1.97726,-0.086935,-1.82664,0.383002,0.477001,0.208857,-0.840693,-0.62496,-0.150428,0.0465758,-547.184,-508.299,2761.5,815.011,520.894,-1882.04,-2005.36,-819.359,713.376,4167.89,684.524,-60.5022,-3825.74,-379.508,89.5438,-786.665,-2764.26,-1893.05,-1138.15,1330.48,3721.9,-4549.31,2287.66,267.703,-2638.59,-2872.07,3581.78,-691.08,1559.76,-2665.15,-3407.54,531.827,2745.55,-223.138,-3512.96,4957.76,-1430.38,-3610.6,1490.59,-2808.39,2647.86,134.514,1058.66,-2025.01,485.435,3088.29,-408.039,1755.96,-843.537,223.64,-979.537,157.066,-382.401,-1592.82,146.539,630.355,1663.4,390.568,-1767.98,-422.267,-1066.21,3073.98,426.967,1910.6,-1257.09,-400.344,-1141.72,499.265,-2604.22,-1076.11,-4120.46,-2216.12,-5824.17,-626.233,4606.2,242.817,3643.23,1542.24,2193.71,656.864,865.569,271.498,-601.193,3442.11,1343.81,-669.027,-589.169,-124.323,-568.395,1995.34,2199.27,3168.19,1360.03,-1589.59,215.181,-2315.43,-552.459,2949.46,968.289,-1405.52
-250354,0,1,0,1,1,250412,-0.384764,0.00591807,1.98251,0.65987,0.194549,-1.62464,-1.32884,-0.638008,0.776036,1.76188,-0.149657,0.116447,-1.54277,-0.0636614,0.2482,-1.00728,-1.59481,-1.01706,-0.127135,0.559175,1.40119,-1.61276,1.8305,-0.0898098,-1.26576,-1.76124,1.23195,-0.269686,1.22789,-1.59845,-1.56077,0.458786,1.996,-0.185011,-1.75004,1.38731,-0.797919,-1.56933,0.936032,-1.67351,1.35279,0.444837,1.42627,-1.3104,-0.0724454,0.89088,-0.393547,0.886616,0.0264761,-0.478673,-1.03596,0.226382,0.0675763,-1.26799,0.156639,-0.0321617,0.998724,0.212245,-0.63784,-0.775643,-0.788799,1.94885,1.21166,0.828242,-0.92643,-0.62419,-1.08532,0.0134659,-0.922084,-1.04397,-1.82062,-0.720654,-1.94471,-0.376988,1.76676,-0.594025,1.17955,0.313105,1.16384,0.0323358,0.112372,0.276904,0.173359,1.84303,0.871915,-1.30925,-0.819472,-0.271119,0.144731,1.18899,1.07535,1.68402,1.67163,-0.91779,-0.253471,-1.68299,-0.374937,1.42931,0.855572,-1.19532,-1.04945,0.490292,1.84804,-0.0615645,-1.09622,-1.95064,-0.0353059,0.806684,0.753234,0.364062,0.0321948,0.362555,0.349363,1.20637,-1.98939,2.22958,1.22039,-0.81357,-1.41722,0.967357,0.063501,0.657091,0.0184531,-1.25981,1.49048,-1.09671,0.293368,-1.09493,-1.81756,2.25925,-0.592424,0.878799,1.19574,-1.0193,-0.497135,0.763211,0.561979,1.4065,1.51729,0.341263,-2.11931,0.661252,-0.378629,-0.83324,0.965888,-1.07432,0.526321,0.525445,1.57346,1.40315,-0.470877,-1.85429,0.840823,-0.491502,-0.0504824,0.250341,1.02496,-1.29666,0.716251,-2.02899,-1.51604,0.567953,-0.422561,-0.455293,1.39797,-0.866645,-1.15392,0.0886311,1.09843,1.37444,-0.878224,-0.700301,-0.57716,0.0672203,0.202714,-0.218226,1.06178,1.83737,-0.214054,-0.155164,0.333202,-1.14368,0.365333,-1.01994,1.68544,0.789149,-0.47065,2.69015,-0.304334,-0.84867,2.51023,0.00956796,0.530949,0.581036,0.528667,-0.0390071,-0.150124,0.299786,0.285167,-1.3578,-547.184,-508.299,2761.5,815.011,520.894,-1882.04,-2005.36,-819.359,713.376,4167.89,684.524,-60.5022,-3825.74,-379.508,89.5438,-786.665,-2764.26,-1893.05,-1138.15,1330.48,3721.9,-4549.31,2287.66,267.703,-2638.59,-2872.07,3581.78,-691.08,1559.76,-2665.15,-3407.54,531.827,2745.55,-223.138,-3512.96,4957.76,-1430.38,-3610.6,1490.59,-2808.39,2647.86,134.514,1058.66,-2025.01,485.435,3088.29,-408.039,1755.96,-843.537,223.64,-979.537,157.066,-382.401,-1592.82,146.539,630.355,1663.4,390.568,-1767.98,-422.267,-1066.21,3073.98,426.967,1910.6,-1257.09,-400.344,-1141.72,499.265,-2604.22,-1076.11,-4120.46,-2216.12,-5824.17,-626.233,4606.2,242.817,3643.23,1542.24,2193.71,656.864,865.569,271.498,-601.193,3442.11,1343.81,-669.027,-589.169,-124.323,-568.395,1995.34,2199.27,3168.19,1360.03,-1589.59,215.181,-2315.43,-552.459,2949.46,968.289,-1405.52
-250354,0,1,0,1,1,250406,-0.384764,0.00591807,1.98251,0.65987,0.194549,-1.62464,-1.32884,-0.638008,0.776036,1.76188,-0.149657,0.116447,-1.54277,-0.0636614,0.2482,-1.00728,-1.59481,-1.01706,-0.127135,0.559175,1.40119,-1.61276,1.8305,-0.0898098,-1.26576,-1.76124,1.23195,-0.269686,1.22789,-1.59845,-1.56077,0.458786,1.996,-0.185011,-1.75004,1.38731,-0.797919,-1.56933,0.936032,-1.67351,1.35279,0.444837,1.42627,-1.3104,-0.0724454,0.89088,-0.393547,0.886616,0.0264761,-0.478673,-1.03596,0.226382,0.0675763,-1.26799,0.156639,-0.0321617,0.998724,0.212245,-0.63784,-0.775643,-0.788799,1.94885,1.21166,0.828242,-0.92643,-0.62419,-1.08532,0.0134659,-0.922084,-1.04397,-1.82062,-0.720654,-1.94471,-0.376988,1.76676,-0.594025,1.17955,0.313105,1.16384,0.0323358,0.112372,0.276904,0.173359,1.84303,0.871915,-1.30925,-0.819472,-0.271119,0.144731,1.18899,1.07535,1.68402,1.67163,-0.91779,-0.253471,-1.68299,-0.374937,1.42931,0.855572,-1.19532,-0.946417,1.82903,0.569204,0.543423,-0.107001,-0.759212,-0.825671,-1.88916,0.617156,1.16988,-0.443,-0.60543,-0.18863,-1.28663,-0.931957,-1.56776,-0.6506,-1.13562,2.00461,0.0276906,0.491071,2.24389,0.347785,-0.364112,1.62877,-0.565667,0.625529,-0.226669,0.520982,-0.921533,-0.00850707,0.332025,-0.827298,1.03908,-1.98294,-0.753818,-0.267368,0.245618,0.0636946,-0.388163,0.956487,-0.0846031,-0.361767,-0.497444,1.04709,-0.0616963,0.293131,1.41858,-1.11876,-0.329859,-0.394798,0.390909,1.16938,-2.03934,1.91572,0.223157,-0.479492,-0.107941,1.14265,-0.868912,-1.5891,1.14381,-0.869803,-0.516939,-0.855208,-1.3041,0.586347,-1.58731,-1.3057,0.306802,-1.31135,-0.349265,0.658735,-0.307898,1.32811,-0.612285,2.42352,-0.344591,0.18167,-0.443706,0.0919386,0.480939,-1.21541,1.64525,0.761916,2.53472,-0.944884,1.60823,-1.06452,-0.318583,0.781586,-1.05391,0.0880153,1.3777,-0.804358,0.00819535,-0.139564,0.625516,0.608027,-1.70851,-547.184,-508.299,2761.5,815.011,520.894,-1882.04,-2005.36,-819.359,713.376,4167.89,684.524,-60.5022,-3825.74,-379.508,89.5438,-786.665,-2764.26,-1893.05,-1138.15,1330.48,3721.9,-4549.31,2287.66,267.703,-2638.59,-2872.07,3581.78,-691.08,1559.76,-2665.15,-3407.54,531.827,2745.55,-223.138,-3512.96,4957.76,-1430.38,-3610.6,1490.59,-2808.39,2647.86,134.514,1058.66,-2025.01,485.435,3088.29,-408.039,1755.96,-843.537,223.64,-979.537,157.066,-382.401,-1592.82,146.539,630.355,1663.4,390.568,-1767.98,-422.267,-1066.21,3073.98,426.967,1910.6,-1257.09,-400.344,-1141.72,499.265,-2604.22,-1076.11,-4120.46,-2216.12,-5824.17,-626.233,4606.2,242.817,3643.23,1542.24,2193.71,656.864,865.569,271.498,-601.193,3442.11,1343.81,-669.027,-589.169,-124.323,-568.395,1995.34,2199.27,3168.19,1360.03,-1589.59,215.181,-2315.43,-552.459,2949.46,968.289,-1405.52
-250354,0,1,0,1,1,250414,-0.384764,0.00591807,1.98251,0.65987,0.194549,-1.62464,-1.32884,-0.638008,0.776036,1.76188,-0.149657,0.116447,-1.54277,-0.0636614,0.2482,-1.00728,-1.59481,-1.01706,-0.127135,0.559175,1.40119,-1.61276,1.8305,-0.0898098,-1.26576,-1.76124,1.23195,-0.269686,1.22789,-1.59845,-1.56077,0.458786,1.996,-0.185011,-1.75004,1.38731,-0.797919,-1.56933,0.936032,-1.67351,1.35279,0.444837,1.42627,-1.3104,-0.0724454,0.89088,-0.393547,0.886616,0.0264761,-0.478673,-1.03596,0.226382,0.0675763,-1.26799,0.156639,-0.0321617,0.998724,0.212245,-0.63784,-0.775643,-0.788799,1.94885,1.21166,0.828242,-0.92643,-0.62419,-1.08532,0.0134659,-0.922084,-1.04397,-1.82062,-0.720654,-1.94471,-0.376988,1.76676,-0.594025,1.17955,0.313105,1.16384,0.0323358,0.112372,0.276904,0.173359,1.84303,0.871915,-1.30925,-0.819472,-0.271119,0.144731,1.18899,1.07535,1.68402,1.67163,-0.91779,-0.253471,-1.68299,-0.374937,1.42931,0.855572,-1.19532,0.607646,1.2121,-1.64256,-0.0045856,2.03924,-1.33803,1.11936,-1.38795,0.16529,0.808,-1.56729,-1.09214,0.577471,0.724277,-0.23961,-0.233292,1.23116,-0.203728,1.03082,-0.348658,-1.28162,1.14398,0.380742,-0.766832,-0.828614,-0.529256,1.58715,0.759387,-2.74272,-0.865118,-0.131811,0.0298599,-0.564137,-0.405967,-1.06681,-1.40108,1.11975,0.525514,1.87012,-0.752459,-0.234526,0.409456,0.821397,-0.914583,-0.968288,-0.40019,-1.0767,-0.81158,-0.186808,0.369495,0.677152,-0.613067,0.23028,-0.397924,-0.274547,-1.32568,-1.3603,-0.212056,-2.79573,-1.17136,-0.465104,1.11571,-0.190741,1.16798,0.64645,1.64329,-1.72258,1.44747,-0.485512,0.886952,0.249081,0.171022,-0.888165,0.0140284,1.69723,3.50898,-0.955908,-0.0511268,0.0722311,-0.118303,2.13983,0.661064,-0.081723,-1.04349,-1.51882,-1.90248,1.4268,-0.455604,-0.517133,-0.0811081,-0.648035,0.32857,-2.22213,-0.913893,-0.530977,-0.375028,1.18319,0.949504,-1.19502,0.817198,-547.184,-508.299,2761.5,815.011,520.894,-1882.04,-2005.36,-819.359,713.376,4167.89,684.524,-60.5022,-3825.74,-379.508,89.5438,-786.665,-2764.26,-1893.05,-1138.15,1330.48,3721.9,-4549.31,2287.66,267.703,-2638.59,-2872.07,3581.78,-691.08,1559.76,-2665.15,-3407.54,531.827,2745.55,-223.138,-3512.96,4957.76,-1430.38,-3610.6,1490.59,-2808.39,2647.86,134.514,1058.66,-2025.01,485.435,3088.29,-408.039,1755.96,-843.537,223.64,-979.537,157.066,-382.401,-1592.82,146.539,630.355,1663.4,390.568,-1767.98,-422.267,-1066.21,3073.98,426.967,1910.6,-1257.09,-400.344,-1141.72,499.265,-2604.22,-1076.11,-4120.46,-2216.12,-5824.17,-626.233,4606.2,242.817,3643.23,1542.24,2193.71,656.864,865.569,271.498,-601.193,3442.11,1343.81,-669.027,-589.169,-124.323,-568.395,1995.34,2199.27,3168.19,1360.03,-1589.59,215.181,-2315.43,-552.459,2949.46,968.289,-1405.52
-250354,0,1,0,1,1,250396,-0.384764,0.00591807,1.98251,0.65987,0.194549,-1.62464,-1.32884,-0.638008,0.776036,1.76188,-0.149657,0.116447,-1.54277,-0.0636614,0.2482,-1.00728,-1.59481,-1.01706,-0.127135,0.559175,1.40119,-1.61276,1.8305,-0.0898098,-1.26576,-1.76124,1.23195,-0.269686,1.22789,-1.59845,-1.56077,0.458786,1.996,-0.185011,-1.75004,1.38731,-0.797919,-1.56933,0.936032,-1.67351,1.35279,0.444837,1.42627,-1.3104,-0.0724454,0.89088,-0.393547,0.886616,0.0264761,-0.478673,-1.03596,0.226382,0.0675763,-1.26799,0.156639,-0.0321617,0.998724,0.212245,-0.63784,-0.775643,-0.788799,1.94885,1.21166,0.828242,-0.92643,-0.62419,-1.08532,0.0134659,-0.922084,-1.04397,-1.82062,-0.720654,-1.94471,-0.376988,1.76676,-0.594025,1.17955,0.313105,1.16384,0.0323358,0.112372,0.276904,0.173359,1.84303,0.871915,-1.30925,-0.819472,-0.271119,0.144731,1.18899,1.07535,1.68402,1.67163,-0.91779,-0.253471,-1.68299,-0.374937,1.42931,0.855572,-1.19532,-0.575209,-1.01478,0.880852,0.472126,-1.27392,-0.607354,-0.0201682,-0.521409,-1.11803,-0.00159263,0.0614125,-0.062416,-0.72717,-1.3357,-0.916118,0.990654,0.815058,0.734351,-0.156718,0.0769679,-0.919345,1.07938,-0.570892,0.158887,0.550224,-0.988767,-0.24901,1.86582,0.329872,-1.63422,-0.876867,-0.0677195,0.969191,-0.981259,1.17581,0.596584,-0.208336,0.469294,-0.444998,0.54918,0.61207,-0.948145,-0.595868,-0.00524153,0.86454,-0.255888,0.937543,-0.976349,0.461729,0.497352,0.0691789,-0.863549,-1.01708,-0.829709,0.30997,1.05305,0.233236,-0.347412,-1.15419,1.35413,-0.794971,-2.03397,-1.44639,0.797544,1.11215,0.582331,0.241491,-0.888657,0.106613,-0.702563,0.736511,-0.57787,0.216608,3.53172,1.27091,1.07792,-0.163389,-0.0574588,-0.289103,0.395021,1.10308,-0.196651,-0.330306,-0.873208,1.72324,1.09323,-0.477473,-1.05715,0.55431,-0.200891,0.409048,-0.166125,1.89323,-1.53664,0.826223,-1.56148,0.305893,0.888654,0.631288,0.92867,-547.184,-508.299,2761.5,815.011,520.894,-1882.04,-2005.36,-819.359,713.376,4167.89,684.524,-60.5022,-3825.74,-379.508,89.5438,-786.665,-2764.26,-1893.05,-1138.15,1330.48,3721.9,-4549.31,2287.66,267.703,-2638.59,-2872.07,3581.78,-691.08,1559.76,-2665.15,-3407.54,531.827,2745.55,-223.138,-3512.96,4957.76,-1430.38,-3610.6,1490.59,-2808.39,2647.86,134.514,1058.66,-2025.01,485.435,3088.29,-408.039,1755.96,-843.537,223.64,-979.537,157.066,-382.401,-1592.82,146.539,630.355,1663.4,390.568,-1767.98,-422.267,-1066.21,3073.98,426.967,1910.6,-1257.09,-400.344,-1141.72,499.265,-2604.22,-1076.11,-4120.46,-2216.12,-5824.17,-626.233,4606.2,242.817,3643.23,1542.24,2193.71,656.864,865.569,271.498,-601.193,3442.11,1343.81,-669.027,-589.169,-124.323,-568.395,1995.34,2199.27,3168.19,1360.03,-1589.59,215.181,-2315.43,-552.459,2949.46,968.289,-1405.52
-250354,0,1,0,1,1,250403,-0.384764,0.00591807,1.98251,0.65987,0.194549,-1.62464,-1.32884,-0.638008,0.776036,1.76188,-0.149657,0.116447,-1.54277,-0.0636614,0.2482,-1.00728,-1.59481,-1.01706,-0.127135,0.559175,1.40119,-1.61276,1.8305,-0.0898098,-1.26576,-1.76124,1.23195,-0.269686,1.22789,-1.59845,-1.56077,0.458786,1.996,-0.185011,-1.75004,1.38731,-0.797919,-1.56933,0.936032,-1.67351,1.35279,0.444837,1.42627,-1.3104,-0.0724454,0.89088,-0.393547,0.886616,0.0264761,-0.478673,-1.03596,0.226382,0.0675763,-1.26799,0.156639,-0.0321617,0.998724,0.212245,-0.63784,-0.775643,-0.788799,1.94885,1.21166,0.828242,-0.92643,-0.62419,-1.08532,0.0134659,-0.922084,-1.04397,-1.82062,-0.720654,-1.94471,-0.376988,1.76676,-0.594025,1.17955,0.313105,1.16384,0.0323358,0.112372,0.276904,0.173359,1.84303,0.871915,-1.30925,-0.819472,-0.271119,0.144731,1.18899,1.07535,1.68402,1.67163,-0.91779,-0.253471,-1.68299,-0.374937,1.42931,0.855572,-1.19532,0.176474,-0.0676304,0.273933,-1.09319,-0.921243,1.15556,0.809764,0.383465,-0.455494,0.932645,-0.796667,-1.40104,-1.44864,-0.101576,-0.659546,-0.943125,-0.250054,0.726241,1.30046,-0.394564,0.0794505,0.857863,1.27115,-1.25835,-0.839039,0.336519,-0.0666879,1.83871,-1.25049,1.09079,2.41408,0.103084,0.396273,-0.886286,-2.18614,0.832231,1.15367,0.23513,-0.466081,-0.92388,0.414948,0.279363,-0.574302,1.42913,-0.773092,1.59717,-0.198084,-2.606,0.17772,0.808336,1.17514,-0.233091,0.604741,-1.48743,-0.611317,0.214803,1.67715,-0.116529,0.168269,0.016599,0.852657,-0.923549,1.52211,0.927849,0.216977,0.0381109,1.94133,-2.53993,-0.190083,0.668242,0.26537,0.443464,-1.28146,0.381088,1.06621,-0.673803,-1.02698,0.0963782,0.239051,-0.128074,0.525218,-1.52755,-1.4784,-1.14761,0.202606,0.268552,0.469783,-1.03617,0.770586,1.1321,1.39514,-0.147118,-1.27682,-0.24215,-0.99981,0.760339,0.950144,0.333516,0.229117,1.07941,-547.184,-508.299,2761.5,815.011,520.894,-1882.04,-2005.36,-819.359,713.376,4167.89,684.524,-60.5022,-3825.74,-379.508,89.5438,-786.665,-2764.26,-1893.05,-1138.15,1330.48,3721.9,-4549.31,2287.66,267.703,-2638.59,-2872.07,3581.78,-691.08,1559.76,-2665.15,-3407.54,531.827,2745.55,-223.138,-3512.96,4957.76,-1430.38,-3610.6,1490.59,-2808.39,2647.86,134.514,1058.66,-2025.01,485.435,3088.29,-408.039,1755.96,-843.537,223.64,-979.537,157.066,-382.401,-1592.82,146.539,630.355,1663.4,390.568,-1767.98,-422.267,-1066.21,3073.98,426.967,1910.6,-1257.09,-400.344,-1141.72,499.265,-2604.22,-1076.11,-4120.46,-2216.12,-5824.17,-626.233,4606.2,242.817,3643.23,1542.24,2193.71,656.864,865.569,271.498,-601.193,3442.11,1343.81,-669.027,-589.169,-124.323,-568.395,1995.34,2199.27,3168.19,1360.03,-1589.59,215.181,-2315.43,-552.459,2949.46,968.289,-1405.52
-250354,0,1,0,1,1,250420,-0.384764,0.00591807,1.98251,0.65987,0.194549,-1.62464,-1.32884,-0.638008,0.776036,1.76188,-0.149657,0.116447,-1.54277,-0.0636614,0.2482,-1.00728,-1.59481,-1.01706,-0.127135,0.559175,1.40119,-1.61276,1.8305,-0.0898098,-1.26576,-1.76124,1.23195,-0.269686,1.22789,-1.59845,-1.56077,0.458786,1.996,-0.185011,-1.75004,1.38731,-0.797919,-1.56933,0.936032,-1.67351,1.35279,0.444837,1.42627,-1.3104,-0.0724454,0.89088,-0.393547,0.886616,0.0264761,-0.478673,-1.03596,0.226382,0.0675763,-1.26799,0.156639,-0.0321617,0.998724,0.212245,-0.63784,-0.775643,-0.788799,1.94885,1.21166,0.828242,-0.92643,-0.62419,-1.08532,0.0134659,-0.922084,-1.04397,-1.82062,-0.720654,-1.94471,-0.376988,1.76676,-0.594025,1.17955,0.313105,1.16384,0.0323358,0.112372,0.276904,0.173359,1.84303,0.871915,-1.30925,-0.819472,-0.271119,0.144731,1.18899,1.07535,1.68402,1.67163,-0.91779,-0.253471,-1.68299,-0.374937,1.42931,0.855572,-1.19532,-0.646346,1.08451,1.10098,-0.0503913,-1.46604,2.04172,1.08121,-0.200141,0.325915,0.105046,0.310256,-0.363643,-1.20112,1.24807,-0.619223,-1.85754,0.235165,-0.817668,-0.889615,0.454339,0.235724,-0.225269,-1.68993,-0.17604,0.48427,1.55745,1.72515,0.11294,-1.65559,-0.0784439,0.829302,0.961145,-0.233253,-1.49325,0.566666,1.33074,2.72161,0.904332,0.96088,-2.20022,-0.190429,-1.0548,-0.0450929,-1.46389,-0.106711,-1.00955,-0.755937,0.631798,1.07505,-1.4285,-0.632907,1.082,-0.541499,-2.04721,0.77236,2.44561,-2.34456,-1.10533,2.72754,-0.597691,-1.04209,2.04739,0.520173,-0.888579,-0.795758,-0.59149,1.14609,1.86425,0.534261,0.448959,-0.0466825,-0.852256,1.24959,1.16811,-0.62932,-0.795914,0.48485,0.381968,-0.522759,-1.7261,-0.885863,-0.424033,0.0172819,-0.210997,0.272551,0.0210816,1.11855,1.69799,-1.5239,-0.246609,1.16507,1.31966,-1.50871,0.456301,-1.67114,-2.61169,-0.767179,0.456025,0.922565,-0.111317,-547.184,-508.299,2761.5,815.011,520.894,-1882.04,-2005.36,-819.359,713.376,4167.89,684.524,-60.5022,-3825.74,-379.508,89.5438,-786.665,-2764.26,-1893.05,-1138.15,1330.48,3721.9,-4549.31,2287.66,267.703,-2638.59,-2872.07,3581.78,-691.08,1559.76,-2665.15,-3407.54,531.827,2745.55,-223.138,-3512.96,4957.76,-1430.38,-3610.6,1490.59,-2808.39,2647.86,134.514,1058.66,-2025.01,485.435,3088.29,-408.039,1755.96,-843.537,223.64,-979.537,157.066,-382.401,-1592.82,146.539,630.355,1663.4,390.568,-1767.98,-422.267,-1066.21,3073.98,426.967,1910.6,-1257.09,-400.344,-1141.72,499.265,-2604.22,-1076.11,-4120.46,-2216.12,-5824.17,-626.233,4606.2,242.817,3643.23,1542.24,2193.71,656.864,865.569,271.498,-601.193,3442.11,1343.81,-669.027,-589.169,-124.323,-568.395,1995.34,2199.27,3168.19,1360.03,-1589.59,215.181,-2315.43,-552.459,2949.46,968.289,-1405.52
-250354,0,1,0,1,1,250404,-0.384764,0.00591807,1.98251,0.65987,0.194549,-1.62464,-1.32884,-0.638008,0.776036,1.76188,-0.149657,0.116447,-1.54277,-0.0636614,0.2482,-1.00728,-1.59481,-1.01706,-0.127135,0.559175,1.40119,-1.61276,1.8305,-0.0898098,-1.26576,-1.76124,1.23195,-0.269686,1.22789,-1.59845,-1.56077,0.458786,1.996,-0.185011,-1.75004,1.38731,-0.797919,-1.56933,0.936032,-1.67351,1.35279,0.444837,1.42627,-1.3104,-0.0724454,0.89088,-0.393547,0.886616,0.0264761,-0.478673,-1.03596,0.226382,0.0675763,-1.26799,0.156639,-0.0321617,0.998724,0.212245,-0.63784,-0.775643,-0.788799,1.94885,1.21166,0.828242,-0.92643,-0.62419,-1.08532,0.0134659,-0.922084,-1.04397,-1.82062,-0.720654,-1.94471,-0.376988,1.76676,-0.594025,1.17955,0.313105,1.16384,0.0323358,0.112372,0.276904,0.173359,1.84303,0.871915,-1.30925,-0.819472,-0.271119,0.144731,1.18899,1.07535,1.68402,1.67163,-0.91779,-0.253471,-1.68299,-0.374937,1.42931,0.855572,-1.19532,1.19213,-0.198466,-0.272146,-0.651442,-0.995089,1.30184,0.75385,1.35989,1.84774,-0.412393,-1.44055,1.73158,-0.528641,-0.783887,-0.434647,0.0315201,-1.14959,0.824667,0.00760724,0.0740266,-0.227122,-0.307651,0.700257,-0.186198,0.693628,2.37711,0.0429159,-1.06259,0.326398,-2.36571,-0.31277,-0.615781,0.0762927,0.234162,2.36831,-0.0957823,-0.528795,0.543941,-1.9164,-0.624569,0.744543,0.624913,-1.30388,-1.29353,1.50768,-0.739777,-0.289995,-1.84082,0.402363,1.00696,0.05078,0.902676,-0.217509,-0.381264,-0.366262,-0.664184,0.348318,1.57908,-1.2684,1.16413,0.228953,-0.0902134,-1.48811,-1.13008,0.710432,1.05779,0.735478,-0.868963,-0.043009,0.523067,-0.700426,-1.38201,0.0937686,-0.606807,-0.332669,-0.569419,1.51851,1.57776,0.443692,-0.968112,0.00442252,-1.83606,-0.209487,0.0956062,-1.48713,-0.00883332,-0.783236,-1.14381,2.60466,-0.504489,-0.179796,-0.80001,1.38488,-1.41656,-0.620928,-0.2288,-0.107289,-1.28355,-0.792696,0.497617,-547.184,-508.299,2761.5,815.011,520.894,-1882.04,-2005.36,-819.359,713.376,4167.89,684.524,-60.5022,-3825.74,-379.508,89.5438,-786.665,-2764.26,-1893.05,-1138.15,1330.48,3721.9,-4549.31,2287.66,267.703,-2638.59,-2872.07,3581.78,-691.08,1559.76,-2665.15,-3407.54,531.827,2745.55,-223.138,-3512.96,4957.76,-1430.38,-3610.6,1490.59,-2808.39,2647.86,134.514,1058.66,-2025.01,485.435,3088.29,-408.039,1755.96,-843.537,223.64,-979.537,157.066,-382.401,-1592.82,146.539,630.355,1663.4,390.568,-1767.98,-422.267,-1066.21,3073.98,426.967,1910.6,-1257.09,-400.344,-1141.72,499.265,-2604.22,-1076.11,-4120.46,-2216.12,-5824.17,-626.233,4606.2,242.817,3643.23,1542.24,2193.71,656.864,865.569,271.498,-601.193,3442.11,1343.81,-669.027,-589.169,-124.323,-568.395,1995.34,2199.27,3168.19,1360.03,-1589.59,215.181,-2315.43,-552.459,2949.46,968.289,-1405.52
-250354,0,1,0,1,1,250397,-0.384764,0.00591807,1.98251,0.65987,0.194549,-1.62464,-1.32884,-0.638008,0.776036,1.76188,-0.149657,0.116447,-1.54277,-0.0636614,0.2482,-1.00728,-1.59481,-1.01706,-0.127135,0.559175,1.40119,-1.61276,1.8305,-0.0898098,-1.26576,-1.76124,1.23195,-0.269686,1.22789,-1.59845,-1.56077,0.458786,1.996,-0.185011,-1.75004,1.38731,-0.797919,-1.56933,0.936032,-1.67351,1.35279,0.444837,1.42627,-1.3104,-0.0724454,0.89088,-0.393547,0.886616,0.0264761,-0.478673,-1.03596,0.226382,0.0675763,-1.26799,0.156639,-0.0321617,0.998724,0.212245,-0.63784,-0.775643,-0.788799,1.94885,1.21166,0.828242,-0.92643,-0.62419,-1.08532,0.0134659,-0.922084,-1.04397,-1.82062,-0.720654,-1.94471,-0.376988,1.76676,-0.594025,1.17955,0.313105,1.16384,0.0323358,0.112372,0.276904,0.173359,1.84303,0.871915,-1.30925,-0.819472,-0.271119,0.144731,1.18899,1.07535,1.68402,1.67163,-0.91779,-0.253471,-1.68299,-0.374937,1.42931,0.855572,-1.19532,0.887293,-1.4862,-0.148185,0.0482715,-0.53319,1.16278,-0.567541,0.387883,1.62825,-0.0206203,-0.518233,-1.12124,-0.0484609,-0.125844,0.286088,-0.379723,1.03321,-0.0612112,1.78582,-0.710467,-1.98084,-0.908358,-0.299987,-0.373818,-0.410915,-0.806564,0.360529,1.13326,-0.293302,0.740421,-0.814303,-0.772459,-1.34917,-0.406532,-1.72769,-0.542107,0.772925,-1.38297,-0.130831,-1.2227,-0.0750932,0.704859,-1.79578,0.502481,1.63971,1.39807,-0.519524,0.0842501,-0.990179,0.0156889,-0.370806,-0.175128,0.830362,-0.724447,0.642304,-0.660647,-1.22996,0.550691,-0.728432,-2.20542,0.62812,0.625645,0.566035,1.33958,0.0295838,-0.444824,-0.317604,-1.44507,-1.76152,-0.380793,-0.666278,0.710169,-0.762506,0.626984,0.731847,0.356874,0.36877,-1.64118,-0.544326,-0.428388,0.0493241,0.673102,-0.115529,0.192137,-1.36011,0.435793,-1.60881,-1.63841,-0.361726,0.0286887,-1.12253,-0.645905,-1.20985,0.524431,0.654121,1.35725,-0.0856964,1.5057,1.01178,1.66238,-547.184,-508.299,2761.5,815.011,520.894,-1882.04,-2005.36,-819.359,713.376,4167.89,684.524,-60.5022,-3825.74,-379.508,89.5438,-786.665,-2764.26,-1893.05,-1138.15,1330.48,3721.9,-4549.31,2287.66,267.703,-2638.59,-2872.07,3581.78,-691.08,1559.76,-2665.15,-3407.54,531.827,2745.55,-223.138,-3512.96,4957.76,-1430.38,-3610.6,1490.59,-2808.39,2647.86,134.514,1058.66,-2025.01,485.435,3088.29,-408.039,1755.96,-843.537,223.64,-979.537,157.066,-382.401,-1592.82,146.539,630.355,1663.4,390.568,-1767.98,-422.267,-1066.21,3073.98,426.967,1910.6,-1257.09,-400.344,-1141.72,499.265,-2604.22,-1076.11,-4120.46,-2216.12,-5824.17,-626.233,4606.2,242.817,3643.23,1542.24,2193.71,656.864,865.569,271.498,-601.193,3442.11,1343.81,-669.027,-589.169,-124.323,-568.395,1995.34,2199.27,3168.19,1360.03,-1589.59,215.181,-2315.43,-552.459,2949.46,968.289,-1405.52
-250354,0,1,0,1,1,250399,-0.384764,0.00591807,1.98251,0.65987,0.194549,-1.62464,-1.32884,-0.638008,0.776036,1.76188,-0.149657,0.116447,-1.54277,-0.0636614,0.2482,-1.00728,-1.59481,-1.01706,-0.127135,0.559175,1.40119,-1.61276,1.8305,-0.0898098,-1.26576,-1.76124,1.23195,-0.269686,1.22789,-1.59845,-1.56077,0.458786,1.996,-0.185011,-1.75004,1.38731,-0.797919,-1.56933,0.936032,-1.67351,1.35279,0.444837,1.42627,-1.3104,-0.0724454,0.89088,-0.393547,0.886616,0.0264761,-0.478673,-1.03596,0.226382,0.0675763,-1.26799,0.156639,-0.0321617,0.998724,0.212245,-0.63784,-0.775643,-0.788799,1.94885,1.21166,0.828242,-0.92643,-0.62419,-1.08532,0.0134659,-0.922084,-1.04397,-1.82062,-0.720654,-1.94471,-0.376988,1.76676,-0.594025,1.17955,0.313105,1.16384,0.0323358,0.112372,0.276904,0.173359,1.84303,0.871915,-1.30925,-0.819472,-0.271119,0.144731,1.18899,1.07535,1.68402,1.67163,-0.91779,-0.253471,-1.68299,-0.374937,1.42931,0.855572,-1.19532,-0.0137482,-1.21057,-0.0102445,-0.104963,-0.71951,1.94007,0.363004,0.034496,-2.24024,0.0245311,0.061471,1.15758,-0.0499357,0.364612,-0.644882,0.22338,-0.650303,-1.41898,0.0182602,-0.42001,-0.647701,-0.166613,0.0176544,0.330251,-0.996345,-0.218996,-1.07211,0.783376,0.57681,-0.571022,0.770703,-0.492774,0.202706,0.0360202,-0.567761,1.8513,-0.545463,-1.06105,-0.0587169,-0.798902,1.58796,1.66071,0.680987,1.47312,1.17155,0.802172,-0.332756,-2.12116,0.662101,-0.403532,-0.341917,-1.67094,-1.08335,0.238498,0.288943,-0.70179,-0.476532,-0.419146,1.28596,-0.648981,-0.713787,1.46339,-0.789804,-0.794262,0.589953,1.61776,-0.500179,0.502807,0.675853,0.850468,0.972175,-0.46743,-0.694016,-0.439964,-0.452891,1.35947,-0.176159,-0.0171022,-1.43107,-0.237653,0.75193,-1.40717,0.698174,1.33031,1.0838,1.06769,-1.00671,0.214252,0.912305,0.589786,0.157163,-1.65658,0.438437,-0.683215,-0.460084,1.2977,-2.02728,-0.118259,-0.527093,-2.79321,-547.184,-508.299,2761.5,815.011,520.894,-1882.04,-2005.36,-819.359,713.376,4167.89,684.524,-60.5022,-3825.74,-379.508,89.5438,-786.665,-2764.26,-1893.05,-1138.15,1330.48,3721.9,-4549.31,2287.66,267.703,-2638.59,-2872.07,3581.78,-691.08,1559.76,-2665.15,-3407.54,531.827,2745.55,-223.138,-3512.96,4957.76,-1430.38,-3610.6,1490.59,-2808.39,2647.86,134.514,1058.66,-2025.01,485.435,3088.29,-408.039,1755.96,-843.537,223.64,-979.537,157.066,-382.401,-1592.82,146.539,630.355,1663.4,390.568,-1767.98,-422.267,-1066.21,3073.98,426.967,1910.6,-1257.09,-400.344,-1141.72,499.265,-2604.22,-1076.11,-4120.46,-2216.12,-5824.17,-626.233,4606.2,242.817,3643.23,1542.24,2193.71,656.864,865.569,271.498,-601.193,3442.11,1343.81,-669.027,-589.169,-124.323,-568.395,1995.34,2199.27,3168.19,1360.03,-1589.59,215.181,-2315.43,-552.459,2949.46,968.289,-1405.52
-250354,0,1,0,1,1,250400,-0.384764,0.00591807,1.98251,0.65987,0.194549,-1.62464,-1.32884,-0.638008,0.776036,1.76188,-0.149657,0.116447,-1.54277,-0.0636614,0.2482,-1.00728,-1.59481,-1.01706,-0.127135,0.559175,1.40119,-1.61276,1.8305,-0.0898098,-1.26576,-1.76124,1.23195,-0.269686,1.22789,-1.59845,-1.56077,0.458786,1.996,-0.185011,-1.75004,1.38731,-0.797919,-1.56933,0.936032,-1.67351,1.35279,0.444837,1.42627,-1.3104,-0.0724454,0.89088,-0.393547,0.886616,0.0264761,-0.478673,-1.03596,0.226382,0.0675763,-1.26799,0.156639,-0.0321617,0.998724,0.212245,-0.63784,-0.775643,-0.788799,1.94885,1.21166,0.828242,-0.92643,-0.62419,-1.08532,0.0134659,-0.922084,-1.04397,-1.82062,-0.720654,-1.94471,-0.376988,1.76676,-0.594025,1.17955,0.313105,1.16384,0.0323358,0.112372,0.276904,0.173359,1.84303,0.871915,-1.30925,-0.819472,-0.271119,0.144731,1.18899,1.07535,1.68402,1.67163,-0.91779,-0.253471,-1.68299,-0.374937,1.42931,0.855572,-1.19532,-0.21702,-0.182455,-1.57141,0.207211,0.400991,-0.947899,1.33328,-0.117931,-0.163268,-0.343945,-1.80969,0.561396,1.47985,-1.80659,0.133467,0.1511,-0.0617604,-0.209304,0.665135,-0.964839,0.584124,-2.74552,-0.0886103,1.39163,0.533445,0.0157113,-1.47363,0.108107,0.198706,1.22647,0.947817,1.28123,-0.245386,-0.193752,1.17057,-1.11339,-0.728585,0.316321,0.603118,1.50906,-0.11858,0.426966,0.680546,0.668748,0.784654,-0.759208,-0.481732,0.951516,1.31911,-0.102439,-1.15109,0.111922,-1.8831,-0.253316,-1.2765,-0.434981,-0.645446,-0.789708,-1.12289,-1.62929,-0.467958,0.207661,0.651774,1.74888,-0.296656,2.51368,-0.0989713,-0.298988,-1.27734,-1.23646,-0.0297592,0.365837,1.0992,-0.884572,0.490703,1.25793,0.0531089,-1.44406,0.431079,0.804078,0.660359,-0.415067,-0.20906,-0.894443,1.00188,1.92523,0.258312,-0.43281,-0.678357,0.270368,0.874007,0.17826,0.0557867,-2.11872,0.413855,-0.271404,-0.127603,1.45223,0.296186,-1.09874,-547.184,-508.299,2761.5,815.011,520.894,-1882.04,-2005.36,-819.359,713.376,4167.89,684.524,-60.5022,-3825.74,-379.508,89.5438,-786.665,-2764.26,-1893.05,-1138.15,1330.48,3721.9,-4549.31,2287.66,267.703,-2638.59,-2872.07,3581.78,-691.08,1559.76,-2665.15,-3407.54,531.827,2745.55,-223.138,-3512.96,4957.76,-1430.38,-3610.6,1490.59,-2808.39,2647.86,134.514,1058.66,-2025.01,485.435,3088.29,-408.039,1755.96,-843.537,223.64,-979.537,157.066,-382.401,-1592.82,146.539,630.355,1663.4,390.568,-1767.98,-422.267,-1066.21,3073.98,426.967,1910.6,-1257.09,-400.344,-1141.72,499.265,-2604.22,-1076.11,-4120.46,-2216.12,-5824.17,-626.233,4606.2,242.817,3643.23,1542.24,2193.71,656.864,865.569,271.498,-601.193,3442.11,1343.81,-669.027,-589.169,-124.323,-568.395,1995.34,2199.27,3168.19,1360.03,-1589.59,215.181,-2315.43,-552.459,2949.46,968.289,-1405.52
-250354,0,1,0,1,1,250401,-0.384764,0.00591807,1.98251,0.65987,0.194549,-1.62464,-1.32884,-0.638008,0.776036,1.76188,-0.149657,0.116447,-1.54277,-0.0636614,0.2482,-1.00728,-1.59481,-1.01706,-0.127135,0.559175,1.40119,-1.61276,1.8305,-0.0898098,-1.26576,-1.76124,1.23195,-0.269686,1.22789,-1.59845,-1.56077,0.458786,1.996,-0.185011,-1.75004,1.38731,-0.797919,-1.56933,0.936032,-1.67351,1.35279,0.444837,1.42627,-1.3104,-0.0724454,0.89088,-0.393547,0.886616,0.0264761,-0.478673,-1.03596,0.226382,0.0675763,-1.26799,0.156639,-0.0321617,0.998724,0.212245,-0.63784,-0.775643,-0.788799,1.94885,1.21166,0.828242,-0.92643,-0.62419,-1.08532,0.0134659,-0.922084,-1.04397,-1.82062,-0.720654,-1.94471,-0.376988,1.76676,-0.594025,1.17955,0.313105,1.16384,0.0323358,0.112372,0.276904,0.173359,1.84303,0.871915,-1.30925,-0.819472,-0.271119,0.144731,1.18899,1.07535,1.68402,1.67163,-0.91779,-0.253471,-1.68299,-0.374937,1.42931,0.855572,-1.19532,0.0612204,1.75039,-0.431852,0.321631,0.156317,0.0928234,-0.386183,-1.65789,0.174084,0.691187,-0.132162,-1.09242,0.467608,-1.02583,-0.129658,-0.979989,-0.511625,-1.70362,0.866367,-0.0393951,-0.349827,0.313474,1.16621,1.60949,0.733533,3.07081,1.20382,1.37964,0.868581,-0.350351,-0.759191,1.0725,-0.219237,0.750596,-1.81193,0.483354,-0.622373,-0.135931,-0.00228637,-1.20817,0.772036,0.636696,0.208577,0.426673,-0.513672,-0.41028,-0.592236,-0.468831,1.11173,-0.799072,-0.579305,-0.165622,0.735661,0.296897,-0.731766,1.2054,0.34302,1.032,-1.00356,-1.86899,-1.21126,1.31945,-0.129178,1.9109,1.95322,0.977947,0.777599,-1.38557,0.137443,0.836573,-0.0758756,1.32598,0.32474,-0.0650427,-0.212833,0.181164,-0.400515,1.46927,0.614479,1.46109,-0.0700214,-1.39668,-1.05578,2.12386,-0.872019,1.1673,0.717231,-1.33474,-0.890704,-1.76588,0.582851,-0.136259,-0.218127,0.702733,-0.173209,-0.0594536,1.5421,-0.65499,-0.451285,-0.467886,-547.184,-508.299,2761.5,815.011,520.894,-1882.04,-2005.36,-819.359,713.376,4167.89,684.524,-60.5022,-3825.74,-379.508,89.5438,-786.665,-2764.26,-1893.05,-1138.15,1330.48,3721.9,-4549.31,2287.66,267.703,-2638.59,-2872.07,3581.78,-691.08,1559.76,-2665.15,-3407.54,531.827,2745.55,-223.138,-3512.96,4957.76,-1430.38,-3610.6,1490.59,-2808.39,2647.86,134.514,1058.66,-2025.01,485.435,3088.29,-408.039,1755.96,-843.537,223.64,-979.537,157.066,-382.401,-1592.82,146.539,630.355,1663.4,390.568,-1767.98,-422.267,-1066.21,3073.98,426.967,1910.6,-1257.09,-400.344,-1141.72,499.265,-2604.22,-1076.11,-4120.46,-2216.12,-5824.17,-626.233,4606.2,242.817,3643.23,1542.24,2193.71,656.864,865.569,271.498,-601.193,3442.11,1343.81,-669.027,-589.169,-124.323,-568.395,1995.34,2199.27,3168.19,1360.03,-1589.59,215.181,-2315.43,-552.459,2949.46,968.289,-1405.52
-250354,0,1,0,1,1,250392,-0.384764,0.00591807,1.98251,0.65987,0.194549,-1.62464,-1.32884,-0.638008,0.776036,1.76188,-0.149657,0.116447,-1.54277,-0.0636614,0.2482,-1.00728,-1.59481,-1.01706,-0.127135,0.559175,1.40119,-1.61276,1.8305,-0.0898098,-1.26576,-1.76124,1.23195,-0.269686,1.22789,-1.59845,-1.56077,0.458786,1.996,-0.185011,-1.75004,1.38731,-0.797919,-1.56933,0.936032,-1.67351,1.35279,0.444837,1.42627,-1.3104,-0.0724454,0.89088,-0.393547,0.886616,0.0264761,-0.478673,-1.03596,0.226382,0.0675763,-1.26799,0.156639,-0.0321617,0.998724,0.212245,-0.63784,-0.775643,-0.788799,1.94885,1.21166,0.828242,-0.92643,-0.62419,-1.08532,0.0134659,-0.922084,-1.04397,-1.82062,-0.720654,-1.94471,-0.376988,1.76676,-0.594025,1.17955,0.313105,1.16384,0.0323358,0.112372,0.276904,0.173359,1.84303,0.871915,-1.30925,-0.819472,-0.271119,0.144731,1.18899,1.07535,1.68402,1.67163,-0.91779,-0.253471,-1.68299,-0.374937,1.42931,0.855572,-1.19532,-0.712171,-0.52907,0.840349,-0.229643,-0.77954,-0.227229,2.13156,0.0393274,-0.0400407,0.212222,-0.842853,-0.332293,-1.03897,0.133456,-0.966544,0.682634,0.000155327,-0.442668,-1.82111,0.571041,-0.295624,-0.696398,1.81352,-1.06299,1.45762,1.06649,-1.59684,-0.048229,-0.775783,0.540388,0.108777,-0.886914,-1.20941,-0.259855,-0.796134,-0.343954,0.302099,-0.540427,-0.928824,-1.00709,-0.994774,0.536992,-1.69911,-0.341634,-0.521146,0.189171,-0.183504,1.02018,-0.322185,-0.0142844,-0.0653567,1.17774,-0.432084,1.12217,-0.491638,-0.259115,-0.658469,-0.891166,-0.0862218,-1.35668,0.525885,-0.593591,0.489528,0.6937,0.0747573,1.21162,0.272911,1.88181,1.93534,0.629618,-0.245987,0.69252,-0.60927,-0.00131873,0.279315,0.800009,0.957115,1.45695,0.48557,-0.264214,0.328784,-0.185832,-0.331166,0.526569,-0.750601,-2.02065,1.61394,-0.428081,0.701958,-0.52982,0.20206,0.260863,1.26342,0.103101,-0.564937,-0.296624,1.13472,-1.48564,1.22722,1.46057,-547.184,-508.299,2761.5,815.011,520.894,-1882.04,-2005.36,-819.359,713.376,4167.89,684.524,-60.5022,-3825.74,-379.508,89.5438,-786.665,-2764.26,-1893.05,-1138.15,1330.48,3721.9,-4549.31,2287.66,267.703,-2638.59,-2872.07,3581.78,-691.08,1559.76,-2665.15,-3407.54,531.827,2745.55,-223.138,-3512.96,4957.76,-1430.38,-3610.6,1490.59,-2808.39,2647.86,134.514,1058.66,-2025.01,485.435,3088.29,-408.039,1755.96,-843.537,223.64,-979.537,157.066,-382.401,-1592.82,146.539,630.355,1663.4,390.568,-1767.98,-422.267,-1066.21,3073.98,426.967,1910.6,-1257.09,-400.344,-1141.72,499.265,-2604.22,-1076.11,-4120.46,-2216.12,-5824.17,-626.233,4606.2,242.817,3643.23,1542.24,2193.71,656.864,865.569,271.498,-601.193,3442.11,1343.81,-669.027,-589.169,-124.323,-568.395,1995.34,2199.27,3168.19,1360.03,-1589.59,215.181,-2315.43,-552.459,2949.46,968.289,-1405.52
-250354,0,1,0,1,1,250406,-0.384764,0.00591807,1.98251,0.65987,0.194549,-1.62464,-1.32884,-0.638008,0.776036,1.76188,-0.149657,0.116447,-1.54277,-0.0636614,0.2482,-1.00728,-1.59481,-1.01706,-0.127135,0.559175,1.40119,-1.61276,1.8305,-0.0898098,-1.26576,-1.76124,1.23195,-0.269686,1.22789,-1.59845,-1.56077,0.458786,1.996,-0.185011,-1.75004,1.38731,-0.797919,-1.56933,0.936032,-1.67351,1.35279,0.444837,1.42627,-1.3104,-0.0724454,0.89088,-0.393547,0.886616,0.0264761,-0.478673,-1.03596,0.226382,0.0675763,-1.26799,0.156639,-0.0321617,0.998724,0.212245,-0.63784,-0.775643,-0.788799,1.94885,1.21166,0.828242,-0.92643,-0.62419,-1.08532,0.0134659,-0.922084,-1.04397,-1.82062,-0.720654,-1.94471,-0.376988,1.76676,-0.594025,1.17955,0.313105,1.16384,0.0323358,0.112372,0.276904,0.173359,1.84303,0.871915,-1.30925,-0.819472,-0.271119,0.144731,1.18899,1.07535,1.68402,1.67163,-0.91779,-0.253471,-1.68299,-0.374937,1.42931,0.855572,-1.19532,1.73201,-1.38563,-0.312259,1.1093,-0.614212,-0.266484,-1.16877,-0.894066,-1.93409,0.902232,-0.239444,1.35225,0.635767,0.657989,-1.25719,0.0815748,1.15987,0.0656089,-1.54185,-0.796647,-0.81959,-0.549699,-0.894782,0.784398,1.31652,-1.76035,-0.6215,-0.0215506,-0.901827,0.361472,-0.442684,0.942752,0.326012,-0.558384,-0.0109246,-0.430452,-1.24986,0.15519,0.253402,-1.69577,-1.73722,-0.266071,0.98206,-1.00103,-0.576928,-0.529139,-0.162042,1.10913,-0.794298,-0.478218,-0.122018,-0.850911,-1.70386,-1.22193,1.83508,-0.908127,-0.185552,-0.186202,-3.10755,-0.505537,-0.583162,-1.65886,1.31052,-0.0683844,0.702594,-1.61021,-1.22637,0.257568,-0.310581,0.422081,-1.24029,-0.188044,-1.80895,0.949732,0.153079,-0.974665,1.14915,-1.15916,0.787912,-1.07622,-0.485967,1.14246,0.970562,0.0852227,-1.40025,-1.82407,-1.22232,-1.87471,-1.33563,-1.13184,-0.392917,0.145104,0.453538,0.0875465,-0.471871,0.0925113,0.922065,0.378686,0.956106,0.405324,-547.184,-508.299,2761.5,815.011,520.894,-1882.04,-2005.36,-819.359,713.376,4167.89,684.524,-60.5022,-3825.74,-379.508,89.5438,-786.665,-2764.26,-1893.05,-1138.15,1330.48,3721.9,-4549.31,2287.66,267.703,-2638.59,-2872.07,3581.78,-691.08,1559.76,-2665.15,-3407.54,531.827,2745.55,-223.138,-3512.96,4957.76,-1430.38,-3610.6,1490.59,-2808.39,2647.86,134.514,1058.66,-2025.01,485.435,3088.29,-408.039,1755.96,-843.537,223.64,-979.537,157.066,-382.401,-1592.82,146.539,630.355,1663.4,390.568,-1767.98,-422.267,-1066.21,3073.98,426.967,1910.6,-1257.09,-400.344,-1141.72,499.265,-2604.22,-1076.11,-4120.46,-2216.12,-5824.17,-626.233,4606.2,242.817,3643.23,1542.24,2193.71,656.864,865.569,271.498,-601.193,3442.11,1343.81,-669.027,-589.169,-124.323,-568.395,1995.34,2199.27,3168.19,1360.03,-1589.59,215.181,-2315.43,-552.459,2949.46,968.289,-1405.52
-250354,0,1,0,1,1,250410,-0.384764,0.00591807,1.98251,0.65987,0.194549,-1.62464,-1.32884,-0.638008,0.776036,1.76188,-0.149657,0.116447,-1.54277,-0.0636614,0.2482,-1.00728,-1.59481,-1.01706,-0.127135,0.559175,1.40119,-1.61276,1.8305,-0.0898098,-1.26576,-1.76124,1.23195,-0.269686,1.22789,-1.59845,-1.56077,0.458786,1.996,-0.185011,-1.75004,1.38731,-0.797919,-1.56933,0.936032,-1.67351,1.35279,0.444837,1.42627,-1.3104,-0.0724454,0.89088,-0.393547,0.886616,0.0264761,-0.478673,-1.03596,0.226382,0.0675763,-1.26799,0.156639,-0.0321617,0.998724,0.212245,-0.63784,-0.775643,-0.788799,1.94885,1.21166,0.828242,-0.92643,-0.62419,-1.08532,0.0134659,-0.922084,-1.04397,-1.82062,-0.720654,-1.94471,-0.376988,1.76676,-0.594025,1.17955,0.313105,1.16384,0.0323358,0.112372,0.276904,0.173359,1.84303,0.871915,-1.30925,-0.819472,-0.271119,0.144731,1.18899,1.07535,1.68402,1.67163,-0.91779,-0.253471,-1.68299,-0.374937,1.42931,0.855572,-1.19532,0.855662,-1.59214,0.11541,0.51508,-0.720976,1.90677,-0.293896,-0.952729,0.976982,-0.165935,0.798665,-0.0542124,0.775195,-0.389717,-0.177743,-0.686127,1.29638,0.495351,0.42665,-0.556377,0.0540769,-1.32565,0.711559,-1.27693,1.36212,1.53109,0.906255,-0.563378,-1.81204,-0.86321,1.51781,-2.34049,-1.40123,0.978085,-0.0539953,-1.52912,-0.0627544,-0.723742,0.01753,0.0499644,-2.05518,0.264587,-0.243268,1.60684,0.867591,0.826762,0.771316,-0.211485,-3.26209,-1.05598,-0.319529,0.465424,-2.00807,0.0119275,0.215824,-0.657585,0.466177,0.374219,-0.217186,0.449157,0.362799,-1.06634,-0.430656,0.632253,-1.28077,0.251479,-0.488829,0.42421,0.129568,-1.80592,0.909276,0.018579,-1.99573,-1.40851,2.12366,-0.879741,1.43953,1.01698,-0.0824856,0.0388177,-2.03013,-0.0517618,-0.159097,1.4228,0.936096,-1.19634,1.45898,1.01469,-1.16604,0.204191,1.16523,-1.18507,-0.474789,1.13623,-0.502403,0.691028,-0.550883,1.04822,-1.35017,-0.495061,-547.184,-508.299,2761.5,815.011,520.894,-1882.04,-2005.36,-819.359,713.376,4167.89,684.524,-60.5022,-3825.74,-379.508,89.5438,-786.665,-2764.26,-1893.05,-1138.15,1330.48,3721.9,-4549.31,2287.66,267.703,-2638.59,-2872.07,3581.78,-691.08,1559.76,-2665.15,-3407.54,531.827,2745.55,-223.138,-3512.96,4957.76,-1430.38,-3610.6,1490.59,-2808.39,2647.86,134.514,1058.66,-2025.01,485.435,3088.29,-408.039,1755.96,-843.537,223.64,-979.537,157.066,-382.401,-1592.82,146.539,630.355,1663.4,390.568,-1767.98,-422.267,-1066.21,3073.98,426.967,1910.6,-1257.09,-400.344,-1141.72,499.265,-2604.22,-1076.11,-4120.46,-2216.12,-5824.17,-626.233,4606.2,242.817,3643.23,1542.24,2193.71,656.864,865.569,271.498,-601.193,3442.11,1343.81,-669.027,-589.169,-124.323,-568.395,1995.34,2199.27,3168.19,1360.03,-1589.59,215.181,-2315.43,-552.459,2949.46,968.289,-1405.52
-250354,0,1,0,1,1,250397,-0.384764,0.00591807,1.98251,0.65987,0.194549,-1.62464,-1.32884,-0.638008,0.776036,1.76188,-0.149657,0.116447,-1.54277,-0.0636614,0.2482,-1.00728,-1.59481,-1.01706,-0.127135,0.559175,1.40119,-1.61276,1.8305,-0.0898098,-1.26576,-1.76124,1.23195,-0.269686,1.22789,-1.59845,-1.56077,0.458786,1.996,-0.185011,-1.75004,1.38731,-0.797919,-1.56933,0.936032,-1.67351,1.35279,0.444837,1.42627,-1.3104,-0.0724454,0.89088,-0.393547,0.886616,0.0264761,-0.478673,-1.03596,0.226382,0.0675763,-1.26799,0.156639,-0.0321617,0.998724,0.212245,-0.63784,-0.775643,-0.788799,1.94885,1.21166,0.828242,-0.92643,-0.62419,-1.08532,0.0134659,-0.922084,-1.04397,-1.82062,-0.720654,-1.94471,-0.376988,1.76676,-0.594025,1.17955,0.313105,1.16384,0.0323358,0.112372,0.276904,0.173359,1.84303,0.871915,-1.30925,-0.819472,-0.271119,0.144731,1.18899,1.07535,1.68402,1.67163,-0.91779,-0.253471,-1.68299,-0.374937,1.42931,0.855572,-1.19532,-0.899445,-1.03759,0.331574,-0.144347,0.452225,0.330087,0.119848,-0.36481,0.618513,0.467828,-0.568849,-1.35976,1.1198,0.432147,0.444118,-0.511481,0.00562284,1.23094,1.53548,-0.0923561,0.314671,0.456045,-2.0898,1.86819,1.72826,-0.251552,0.35175,-0.902187,-0.44455,0.422357,-0.790236,0.164796,0.794504,0.446827,1.25984,-0.464471,-0.591158,0.111931,-0.868408,0.179107,0.303945,-1.47182,0.508446,-0.106562,0.287457,-0.64086,-0.31374,-1.36726,0.24335,0.427623,1.05814,-0.181142,-2.03524,1.24792,0.899652,0.342757,1.65025,-0.0151341,-0.808171,-1.21668,0.210458,-0.402262,-1.36908,1.62031,-0.33339,0.15177,-1.51601,-0.815217,0.28446,-0.0681382,1.02062,0.497321,-0.0157097,-0.842888,1.9023,-1.17258,-0.666831,0.217319,-1.42007,-1.07097,1.68422,-0.373869,0.0801948,0.829807,0.75622,-1.11364,-1.14803,-0.817545,-1.41745,-1.24324,-0.0684879,-1.9067,0.395581,0.152219,0.0099161,0.810472,1.02276,1.62691,1.44284,1.04397,-547.184,-508.299,2761.5,815.011,520.894,-1882.04,-2005.36,-819.359,713.376,4167.89,684.524,-60.5022,-3825.74,-379.508,89.5438,-786.665,-2764.26,-1893.05,-1138.15,1330.48,3721.9,-4549.31,2287.66,267.703,-2638.59,-2872.07,3581.78,-691.08,1559.76,-2665.15,-3407.54,531.827,2745.55,-223.138,-3512.96,4957.76,-1430.38,-3610.6,1490.59,-2808.39,2647.86,134.514,1058.66,-2025.01,485.435,3088.29,-408.039,1755.96,-843.537,223.64,-979.537,157.066,-382.401,-1592.82,146.539,630.355,1663.4,390.568,-1767.98,-422.267,-1066.21,3073.98,426.967,1910.6,-1257.09,-400.344,-1141.72,499.265,-2604.22,-1076.11,-4120.46,-2216.12,-5824.17,-626.233,4606.2,242.817,3643.23,1542.24,2193.71,656.864,865.569,271.498,-601.193,3442.11,1343.81,-669.027,-589.169,-124.323,-568.395,1995.34,2199.27,3168.19,1360.03,-1589.59,215.181,-2315.43,-552.459,2949.46,968.289,-1405.52
-250354,0,1,0,1,1,250401,-0.384764,0.00591807,1.98251,0.65987,0.194549,-1.62464,-1.32884,-0.638008,0.776036,1.76188,-0.149657,0.116447,-1.54277,-0.0636614,0.2482,-1.00728,-1.59481,-1.01706,-0.127135,0.559175,1.40119,-1.61276,1.8305,-0.0898098,-1.26576,-1.76124,1.23195,-0.269686,1.22789,-1.59845,-1.56077,0.458786,1.996,-0.185011,-1.75004,1.38731,-0.797919,-1.56933,0.936032,-1.67351,1.35279,0.444837,1.42627,-1.3104,-0.0724454,0.89088,-0.393547,0.886616,0.0264761,-0.478673,-1.03596,0.226382,0.0675763,-1.26799,0.156639,-0.0321617,0.998724,0.212245,-0.63784,-0.775643,-0.788799,1.94885,1.21166,0.828242,-0.92643,-0.62419,-1.08532,0.0134659,-0.922084,-1.04397,-1.82062,-0.720654,-1.94471,-0.376988,1.76676,-0.594025,1.17955,0.313105,1.16384,0.0323358,0.112372,0.276904,0.173359,1.84303,0.871915,-1.30925,-0.819472,-0.271119,0.144731,1.18899,1.07535,1.68402,1.67163,-0.91779,-0.253471,-1.68299,-0.374937,1.42931,0.855572,-1.19532,-0.531079,-0.14941,0.451922,1.45277,-0.401565,-0.695578,-0.705285,2.48665,0.429528,0.26286,0.264832,0.693291,0.122574,0.0527367,-1.4343,0.430812,1.01444,-1.29583,-0.702304,-0.0903271,-1.03012,-0.648208,0.253421,-1.11715,-0.011143,0.0766338,-0.32209,-0.23259,1.53493,1.09726,-2.35908,0.72089,0.539009,-0.590277,0.275945,0.532083,-0.0790618,0.0407671,-0.0467167,0.263819,-0.419963,-1.37601,0.460374,0.701156,0.784881,-0.00361296,0.166402,0.340914,-0.656966,-0.817112,0.81557,0.428011,0.119443,-3.2138,0.169961,1.05757,-0.0725381,0.393732,-0.470263,0.262997,-2.55617,1.89158,-1.65402,1.02838,0.654885,-0.469144,0.736188,0.92228,0.21479,-2.27973,-0.684285,1.67198,0.992711,0.853355,1.09063,0.112173,-0.731746,-1.1435,1.14585,-1.35014,0.104636,1.20832,-0.234655,0.443812,0.277276,-0.615756,0.0291168,-1.39592,-0.431855,1.48984,-0.0718957,-0.268251,-0.990432,0.867168,-1.27618,1.13262,1.01297,-0.728825,-0.159031,0.799993,-547.184,-508.299,2761.5,815.011,520.894,-1882.04,-2005.36,-819.359,713.376,4167.89,684.524,-60.5022,-3825.74,-379.508,89.5438,-786.665,-2764.26,-1893.05,-1138.15,1330.48,3721.9,-4549.31,2287.66,267.703,-2638.59,-2872.07,3581.78,-691.08,1559.76,-2665.15,-3407.54,531.827,2745.55,-223.138,-3512.96,4957.76,-1430.38,-3610.6,1490.59,-2808.39,2647.86,134.514,1058.66,-2025.01,485.435,3088.29,-408.039,1755.96,-843.537,223.64,-979.537,157.066,-382.401,-1592.82,146.539,630.355,1663.4,390.568,-1767.98,-422.267,-1066.21,3073.98,426.967,1910.6,-1257.09,-400.344,-1141.72,499.265,-2604.22,-1076.11,-4120.46,-2216.12,-5824.17,-626.233,4606.2,242.817,3643.23,1542.24,2193.71,656.864,865.569,271.498,-601.193,3442.11,1343.81,-669.027,-589.169,-124.323,-568.395,1995.34,2199.27,3168.19,1360.03,-1589.59,215.181,-2315.43,-552.459,2949.46,968.289,-1405.52
-250354,0,1,0,1,1,250394,-0.384764,0.00591807,1.98251,0.65987,0.194549,-1.62464,-1.32884,-0.638008,0.776036,1.76188,-0.149657,0.116447,-1.54277,-0.0636614,0.2482,-1.00728,-1.59481,-1.01706,-0.127135,0.559175,1.40119,-1.61276,1.8305,-0.0898098,-1.26576,-1.76124,1.23195,-0.269686,1.22789,-1.59845,-1.56077,0.458786,1.996,-0.185011,-1.75004,1.38731,-0.797919,-1.56933,0.936032,-1.67351,1.35279,0.444837,1.42627,-1.3104,-0.0724454,0.89088,-0.393547,0.886616,0.0264761,-0.478673,-1.03596,0.226382,0.0675763,-1.26799,0.156639,-0.0321617,0.998724,0.212245,-0.63784,-0.775643,-0.788799,1.94885,1.21166,0.828242,-0.92643,-0.62419,-1.08532,0.0134659,-0.922084,-1.04397,-1.82062,-0.720654,-1.94471,-0.376988,1.76676,-0.594025,1.17955,0.313105,1.16384,0.0323358,0.112372,0.276904,0.173359,1.84303,0.871915,-1.30925,-0.819472,-0.271119,0.144731,1.18899,1.07535,1.68402,1.67163,-0.91779,-0.253471,-1.68299,-0.374937,1.42931,0.855572,-1.19532,-1.15935,-0.9357,0.99015,0.760259,-0.07414,0.638419,0.0871226,-0.0180674,1.22944,-1.0358,-0.0911663,-0.640531,0.661081,-1.84315,-0.421037,-0.0145259,-0.494359,-1.09476,1.04464,0.692384,0.215103,-0.0907516,1.38158,0.298715,-1.83137,0.444123,-0.272285,-0.0508116,1.06927,-0.271285,-0.307536,-0.857042,1.00832,-1.6606,0.684334,-0.895242,0.695966,0.045985,0.407395,-1.80585,0.617963,-0.0111197,-1.00848,0.698046,-1.93403,-0.607019,0.377137,-0.252788,1.29457,-0.280684,-1.37164,1.22118,-0.962537,-0.382143,1.86627,0.892247,0.882691,0.356929,1.02678,-0.761108,-0.58482,-0.127746,0.0880033,-0.613376,-0.1985,0.405432,-1.37783,-0.408931,0.764773,2.15144,1.37941,-0.278568,-0.101699,1.49531,-2.04896,-0.362322,-0.00249334,-0.0758146,1.45524,-0.167144,-0.430022,0.763868,1.00114,-0.227052,-0.928866,0.125877,-0.376278,0.681942,-1.14919,0.425084,-0.134488,-0.941983,1.45194,-0.744653,-0.239863,-0.553335,0.568329,0.690124,0.734433,-0.444426,-547.184,-508.299,2761.5,815.011,520.894,-1882.04,-2005.36,-819.359,713.376,4167.89,684.524,-60.5022,-3825.74,-379.508,89.5438,-786.665,-2764.26,-1893.05,-1138.15,1330.48,3721.9,-4549.31,2287.66,267.703,-2638.59,-2872.07,3581.78,-691.08,1559.76,-2665.15,-3407.54,531.827,2745.55,-223.138,-3512.96,4957.76,-1430.38,-3610.6,1490.59,-2808.39,2647.86,134.514,1058.66,-2025.01,485.435,3088.29,-408.039,1755.96,-843.537,223.64,-979.537,157.066,-382.401,-1592.82,146.539,630.355,1663.4,390.568,-1767.98,-422.267,-1066.21,3073.98,426.967,1910.6,-1257.09,-400.344,-1141.72,499.265,-2604.22,-1076.11,-4120.46,-2216.12,-5824.17,-626.233,4606.2,242.817,3643.23,1542.24,2193.71,656.864,865.569,271.498,-601.193,3442.11,1343.81,-669.027,-589.169,-124.323,-568.395,1995.34,2199.27,3168.19,1360.03,-1589.59,215.181,-2315.43,-552.459,2949.46,968.289,-1405.52
-250354,0,1,0,1,1,250407,-0.384764,0.00591807,1.98251,0.65987,0.194549,-1.62464,-1.32884,-0.638008,0.776036,1.76188,-0.149657,0.116447,-1.54277,-0.0636614,0.2482,-1.00728,-1.59481,-1.01706,-0.127135,0.559175,1.40119,-1.61276,1.8305,-0.0898098,-1.26576,-1.76124,1.23195,-0.269686,1.22789,-1.59845,-1.56077,0.458786,1.996,-0.185011,-1.75004,1.38731,-0.797919,-1.56933,0.936032,-1.67351,1.35279,0.444837,1.42627,-1.3104,-0.0724454,0.89088,-0.393547,0.886616,0.0264761,-0.478673,-1.03596,0.226382,0.0675763,-1.26799,0.156639,-0.0321617,0.998724,0.212245,-0.63784,-0.775643,-0.788799,1.94885,1.21166,0.828242,-0.92643,-0.62419,-1.08532,0.0134659,-0.922084,-1.04397,-1.82062,-0.720654,-1.94471,-0.376988,1.76676,-0.594025,1.17955,0.313105,1.16384,0.0323358,0.112372,0.276904,0.173359,1.84303,0.871915,-1.30925,-0.819472,-0.271119,0.144731,1.18899,1.07535,1.68402,1.67163,-0.91779,-0.253471,-1.68299,-0.374937,1.42931,0.855572,-1.19532,-0.359317,1.3742,-0.154786,0.580006,0.401945,-0.141382,1.02403,-0.980877,-0.72726,0.521115,-2.21377,-1.61,1.22334,0.477823,-1.63897,-0.942489,-0.0228945,0.177025,0.896004,0.400131,-0.504587,0.255346,-0.79036,1.16942,0.275133,-1.22902,1.70508,0.308963,-0.156855,-0.990842,1.16517,0.458359,1.00394,-0.128909,-0.00980724,0.696635,-0.646668,-0.452548,-0.334388,-0.0492181,0.336883,-0.793207,0.237302,-0.549783,0.601116,3.42756,-0.376374,1.46526,-0.94026,0.204068,-0.112114,-2.1079,-0.6177,0.562015,-0.29702,0.291986,-1.57534,2.09326,-3.10585,-0.903189,0.0215318,2.63387,1.83103,-0.194874,-0.561378,-0.939594,-1.35638,-1.23252,-0.841949,0.550432,-1.15766,0.419645,-0.55784,1.14112,-0.971313,0.588047,0.43139,-1.55324,-0.596035,-0.23702,0.202601,0.443776,0.894253,-1.01389,0.832985,-0.991425,0.224437,-0.720512,0.337372,1.11745,-0.570558,-0.485208,-0.64355,-0.76295,-0.630948,0.659579,0.414919,-1.06624,1.0383,-1.52378,-547.184,-508.299,2761.5,815.011,520.894,-1882.04,-2005.36,-819.359,713.376,4167.89,684.524,-60.5022,-3825.74,-379.508,89.5438,-786.665,-2764.26,-1893.05,-1138.15,1330.48,3721.9,-4549.31,2287.66,267.703,-2638.59,-2872.07,3581.78,-691.08,1559.76,-2665.15,-3407.54,531.827,2745.55,-223.138,-3512.96,4957.76,-1430.38,-3610.6,1490.59,-2808.39,2647.86,134.514,1058.66,-2025.01,485.435,3088.29,-408.039,1755.96,-843.537,223.64,-979.537,157.066,-382.401,-1592.82,146.539,630.355,1663.4,390.568,-1767.98,-422.267,-1066.21,3073.98,426.967,1910.6,-1257.09,-400.344,-1141.72,499.265,-2604.22,-1076.11,-4120.46,-2216.12,-5824.17,-626.233,4606.2,242.817,3643.23,1542.24,2193.71,656.864,865.569,271.498,-601.193,3442.11,1343.81,-669.027,-589.169,-124.323,-568.395,1995.34,2199.27,3168.19,1360.03,-1589.59,215.181,-2315.43,-552.459,2949.46,968.289,-1405.52
-250354,0,1,0,1,1,250394,-0.384764,0.00591807,1.98251,0.65987,0.194549,-1.62464,-1.32884,-0.638008,0.776036,1.76188,-0.149657,0.116447,-1.54277,-0.0636614,0.2482,-1.00728,-1.59481,-1.01706,-0.127135,0.559175,1.40119,-1.61276,1.8305,-0.0898098,-1.26576,-1.76124,1.23195,-0.269686,1.22789,-1.59845,-1.56077,0.458786,1.996,-0.185011,-1.75004,1.38731,-0.797919,-1.56933,0.936032,-1.67351,1.35279,0.444837,1.42627,-1.3104,-0.0724454,0.89088,-0.393547,0.886616,0.0264761,-0.478673,-1.03596,0.226382,0.0675763,-1.26799,0.156639,-0.0321617,0.998724,0.212245,-0.63784,-0.775643,-0.788799,1.94885,1.21166,0.828242,-0.92643,-0.62419,-1.08532,0.0134659,-0.922084,-1.04397,-1.82062,-0.720654,-1.94471,-0.376988,1.76676,-0.594025,1.17955,0.313105,1.16384,0.0323358,0.112372,0.276904,0.173359,1.84303,0.871915,-1.30925,-0.819472,-0.271119,0.144731,1.18899,1.07535,1.68402,1.67163,-0.91779,-0.253471,-1.68299,-0.374937,1.42931,0.855572,-1.19532,-0.979665,0.327239,-0.688052,-1.38725,-1.23131,0.0640926,0.14449,-0.188637,-0.000624566,0.935117,-0.0362199,-0.351431,1.62133,-0.717902,1.10411,0.742069,1.09834,1.03649,0.741422,1.04182,1.81666,0.0936912,0.0499488,-0.161342,-0.541402,0.475152,1.7095,0.0770163,1.1392,1.42848,0.365621,0.492922,-0.658974,-0.728887,0.359746,0.19098,0.108527,-0.516205,1.29776,0.767856,0.436889,-0.0421513,0.171034,-0.778644,0.24222,-0.752569,-0.85151,-0.338274,-1.03631,1.33748,0.850552,-0.783085,-1.42476,-1.31709,1.14281,0.428838,-0.387791,0.702419,0.997685,0.884714,-1.32321,1.05535,2.39218,-0.115343,0.837825,0.189018,1.87711,0.812854,0.408816,1.21922,0.803737,0.549023,0.732362,-0.815998,0.175227,-0.0936403,-0.476464,1.02803,0.481483,-0.564086,0.398807,0.842005,0.690509,-0.881663,0.674955,0.0089511,-1.21519,1.74251,-0.5499,1.43592,0.760939,0.624366,0.222116,-0.118288,-1.64882,0.253751,1.26807,-0.570926,0.88414,-0.804587,-547.184,-508.299,2761.5,815.011,520.894,-1882.04,-2005.36,-819.359,713.376,4167.89,684.524,-60.5022,-3825.74,-379.508,89.5438,-786.665,-2764.26,-1893.05,-1138.15,1330.48,3721.9,-4549.31,2287.66,267.703,-2638.59,-2872.07,3581.78,-691.08,1559.76,-2665.15,-3407.54,531.827,2745.55,-223.138,-3512.96,4957.76,-1430.38,-3610.6,1490.59,-2808.39,2647.86,134.514,1058.66,-2025.01,485.435,3088.29,-408.039,1755.96,-843.537,223.64,-979.537,157.066,-382.401,-1592.82,146.539,630.355,1663.4,390.568,-1767.98,-422.267,-1066.21,3073.98,426.967,1910.6,-1257.09,-400.344,-1141.72,499.265,-2604.22,-1076.11,-4120.46,-2216.12,-5824.17,-626.233,4606.2,242.817,3643.23,1542.24,2193.71,656.864,865.569,271.498,-601.193,3442.11,1343.81,-669.027,-589.169,-124.323,-568.395,1995.34,2199.27,3168.19,1360.03,-1589.59,215.181,-2315.43,-552.459,2949.46,968.289,-1405.52
-250354,0,1,0,1,1,250409,-0.384764,0.00591807,1.98251,0.65987,0.194549,-1.62464,-1.32884,-0.638008,0.776036,1.76188,-0.149657,0.116447,-1.54277,-0.0636614,0.2482,-1.00728,-1.59481,-1.01706,-0.127135,0.559175,1.40119,-1.61276,1.8305,-0.0898098,-1.26576,-1.76124,1.23195,-0.269686,1.22789,-1.59845,-1.56077,0.458786,1.996,-0.185011,-1.75004,1.38731,-0.797919,-1.56933,0.936032,-1.67351,1.35279,0.444837,1.42627,-1.3104,-0.0724454,0.89088,-0.393547,0.886616,0.0264761,-0.478673,-1.03596,0.226382,0.0675763,-1.26799,0.156639,-0.0321617,0.998724,0.212245,-0.63784,-0.775643,-0.788799,1.94885,1.21166,0.828242,-0.92643,-0.62419,-1.08532,0.0134659,-0.922084,-1.04397,-1.82062,-0.720654,-1.94471,-0.376988,1.76676,-0.594025,1.17955,0.313105,1.16384,0.0323358,0.112372,0.276904,0.173359,1.84303,0.871915,-1.30925,-0.819472,-0.271119,0.144731,1.18899,1.07535,1.68402,1.67163,-0.91779,-0.253471,-1.68299,-0.374937,1.42931,0.855572,-1.19532,0.635547,0.690782,0.473252,0.319225,-1.08084,-0.44542,0.479546,0.483962,-1.30631,1.44382,-0.142547,0.194136,0.244486,0.758266,-0.393667,0.04841,1.30982,0.995679,0.342164,-0.474915,-0.185904,0.534968,1.03878,0.156176,0.198461,-0.55786,-1.82928,0.344317,0.467585,2.01401,0.469024,0.680801,-0.0838076,-0.102994,-1.34249,1.86345,0.401892,-1.23254,-3.14243,-2.12821,-0.696299,1.37103,-0.559365,-0.127358,-0.663446,-0.339264,0.852341,0.400434,-1.55261,-0.416935,-2.39809,0.427752,0.752999,-2.01143,1.04566,-0.503026,-0.304833,1.70719,2.05459,1.95365,-1.53872,0.754196,-1.94348,1.5026,0.560077,-1.05706,0.193997,-0.647118,0.00787383,-1.2442,-0.046032,-1.43836,0.424553,-0.0481029,-0.0254233,-2.12823,-0.559546,-1.09809,0.59932,-0.681031,0.402569,0.475378,0.825639,-2.27749,0.351287,-1.08633,-0.507874,-0.429265,0.0128438,-1.15348,-0.581316,-0.20187,0.189917,1.57241,1.75677,-0.994775,0.222213,0.759809,-0.0339576,-0.224029,-547.184,-508.299,2761.5,815.011,520.894,-1882.04,-2005.36,-819.359,713.376,4167.89,684.524,-60.5022,-3825.74,-379.508,89.5438,-786.665,-2764.26,-1893.05,-1138.15,1330.48,3721.9,-4549.31,2287.66,267.703,-2638.59,-2872.07,3581.78,-691.08,1559.76,-2665.15,-3407.54,531.827,2745.55,-223.138,-3512.96,4957.76,-1430.38,-3610.6,1490.59,-2808.39,2647.86,134.514,1058.66,-2025.01,485.435,3088.29,-408.039,1755.96,-843.537,223.64,-979.537,157.066,-382.401,-1592.82,146.539,630.355,1663.4,390.568,-1767.98,-422.267,-1066.21,3073.98,426.967,1910.6,-1257.09,-400.344,-1141.72,499.265,-2604.22,-1076.11,-4120.46,-2216.12,-5824.17,-626.233,4606.2,242.817,3643.23,1542.24,2193.71,656.864,865.569,271.498,-601.193,3442.11,1343.81,-669.027,-589.169,-124.323,-568.395,1995.34,2199.27,3168.19,1360.03,-1589.59,215.181,-2315.43,-552.459,2949.46,968.289,-1405.52
-250354,0,1,0,1,1,250399,-0.384764,0.00591807,1.98251,0.65987,0.194549,-1.62464,-1.32884,-0.638008,0.776036,1.76188,-0.149657,0.116447,-1.54277,-0.0636614,0.2482,-1.00728,-1.59481,-1.01706,-0.127135,0.559175,1.40119,-1.61276,1.8305,-0.0898098,-1.26576,-1.76124,1.23195,-0.269686,1.22789,-1.59845,-1.56077,0.458786,1.996,-0.185011,-1.75004,1.38731,-0.797919,-1.56933,0.936032,-1.67351,1.35279,0.444837,1.42627,-1.3104,-0.0724454,0.89088,-0.393547,0.886616,0.0264761,-0.478673,-1.03596,0.226382,0.0675763,-1.26799,0.156639,-0.0321617,0.998724,0.212245,-0.63784,-0.775643,-0.788799,1.94885,1.21166,0.828242,-0.92643,-0.62419,-1.08532,0.0134659,-0.922084,-1.04397,-1.82062,-0.720654,-1.94471,-0.376988,1.76676,-0.594025,1.17955,0.313105,1.16384,0.0323358,0.112372,0.276904,0.173359,1.84303,0.871915,-1.30925,-0.819472,-0.271119,0.144731,1.18899,1.07535,1.68402,1.67163,-0.91779,-0.253471,-1.68299,-0.374937,1.42931,0.855572,-1.19532,1.8703,-0.0961677,0.583681,0.328178,2.13997,-0.523897,-1.45416,1.41639,1.30482,-0.686306,0.935662,-0.0753525,-0.820006,-0.266708,1.19425,-0.932805,-1.62344,-0.930496,0.205511,0.0739782,0.0749534,-0.856072,0.688675,0.0380727,1.21973,-0.212978,-0.683448,-0.315875,0.0196589,1.54424,-0.57372,0.289223,0.743269,-0.610281,-0.124389,-1.75498,1.5719,1.22034,0.219004,-0.778406,0.620333,1.35397,1.143,-0.191324,2.00714,0.168886,-0.776045,1.83436,-0.392786,0.2824,2.43638,-1.06937,0.153348,-0.668686,-0.882635,-0.568888,-0.382477,-0.340437,-1.73141,-1.01461,-0.222259,0.292923,0.649092,1.03522,-0.116947,-1.05721,-0.889549,1.32703,-1.18127,0.157766,1.27978,-0.634706,-1.39898,0.845384,-1.13182,-0.948745,-0.610308,1.7736,-1.96435,0.13945,0.869844,1.14616,-0.699956,0.193819,0.831844,0.0460214,0.464306,0.0174121,0.368173,0.819519,0.24063,0.714037,0.34299,0.952454,0.421854,-0.293583,-0.782077,-0.491883,0.341668,0.316174,-547.184,-508.299,2761.5,815.011,520.894,-1882.04,-2005.36,-819.359,713.376,4167.89,684.524,-60.5022,-3825.74,-379.508,89.5438,-786.665,-2764.26,-1893.05,-1138.15,1330.48,3721.9,-4549.31,2287.66,267.703,-2638.59,-2872.07,3581.78,-691.08,1559.76,-2665.15,-3407.54,531.827,2745.55,-223.138,-3512.96,4957.76,-1430.38,-3610.6,1490.59,-2808.39,2647.86,134.514,1058.66,-2025.01,485.435,3088.29,-408.039,1755.96,-843.537,223.64,-979.537,157.066,-382.401,-1592.82,146.539,630.355,1663.4,390.568,-1767.98,-422.267,-1066.21,3073.98,426.967,1910.6,-1257.09,-400.344,-1141.72,499.265,-2604.22,-1076.11,-4120.46,-2216.12,-5824.17,-626.233,4606.2,242.817,3643.23,1542.24,2193.71,656.864,865.569,271.498,-601.193,3442.11,1343.81,-669.027,-589.169,-124.323,-568.395,1995.34,2199.27,3168.19,1360.03,-1589.59,215.181,-2315.43,-552.459,2949.46,968.289,-1405.52
-250354,0,1,0,1,1,250389,-0.384764,0.00591807,1.98251,0.65987,0.194549,-1.62464,-1.32884,-0.638008,0.776036,1.76188,-0.149657,0.116447,-1.54277,-0.0636614,0.2482,-1.00728,-1.59481,-1.01706,-0.127135,0.559175,1.40119,-1.61276,1.8305,-0.0898098,-1.26576,-1.76124,1.23195,-0.269686,1.22789,-1.59845,-1.56077,0.458786,1.996,-0.185011,-1.75004,1.38731,-0.797919,-1.56933,0.936032,-1.67351,1.35279,0.444837,1.42627,-1.3104,-0.0724454,0.89088,-0.393547,0.886616,0.0264761,-0.478673,-1.03596,0.226382,0.0675763,-1.26799,0.156639,-0.0321617,0.998724,0.212245,-0.63784,-0.775643,-0.788799,1.94885,1.21166,0.828242,-0.92643,-0.62419,-1.08532,0.0134659,-0.922084,-1.04397,-1.82062,-0.720654,-1.94471,-0.376988,1.76676,-0.594025,1.17955,0.313105,1.16384,0.0323358,0.112372,0.276904,0.173359,1.84303,0.871915,-1.30925,-0.819472,-0.271119,0.144731,1.18899,1.07535,1.68402,1.67163,-0.91779,-0.253471,-1.68299,-0.374937,1.42931,0.855572,-1.19532,0.333881,1.52023,-0.206709,-0.511262,-0.36343,1.155,0.984833,0.513438,-0.971635,-0.0752181,0.317774,0.520644,-0.206643,0.672575,-0.578658,-0.818085,0.30962,-0.63668,1.84935,0.530332,1.85232,1.54885,-0.808132,0.855181,-0.492187,-0.875557,0.237986,0.287628,-0.586077,0.83064,-0.873609,0.89161,1.00398,0.315948,-0.120288,-0.59519,-0.843191,1.05651,0.00137525,1.61088,0.248272,-0.672144,1.02706,-0.0403923,0.197079,-1.2802,0.0104288,0.0276115,0.520277,-0.190657,-1.25955,0.104489,0.665633,-0.200513,-0.640215,-0.399411,-0.428873,-0.273217,1.64349,0.617402,0.00124342,0.139519,0.665375,-0.237779,0.723594,-0.446667,-0.49681,-1.65516,-1.65323,0.870152,1.96474,-1.50483,0.401049,0.396446,-0.684249,-0.0731332,-0.556642,-0.273342,0.648141,-0.958975,-0.953787,-0.208573,0.996796,-0.996431,-0.991373,-0.15791,-0.316269,0.164704,1.37717,0.206328,0.333713,0.967619,-1.34398,1.07109,-0.0831898,-0.946815,0.626168,0.43603,-1.14676,-1.4414,-547.184,-508.299,2761.5,815.011,520.894,-1882.04,-2005.36,-819.359,713.376,4167.89,684.524,-60.5022,-3825.74,-379.508,89.5438,-786.665,-2764.26,-1893.05,-1138.15,1330.48,3721.9,-4549.31,2287.66,267.703,-2638.59,-2872.07,3581.78,-691.08,1559.76,-2665.15,-3407.54,531.827,2745.55,-223.138,-3512.96,4957.76,-1430.38,-3610.6,1490.59,-2808.39,2647.86,134.514,1058.66,-2025.01,485.435,3088.29,-408.039,1755.96,-843.537,223.64,-979.537,157.066,-382.401,-1592.82,146.539,630.355,1663.4,390.568,-1767.98,-422.267,-1066.21,3073.98,426.967,1910.6,-1257.09,-400.344,-1141.72,499.265,-2604.22,-1076.11,-4120.46,-2216.12,-5824.17,-626.233,4606.2,242.817,3643.23,1542.24,2193.71,656.864,865.569,271.498,-601.193,3442.11,1343.81,-669.027,-589.169,-124.323,-568.395,1995.34,2199.27,3168.19,1360.03,-1589.59,215.181,-2315.43,-552.459,2949.46,968.289,-1405.52
-250354,0,1,0,1,1,250406,-0.384764,0.00591807,1.98251,0.65987,0.194549,-1.62464,-1.32884,-0.638008,0.776036,1.76188,-0.149657,0.116447,-1.54277,-0.0636614,0.2482,-1.00728,-1.59481,-1.01706,-0.127135,0.559175,1.40119,-1.61276,1.8305,-0.0898098,-1.26576,-1.76124,1.23195,-0.269686,1.22789,-1.59845,-1.56077,0.458786,1.996,-0.185011,-1.75004,1.38731,-0.797919,-1.56933,0.936032,-1.67351,1.35279,0.444837,1.42627,-1.3104,-0.0724454,0.89088,-0.393547,0.886616,0.0264761,-0.478673,-1.03596,0.226382,0.0675763,-1.26799,0.156639,-0.0321617,0.998724,0.212245,-0.63784,-0.775643,-0.788799,1.94885,1.21166,0.828242,-0.92643,-0.62419,-1.08532,0.0134659,-0.922084,-1.04397,-1.82062,-0.720654,-1.94471,-0.376988,1.76676,-0.594025,1.17955,0.313105,1.16384,0.0323358,0.112372,0.276904,0.173359,1.84303,0.871915,-1.30925,-0.819472,-0.271119,0.144731,1.18899,1.07535,1.68402,1.67163,-0.91779,-0.253471,-1.68299,-0.374937,1.42931,0.855572,-1.19532,-0.448682,0.455447,1.19467,0.938594,1.37641,1.1342,-0.0586265,0.973567,-0.236965,1.26657,-1.95506,-0.984779,0.269872,-0.678183,0.819315,-0.338938,2.4412,-1.11567,1.55579,0.342146,0.533957,1.16702,-0.0722465,-0.526796,1.38177,0.729863,-0.515703,-1.08068,1.64054,0.148287,-0.247331,0.216646,0.788108,-0.230711,-0.86679,0.499523,-0.458324,0.621765,1.10637,0.493037,-0.253698,-1.23786,-0.773732,-1.08817,0.0111084,0.0252107,-0.416308,1.76072,-0.543725,-0.647879,1.01554,1.72075,1.35286,-0.339272,0.222058,-0.133522,1.39957,0.2009,-2.51239,-0.509891,-0.0539595,0.871638,2.00301,0.26035,1.2095,0.131481,-0.0960939,0.171446,-1.69918,0.252054,0.820781,0.411923,0.252771,2.26448,1.82708,-0.236564,0.860987,-0.391895,0.51212,0.504451,0.90653,-0.0695163,-1.99659,-0.739119,1.27822,0.331677,-1.22867,0.997017,0.960783,-1.15218,0.23683,-0.0095831,2.08442,0.0812199,1.40891,-0.0420691,1.00612,-0.725713,0.205302,-2.11738,-547.184,-508.299,2761.5,815.011,520.894,-1882.04,-2005.36,-819.359,713.376,4167.89,684.524,-60.5022,-3825.74,-379.508,89.5438,-786.665,-2764.26,-1893.05,-1138.15,1330.48,3721.9,-4549.31,2287.66,267.703,-2638.59,-2872.07,3581.78,-691.08,1559.76,-2665.15,-3407.54,531.827,2745.55,-223.138,-3512.96,4957.76,-1430.38,-3610.6,1490.59,-2808.39,2647.86,134.514,1058.66,-2025.01,485.435,3088.29,-408.039,1755.96,-843.537,223.64,-979.537,157.066,-382.401,-1592.82,146.539,630.355,1663.4,390.568,-1767.98,-422.267,-1066.21,3073.98,426.967,1910.6,-1257.09,-400.344,-1141.72,499.265,-2604.22,-1076.11,-4120.46,-2216.12,-5824.17,-626.233,4606.2,242.817,3643.23,1542.24,2193.71,656.864,865.569,271.498,-601.193,3442.11,1343.81,-669.027,-589.169,-124.323,-568.395,1995.34,2199.27,3168.19,1360.03,-1589.59,215.181,-2315.43,-552.459,2949.46,968.289,-1405.52
-250354,0,1,0,1,1,250403,-0.384764,0.00591807,1.98251,0.65987,0.194549,-1.62464,-1.32884,-0.638008,0.776036,1.76188,-0.149657,0.116447,-1.54277,-0.0636614,0.2482,-1.00728,-1.59481,-1.01706,-0.127135,0.559175,1.40119,-1.61276,1.8305,-0.0898098,-1.26576,-1.76124,1.23195,-0.269686,1.22789,-1.59845,-1.56077,0.458786,1.996,-0.185011,-1.75004,1.38731,-0.797919,-1.56933,0.936032,-1.67351,1.35279,0.444837,1.42627,-1.3104,-0.0724454,0.89088,-0.393547,0.886616,0.0264761,-0.478673,-1.03596,0.226382,0.0675763,-1.26799,0.156639,-0.0321617,0.998724,0.212245,-0.63784,-0.775643,-0.788799,1.94885,1.21166,0.828242,-0.92643,-0.62419,-1.08532,0.0134659,-0.922084,-1.04397,-1.82062,-0.720654,-1.94471,-0.376988,1.76676,-0.594025,1.17955,0.313105,1.16384,0.0323358,0.112372,0.276904,0.173359,1.84303,0.871915,-1.30925,-0.819472,-0.271119,0.144731,1.18899,1.07535,1.68402,1.67163,-0.91779,-0.253471,-1.68299,-0.374937,1.42931,0.855572,-1.19532,0.143501,-0.354141,-0.21737,-0.847719,0.533218,0.957118,-0.42039,-1.30659,0.127886,-0.523972,1.33276,-0.775176,-0.762578,0.923939,0.499873,-1.29009,-0.841715,1.46189,1.87617,-0.515057,-1.36295,-0.147103,-0.252647,0.258778,1.61503,-0.572673,1.10731,-1.88781,-0.312836,-0.680051,-2.2118,1.07486,1.5859,0.453724,0.369715,0.913026,-0.298996,0.148867,-1.51113,0.565726,2.35463,-0.449823,-0.0130937,0.0284164,1.3529,-0.401366,-1.11362,-0.932704,-1.40237,0.321299,1.33954,-0.0541809,-0.118197,1.87353,1.59459,-0.405442,-0.944476,-1.35432,1.49396,-1.32056,0.606217,-0.577925,-0.943231,-0.574633,-0.135553,-0.349387,0.939605,-0.225253,1.29633,-1.70456,0.259164,-0.259062,0.185347,0.379813,-0.455595,0.00993052,-1.32377,-0.155082,-1.40126,-0.216722,0.226681,0.160239,-0.520685,1.37191,1.63453,0.293267,0.346238,1.10303,-0.904914,2.62502,1.18686,-0.337004,1.99352,-0.564312,-0.164316,0.0803876,0.242207,0.33048,-0.297904,0.513597,-547.184,-508.299,2761.5,815.011,520.894,-1882.04,-2005.36,-819.359,713.376,4167.89,684.524,-60.5022,-3825.74,-379.508,89.5438,-786.665,-2764.26,-1893.05,-1138.15,1330.48,3721.9,-4549.31,2287.66,267.703,-2638.59,-2872.07,3581.78,-691.08,1559.76,-2665.15,-3407.54,531.827,2745.55,-223.138,-3512.96,4957.76,-1430.38,-3610.6,1490.59,-2808.39,2647.86,134.514,1058.66,-2025.01,485.435,3088.29,-408.039,1755.96,-843.537,223.64,-979.537,157.066,-382.401,-1592.82,146.539,630.355,1663.4,390.568,-1767.98,-422.267,-1066.21,3073.98,426.967,1910.6,-1257.09,-400.344,-1141.72,499.265,-2604.22,-1076.11,-4120.46,-2216.12,-5824.17,-626.233,4606.2,242.817,3643.23,1542.24,2193.71,656.864,865.569,271.498,-601.193,3442.11,1343.81,-669.027,-589.169,-124.323,-568.395,1995.34,2199.27,3168.19,1360.03,-1589.59,215.181,-2315.43,-552.459,2949.46,968.289,-1405.52
-250354,0,1,0,1,1,250397,-0.384764,0.00591807,1.98251,0.65987,0.194549,-1.62464,-1.32884,-0.638008,0.776036,1.76188,-0.149657,0.116447,-1.54277,-0.0636614,0.2482,-1.00728,-1.59481,-1.01706,-0.127135,0.559175,1.40119,-1.61276,1.8305,-0.0898098,-1.26576,-1.76124,1.23195,-0.269686,1.22789,-1.59845,-1.56077,0.458786,1.996,-0.185011,-1.75004,1.38731,-0.797919,-1.56933,0.936032,-1.67351,1.35279,0.444837,1.42627,-1.3104,-0.0724454,0.89088,-0.393547,0.886616,0.0264761,-0.478673,-1.03596,0.226382,0.0675763,-1.26799,0.156639,-0.0321617,0.998724,0.212245,-0.63784,-0.775643,-0.788799,1.94885,1.21166,0.828242,-0.92643,-0.62419,-1.08532,0.0134659,-0.922084,-1.04397,-1.82062,-0.720654,-1.94471,-0.376988,1.76676,-0.594025,1.17955,0.313105,1.16384,0.0323358,0.112372,0.276904,0.173359,1.84303,0.871915,-1.30925,-0.819472,-0.271119,0.144731,1.18899,1.07535,1.68402,1.67163,-0.91779,-0.253471,-1.68299,-0.374937,1.42931,0.855572,-1.19532,0.212993,-1.81136,-0.496439,0.908887,1.43384,1.37953,0.131776,1.16492,0.0852988,-0.233191,-0.396097,0.38982,-0.979598,0.401686,-0.0361072,2.26865,1.33724,0.255727,-0.422304,0.0170964,0.518052,-1.65687,-1.11883,0.248407,-0.0757767,-1.06325,-1.41931,0.714574,0.988374,0.893353,-1.01319,-0.748529,0.484289,1.70846,-1.2061,1.20454,-0.6916,1.24052,0.778365,-0.600853,0.113774,-1.36903,0.104714,1.46758,1.41528,0.816483,1.11737,-0.483397,-1.49993,-0.643432,0.256026,0.211175,0.884174,-1.29583,0.197828,0.114214,1.1991,0.87949,-1.99845,0.178709,-1.21426,1.224,-0.292217,-1.05776,0.23829,-0.243204,0.109098,0.506761,1.53864,0.249517,-0.449511,0.84527,0.710833,0.0989936,-0.168142,0.299255,2.29374,-0.219256,-1.04049,-0.906645,0.131316,0.707367,-0.886798,1.15068,-0.646583,0.44655,-1.23924,-0.661697,0.487868,-0.307045,-1.75455,-0.718732,-0.0947607,-0.0329377,-0.896071,0.338501,-0.165734,-0.488584,0.546629,-0.590971,-547.184,-508.299,2761.5,815.011,520.894,-1882.04,-2005.36,-819.359,713.376,4167.89,684.524,-60.5022,-3825.74,-379.508,89.5438,-786.665,-2764.26,-1893.05,-1138.15,1330.48,3721.9,-4549.31,2287.66,267.703,-2638.59,-2872.07,3581.78,-691.08,1559.76,-2665.15,-3407.54,531.827,2745.55,-223.138,-3512.96,4957.76,-1430.38,-3610.6,1490.59,-2808.39,2647.86,134.514,1058.66,-2025.01,485.435,3088.29,-408.039,1755.96,-843.537,223.64,-979.537,157.066,-382.401,-1592.82,146.539,630.355,1663.4,390.568,-1767.98,-422.267,-1066.21,3073.98,426.967,1910.6,-1257.09,-400.344,-1141.72,499.265,-2604.22,-1076.11,-4120.46,-2216.12,-5824.17,-626.233,4606.2,242.817,3643.23,1542.24,2193.71,656.864,865.569,271.498,-601.193,3442.11,1343.81,-669.027,-589.169,-124.323,-568.395,1995.34,2199.27,3168.19,1360.03,-1589.59,215.181,-2315.43,-552.459,2949.46,968.289,-1405.52
-250354,0,1,0,1,1,250414,-0.384764,0.00591807,1.98251,0.65987,0.194549,-1.62464,-1.32884,-0.638008,0.776036,1.76188,-0.149657,0.116447,-1.54277,-0.0636614,0.2482,-1.00728,-1.59481,-1.01706,-0.127135,0.559175,1.40119,-1.61276,1.8305,-0.0898098,-1.26576,-1.76124,1.23195,-0.269686,1.22789,-1.59845,-1.56077,0.458786,1.996,-0.185011,-1.75004,1.38731,-0.797919,-1.56933,0.936032,-1.67351,1.35279,0.444837,1.42627,-1.3104,-0.0724454,0.89088,-0.393547,0.886616,0.0264761,-0.478673,-1.03596,0.226382,0.0675763,-1.26799,0.156639,-0.0321617,0.998724,0.212245,-0.63784,-0.775643,-0.788799,1.94885,1.21166,0.828242,-0.92643,-0.62419,-1.08532,0.0134659,-0.922084,-1.04397,-1.82062,-0.720654,-1.94471,-0.376988,1.76676,-0.594025,1.17955,0.313105,1.16384,0.0323358,0.112372,0.276904,0.173359,1.84303,0.871915,-1.30925,-0.819472,-0.271119,0.144731,1.18899,1.07535,1.68402,1.67163,-0.91779,-0.253471,-1.68299,-0.374937,1.42931,0.855572,-1.19532,-1.15814,-2.64723,-1.69235,-0.257883,-0.97338,-0.659151,-1.59747,-1.61256,0.242868,0.581072,-0.956913,-0.249071,-0.198246,0.622836,1.42609,0.234183,1.26416,-0.252886,2.47274,1.03092,1.57431,1.62578,1.80193,1.93659,0.273567,0.0268224,-0.184686,-0.905508,-0.0982533,-0.612787,-2.68045,0.623255,-0.469819,0.40109,-0.0907738,0.631984,1.4006,-0.92862,-1.21081,-1.06853,1.00224,-0.792491,-0.50687,1.92185,1.36697,1.37048,1.46014,-1.32958,-2.08897,-0.570461,0.18169,1.59,-1.41333,2.59992,1.12744,-0.316221,0.781295,0.0535122,-0.832662,0.206941,-0.282673,-0.205832,1.5285,-2.15536,0.29201,0.20564,0.901556,-0.133218,-0.771103,-0.20782,-0.363115,0.462553,0.716807,-0.450535,-0.0514596,-0.780427,0.803089,-0.630741,1.12775,-0.465705,1.05442,0.0313395,-0.776388,0.727745,0.346474,-1.36076,0.285493,-0.926215,1.40388,1.56846,-0.146044,-0.32951,0.358385,-1.98651,1.78604,0.703001,-0.175241,0.510341,0.180867,-0.0432732,-547.184,-508.299,2761.5,815.011,520.894,-1882.04,-2005.36,-819.359,713.376,4167.89,684.524,-60.5022,-3825.74,-379.508,89.5438,-786.665,-2764.26,-1893.05,-1138.15,1330.48,3721.9,-4549.31,2287.66,267.703,-2638.59,-2872.07,3581.78,-691.08,1559.76,-2665.15,-3407.54,531.827,2745.55,-223.138,-3512.96,4957.76,-1430.38,-3610.6,1490.59,-2808.39,2647.86,134.514,1058.66,-2025.01,485.435,3088.29,-408.039,1755.96,-843.537,223.64,-979.537,157.066,-382.401,-1592.82,146.539,630.355,1663.4,390.568,-1767.98,-422.267,-1066.21,3073.98,426.967,1910.6,-1257.09,-400.344,-1141.72,499.265,-2604.22,-1076.11,-4120.46,-2216.12,-5824.17,-626.233,4606.2,242.817,3643.23,1542.24,2193.71,656.864,865.569,271.498,-601.193,3442.11,1343.81,-669.027,-589.169,-124.323,-568.395,1995.34,2199.27,3168.19,1360.03,-1589.59,215.181,-2315.43,-552.459,2949.46,968.289,-1405.52
-250354,0,1,0,1,1,250410,-0.384764,0.00591807,1.98251,0.65987,0.194549,-1.62464,-1.32884,-0.638008,0.776036,1.76188,-0.149657,0.116447,-1.54277,-0.0636614,0.2482,-1.00728,-1.59481,-1.01706,-0.127135,0.559175,1.40119,-1.61276,1.8305,-0.0898098,-1.26576,-1.76124,1.23195,-0.269686,1.22789,-1.59845,-1.56077,0.458786,1.996,-0.185011,-1.75004,1.38731,-0.797919,-1.56933,0.936032,-1.67351,1.35279,0.444837,1.42627,-1.3104,-0.0724454,0.89088,-0.393547,0.886616,0.0264761,-0.478673,-1.03596,0.226382,0.0675763,-1.26799,0.156639,-0.0321617,0.998724,0.212245,-0.63784,-0.775643,-0.788799,1.94885,1.21166,0.828242,-0.92643,-0.62419,-1.08532,0.0134659,-0.922084,-1.04397,-1.82062,-0.720654,-1.94471,-0.376988,1.76676,-0.594025,1.17955,0.313105,1.16384,0.0323358,0.112372,0.276904,0.173359,1.84303,0.871915,-1.30925,-0.819472,-0.271119,0.144731,1.18899,1.07535,1.68402,1.67163,-0.91779,-0.253471,-1.68299,-0.374937,1.42931,0.855572,-1.19532,0.161781,0.468615,1.255,-0.131558,2.64039,-0.442669,-1.19126,0.857892,-1.71492,0.143464,1.45408,-0.153515,-1.37271,-1.7983,-1.52721,1.74795,0.69196,1.58998,-1.87754,-1.37966,0.914308,-1.04625,0.118578,2.05527,-0.080066,0.613306,0.969908,1.91682,0.274929,-1.21395,0.285925,1.22492,0.479199,0.686942,0.0825921,0.324589,-0.597219,-1.05876,-1.06934,-0.389159,-0.154031,-0.357937,-1.34707,0.865339,-0.491873,0.126975,0.34108,0.444526,1.92239,-1.48522,-0.650805,-0.0201924,1.7565,0.384672,0.40502,-1.16533,1.7071,0.40461,-0.561017,0.149823,-1.05066,2.45734,-0.307666,-0.324535,1.94543,0.264227,1.31294,-0.371697,-0.997134,-0.141984,-0.482801,-0.735827,-0.131522,0.811464,0.215466,0.270866,2.3221,0.784191,0.968454,0.362087,-0.5666,0.955934,1.97347,-0.102789,0.918954,-0.623477,0.78562,0.0692451,-0.218947,1.36735,1.0581,-1.29202,-0.160453,-2.01455,1.26927,-1.23859,-0.0758733,0.176392,0.0844125,0.392776,-547.184,-508.299,2761.5,815.011,520.894,-1882.04,-2005.36,-819.359,713.376,4167.89,684.524,-60.5022,-3825.74,-379.508,89.5438,-786.665,-2764.26,-1893.05,-1138.15,1330.48,3721.9,-4549.31,2287.66,267.703,-2638.59,-2872.07,3581.78,-691.08,1559.76,-2665.15,-3407.54,531.827,2745.55,-223.138,-3512.96,4957.76,-1430.38,-3610.6,1490.59,-2808.39,2647.86,134.514,1058.66,-2025.01,485.435,3088.29,-408.039,1755.96,-843.537,223.64,-979.537,157.066,-382.401,-1592.82,146.539,630.355,1663.4,390.568,-1767.98,-422.267,-1066.21,3073.98,426.967,1910.6,-1257.09,-400.344,-1141.72,499.265,-2604.22,-1076.11,-4120.46,-2216.12,-5824.17,-626.233,4606.2,242.817,3643.23,1542.24,2193.71,656.864,865.569,271.498,-601.193,3442.11,1343.81,-669.027,-589.169,-124.323,-568.395,1995.34,2199.27,3168.19,1360.03,-1589.59,215.181,-2315.43,-552.459,2949.46,968.289,-1405.52
-250354,0,1,0,1,1,250408,-0.384764,0.00591807,1.98251,0.65987,0.194549,-1.62464,-1.32884,-0.638008,0.776036,1.76188,-0.149657,0.116447,-1.54277,-0.0636614,0.2482,-1.00728,-1.59481,-1.01706,-0.127135,0.559175,1.40119,-1.61276,1.8305,-0.0898098,-1.26576,-1.76124,1.23195,-0.269686,1.22789,-1.59845,-1.56077,0.458786,1.996,-0.185011,-1.75004,1.38731,-0.797919,-1.56933,0.936032,-1.67351,1.35279,0.444837,1.42627,-1.3104,-0.0724454,0.89088,-0.393547,0.886616,0.0264761,-0.478673,-1.03596,0.226382,0.0675763,-1.26799,0.156639,-0.0321617,0.998724,0.212245,-0.63784,-0.775643,-0.788799,1.94885,1.21166,0.828242,-0.92643,-0.62419,-1.08532,0.0134659,-0.922084,-1.04397,-1.82062,-0.720654,-1.94471,-0.376988,1.76676,-0.594025,1.17955,0.313105,1.16384,0.0323358,0.112372,0.276904,0.173359,1.84303,0.871915,-1.30925,-0.819472,-0.271119,0.144731,1.18899,1.07535,1.68402,1.67163,-0.91779,-0.253471,-1.68299,-0.374937,1.42931,0.855572,-1.19532,-1.0692,1.181,-1.44799,0.985355,1.90841,0.331247,0.941628,0.578862,-1.50127,-0.805292,-0.90943,0.933168,0.695631,-0.00741955,1.71347,0.674478,-0.230395,0.249937,0.0580195,0.954842,-0.186023,0.417645,0.244214,1.18711,0.593348,1.59052,0.387801,1.04661,-0.32465,-0.450471,-1.07927,-0.346243,-0.34846,0.557731,1.18236,-1.90187,1.7306,-1.45691,-1.52518,1.12479,0.878538,-0.185658,-1.18459,1.50543,1.51474,-0.0765703,0.325807,-0.525737,0.810195,1.40432,-0.629462,0.476686,-0.973221,-1.00464,0.171411,-1.44054,-1.39344,0.348245,-0.873182,0.14619,-0.354495,-0.2314,1.02507,0.767086,0.377627,-0.63384,-0.572691,0.47749,0.493083,-0.48313,0.825836,0.99017,1.11469,-3.2847,1.10764,-0.440787,0.301993,-1.18015,0.0138032,0.338654,0.909724,0.101797,-1.24133,0.982714,-0.741721,0.198005,1.60573,-1.473,0.710583,-0.323562,0.0654536,0.0878456,-2.2307,3.00456,-0.271947,1.00695,-1.78402,-0.401445,0.739067,0.995617,-547.184,-508.299,2761.5,815.011,520.894,-1882.04,-2005.36,-819.359,713.376,4167.89,684.524,-60.5022,-3825.74,-379.508,89.5438,-786.665,-2764.26,-1893.05,-1138.15,1330.48,3721.9,-4549.31,2287.66,267.703,-2638.59,-2872.07,3581.78,-691.08,1559.76,-2665.15,-3407.54,531.827,2745.55,-223.138,-3512.96,4957.76,-1430.38,-3610.6,1490.59,-2808.39,2647.86,134.514,1058.66,-2025.01,485.435,3088.29,-408.039,1755.96,-843.537,223.64,-979.537,157.066,-382.401,-1592.82,146.539,630.355,1663.4,390.568,-1767.98,-422.267,-1066.21,3073.98,426.967,1910.6,-1257.09,-400.344,-1141.72,499.265,-2604.22,-1076.11,-4120.46,-2216.12,-5824.17,-626.233,4606.2,242.817,3643.23,1542.24,2193.71,656.864,865.569,271.498,-601.193,3442.11,1343.81,-669.027,-589.169,-124.323,-568.395,1995.34,2199.27,3168.19,1360.03,-1589.59,215.181,-2315.43,-552.459,2949.46,968.289,-1405.52
-250354,0,1,0,1,1,250394,-0.384764,0.00591807,1.98251,0.65987,0.194549,-1.62464,-1.32884,-0.638008,0.776036,1.76188,-0.149657,0.116447,-1.54277,-0.0636614,0.2482,-1.00728,-1.59481,-1.01706,-0.127135,0.559175,1.40119,-1.61276,1.8305,-0.0898098,-1.26576,-1.76124,1.23195,-0.269686,1.22789,-1.59845,-1.56077,0.458786,1.996,-0.185011,-1.75004,1.38731,-0.797919,-1.56933,0.936032,-1.67351,1.35279,0.444837,1.42627,-1.3104,-0.0724454,0.89088,-0.393547,0.886616,0.0264761,-0.478673,-1.03596,0.226382,0.0675763,-1.26799,0.156639,-0.0321617,0.998724,0.212245,-0.63784,-0.775643,-0.788799,1.94885,1.21166,0.828242,-0.92643,-0.62419,-1.08532,0.0134659,-0.922084,-1.04397,-1.82062,-0.720654,-1.94471,-0.376988,1.76676,-0.594025,1.17955,0.313105,1.16384,0.0323358,0.112372,0.276904,0.173359,1.84303,0.871915,-1.30925,-0.819472,-0.271119,0.144731,1.18899,1.07535,1.68402,1.67163,-0.91779,-0.253471,-1.68299,-0.374937,1.42931,0.855572,-1.19532,-0.088947,0.329555,-1.47036,-0.697889,-1.3184,-0.373794,0.224751,-0.510318,0.0133044,-0.95166,0.18958,-0.725803,-1.85505,0.405582,2.27267,-1.48201,0.513304,-1.03434,-0.0746088,-0.143792,0.728137,0.0636294,1.43614,-0.225357,-0.94005,0.385213,-0.0451573,-0.0162939,0.0754103,0.296827,-0.962939,-0.444489,-1.38381,-1.71873,0.525362,0.466004,-1.40611,0.144253,1.04069,-0.910789,0.864533,0.341052,-0.934345,-0.682456,0.433513,-0.0157395,-0.587907,-0.36349,0.377972,0.260305,-2.22454,0.878982,0.143954,-0.813538,-0.157933,-0.133259,-0.553607,-0.0310282,0.597547,-1.11359,-0.476331,-0.0224703,-0.0645846,-2.01701,-1.0633,-0.897838,0.503536,-0.214279,-0.0680586,-0.346753,-0.094877,1.59879,0.500377,0.35976,-0.421133,-0.0637204,0.821962,0.00997047,0.292351,1.0003,1.20433,-0.322569,-0.684543,-0.369162,0.459855,2.82166,1.32103,0.514446,-0.343013,0.666387,-0.40972,-0.366802,-2.61108,-0.321611,0.87282,-1.26027,0.118966,1.10433,0.99571,-0.40968,-547.184,-508.299,2761.5,815.011,520.894,-1882.04,-2005.36,-819.359,713.376,4167.89,684.524,-60.5022,-3825.74,-379.508,89.5438,-786.665,-2764.26,-1893.05,-1138.15,1330.48,3721.9,-4549.31,2287.66,267.703,-2638.59,-2872.07,3581.78,-691.08,1559.76,-2665.15,-3407.54,531.827,2745.55,-223.138,-3512.96,4957.76,-1430.38,-3610.6,1490.59,-2808.39,2647.86,134.514,1058.66,-2025.01,485.435,3088.29,-408.039,1755.96,-843.537,223.64,-979.537,157.066,-382.401,-1592.82,146.539,630.355,1663.4,390.568,-1767.98,-422.267,-1066.21,3073.98,426.967,1910.6,-1257.09,-400.344,-1141.72,499.265,-2604.22,-1076.11,-4120.46,-2216.12,-5824.17,-626.233,4606.2,242.817,3643.23,1542.24,2193.71,656.864,865.569,271.498,-601.193,3442.11,1343.81,-669.027,-589.169,-124.323,-568.395,1995.34,2199.27,3168.19,1360.03,-1589.59,215.181,-2315.43,-552.459,2949.46,968.289,-1405.52
-250354,0,1,0,1,1,250408,-0.384764,0.00591807,1.98251,0.65987,0.194549,-1.62464,-1.32884,-0.638008,0.776036,1.76188,-0.149657,0.116447,-1.54277,-0.0636614,0.2482,-1.00728,-1.59481,-1.01706,-0.127135,0.559175,1.40119,-1.61276,1.8305,-0.0898098,-1.26576,-1.76124,1.23195,-0.269686,1.22789,-1.59845,-1.56077,0.458786,1.996,-0.185011,-1.75004,1.38731,-0.797919,-1.56933,0.936032,-1.67351,1.35279,0.444837,1.42627,-1.3104,-0.0724454,0.89088,-0.393547,0.886616,0.0264761,-0.478673,-1.03596,0.226382,0.0675763,-1.26799,0.156639,-0.0321617,0.998724,0.212245,-0.63784,-0.775643,-0.788799,1.94885,1.21166,0.828242,-0.92643,-0.62419,-1.08532,0.0134659,-0.922084,-1.04397,-1.82062,-0.720654,-1.94471,-0.376988,1.76676,-0.594025,1.17955,0.313105,1.16384,0.0323358,0.112372,0.276904,0.173359,1.84303,0.871915,-1.30925,-0.819472,-0.271119,0.144731,1.18899,1.07535,1.68402,1.67163,-0.91779,-0.253471,-1.68299,-0.374937,1.42931,0.855572,-1.19532,0.249818,-0.634616,0.167202,2.43941,-0.358311,1.88048,0.45933,-1.02442,0.826789,-1.07061,0.747696,-0.634729,0.991231,-1.94571,-0.179153,-0.237352,-2.33131,-0.238188,1.35716,1.40348,-1.43682,-0.361309,0.221879,1.29894,-0.0304341,1.2794,-0.112318,2.42534,-1.4591,-0.36205,-0.296135,-0.192623,0.477152,-1.04292,0.233444,0.449381,0.59677,0.0112038,0.282154,0.776271,-1.53057,-0.43331,0.904299,-0.773929,0.143618,1.15652,-2.82109,-0.887023,-2.21183,0.900822,0.484445,-2.22253,-0.702726,0.472542,0.144227,1.50452,-0.358907,0.0261716,0.941555,1.08768,-0.120511,-1.17297,0.169782,1.08403,-0.0733096,-1.29604,0.444983,0.267754,1.15379,1.34069,0.761787,-0.0912187,-1.91501,-0.779961,-0.529828,0.808886,-1.92031,0.826557,-0.753229,1.21958,0.31545,-0.545096,-1.06875,0.757345,-0.768766,-0.175873,0.428737,-0.67842,0.437566,-0.023462,1.06668,0.0437893,0.980287,-0.659264,2.0942,-0.743834,0.991909,0.286924,-0.931133,-0.491107,-547.184,-508.299,2761.5,815.011,520.894,-1882.04,-2005.36,-819.359,713.376,4167.89,684.524,-60.5022,-3825.74,-379.508,89.5438,-786.665,-2764.26,-1893.05,-1138.15,1330.48,3721.9,-4549.31,2287.66,267.703,-2638.59,-2872.07,3581.78,-691.08,1559.76,-2665.15,-3407.54,531.827,2745.55,-223.138,-3512.96,4957.76,-1430.38,-3610.6,1490.59,-2808.39,2647.86,134.514,1058.66,-2025.01,485.435,3088.29,-408.039,1755.96,-843.537,223.64,-979.537,157.066,-382.401,-1592.82,146.539,630.355,1663.4,390.568,-1767.98,-422.267,-1066.21,3073.98,426.967,1910.6,-1257.09,-400.344,-1141.72,499.265,-2604.22,-1076.11,-4120.46,-2216.12,-5824.17,-626.233,4606.2,242.817,3643.23,1542.24,2193.71,656.864,865.569,271.498,-601.193,3442.11,1343.81,-669.027,-589.169,-124.323,-568.395,1995.34,2199.27,3168.19,1360.03,-1589.59,215.181,-2315.43,-552.459,2949.46,968.289,-1405.52
-250354,0,1,0,1,1,250404,-0.384764,0.00591807,1.98251,0.65987,0.194549,-1.62464,-1.32884,-0.638008,0.776036,1.76188,-0.149657,0.116447,-1.54277,-0.0636614,0.2482,-1.00728,-1.59481,-1.01706,-0.127135,0.559175,1.40119,-1.61276,1.8305,-0.0898098,-1.26576,-1.76124,1.23195,-0.269686,1.22789,-1.59845,-1.56077,0.458786,1.996,-0.185011,-1.75004,1.38731,-0.797919,-1.56933,0.936032,-1.67351,1.35279,0.444837,1.42627,-1.3104,-0.0724454,0.89088,-0.393547,0.886616,0.0264761,-0.478673,-1.03596,0.226382,0.0675763,-1.26799,0.156639,-0.0321617,0.998724,0.212245,-0.63784,-0.775643,-0.788799,1.94885,1.21166,0.828242,-0.92643,-0.62419,-1.08532,0.0134659,-0.922084,-1.04397,-1.82062,-0.720654,-1.94471,-0.376988,1.76676,-0.594025,1.17955,0.313105,1.16384,0.0323358,0.112372,0.276904,0.173359,1.84303,0.871915,-1.30925,-0.819472,-0.271119,0.144731,1.18899,1.07535,1.68402,1.67163,-0.91779,-0.253471,-1.68299,-0.374937,1.42931,0.855572,-1.19532,0.540958,-1.45702,0.0919477,-0.310334,0.12492,-0.782615,-1.77163,2.13884,-0.97084,0.89424,-0.960452,0.143712,-1.08123,-1.8233,-1.24873,2.00486,-1.27901,-1.43639,0.985561,-0.0794212,-1.21038,0.743963,0.320698,0.481274,0.398182,-0.275133,1.62908,0.604167,0.745332,0.307303,-0.0570325,-0.4106,-0.117727,-0.812532,1.68939,1.06647,0.0136439,0.61418,-0.484651,0.10879,-1.1008,0.441816,-0.990075,0.415645,0.0232834,0.22456,-2.47411,1.70416,1.85097,0.811509,1.20366,-0.179805,-1.05475,-0.918809,0.408729,2.15945,-0.16685,-1.37402,-2.31014,-0.649006,-1.2577,0.12477,0.82256,-0.614822,1.26717,0.493748,0.347349,0.21543,1.12413,1.56109,-0.219374,1.16181,-0.521259,-0.00341522,0.128439,0.193252,0.602743,-0.780404,0.403401,-0.717939,0.55299,1.48369,-0.355697,0.125,0.408541,-0.138682,-1.40595,1.2861,0.434576,1.20561,0.847043,1.15641,-0.860559,-0.255515,1.95453,0.261346,0.335089,0.222005,-0.205325,-1.31361,-547.184,-508.299,2761.5,815.011,520.894,-1882.04,-2005.36,-819.359,713.376,4167.89,684.524,-60.5022,-3825.74,-379.508,89.5438,-786.665,-2764.26,-1893.05,-1138.15,1330.48,3721.9,-4549.31,2287.66,267.703,-2638.59,-2872.07,3581.78,-691.08,1559.76,-2665.15,-3407.54,531.827,2745.55,-223.138,-3512.96,4957.76,-1430.38,-3610.6,1490.59,-2808.39,2647.86,134.514,1058.66,-2025.01,485.435,3088.29,-408.039,1755.96,-843.537,223.64,-979.537,157.066,-382.401,-1592.82,146.539,630.355,1663.4,390.568,-1767.98,-422.267,-1066.21,3073.98,426.967,1910.6,-1257.09,-400.344,-1141.72,499.265,-2604.22,-1076.11,-4120.46,-2216.12,-5824.17,-626.233,4606.2,242.817,3643.23,1542.24,2193.71,656.864,865.569,271.498,-601.193,3442.11,1343.81,-669.027,-589.169,-124.323,-568.395,1995.34,2199.27,3168.19,1360.03,-1589.59,215.181,-2315.43,-552.459,2949.46,968.289,-1405.52
-250354,0,1,0,1,1,250409,-0.384764,0.00591807,1.98251,0.65987,0.194549,-1.62464,-1.32884,-0.638008,0.776036,1.76188,-0.149657,0.116447,-1.54277,-0.0636614,0.2482,-1.00728,-1.59481,-1.01706,-0.127135,0.559175,1.40119,-1.61276,1.8305,-0.0898098,-1.26576,-1.76124,1.23195,-0.269686,1.22789,-1.59845,-1.56077,0.458786,1.996,-0.185011,-1.75004,1.38731,-0.797919,-1.56933,0.936032,-1.67351,1.35279,0.444837,1.42627,-1.3104,-0.0724454,0.89088,-0.393547,0.886616,0.0264761,-0.478673,-1.03596,0.226382,0.0675763,-1.26799,0.156639,-0.0321617,0.998724,0.212245,-0.63784,-0.775643,-0.788799,1.94885,1.21166,0.828242,-0.92643,-0.62419,-1.08532,0.0134659,-0.922084,-1.04397,-1.82062,-0.720654,-1.94471,-0.376988,1.76676,-0.594025,1.17955,0.313105,1.16384,0.0323358,0.112372,0.276904,0.173359,1.84303,0.871915,-1.30925,-0.819472,-0.271119,0.144731,1.18899,1.07535,1.68402,1.67163,-0.91779,-0.253471,-1.68299,-0.374937,1.42931,0.855572,-1.19532,-2.17024,-1.58606,-0.20396,-0.357801,-1.01115,-1.44592,-1.70458,-0.8017,0.460539,0.507928,-0.650593,-2.31352,0.477893,-1.38494,-0.328808,-0.876025,1.66019,-1.88105,-0.827744,-0.473826,0.178563,0.733216,-1.24289,-0.431555,0.0933456,0.109619,2.21759,-0.0026885,1.28047,0.0542032,0.346164,-1.16336,-0.569143,-0.98042,-0.719938,-0.0830191,-1.63672,1.52168,-1.33183,-0.178709,-0.344379,0.456572,-0.391406,-1.24711,2.68193,0.915538,-0.0225331,-1.08452,1.01443,0.821935,-0.844365,1.44148,-1.56775,0.858181,-0.875193,0.856103,1.05107,-0.717739,-0.0218264,-0.878395,0.533614,0.264776,0.681813,1.24078,0.284739,0.57673,0.724027,0.647358,0.682244,1.5187,-0.122643,-0.299268,-2.25494,-1.43263,-0.342199,-0.526585,-0.953095,-0.56808,1.88332,0.687845,0.254717,-0.000279821,1.31949,-0.0893809,0.738945,-0.630322,-1.12264,-0.845109,2.06616,-0.984243,0.250142,-0.265083,-1.36086,-1.04237,0.438942,0.819376,0.403302,-0.722295,0.198206,1.7865,-547.184,-508.299,2761.5,815.011,520.894,-1882.04,-2005.36,-819.359,713.376,4167.89,684.524,-60.5022,-3825.74,-379.508,89.5438,-786.665,-2764.26,-1893.05,-1138.15,1330.48,3721.9,-4549.31,2287.66,267.703,-2638.59,-2872.07,3581.78,-691.08,1559.76,-2665.15,-3407.54,531.827,2745.55,-223.138,-3512.96,4957.76,-1430.38,-3610.6,1490.59,-2808.39,2647.86,134.514,1058.66,-2025.01,485.435,3088.29,-408.039,1755.96,-843.537,223.64,-979.537,157.066,-382.401,-1592.82,146.539,630.355,1663.4,390.568,-1767.98,-422.267,-1066.21,3073.98,426.967,1910.6,-1257.09,-400.344,-1141.72,499.265,-2604.22,-1076.11,-4120.46,-2216.12,-5824.17,-626.233,4606.2,242.817,3643.23,1542.24,2193.71,656.864,865.569,271.498,-601.193,3442.11,1343.81,-669.027,-589.169,-124.323,-568.395,1995.34,2199.27,3168.19,1360.03,-1589.59,215.181,-2315.43,-552.459,2949.46,968.289,-1405.52
-250354,0,1,0,1,1,250403,-0.384764,0.00591807,1.98251,0.65987,0.194549,-1.62464,-1.32884,-0.638008,0.776036,1.76188,-0.149657,0.116447,-1.54277,-0.0636614,0.2482,-1.00728,-1.59481,-1.01706,-0.127135,0.559175,1.40119,-1.61276,1.8305,-0.0898098,-1.26576,-1.76124,1.23195,-0.269686,1.22789,-1.59845,-1.56077,0.458786,1.996,-0.185011,-1.75004,1.38731,-0.797919,-1.56933,0.936032,-1.67351,1.35279,0.444837,1.42627,-1.3104,-0.0724454,0.89088,-0.393547,0.886616,0.0264761,-0.478673,-1.03596,0.226382,0.0675763,-1.26799,0.156639,-0.0321617,0.998724,0.212245,-0.63784,-0.775643,-0.788799,1.94885,1.21166,0.828242,-0.92643,-0.62419,-1.08532,0.0134659,-0.922084,-1.04397,-1.82062,-0.720654,-1.94471,-0.376988,1.76676,-0.594025,1.17955,0.313105,1.16384,0.0323358,0.112372,0.276904,0.173359,1.84303,0.871915,-1.30925,-0.819472,-0.271119,0.144731,1.18899,1.07535,1.68402,1.67163,-0.91779,-0.253471,-1.68299,-0.374937,1.42931,0.855572,-1.19532,0.137974,0.742373,1.61361,-0.164134,-0.866489,-0.11861,-0.488948,1.06172,-0.691444,0.00605417,0.690444,1.05139,1.44298,1.71529,1.15576,0.173539,1.63842,-0.892038,0.506235,-0.572328,-0.015595,1.51515,0.836184,0.256451,-0.182078,0.258959,-0.236183,-0.588033,-0.222142,-0.286778,-0.375832,2.54392,-0.0266996,-0.991772,-1.6131,0.5717,-0.67855,2.60522,0.654119,0.199434,-1.70301,-1.375,-0.351044,-0.0880787,1.21145,-0.418804,-0.166198,0.587225,-1.44263,0.117288,1.75599,0.719454,0.214785,0.19958,1.47599,0.267118,1.75848,-1.30962,0.252018,-1.505,1.16652,0.255651,-0.689378,0.307821,-1.18283,-0.308577,0.218191,0.444285,-0.0595002,-0.831307,-0.69275,-0.765399,-0.961156,1.76555,-0.682091,-0.815137,-0.80181,-1.481,-0.941591,0.563252,-1.44648,-1.26496,0.766835,0.6869,0.909443,-0.979751,-1.95364,0.577705,0.769849,0.362466,-0.285009,0.456197,-0.757099,-1.48197,0.199109,0.469759,0.480578,-1.99339,1.68744,0.331609,-547.184,-508.299,2761.5,815.011,520.894,-1882.04,-2005.36,-819.359,713.376,4167.89,684.524,-60.5022,-3825.74,-379.508,89.5438,-786.665,-2764.26,-1893.05,-1138.15,1330.48,3721.9,-4549.31,2287.66,267.703,-2638.59,-2872.07,3581.78,-691.08,1559.76,-2665.15,-3407.54,531.827,2745.55,-223.138,-3512.96,4957.76,-1430.38,-3610.6,1490.59,-2808.39,2647.86,134.514,1058.66,-2025.01,485.435,3088.29,-408.039,1755.96,-843.537,223.64,-979.537,157.066,-382.401,-1592.82,146.539,630.355,1663.4,390.568,-1767.98,-422.267,-1066.21,3073.98,426.967,1910.6,-1257.09,-400.344,-1141.72,499.265,-2604.22,-1076.11,-4120.46,-2216.12,-5824.17,-626.233,4606.2,242.817,3643.23,1542.24,2193.71,656.864,865.569,271.498,-601.193,3442.11,1343.81,-669.027,-589.169,-124.323,-568.395,1995.34,2199.27,3168.19,1360.03,-1589.59,215.181,-2315.43,-552.459,2949.46,968.289,-1405.52
-250354,0,1,0,1,1,250399,-0.384764,0.00591807,1.98251,0.65987,0.194549,-1.62464,-1.32884,-0.638008,0.776036,1.76188,-0.149657,0.116447,-1.54277,-0.0636614,0.2482,-1.00728,-1.59481,-1.01706,-0.127135,0.559175,1.40119,-1.61276,1.8305,-0.0898098,-1.26576,-1.76124,1.23195,-0.269686,1.22789,-1.59845,-1.56077,0.458786,1.996,-0.185011,-1.75004,1.38731,-0.797919,-1.56933,0.936032,-1.67351,1.35279,0.444837,1.42627,-1.3104,-0.0724454,0.89088,-0.393547,0.886616,0.0264761,-0.478673,-1.03596,0.226382,0.0675763,-1.26799,0.156639,-0.0321617,0.998724,0.212245,-0.63784,-0.775643,-0.788799,1.94885,1.21166,0.828242,-0.92643,-0.62419,-1.08532,0.0134659,-0.922084,-1.04397,-1.82062,-0.720654,-1.94471,-0.376988,1.76676,-0.594025,1.17955,0.313105,1.16384,0.0323358,0.112372,0.276904,0.173359,1.84303,0.871915,-1.30925,-0.819472,-0.271119,0.144731,1.18899,1.07535,1.68402,1.67163,-0.91779,-0.253471,-1.68299,-0.374937,1.42931,0.855572,-1.19532,-0.101776,-0.949017,-0.206417,0.316111,0.538862,0.932779,0.866776,-0.593902,-0.218902,0.854618,-0.794353,1.74328,-0.684701,-0.0812181,1.28998,0.72428,-1.24052,2.36879,0.494747,-0.436755,0.203366,0.127313,-0.521703,-0.449213,-0.980328,-0.805467,0.545336,-0.424319,-0.19353,-0.414606,-1.44971,-1.12472,-2.33589,-0.808076,-1.0349,1.60199,0.543278,0.0303577,0.432119,0.830626,-0.18381,0.208472,-1.04693,0.894502,0.360005,0.543781,0.954551,-1.01424,-0.100824,-1.45656,1.05398,0.493697,0.956397,1.39741,0.887526,0.579208,-0.617069,-0.606739,0.256548,-0.628887,0.924039,2.48059,1.18349,0.791383,-0.637185,0.0503431,1.31091,1.05751,0.399965,0.00326567,-0.476269,1.15484,-1.64162,-0.692043,-1.33462,-0.787815,0.0800076,0.167066,0.313045,-1.48539,0.0449023,-0.0560977,0.0720328,0.833266,-0.865716,-0.438002,-1.35497,-1.41924,-1.38373,1.8812,0.324935,-0.617605,1.22479,1.43067,0.262169,-0.201908,0.0565645,1.78044,1.32214,-0.447359,-547.184,-508.299,2761.5,815.011,520.894,-1882.04,-2005.36,-819.359,713.376,4167.89,684.524,-60.5022,-3825.74,-379.508,89.5438,-786.665,-2764.26,-1893.05,-1138.15,1330.48,3721.9,-4549.31,2287.66,267.703,-2638.59,-2872.07,3581.78,-691.08,1559.76,-2665.15,-3407.54,531.827,2745.55,-223.138,-3512.96,4957.76,-1430.38,-3610.6,1490.59,-2808.39,2647.86,134.514,1058.66,-2025.01,485.435,3088.29,-408.039,1755.96,-843.537,223.64,-979.537,157.066,-382.401,-1592.82,146.539,630.355,1663.4,390.568,-1767.98,-422.267,-1066.21,3073.98,426.967,1910.6,-1257.09,-400.344,-1141.72,499.265,-2604.22,-1076.11,-4120.46,-2216.12,-5824.17,-626.233,4606.2,242.817,3643.23,1542.24,2193.71,656.864,865.569,271.498,-601.193,3442.11,1343.81,-669.027,-589.169,-124.323,-568.395,1995.34,2199.27,3168.19,1360.03,-1589.59,215.181,-2315.43,-552.459,2949.46,968.289,-1405.52
-250354,0,1,0,1,1,250403,-0.384764,0.00591807,1.98251,0.65987,0.194549,-1.62464,-1.32884,-0.638008,0.776036,1.76188,-0.149657,0.116447,-1.54277,-0.0636614,0.2482,-1.00728,-1.59481,-1.01706,-0.127135,0.559175,1.40119,-1.61276,1.8305,-0.0898098,-1.26576,-1.76124,1.23195,-0.269686,1.22789,-1.59845,-1.56077,0.458786,1.996,-0.185011,-1.75004,1.38731,-0.797919,-1.56933,0.936032,-1.67351,1.35279,0.444837,1.42627,-1.3104,-0.0724454,0.89088,-0.393547,0.886616,0.0264761,-0.478673,-1.03596,0.226382,0.0675763,-1.26799,0.156639,-0.0321617,0.998724,0.212245,-0.63784,-0.775643,-0.788799,1.94885,1.21166,0.828242,-0.92643,-0.62419,-1.08532,0.0134659,-0.922084,-1.04397,-1.82062,-0.720654,-1.94471,-0.376988,1.76676,-0.594025,1.17955,0.313105,1.16384,0.0323358,0.112372,0.276904,0.173359,1.84303,0.871915,-1.30925,-0.819472,-0.271119,0.144731,1.18899,1.07535,1.68402,1.67163,-0.91779,-0.253471,-1.68299,-0.374937,1.42931,0.855572,-1.19532,1.43601,3.083,0.130185,0.340455,0.821416,-1.91615,0.00750874,0.92566,-1.25419,1.89214,0.696593,-1.18973,-0.725837,-0.0472808,-1.34604,0.110981,-0.973744,1.6313,-0.287749,0.147851,0.549585,-0.287859,-1.22857,0.553743,1.23516,0.578758,0.312792,-0.558357,1.08702,0.324061,0.460141,-1.3017,0.115782,0.0383928,-0.384799,0.631951,-1.14464,-0.341539,1.01429,0.224067,0.287311,-1.06389,-1.28696,0.527903,1.51851,0.988136,-1.11989,-0.206325,-0.248509,0.459047,0.454191,0.0564535,1.09187,-0.0583683,-0.729161,0.0949663,0.442668,0.893901,0.0406516,-0.400493,-0.396071,1.61717,-0.531327,1.08305,-1.41153,0.260212,-0.104653,-1.74046,0.566104,-0.533796,-1.65328,0.801801,-0.778823,0.684463,-0.464569,1.13704,1.21838,0.354559,1.1428,1.93861,0.829288,0.53029,-2.04081,0.475602,0.188302,-0.333782,0.556607,-2.50562,-1.29187,-1.27085,0.764182,1.59302,-0.316845,0.513227,-0.993016,0.0617227,-1.2829,-0.244373,0.953116,-0.434362,-547.184,-508.299,2761.5,815.011,520.894,-1882.04,-2005.36,-819.359,713.376,4167.89,684.524,-60.5022,-3825.74,-379.508,89.5438,-786.665,-2764.26,-1893.05,-1138.15,1330.48,3721.9,-4549.31,2287.66,267.703,-2638.59,-2872.07,3581.78,-691.08,1559.76,-2665.15,-3407.54,531.827,2745.55,-223.138,-3512.96,4957.76,-1430.38,-3610.6,1490.59,-2808.39,2647.86,134.514,1058.66,-2025.01,485.435,3088.29,-408.039,1755.96,-843.537,223.64,-979.537,157.066,-382.401,-1592.82,146.539,630.355,1663.4,390.568,-1767.98,-422.267,-1066.21,3073.98,426.967,1910.6,-1257.09,-400.344,-1141.72,499.265,-2604.22,-1076.11,-4120.46,-2216.12,-5824.17,-626.233,4606.2,242.817,3643.23,1542.24,2193.71,656.864,865.569,271.498,-601.193,3442.11,1343.81,-669.027,-589.169,-124.323,-568.395,1995.34,2199.27,3168.19,1360.03,-1589.59,215.181,-2315.43,-552.459,2949.46,968.289,-1405.52
-250354,0,1,0,1,1,250400,-0.384764,0.00591807,1.98251,0.65987,0.194549,-1.62464,-1.32884,-0.638008,0.776036,1.76188,-0.149657,0.116447,-1.54277,-0.0636614,0.2482,-1.00728,-1.59481,-1.01706,-0.127135,0.559175,1.40119,-1.61276,1.8305,-0.0898098,-1.26576,-1.76124,1.23195,-0.269686,1.22789,-1.59845,-1.56077,0.458786,1.996,-0.185011,-1.75004,1.38731,-0.797919,-1.56933,0.936032,-1.67351,1.35279,0.444837,1.42627,-1.3104,-0.0724454,0.89088,-0.393547,0.886616,0.0264761,-0.478673,-1.03596,0.226382,0.0675763,-1.26799,0.156639,-0.0321617,0.998724,0.212245,-0.63784,-0.775643,-0.788799,1.94885,1.21166,0.828242,-0.92643,-0.62419,-1.08532,0.0134659,-0.922084,-1.04397,-1.82062,-0.720654,-1.94471,-0.376988,1.76676,-0.594025,1.17955,0.313105,1.16384,0.0323358,0.112372,0.276904,0.173359,1.84303,0.871915,-1.30925,-0.819472,-0.271119,0.144731,1.18899,1.07535,1.68402,1.67163,-0.91779,-0.253471,-1.68299,-0.374937,1.42931,0.855572,-1.19532,0.0675816,0.449187,-0.990436,-0.464633,2.53966,0.919888,-0.0232661,0.605964,-1.84063,0.000853759,0.969874,0.725834,-0.427986,0.90598,-0.671317,0.761802,0.554403,0.564332,-1.12884,-1.45617,0.563797,-0.279876,-0.480258,0.629977,-0.544873,-0.13899,0.243017,-0.0573823,-1.39393,-0.418806,-0.55613,0.0985183,0.148873,-1.06988,0.268852,0.212456,-0.00535446,3.53502,0.562786,0.530766,0.956716,0.176481,-0.61062,0.45517,1.47171,0.423029,1.10499,-1.78212,-0.98099,-0.157225,-0.880968,1.66237,1.41005,0.547754,0.285638,0.780011,0.349521,-0.368492,1.34231,-0.784093,-2.34549,0.06908,-0.754533,1.08488,0.241643,1.12391,0.74195,1.9493,0.269622,1.59826,0.385892,0.752723,-0.0647273,0.442004,1.64146,1.15912,-0.10306,0.173139,0.292842,-0.367002,1.97742,1.24475,-0.0387855,-0.693565,0.276952,-0.60824,-0.804722,-0.270695,0.0499473,0.570091,-0.451312,-0.170749,0.907914,-0.384092,-1.55309,-0.0501793,-0.655488,-1.23002,1.4393,-0.256353,-547.184,-508.299,2761.5,815.011,520.894,-1882.04,-2005.36,-819.359,713.376,4167.89,684.524,-60.5022,-3825.74,-379.508,89.5438,-786.665,-2764.26,-1893.05,-1138.15,1330.48,3721.9,-4549.31,2287.66,267.703,-2638.59,-2872.07,3581.78,-691.08,1559.76,-2665.15,-3407.54,531.827,2745.55,-223.138,-3512.96,4957.76,-1430.38,-3610.6,1490.59,-2808.39,2647.86,134.514,1058.66,-2025.01,485.435,3088.29,-408.039,1755.96,-843.537,223.64,-979.537,157.066,-382.401,-1592.82,146.539,630.355,1663.4,390.568,-1767.98,-422.267,-1066.21,3073.98,426.967,1910.6,-1257.09,-400.344,-1141.72,499.265,-2604.22,-1076.11,-4120.46,-2216.12,-5824.17,-626.233,4606.2,242.817,3643.23,1542.24,2193.71,656.864,865.569,271.498,-601.193,3442.11,1343.81,-669.027,-589.169,-124.323,-568.395,1995.34,2199.27,3168.19,1360.03,-1589.59,215.181,-2315.43,-552.459,2949.46,968.289,-1405.52
-250354,0,1,0,1,1,250407,-0.384764,0.00591807,1.98251,0.65987,0.194549,-1.62464,-1.32884,-0.638008,0.776036,1.76188,-0.149657,0.116447,-1.54277,-0.0636614,0.2482,-1.00728,-1.59481,-1.01706,-0.127135,0.559175,1.40119,-1.61276,1.8305,-0.0898098,-1.26576,-1.76124,1.23195,-0.269686,1.22789,-1.59845,-1.56077,0.458786,1.996,-0.185011,-1.75004,1.38731,-0.797919,-1.56933,0.936032,-1.67351,1.35279,0.444837,1.42627,-1.3104,-0.0724454,0.89088,-0.393547,0.886616,0.0264761,-0.478673,-1.03596,0.226382,0.0675763,-1.26799,0.156639,-0.0321617,0.998724,0.212245,-0.63784,-0.775643,-0.788799,1.94885,1.21166,0.828242,-0.92643,-0.62419,-1.08532,0.0134659,-0.922084,-1.04397,-1.82062,-0.720654,-1.94471,-0.376988,1.76676,-0.594025,1.17955,0.313105,1.16384,0.0323358,0.112372,0.276904,0.173359,1.84303,0.871915,-1.30925,-0.819472,-0.271119,0.144731,1.18899,1.07535,1.68402,1.67163,-0.91779,-0.253471,-1.68299,-0.374937,1.42931,0.855572,-1.19532,0.0953452,1.28928,-0.281706,0.0570499,0.958613,1.26845,0.121286,-0.404974,-0.888041,0.465105,1.29261,1.08057,-0.0529208,-0.198557,-0.571825,-1.13132,0.933096,-1.12412,-1.40016,-0.29123,0.377729,-0.662653,-0.769132,0.47518,2.47182,-0.217078,0.854459,-0.132465,0.180157,0.942376,0.000681091,1.08316,1.41306,0.200342,-1.05186,1.96754,-0.755763,-0.723694,-1.36409,1.70369,-0.973299,0.73022,0.536305,1.63917,-1.10157,-1.1791,-0.0502418,0.174864,-0.614264,0.655501,1.17693,0.259697,-0.789395,0.0513213,1.68891,-0.181134,-1.83709,-1.62729,0.958783,0.132195,0.744513,0.441355,1.55151,0.555977,1.64094,-0.482254,-0.0296095,-1.1739,-0.34574,-1.67695,1.86768,-0.945798,0.252536,1.77996,-0.443688,0.797427,0.965124,0.504559,0.934788,0.466028,2.23348,1.68501,1.14736,-0.538108,-0.207428,0.129848,-0.526324,-1.74501,0.867662,1.24966,0.227441,0.530004,-0.648071,0.918704,-1.17859,0.233758,-2.54621,-1.26564,-0.469511,-0.303659,-547.184,-508.299,2761.5,815.011,520.894,-1882.04,-2005.36,-819.359,713.376,4167.89,684.524,-60.5022,-3825.74,-379.508,89.5438,-786.665,-2764.26,-1893.05,-1138.15,1330.48,3721.9,-4549.31,2287.66,267.703,-2638.59,-2872.07,3581.78,-691.08,1559.76,-2665.15,-3407.54,531.827,2745.55,-223.138,-3512.96,4957.76,-1430.38,-3610.6,1490.59,-2808.39,2647.86,134.514,1058.66,-2025.01,485.435,3088.29,-408.039,1755.96,-843.537,223.64,-979.537,157.066,-382.401,-1592.82,146.539,630.355,1663.4,390.568,-1767.98,-422.267,-1066.21,3073.98,426.967,1910.6,-1257.09,-400.344,-1141.72,499.265,-2604.22,-1076.11,-4120.46,-2216.12,-5824.17,-626.233,4606.2,242.817,3643.23,1542.24,2193.71,656.864,865.569,271.498,-601.193,3442.11,1343.81,-669.027,-589.169,-124.323,-568.395,1995.34,2199.27,3168.19,1360.03,-1589.59,215.181,-2315.43,-552.459,2949.46,968.289,-1405.52
-250354,0,1,0,1,1,250411,-0.384764,0.00591807,1.98251,0.65987,0.194549,-1.62464,-1.32884,-0.638008,0.776036,1.76188,-0.149657,0.116447,-1.54277,-0.0636614,0.2482,-1.00728,-1.59481,-1.01706,-0.127135,0.559175,1.40119,-1.61276,1.8305,-0.0898098,-1.26576,-1.76124,1.23195,-0.269686,1.22789,-1.59845,-1.56077,0.458786,1.996,-0.185011,-1.75004,1.38731,-0.797919,-1.56933,0.936032,-1.67351,1.35279,0.444837,1.42627,-1.3104,-0.0724454,0.89088,-0.393547,0.886616,0.0264761,-0.478673,-1.03596,0.226382,0.0675763,-1.26799,0.156639,-0.0321617,0.998724,0.212245,-0.63784,-0.775643,-0.788799,1.94885,1.21166,0.828242,-0.92643,-0.62419,-1.08532,0.0134659,-0.922084,-1.04397,-1.82062,-0.720654,-1.94471,-0.376988,1.76676,-0.594025,1.17955,0.313105,1.16384,0.0323358,0.112372,0.276904,0.173359,1.84303,0.871915,-1.30925,-0.819472,-0.271119,0.144731,1.18899,1.07535,1.68402,1.67163,-0.91779,-0.253471,-1.68299,-0.374937,1.42931,0.855572,-1.19532,-2.87857,-1.87545,0.2,-0.0810543,-1.64836,-1.80768,1.23072,0.429442,0.72216,1.76893,-1.56529,0.278377,-1.4163,1.34685,0.43731,-2.06409,1.4136,0.289379,-1.33811,-0.347193,0.988667,-0.78654,1.29524,1.80998,-0.517084,1.67001,-0.508424,0.17365,0.692728,-0.698402,-0.923199,0.265809,-1.87051,1.30581,-0.892177,0.351219,-0.175844,0.779105,0.153113,0.357583,-0.67736,1.0672,-0.187905,-0.649413,-0.776525,-0.0878732,-0.942707,-0.235586,1.16147,-0.033456,-0.236559,-0.0874175,0.938508,-1.41037,1.31692,-0.965366,0.700698,0.654635,0.323544,0.487006,1.628,-0.559171,1.28769,1.79889,-1.10969,0.862808,-0.374361,0.983386,-0.408449,-0.981289,-0.825464,-0.0819585,0.514485,1.4792,0.817212,0.792276,-0.347945,0.0234881,1.18936,0.652223,-0.923007,1.29931,0.640692,-0.135141,0.242826,1.00247,-2.49986,2.49035,0.35494,-2.39781,0.508549,-0.37148,0.334175,-0.0404299,1.14557,-0.946198,0.511412,0.733515,0.0754006,-0.805488,-547.184,-508.299,2761.5,815.011,520.894,-1882.04,-2005.36,-819.359,713.376,4167.89,684.524,-60.5022,-3825.74,-379.508,89.5438,-786.665,-2764.26,-1893.05,-1138.15,1330.48,3721.9,-4549.31,2287.66,267.703,-2638.59,-2872.07,3581.78,-691.08,1559.76,-2665.15,-3407.54,531.827,2745.55,-223.138,-3512.96,4957.76,-1430.38,-3610.6,1490.59,-2808.39,2647.86,134.514,1058.66,-2025.01,485.435,3088.29,-408.039,1755.96,-843.537,223.64,-979.537,157.066,-382.401,-1592.82,146.539,630.355,1663.4,390.568,-1767.98,-422.267,-1066.21,3073.98,426.967,1910.6,-1257.09,-400.344,-1141.72,499.265,-2604.22,-1076.11,-4120.46,-2216.12,-5824.17,-626.233,4606.2,242.817,3643.23,1542.24,2193.71,656.864,865.569,271.498,-601.193,3442.11,1343.81,-669.027,-589.169,-124.323,-568.395,1995.34,2199.27,3168.19,1360.03,-1589.59,215.181,-2315.43,-552.459,2949.46,968.289,-1405.52
-250354,0,1,0,1,1,250399,-0.384764,0.00591807,1.98251,0.65987,0.194549,-1.62464,-1.32884,-0.638008,0.776036,1.76188,-0.149657,0.116447,-1.54277,-0.0636614,0.2482,-1.00728,-1.59481,-1.01706,-0.127135,0.559175,1.40119,-1.61276,1.8305,-0.0898098,-1.26576,-1.76124,1.23195,-0.269686,1.22789,-1.59845,-1.56077,0.458786,1.996,-0.185011,-1.75004,1.38731,-0.797919,-1.56933,0.936032,-1.67351,1.35279,0.444837,1.42627,-1.3104,-0.0724454,0.89088,-0.393547,0.886616,0.0264761,-0.478673,-1.03596,0.226382,0.0675763,-1.26799,0.156639,-0.0321617,0.998724,0.212245,-0.63784,-0.775643,-0.788799,1.94885,1.21166,0.828242,-0.92643,-0.62419,-1.08532,0.0134659,-0.922084,-1.04397,-1.82062,-0.720654,-1.94471,-0.376988,1.76676,-0.594025,1.17955,0.313105,1.16384,0.0323358,0.112372,0.276904,0.173359,1.84303,0.871915,-1.30925,-0.819472,-0.271119,0.144731,1.18899,1.07535,1.68402,1.67163,-0.91779,-0.253471,-1.68299,-0.374937,1.42931,0.855572,-1.19532,-1.07679,0.491189,-0.900397,-0.515025,0.25314,0.0330456,-0.507351,-0.131014,0.160488,-1.21461,0.157629,-0.300536,-0.781149,1.45091,0.674273,0.860983,-0.997342,-0.0853267,-1.6852,0.458089,-1.3383,-0.178788,0.457936,-0.487711,1.30565,0.251533,-1.10212,-0.642712,-0.21381,0.827168,-0.56724,-0.318615,0.504018,-1.12657,-2.13419,0.953824,0.181294,1.39537,0.880671,-0.15959,0.34048,0.649044,-0.602638,-1.67534,1.20992,-1.06941,1.19398,0.0125116,1.55302,0.372777,0.65568,0.567099,-0.0675108,1.28459,-0.282329,0.397013,0.310883,0.196017,-0.831009,-0.469367,-0.192395,1.83041,0.882015,-0.125712,0.371705,0.566567,-2.79848,-0.288184,-0.122471,0.216523,-0.311945,0.153462,1.29936,1.39991,0.528127,-0.648184,0.949496,-0.534235,-0.132714,-1.47953,1.01414,-1.53843,1.45567,1.73229,1.05956,1.30394,1.69704,-0.617808,-2.22828,0.86863,-0.460976,-1.18767,-0.852688,-0.539648,-0.115724,-1.07799,0.505798,0.294099,-1.06304,-0.606923,-547.184,-508.299,2761.5,815.011,520.894,-1882.04,-2005.36,-819.359,713.376,4167.89,684.524,-60.5022,-3825.74,-379.508,89.5438,-786.665,-2764.26,-1893.05,-1138.15,1330.48,3721.9,-4549.31,2287.66,267.703,-2638.59,-2872.07,3581.78,-691.08,1559.76,-2665.15,-3407.54,531.827,2745.55,-223.138,-3512.96,4957.76,-1430.38,-3610.6,1490.59,-2808.39,2647.86,134.514,1058.66,-2025.01,485.435,3088.29,-408.039,1755.96,-843.537,223.64,-979.537,157.066,-382.401,-1592.82,146.539,630.355,1663.4,390.568,-1767.98,-422.267,-1066.21,3073.98,426.967,1910.6,-1257.09,-400.344,-1141.72,499.265,-2604.22,-1076.11,-4120.46,-2216.12,-5824.17,-626.233,4606.2,242.817,3643.23,1542.24,2193.71,656.864,865.569,271.498,-601.193,3442.11,1343.81,-669.027,-589.169,-124.323,-568.395,1995.34,2199.27,3168.19,1360.03,-1589.59,215.181,-2315.43,-552.459,2949.46,968.289,-1405.52
-250354,0,1,0,1,1,250402,-0.384764,0.00591807,1.98251,0.65987,0.194549,-1.62464,-1.32884,-0.638008,0.776036,1.76188,-0.149657,0.116447,-1.54277,-0.0636614,0.2482,-1.00728,-1.59481,-1.01706,-0.127135,0.559175,1.40119,-1.61276,1.8305,-0.0898098,-1.26576,-1.76124,1.23195,-0.269686,1.22789,-1.59845,-1.56077,0.458786,1.996,-0.185011,-1.75004,1.38731,-0.797919,-1.56933,0.936032,-1.67351,1.35279,0.444837,1.42627,-1.3104,-0.0724454,0.89088,-0.393547,0.886616,0.0264761,-0.478673,-1.03596,0.226382,0.0675763,-1.26799,0.156639,-0.0321617,0.998724,0.212245,-0.63784,-0.775643,-0.788799,1.94885,1.21166,0.828242,-0.92643,-0.62419,-1.08532,0.0134659,-0.922084,-1.04397,-1.82062,-0.720654,-1.94471,-0.376988,1.76676,-0.594025,1.17955,0.313105,1.16384,0.0323358,0.112372,0.276904,0.173359,1.84303,0.871915,-1.30925,-0.819472,-0.271119,0.144731,1.18899,1.07535,1.68402,1.67163,-0.91779,-0.253471,-1.68299,-0.374937,1.42931,0.855572,-1.19532,-1.56227,-0.981763,-0.551937,0.886383,0.682283,-2.13738,-1.03455,0.917184,0.222416,-0.727202,0.33523,-1.44663,0.446359,-1.57235,-0.442001,1.59866,0.333842,-1.94056,-0.606985,-1.05792,0.0458005,0.078377,-0.581487,-0.345351,-0.234949,-0.346551,-1.4767,0.282568,0.665046,1.1217,1.44036,0.347924,0.348463,0.0837684,-0.656843,1.17792,-0.288808,0.173266,-0.0385116,-0.33653,-1.07478,0.41861,0.510234,1.64353,-0.347452,1.41975,2.44819,-1.15888,-0.376391,0.643833,0.506359,0.0131899,1.11961,0.740056,1.89309,1.54596,0.147511,-1.39539,1.16262,0.590267,0.285627,0.810588,0.375176,-0.46709,-0.104584,-1.01372,-0.0753346,0.235752,0.121905,-0.348341,1.04117,-1.66684,-1.37222,-0.257152,0.450078,1.42573,-0.612397,0.272431,0.193416,-0.0565475,-0.266969,-2.02343,-0.114077,1.96718,0.0763745,0.499776,-1.91936,-0.295203,-0.213526,1.70846,-1.00884,-0.648592,-1.1338,0.155678,-1.37781,0.689557,1.88521,-0.545432,-1.26315,-0.132421,-547.184,-508.299,2761.5,815.011,520.894,-1882.04,-2005.36,-819.359,713.376,4167.89,684.524,-60.5022,-3825.74,-379.508,89.5438,-786.665,-2764.26,-1893.05,-1138.15,1330.48,3721.9,-4549.31,2287.66,267.703,-2638.59,-2872.07,3581.78,-691.08,1559.76,-2665.15,-3407.54,531.827,2745.55,-223.138,-3512.96,4957.76,-1430.38,-3610.6,1490.59,-2808.39,2647.86,134.514,1058.66,-2025.01,485.435,3088.29,-408.039,1755.96,-843.537,223.64,-979.537,157.066,-382.401,-1592.82,146.539,630.355,1663.4,390.568,-1767.98,-422.267,-1066.21,3073.98,426.967,1910.6,-1257.09,-400.344,-1141.72,499.265,-2604.22,-1076.11,-4120.46,-2216.12,-5824.17,-626.233,4606.2,242.817,3643.23,1542.24,2193.71,656.864,865.569,271.498,-601.193,3442.11,1343.81,-669.027,-589.169,-124.323,-568.395,1995.34,2199.27,3168.19,1360.03,-1589.59,215.181,-2315.43,-552.459,2949.46,968.289,-1405.52
-250354,0,1,0,1,1,250395,-0.384764,0.00591807,1.98251,0.65987,0.194549,-1.62464,-1.32884,-0.638008,0.776036,1.76188,-0.149657,0.116447,-1.54277,-0.0636614,0.2482,-1.00728,-1.59481,-1.01706,-0.127135,0.559175,1.40119,-1.61276,1.8305,-0.0898098,-1.26576,-1.76124,1.23195,-0.269686,1.22789,-1.59845,-1.56077,0.458786,1.996,-0.185011,-1.75004,1.38731,-0.797919,-1.56933,0.936032,-1.67351,1.35279,0.444837,1.42627,-1.3104,-0.0724454,0.89088,-0.393547,0.886616,0.0264761,-0.478673,-1.03596,0.226382,0.0675763,-1.26799,0.156639,-0.0321617,0.998724,0.212245,-0.63784,-0.775643,-0.788799,1.94885,1.21166,0.828242,-0.92643,-0.62419,-1.08532,0.0134659,-0.922084,-1.04397,-1.82062,-0.720654,-1.94471,-0.376988,1.76676,-0.594025,1.17955,0.313105,1.16384,0.0323358,0.112372,0.276904,0.173359,1.84303,0.871915,-1.30925,-0.819472,-0.271119,0.144731,1.18899,1.07535,1.68402,1.67163,-0.91779,-0.253471,-1.68299,-0.374937,1.42931,0.855572,-1.19532,-0.29309,-0.239826,1.71079,0.235162,0.851258,0.0233242,-0.218409,-0.146988,0.457728,-0.898913,0.313273,-0.245355,-1.32052,-1.47302,-2.2684,0.953431,-0.707798,0.185131,-0.0184389,-1.05556,-1.43312,1.46758,0.0753335,0.997301,0.752196,0.589543,0.981999,1.53826,-0.808179,0.214814,0.0975079,-1.07003,-1.10933,-0.135444,-1.01555,-0.719479,-0.42175,0.493929,0.788478,-0.17254,-0.123216,-0.419819,-0.502742,0.105428,-1.45852,-1.56256,0.601098,0.135613,1.8142,-0.416447,-0.763585,0.554854,1.13741,-0.184112,-0.944279,-0.81586,-0.466975,-0.963249,0.787687,-1.01852,0.413912,0.495242,1.18939,-0.126293,-1.69399,0.793464,-0.992094,1.10231,-1.45337,0.667742,-0.153184,-0.0125276,0.0330342,0.365346,0.232276,0.943992,0.818565,0.233994,-1.13245,-1.36124,-0.105271,-0.0215187,0.729381,-0.663453,-0.457538,-1.69828,2.1115,0.190057,-0.108191,-0.716841,0.304792,0.431334,2.40883,-1.77477,-0.103119,0.39309,-1.25138,0.101892,-0.417767,0.07785,-547.184,-508.299,2761.5,815.011,520.894,-1882.04,-2005.36,-819.359,713.376,4167.89,684.524,-60.5022,-3825.74,-379.508,89.5438,-786.665,-2764.26,-1893.05,-1138.15,1330.48,3721.9,-4549.31,2287.66,267.703,-2638.59,-2872.07,3581.78,-691.08,1559.76,-2665.15,-3407.54,531.827,2745.55,-223.138,-3512.96,4957.76,-1430.38,-3610.6,1490.59,-2808.39,2647.86,134.514,1058.66,-2025.01,485.435,3088.29,-408.039,1755.96,-843.537,223.64,-979.537,157.066,-382.401,-1592.82,146.539,630.355,1663.4,390.568,-1767.98,-422.267,-1066.21,3073.98,426.967,1910.6,-1257.09,-400.344,-1141.72,499.265,-2604.22,-1076.11,-4120.46,-2216.12,-5824.17,-626.233,4606.2,242.817,3643.23,1542.24,2193.71,656.864,865.569,271.498,-601.193,3442.11,1343.81,-669.027,-589.169,-124.323,-568.395,1995.34,2199.27,3168.19,1360.03,-1589.59,215.181,-2315.43,-552.459,2949.46,968.289,-1405.52
-250354,0,1,0,1,1,250403,-0.384764,0.00591807,1.98251,0.65987,0.194549,-1.62464,-1.32884,-0.638008,0.776036,1.76188,-0.149657,0.116447,-1.54277,-0.0636614,0.2482,-1.00728,-1.59481,-1.01706,-0.127135,0.559175,1.40119,-1.61276,1.8305,-0.0898098,-1.26576,-1.76124,1.23195,-0.269686,1.22789,-1.59845,-1.56077,0.458786,1.996,-0.185011,-1.75004,1.38731,-0.797919,-1.56933,0.936032,-1.67351,1.35279,0.444837,1.42627,-1.3104,-0.0724454,0.89088,-0.393547,0.886616,0.0264761,-0.478673,-1.03596,0.226382,0.0675763,-1.26799,0.156639,-0.0321617,0.998724,0.212245,-0.63784,-0.775643,-0.788799,1.94885,1.21166,0.828242,-0.92643,-0.62419,-1.08532,0.0134659,-0.922084,-1.04397,-1.82062,-0.720654,-1.94471,-0.376988,1.76676,-0.594025,1.17955,0.313105,1.16384,0.0323358,0.112372,0.276904,0.173359,1.84303,0.871915,-1.30925,-0.819472,-0.271119,0.144731,1.18899,1.07535,1.68402,1.67163,-0.91779,-0.253471,-1.68299,-0.374937,1.42931,0.855572,-1.19532,-0.162576,0.157017,-2.02329,-1.24018,0.463176,1.42624,-0.81426,0.194714,0.731141,-0.655599,0.206273,0.715589,0.674784,-0.037457,0.775723,1.37711,1.21006,-0.992295,-0.352556,-1.644,-0.710944,-0.149159,-0.829506,0.0831611,-0.962418,0.497373,-0.213595,0.0372013,-0.990551,-0.763863,1.1909,2.08412,-0.23651,-0.682935,1.66283,-1.58791,-0.935959,2.59245,-0.366469,0.430962,0.413828,1.40943,-0.359664,1.16321,0.308491,0.540837,-0.444517,-1.05193,-0.649907,-0.517009,-1.07413,0.200212,0.39122,-0.44516,2.92057,0.515333,0.470971,0.731305,1.90196,-0.862881,-0.107017,-0.837085,0.164522,0.49319,1.76589,0.752817,0.0297625,1.10634,-0.381843,0.724115,1.20699,-0.412616,-1.78336,0.476117,-0.475258,-0.0069566,0.0766558,1.11275,-1.44089,0.501503,-0.286879,-0.407421,0.00132198,-1.5158,-1.49812,0.725705,0.669842,-1.77758,0.757536,0.809119,-1.54376,-0.222394,0.494381,0.803618,-0.24527,-0.871856,0.846794,1.67634,0.591824,-0.81353,-547.184,-508.299,2761.5,815.011,520.894,-1882.04,-2005.36,-819.359,713.376,4167.89,684.524,-60.5022,-3825.74,-379.508,89.5438,-786.665,-2764.26,-1893.05,-1138.15,1330.48,3721.9,-4549.31,2287.66,267.703,-2638.59,-2872.07,3581.78,-691.08,1559.76,-2665.15,-3407.54,531.827,2745.55,-223.138,-3512.96,4957.76,-1430.38,-3610.6,1490.59,-2808.39,2647.86,134.514,1058.66,-2025.01,485.435,3088.29,-408.039,1755.96,-843.537,223.64,-979.537,157.066,-382.401,-1592.82,146.539,630.355,1663.4,390.568,-1767.98,-422.267,-1066.21,3073.98,426.967,1910.6,-1257.09,-400.344,-1141.72,499.265,-2604.22,-1076.11,-4120.46,-2216.12,-5824.17,-626.233,4606.2,242.817,3643.23,1542.24,2193.71,656.864,865.569,271.498,-601.193,3442.11,1343.81,-669.027,-589.169,-124.323,-568.395,1995.34,2199.27,3168.19,1360.03,-1589.59,215.181,-2315.43,-552.459,2949.46,968.289,-1405.52
-250354,0,1,0,1,1,250404,-0.384764,0.00591807,1.98251,0.65987,0.194549,-1.62464,-1.32884,-0.638008,0.776036,1.76188,-0.149657,0.116447,-1.54277,-0.0636614,0.2482,-1.00728,-1.59481,-1.01706,-0.127135,0.559175,1.40119,-1.61276,1.8305,-0.0898098,-1.26576,-1.76124,1.23195,-0.269686,1.22789,-1.59845,-1.56077,0.458786,1.996,-0.185011,-1.75004,1.38731,-0.797919,-1.56933,0.936032,-1.67351,1.35279,0.444837,1.42627,-1.3104,-0.0724454,0.89088,-0.393547,0.886616,0.0264761,-0.478673,-1.03596,0.226382,0.0675763,-1.26799,0.156639,-0.0321617,0.998724,0.212245,-0.63784,-0.775643,-0.788799,1.94885,1.21166,0.828242,-0.92643,-0.62419,-1.08532,0.0134659,-0.922084,-1.04397,-1.82062,-0.720654,-1.94471,-0.376988,1.76676,-0.594025,1.17955,0.313105,1.16384,0.0323358,0.112372,0.276904,0.173359,1.84303,0.871915,-1.30925,-0.819472,-0.271119,0.144731,1.18899,1.07535,1.68402,1.67163,-0.91779,-0.253471,-1.68299,-0.374937,1.42931,0.855572,-1.19532,0.511729,0.117813,0.791401,-0.983662,-0.587831,-0.37754,-0.0955678,2.43895,-0.357624,-1.91111,0.463128,-0.385361,0.663985,0.2894,-0.456276,0.460297,-0.394569,1.08453,-1.05816,0.0421385,1.11642,-0.429747,0.185979,0.594993,-0.33613,0.266845,-0.119568,1.12827,-0.535819,0.559067,1.31201,-0.123182,0.763292,1.64764,-0.710817,0.214124,0.719048,0.0916636,-0.031932,1.10609,1.57962,-0.119592,-0.45519,0.037818,0.324821,0.620033,0.477881,-0.153779,-0.23734,-0.94843,-1.20538,-0.0727235,-0.446316,-0.519731,0.746939,1.69407,-1.53073,-0.127855,-0.495098,-2.33861,1.14729,0.458919,0.7065,-1.00807,-0.757415,-1.85236,-0.604894,0.892189,-1.53953,0.729638,-0.890012,0.376432,-0.954334,1.58721,-0.188128,-0.552334,0.276532,-1.53019,0.390279,1.53013,1.88558,0.661766,0.116324,0.414321,-2.34459,2.23004,-0.21408,-0.956238,1.73237,-1.49653,1.3674,-1.49602,-0.435362,0.35518,2.03027,0.631452,0.00211544,-0.836907,0.659981,-1.91251,-547.184,-508.299,2761.5,815.011,520.894,-1882.04,-2005.36,-819.359,713.376,4167.89,684.524,-60.5022,-3825.74,-379.508,89.5438,-786.665,-2764.26,-1893.05,-1138.15,1330.48,3721.9,-4549.31,2287.66,267.703,-2638.59,-2872.07,3581.78,-691.08,1559.76,-2665.15,-3407.54,531.827,2745.55,-223.138,-3512.96,4957.76,-1430.38,-3610.6,1490.59,-2808.39,2647.86,134.514,1058.66,-2025.01,485.435,3088.29,-408.039,1755.96,-843.537,223.64,-979.537,157.066,-382.401,-1592.82,146.539,630.355,1663.4,390.568,-1767.98,-422.267,-1066.21,3073.98,426.967,1910.6,-1257.09,-400.344,-1141.72,499.265,-2604.22,-1076.11,-4120.46,-2216.12,-5824.17,-626.233,4606.2,242.817,3643.23,1542.24,2193.71,656.864,865.569,271.498,-601.193,3442.11,1343.81,-669.027,-589.169,-124.323,-568.395,1995.34,2199.27,3168.19,1360.03,-1589.59,215.181,-2315.43,-552.459,2949.46,968.289,-1405.52
-250354,0,1,0,1,1,250389,-0.384764,0.00591807,1.98251,0.65987,0.194549,-1.62464,-1.32884,-0.638008,0.776036,1.76188,-0.149657,0.116447,-1.54277,-0.0636614,0.2482,-1.00728,-1.59481,-1.01706,-0.127135,0.559175,1.40119,-1.61276,1.8305,-0.0898098,-1.26576,-1.76124,1.23195,-0.269686,1.22789,-1.59845,-1.56077,0.458786,1.996,-0.185011,-1.75004,1.38731,-0.797919,-1.56933,0.936032,-1.67351,1.35279,0.444837,1.42627,-1.3104,-0.0724454,0.89088,-0.393547,0.886616,0.0264761,-0.478673,-1.03596,0.226382,0.0675763,-1.26799,0.156639,-0.0321617,0.998724,0.212245,-0.63784,-0.775643,-0.788799,1.94885,1.21166,0.828242,-0.92643,-0.62419,-1.08532,0.0134659,-0.922084,-1.04397,-1.82062,-0.720654,-1.94471,-0.376988,1.76676,-0.594025,1.17955,0.313105,1.16384,0.0323358,0.112372,0.276904,0.173359,1.84303,0.871915,-1.30925,-0.819472,-0.271119,0.144731,1.18899,1.07535,1.68402,1.67163,-0.91779,-0.253471,-1.68299,-0.374937,1.42931,0.855572,-1.19532,-1.16179,-1.06069,0.0458694,-0.53867,-0.859507,-0.229778,-0.169244,0.0262754,1.0238,1.26743,-0.152988,-0.713378,-1.46009,-0.74197,0.437545,-0.414129,-0.77044,-1.62398,-0.493164,0.511204,0.0141644,1.31771,0.18478,-1.25664,0.0546624,-0.615063,0.0100873,-0.10235,-1.30031,-0.419517,0.197834,0.942439,0.345235,0.948842,0.916615,0.698611,0.163247,1.00074,-0.561186,-0.24286,0.494895,1.4153,-1.20922,-1.11804,-0.885028,1.17644,-0.34222,-0.479439,0.387624,1.03521,0.0936809,0.755322,0.00348795,0.946031,-0.58759,-0.273478,1.11893,-0.590847,-0.606015,0.285515,0.242496,0.0854043,1.0963,0.590909,-0.0501438,-0.192959,-0.910571,-1.70969,0.867473,-1.09175,1.02069,-1.24451,0.0894932,0.093877,0.0286706,-0.369294,-0.91841,-1.45768,-0.916056,-0.391329,2.65706,-1.04959,-0.122202,-0.112365,1.36802,0.720272,-1.96014,0.215872,-0.136123,-1.0603,0.880637,1.10406,-0.208467,0.558218,-0.386015,0.676259,0.461962,-0.76793,-0.520234,0.659417,-547.184,-508.299,2761.5,815.011,520.894,-1882.04,-2005.36,-819.359,713.376,4167.89,684.524,-60.5022,-3825.74,-379.508,89.5438,-786.665,-2764.26,-1893.05,-1138.15,1330.48,3721.9,-4549.31,2287.66,267.703,-2638.59,-2872.07,3581.78,-691.08,1559.76,-2665.15,-3407.54,531.827,2745.55,-223.138,-3512.96,4957.76,-1430.38,-3610.6,1490.59,-2808.39,2647.86,134.514,1058.66,-2025.01,485.435,3088.29,-408.039,1755.96,-843.537,223.64,-979.537,157.066,-382.401,-1592.82,146.539,630.355,1663.4,390.568,-1767.98,-422.267,-1066.21,3073.98,426.967,1910.6,-1257.09,-400.344,-1141.72,499.265,-2604.22,-1076.11,-4120.46,-2216.12,-5824.17,-626.233,4606.2,242.817,3643.23,1542.24,2193.71,656.864,865.569,271.498,-601.193,3442.11,1343.81,-669.027,-589.169,-124.323,-568.395,1995.34,2199.27,3168.19,1360.03,-1589.59,215.181,-2315.43,-552.459,2949.46,968.289,-1405.52
-250354,0,1,0,1,1,250398,-0.384764,0.00591807,1.98251,0.65987,0.194549,-1.62464,-1.32884,-0.638008,0.776036,1.76188,-0.149657,0.116447,-1.54277,-0.0636614,0.2482,-1.00728,-1.59481,-1.01706,-0.127135,0.559175,1.40119,-1.61276,1.8305,-0.0898098,-1.26576,-1.76124,1.23195,-0.269686,1.22789,-1.59845,-1.56077,0.458786,1.996,-0.185011,-1.75004,1.38731,-0.797919,-1.56933,0.936032,-1.67351,1.35279,0.444837,1.42627,-1.3104,-0.0724454,0.89088,-0.393547,0.886616,0.0264761,-0.478673,-1.03596,0.226382,0.0675763,-1.26799,0.156639,-0.0321617,0.998724,0.212245,-0.63784,-0.775643,-0.788799,1.94885,1.21166,0.828242,-0.92643,-0.62419,-1.08532,0.0134659,-0.922084,-1.04397,-1.82062,-0.720654,-1.94471,-0.376988,1.76676,-0.594025,1.17955,0.313105,1.16384,0.0323358,0.112372,0.276904,0.173359,1.84303,0.871915,-1.30925,-0.819472,-0.271119,0.144731,1.18899,1.07535,1.68402,1.67163,-0.91779,-0.253471,-1.68299,-0.374937,1.42931,0.855572,-1.19532,-1.60398,0.540499,0.253309,0.068451,-0.145701,-1.61083,-0.931771,0.978287,1.50957,-0.696647,0.48622,0.35927,1.85011,-0.826003,0.283407,-0.220354,0.0380637,0.401379,-0.464288,0.812574,-1.03684,-1.01493,0.834784,0.277661,-0.787856,-0.709131,0.185301,-0.292843,-0.67367,1.03812,0.734775,-0.286133,0.908585,-0.582913,1.5806,0.0250848,-1.6694,-0.528516,-0.496986,2.69597,-1.03789,-1.9365,0.00417027,0.729748,-0.758292,0.755751,-0.22443,0.865411,0.31363,-1.44144,-0.457726,0.509583,-1.42048,0.553649,0.167902,-0.748844,-1.26914,-0.25594,-1.12563,-0.63167,1.1084,-0.0279646,-0.292899,-0.159289,-0.25284,-0.165487,-0.169113,0.709757,-1.75426,0.941333,-1.3283,0.83782,-0.679086,1.55357,1.46363,0.245993,-1.18947,-1.06508,0.116017,-1.65792,-0.12426,1.9487,1.20435,0.435782,0.558521,-1.7941,-0.741767,0.523937,0.117348,0.192482,-1.8419,-0.513239,0.0207616,0.915211,-0.949145,1.02894,0.573414,0.432192,-0.752102,0.134602,-547.184,-508.299,2761.5,815.011,520.894,-1882.04,-2005.36,-819.359,713.376,4167.89,684.524,-60.5022,-3825.74,-379.508,89.5438,-786.665,-2764.26,-1893.05,-1138.15,1330.48,3721.9,-4549.31,2287.66,267.703,-2638.59,-2872.07,3581.78,-691.08,1559.76,-2665.15,-3407.54,531.827,2745.55,-223.138,-3512.96,4957.76,-1430.38,-3610.6,1490.59,-2808.39,2647.86,134.514,1058.66,-2025.01,485.435,3088.29,-408.039,1755.96,-843.537,223.64,-979.537,157.066,-382.401,-1592.82,146.539,630.355,1663.4,390.568,-1767.98,-422.267,-1066.21,3073.98,426.967,1910.6,-1257.09,-400.344,-1141.72,499.265,-2604.22,-1076.11,-4120.46,-2216.12,-5824.17,-626.233,4606.2,242.817,3643.23,1542.24,2193.71,656.864,865.569,271.498,-601.193,3442.11,1343.81,-669.027,-589.169,-124.323,-568.395,1995.34,2199.27,3168.19,1360.03,-1589.59,215.181,-2315.43,-552.459,2949.46,968.289,-1405.52
-250354,0,1,0,1,1,250403,-0.384764,0.00591807,1.98251,0.65987,0.194549,-1.62464,-1.32884,-0.638008,0.776036,1.76188,-0.149657,0.116447,-1.54277,-0.0636614,0.2482,-1.00728,-1.59481,-1.01706,-0.127135,0.559175,1.40119,-1.61276,1.8305,-0.0898098,-1.26576,-1.76124,1.23195,-0.269686,1.22789,-1.59845,-1.56077,0.458786,1.996,-0.185011,-1.75004,1.38731,-0.797919,-1.56933,0.936032,-1.67351,1.35279,0.444837,1.42627,-1.3104,-0.0724454,0.89088,-0.393547,0.886616,0.0264761,-0.478673,-1.03596,0.226382,0.0675763,-1.26799,0.156639,-0.0321617,0.998724,0.212245,-0.63784,-0.775643,-0.788799,1.94885,1.21166,0.828242,-0.92643,-0.62419,-1.08532,0.0134659,-0.922084,-1.04397,-1.82062,-0.720654,-1.94471,-0.376988,1.76676,-0.594025,1.17955,0.313105,1.16384,0.0323358,0.112372,0.276904,0.173359,1.84303,0.871915,-1.30925,-0.819472,-0.271119,0.144731,1.18899,1.07535,1.68402,1.67163,-0.91779,-0.253471,-1.68299,-0.374937,1.42931,0.855572,-1.19532,0.817919,1.2272,0.178254,0.45969,-1.05573,0.431291,0.690163,0.50195,0.815267,-0.252351,-1.24861,-0.00975676,-1.2878,0.570356,-1.24273,-0.736001,-0.95962,-1.33373,0.457913,-0.47578,0.607072,0.190885,-0.849081,0.335377,-1.61387,1.37498,-0.166598,0.555089,-0.402005,0.783693,0.410411,-0.0122858,0.903466,-1.45144,-2.28006,1.08956,0.855048,0.327642,0.109396,0.0928525,0.3694,-0.89051,-0.50597,-0.340906,-0.0170234,1.26618,1.52538,-0.323863,-1.4594,0.933731,0.464569,1.37817,2.06221,-0.134505,0.500645,0.75127,-0.625927,-0.549109,-0.287536,0.269378,-1.61522,1.21354,-2.84631,-1.18391,-0.693622,-0.160538,-0.608121,1.45618,0.156599,0.590239,-0.0185998,0.342002,0.024633,1.9207,-2.78966,0.27319,-1.19072,2.02649,-0.956152,-1.18481,0.314718,0.0814415,-0.520608,0.649901,-0.613606,0.184641,-0.161402,1.19791,0.669363,-0.122885,0.611281,0.500699,0.819047,0.241326,1.29608,-0.330515,0.712568,0.522335,2.41795,0.529417,-547.184,-508.299,2761.5,815.011,520.894,-1882.04,-2005.36,-819.359,713.376,4167.89,684.524,-60.5022,-3825.74,-379.508,89.5438,-786.665,-2764.26,-1893.05,-1138.15,1330.48,3721.9,-4549.31,2287.66,267.703,-2638.59,-2872.07,3581.78,-691.08,1559.76,-2665.15,-3407.54,531.827,2745.55,-223.138,-3512.96,4957.76,-1430.38,-3610.6,1490.59,-2808.39,2647.86,134.514,1058.66,-2025.01,485.435,3088.29,-408.039,1755.96,-843.537,223.64,-979.537,157.066,-382.401,-1592.82,146.539,630.355,1663.4,390.568,-1767.98,-422.267,-1066.21,3073.98,426.967,1910.6,-1257.09,-400.344,-1141.72,499.265,-2604.22,-1076.11,-4120.46,-2216.12,-5824.17,-626.233,4606.2,242.817,3643.23,1542.24,2193.71,656.864,865.569,271.498,-601.193,3442.11,1343.81,-669.027,-589.169,-124.323,-568.395,1995.34,2199.27,3168.19,1360.03,-1589.59,215.181,-2315.43,-552.459,2949.46,968.289,-1405.52
-250354,0,1,0,1,1,250404,-0.384764,0.00591807,1.98251,0.65987,0.194549,-1.62464,-1.32884,-0.638008,0.776036,1.76188,-0.149657,0.116447,-1.54277,-0.0636614,0.2482,-1.00728,-1.59481,-1.01706,-0.127135,0.559175,1.40119,-1.61276,1.8305,-0.0898098,-1.26576,-1.76124,1.23195,-0.269686,1.22789,-1.59845,-1.56077,0.458786,1.996,-0.185011,-1.75004,1.38731,-0.797919,-1.56933,0.936032,-1.67351,1.35279,0.444837,1.42627,-1.3104,-0.0724454,0.89088,-0.393547,0.886616,0.0264761,-0.478673,-1.03596,0.226382,0.0675763,-1.26799,0.156639,-0.0321617,0.998724,0.212245,-0.63784,-0.775643,-0.788799,1.94885,1.21166,0.828242,-0.92643,-0.62419,-1.08532,0.0134659,-0.922084,-1.04397,-1.82062,-0.720654,-1.94471,-0.376988,1.76676,-0.594025,1.17955,0.313105,1.16384,0.0323358,0.112372,0.276904,0.173359,1.84303,0.871915,-1.30925,-0.819472,-0.271119,0.144731,1.18899,1.07535,1.68402,1.67163,-0.91779,-0.253471,-1.68299,-0.374937,1.42931,0.855572,-1.19532,-0.30741,0.00661968,0.701945,1.05407,0.403601,-0.498132,0.777747,0.705907,0.169718,0.0527004,0.179215,-1.14495,-0.184812,0.328312,-1.33841,-0.159477,-1.60185,0.0341539,1.2973,-2.01071,0.168707,-0.595598,-0.52333,-1.3995,0.584535,-0.785395,0.332398,-0.624858,-0.67948,-0.776776,0.335371,-0.37498,-1.47703,-1.10737,0.382559,-0.218851,0.997187,-0.198697,0.160917,1.05574,2.02499,-0.575513,-1.01832,0.996871,0.309282,1.11869,0.162148,1.55413,0.424468,-0.217572,0.464533,-0.916461,1.60719,1.66835,-0.457158,0.346476,1.01318,-0.838579,0.472748,-1.47308,1.34384,-0.85822,-0.905199,-0.325613,0.833146,0.0170983,0.951948,-0.466781,0.363726,-0.364179,-0.600052,0.570392,0.58496,0.0584086,0.81602,-1.55212,-1.05394,-2.29604,1.31671,-0.988405,-1.69959,-0.345645,-0.2253,2.57142,0.864195,-0.705141,-0.37176,1.16504,-0.316786,1.31787,0.183011,2.22253,-0.927914,-1.39959,-1.29392,-2.67036,1.08384,0.749328,-0.341076,-1.39917,-547.184,-508.299,2761.5,815.011,520.894,-1882.04,-2005.36,-819.359,713.376,4167.89,684.524,-60.5022,-3825.74,-379.508,89.5438,-786.665,-2764.26,-1893.05,-1138.15,1330.48,3721.9,-4549.31,2287.66,267.703,-2638.59,-2872.07,3581.78,-691.08,1559.76,-2665.15,-3407.54,531.827,2745.55,-223.138,-3512.96,4957.76,-1430.38,-3610.6,1490.59,-2808.39,2647.86,134.514,1058.66,-2025.01,485.435,3088.29,-408.039,1755.96,-843.537,223.64,-979.537,157.066,-382.401,-1592.82,146.539,630.355,1663.4,390.568,-1767.98,-422.267,-1066.21,3073.98,426.967,1910.6,-1257.09,-400.344,-1141.72,499.265,-2604.22,-1076.11,-4120.46,-2216.12,-5824.17,-626.233,4606.2,242.817,3643.23,1542.24,2193.71,656.864,865.569,271.498,-601.193,3442.11,1343.81,-669.027,-589.169,-124.323,-568.395,1995.34,2199.27,3168.19,1360.03,-1589.59,215.181,-2315.43,-552.459,2949.46,968.289,-1405.52
-250354,0,1,0,1,1,250403,-0.384764,0.00591807,1.98251,0.65987,0.194549,-1.62464,-1.32884,-0.638008,0.776036,1.76188,-0.149657,0.116447,-1.54277,-0.0636614,0.2482,-1.00728,-1.59481,-1.01706,-0.127135,0.559175,1.40119,-1.61276,1.8305,-0.0898098,-1.26576,-1.76124,1.23195,-0.269686,1.22789,-1.59845,-1.56077,0.458786,1.996,-0.185011,-1.75004,1.38731,-0.797919,-1.56933,0.936032,-1.67351,1.35279,0.444837,1.42627,-1.3104,-0.0724454,0.89088,-0.393547,0.886616,0.0264761,-0.478673,-1.03596,0.226382,0.0675763,-1.26799,0.156639,-0.0321617,0.998724,0.212245,-0.63784,-0.775643,-0.788799,1.94885,1.21166,0.828242,-0.92643,-0.62419,-1.08532,0.0134659,-0.922084,-1.04397,-1.82062,-0.720654,-1.94471,-0.376988,1.76676,-0.594025,1.17955,0.313105,1.16384,0.0323358,0.112372,0.276904,0.173359,1.84303,0.871915,-1.30925,-0.819472,-0.271119,0.144731,1.18899,1.07535,1.68402,1.67163,-0.91779,-0.253471,-1.68299,-0.374937,1.42931,0.855572,-1.19532,0.932206,1.94715,-0.86812,-1.41383,0.915903,-0.0036785,1.03872,-0.991898,-0.297591,0.432192,-1.29186,-0.506815,0.250167,1.02674,2.04951,-0.569295,-0.497814,-0.69586,0.962038,1.91363,0.145776,0.45771,0.613667,-0.48846,-0.838336,0.600623,-0.46127,2.48841,0.0133312,-0.320791,-0.864259,-0.557152,-0.389921,-1.34742,0.246199,-0.512151,1.0771,-0.779286,-1.4365,-0.190246,1.04923,0.44205,-2.36511,0.591598,-1.03231,1.63294,-0.545345,0.261281,0.506896,-1.21684,-0.0827892,-0.33436,-0.842487,-0.187213,0.0643613,0.911135,0.237465,0.782736,1.096,-0.447098,-0.83429,0.403398,-0.938325,1.24746,2.52824,-0.413992,-1.42773,1.28791,0.32695,-1.00209,-0.748162,-0.26812,0.809013,1.38164,0.748266,0.561393,0.734892,-1.83803,0.826699,0.694208,-0.936376,-1.2201,0.904307,1.00405,-0.726226,1.0343,0.0953889,0.163491,-0.695314,-0.331732,-1.2726,0.694841,-1.66845,0.978409,-0.311724,-1.67809,-0.515642,-0.932058,-1.59055,0.0225601,-547.184,-508.299,2761.5,815.011,520.894,-1882.04,-2005.36,-819.359,713.376,4167.89,684.524,-60.5022,-3825.74,-379.508,89.5438,-786.665,-2764.26,-1893.05,-1138.15,1330.48,3721.9,-4549.31,2287.66,267.703,-2638.59,-2872.07,3581.78,-691.08,1559.76,-2665.15,-3407.54,531.827,2745.55,-223.138,-3512.96,4957.76,-1430.38,-3610.6,1490.59,-2808.39,2647.86,134.514,1058.66,-2025.01,485.435,3088.29,-408.039,1755.96,-843.537,223.64,-979.537,157.066,-382.401,-1592.82,146.539,630.355,1663.4,390.568,-1767.98,-422.267,-1066.21,3073.98,426.967,1910.6,-1257.09,-400.344,-1141.72,499.265,-2604.22,-1076.11,-4120.46,-2216.12,-5824.17,-626.233,4606.2,242.817,3643.23,1542.24,2193.71,656.864,865.569,271.498,-601.193,3442.11,1343.81,-669.027,-589.169,-124.323,-568.395,1995.34,2199.27,3168.19,1360.03,-1589.59,215.181,-2315.43,-552.459,2949.46,968.289,-1405.52
-250354,0,1,0,1,1,250402,-0.384764,0.00591807,1.98251,0.65987,0.194549,-1.62464,-1.32884,-0.638008,0.776036,1.76188,-0.149657,0.116447,-1.54277,-0.0636614,0.2482,-1.00728,-1.59481,-1.01706,-0.127135,0.559175,1.40119,-1.61276,1.8305,-0.0898098,-1.26576,-1.76124,1.23195,-0.269686,1.22789,-1.59845,-1.56077,0.458786,1.996,-0.185011,-1.75004,1.38731,-0.797919,-1.56933,0.936032,-1.67351,1.35279,0.444837,1.42627,-1.3104,-0.0724454,0.89088,-0.393547,0.886616,0.0264761,-0.478673,-1.03596,0.226382,0.0675763,-1.26799,0.156639,-0.0321617,0.998724,0.212245,-0.63784,-0.775643,-0.788799,1.94885,1.21166,0.828242,-0.92643,-0.62419,-1.08532,0.0134659,-0.922084,-1.04397,-1.82062,-0.720654,-1.94471,-0.376988,1.76676,-0.594025,1.17955,0.313105,1.16384,0.0323358,0.112372,0.276904,0.173359,1.84303,0.871915,-1.30925,-0.819472,-0.271119,0.144731,1.18899,1.07535,1.68402,1.67163,-0.91779,-0.253471,-1.68299,-0.374937,1.42931,0.855572,-1.19532,-1.26231,-0.0549036,0.357453,1.91571,-0.598333,0.981096,-0.684496,0.00999698,1.10131,-1.62672,-0.134779,-0.15086,1.1121,0.250639,1.36086,-1.34245,-0.519226,-0.978214,0.72577,-1.45554,-0.568076,-0.0695297,0.836604,-0.566733,0.353674,0.697774,-0.139908,0.947255,0.00944332,0.742699,-1.21911,-0.807095,-1.00419,-0.459284,-0.718483,0.39558,-0.0380848,-1.2017,-0.142875,0.768305,1.17118,-0.500468,0.315051,1.0889,0.150543,-0.620094,-0.292613,-0.381675,0.476519,0.667038,1.40715,-0.676476,-0.635505,1.5425,-0.598855,-0.116713,0.292447,-1.88134,2.28169,-0.995258,0.288299,-1.14875,0.132133,-0.804511,-1.57285,0.682679,-0.478642,-0.130885,0.362812,-1.12854,-0.766414,-0.662642,0.686421,-0.243623,-1.53585,-0.968208,2.14978,1.0301,1.4397,-0.948339,1.17112,1.05766,-0.123088,2.0383,1.57161,1.32565,-0.043254,-2.17363,-0.69813,-0.19256,0.336796,-0.00391855,-0.176108,-0.903634,0.761998,-0.845683,-1.62485,0.928063,1.63576,-1.0197,-547.184,-508.299,2761.5,815.011,520.894,-1882.04,-2005.36,-819.359,713.376,4167.89,684.524,-60.5022,-3825.74,-379.508,89.5438,-786.665,-2764.26,-1893.05,-1138.15,1330.48,3721.9,-4549.31,2287.66,267.703,-2638.59,-2872.07,3581.78,-691.08,1559.76,-2665.15,-3407.54,531.827,2745.55,-223.138,-3512.96,4957.76,-1430.38,-3610.6,1490.59,-2808.39,2647.86,134.514,1058.66,-2025.01,485.435,3088.29,-408.039,1755.96,-843.537,223.64,-979.537,157.066,-382.401,-1592.82,146.539,630.355,1663.4,390.568,-1767.98,-422.267,-1066.21,3073.98,426.967,1910.6,-1257.09,-400.344,-1141.72,499.265,-2604.22,-1076.11,-4120.46,-2216.12,-5824.17,-626.233,4606.2,242.817,3643.23,1542.24,2193.71,656.864,865.569,271.498,-601.193,3442.11,1343.81,-669.027,-589.169,-124.323,-568.395,1995.34,2199.27,3168.19,1360.03,-1589.59,215.181,-2315.43,-552.459,2949.46,968.289,-1405.52
-250354,0,1,0,1,1,250410,-0.384764,0.00591807,1.98251,0.65987,0.194549,-1.62464,-1.32884,-0.638008,0.776036,1.76188,-0.149657,0.116447,-1.54277,-0.0636614,0.2482,-1.00728,-1.59481,-1.01706,-0.127135,0.559175,1.40119,-1.61276,1.8305,-0.0898098,-1.26576,-1.76124,1.23195,-0.269686,1.22789,-1.59845,-1.56077,0.458786,1.996,-0.185011,-1.75004,1.38731,-0.797919,-1.56933,0.936032,-1.67351,1.35279,0.444837,1.42627,-1.3104,-0.0724454,0.89088,-0.393547,0.886616,0.0264761,-0.478673,-1.03596,0.226382,0.0675763,-1.26799,0.156639,-0.0321617,0.998724,0.212245,-0.63784,-0.775643,-0.788799,1.94885,1.21166,0.828242,-0.92643,-0.62419,-1.08532,0.0134659,-0.922084,-1.04397,-1.82062,-0.720654,-1.94471,-0.376988,1.76676,-0.594025,1.17955,0.313105,1.16384,0.0323358,0.112372,0.276904,0.173359,1.84303,0.871915,-1.30925,-0.819472,-0.271119,0.144731,1.18899,1.07535,1.68402,1.67163,-0.91779,-0.253471,-1.68299,-0.374937,1.42931,0.855572,-1.19532,2.83952,1.27421,2.21087,0.670375,2.43747,-0.0433939,1.43535,0.872162,1.26928,-0.026071,-0.830776,1.91356,0.324424,-0.0448828,0.410095,-0.350099,1.19004,-0.088962,0.223305,0.93326,-0.931054,0.377719,-0.556741,-0.547444,-1.3415,-1.05465,-0.352633,-0.183007,0.118053,-1.16955,0.216127,-0.466196,-0.34632,-0.0422493,-0.76741,-1.24394,0.567606,-0.854801,-0.553404,-0.76197,0.739055,-1.15499,-1.01627,-0.803451,0.225705,-0.489242,-0.610678,0.900619,-0.163975,-0.710205,1.79165,1.62891,-1.05564,0.0885515,0.424645,-0.208192,1.72359,-0.409215,0.258774,0.103521,-0.868981,1.38908,-0.345607,-0.967623,-0.0644172,0.399799,0.131964,1.02131,0.66506,-2.07949,3.43692,-2.32166,-0.905276,0.420224,1.25145,1.50589,0.159849,0.535343,0.312139,-0.967301,-0.475537,-0.756715,-1.99265,-0.0615544,-0.512942,-0.73959,0.0464082,0.269738,-0.535729,-0.905327,0.802284,0.385562,0.793897,1.06933,0.998324,1.34968,0.180556,1.18828,-1.31071,-2.2476,-547.184,-508.299,2761.5,815.011,520.894,-1882.04,-2005.36,-819.359,713.376,4167.89,684.524,-60.5022,-3825.74,-379.508,89.5438,-786.665,-2764.26,-1893.05,-1138.15,1330.48,3721.9,-4549.31,2287.66,267.703,-2638.59,-2872.07,3581.78,-691.08,1559.76,-2665.15,-3407.54,531.827,2745.55,-223.138,-3512.96,4957.76,-1430.38,-3610.6,1490.59,-2808.39,2647.86,134.514,1058.66,-2025.01,485.435,3088.29,-408.039,1755.96,-843.537,223.64,-979.537,157.066,-382.401,-1592.82,146.539,630.355,1663.4,390.568,-1767.98,-422.267,-1066.21,3073.98,426.967,1910.6,-1257.09,-400.344,-1141.72,499.265,-2604.22,-1076.11,-4120.46,-2216.12,-5824.17,-626.233,4606.2,242.817,3643.23,1542.24,2193.71,656.864,865.569,271.498,-601.193,3442.11,1343.81,-669.027,-589.169,-124.323,-568.395,1995.34,2199.27,3168.19,1360.03,-1589.59,215.181,-2315.43,-552.459,2949.46,968.289,-1405.52
-250354,0,1,0,1,1,250397,-0.384764,0.00591807,1.98251,0.65987,0.194549,-1.62464,-1.32884,-0.638008,0.776036,1.76188,-0.149657,0.116447,-1.54277,-0.0636614,0.2482,-1.00728,-1.59481,-1.01706,-0.127135,0.559175,1.40119,-1.61276,1.8305,-0.0898098,-1.26576,-1.76124,1.23195,-0.269686,1.22789,-1.59845,-1.56077,0.458786,1.996,-0.185011,-1.75004,1.38731,-0.797919,-1.56933,0.936032,-1.67351,1.35279,0.444837,1.42627,-1.3104,-0.0724454,0.89088,-0.393547,0.886616,0.0264761,-0.478673,-1.03596,0.226382,0.0675763,-1.26799,0.156639,-0.0321617,0.998724,0.212245,-0.63784,-0.775643,-0.788799,1.94885,1.21166,0.828242,-0.92643,-0.62419,-1.08532,0.0134659,-0.922084,-1.04397,-1.82062,-0.720654,-1.94471,-0.376988,1.76676,-0.594025,1.17955,0.313105,1.16384,0.0323358,0.112372,0.276904,0.173359,1.84303,0.871915,-1.30925,-0.819472,-0.271119,0.144731,1.18899,1.07535,1.68402,1.67163,-0.91779,-0.253471,-1.68299,-0.374937,1.42931,0.855572,-1.19532,0.962217,-0.752637,-0.799355,-0.695603,-0.205217,0.247805,-0.282021,-0.565994,1.6269,-0.708212,-0.587913,2.61898,0.872718,-0.213177,-0.577154,-2.65956,1.51385,-0.0845369,0.72336,0.829876,0.860739,-1.20013,0.501801,-0.544443,1.17913,-0.686556,0.761807,-1.02114,-1.59139,-0.177665,-0.480519,0.19494,-0.0511115,-1.33002,0.240867,-0.809399,-1.61572,1.22851,-0.709005,-0.125579,0.416886,1.44097,0.0268392,-0.281748,0.415761,-0.537,-0.383306,-0.506553,-0.0237946,-1.08745,0.453235,0.216571,0.740296,0.84172,0.596416,0.118377,-0.421116,0.970485,0.990573,-0.0713647,-1.18258,-0.142589,1.2018,-0.920807,1.50243,-0.081123,0.038377,1.18199,-1.11753,-0.556297,0.504851,-1.65212,0.904337,0.540796,-2.35496,0.843374,-0.943618,0.557267,-0.992639,-0.150884,1.1731,-0.994308,0.26116,-0.997303,-1.28305,0.044223,0.55093,1.87641,0.577927,0.163733,-0.190101,1.04323,-1.1623,1.50477,-0.475445,-0.287369,0.189998,0.920628,0.427376,0.15686,-547.184,-508.299,2761.5,815.011,520.894,-1882.04,-2005.36,-819.359,713.376,4167.89,684.524,-60.5022,-3825.74,-379.508,89.5438,-786.665,-2764.26,-1893.05,-1138.15,1330.48,3721.9,-4549.31,2287.66,267.703,-2638.59,-2872.07,3581.78,-691.08,1559.76,-2665.15,-3407.54,531.827,2745.55,-223.138,-3512.96,4957.76,-1430.38,-3610.6,1490.59,-2808.39,2647.86,134.514,1058.66,-2025.01,485.435,3088.29,-408.039,1755.96,-843.537,223.64,-979.537,157.066,-382.401,-1592.82,146.539,630.355,1663.4,390.568,-1767.98,-422.267,-1066.21,3073.98,426.967,1910.6,-1257.09,-400.344,-1141.72,499.265,-2604.22,-1076.11,-4120.46,-2216.12,-5824.17,-626.233,4606.2,242.817,3643.23,1542.24,2193.71,656.864,865.569,271.498,-601.193,3442.11,1343.81,-669.027,-589.169,-124.323,-568.395,1995.34,2199.27,3168.19,1360.03,-1589.59,215.181,-2315.43,-552.459,2949.46,968.289,-1405.52
-250354,0,1,0,1,1,250386,-0.384764,0.00591807,1.98251,0.65987,0.194549,-1.62464,-1.32884,-0.638008,0.776036,1.76188,-0.149657,0.116447,-1.54277,-0.0636614,0.2482,-1.00728,-1.59481,-1.01706,-0.127135,0.559175,1.40119,-1.61276,1.8305,-0.0898098,-1.26576,-1.76124,1.23195,-0.269686,1.22789,-1.59845,-1.56077,0.458786,1.996,-0.185011,-1.75004,1.38731,-0.797919,-1.56933,0.936032,-1.67351,1.35279,0.444837,1.42627,-1.3104,-0.0724454,0.89088,-0.393547,0.886616,0.0264761,-0.478673,-1.03596,0.226382,0.0675763,-1.26799,0.156639,-0.0321617,0.998724,0.212245,-0.63784,-0.775643,-0.788799,1.94885,1.21166,0.828242,-0.92643,-0.62419,-1.08532,0.0134659,-0.922084,-1.04397,-1.82062,-0.720654,-1.94471,-0.376988,1.76676,-0.594025,1.17955,0.313105,1.16384,0.0323358,0.112372,0.276904,0.173359,1.84303,0.871915,-1.30925,-0.819472,-0.271119,0.144731,1.18899,1.07535,1.68402,1.67163,-0.91779,-0.253471,-1.68299,-0.374937,1.42931,0.855572,-1.19532,-0.529806,0.10595,0.781466,0.561838,0.594394,-0.104814,0.819463,-0.781215,-1.44435,0.636182,0.216752,-0.604464,1.28054,1.00876,-0.984089,0.363421,0.993528,-0.68958,-0.772284,0.19481,-1.62559,-0.887103,-0.855332,0.48005,-0.379699,-0.730887,0.473172,0.40215,-1.13163,-0.466708,-0.971429,-0.338055,-0.622414,1.38151,1.27817,0.04927,0.172556,-0.0781071,0.112236,0.616873,0.125462,0.0274257,-0.325503,-1.7317,0.166126,-1.06876,0.363592,-1.25922,-0.17924,-0.265778,-0.363226,-0.367636,-0.211198,-0.265209,0.492801,0.661868,0.270597,-0.229822,-0.450448,0.855419,-1.57138,0.836962,-0.116323,0.920555,0.764732,-0.787436,1.10038,0.402799,-0.652381,-0.26008,0.329113,0.238915,-1.91047,0.547433,0.158652,0.131343,1.06062,-0.221517,-0.788687,1.4925,0.54207,1.25452,-1.49138,0.170989,1.71424,-1.22167,-0.861878,0.263247,0.821086,0.00594169,-0.707959,0.306312,-1.42764,-0.994195,-0.47643,-0.987278,-0.646101,0.180771,-0.339867,-0.717281,-547.184,-508.299,2761.5,815.011,520.894,-1882.04,-2005.36,-819.359,713.376,4167.89,684.524,-60.5022,-3825.74,-379.508,89.5438,-786.665,-2764.26,-1893.05,-1138.15,1330.48,3721.9,-4549.31,2287.66,267.703,-2638.59,-2872.07,3581.78,-691.08,1559.76,-2665.15,-3407.54,531.827,2745.55,-223.138,-3512.96,4957.76,-1430.38,-3610.6,1490.59,-2808.39,2647.86,134.514,1058.66,-2025.01,485.435,3088.29,-408.039,1755.96,-843.537,223.64,-979.537,157.066,-382.401,-1592.82,146.539,630.355,1663.4,390.568,-1767.98,-422.267,-1066.21,3073.98,426.967,1910.6,-1257.09,-400.344,-1141.72,499.265,-2604.22,-1076.11,-4120.46,-2216.12,-5824.17,-626.233,4606.2,242.817,3643.23,1542.24,2193.71,656.864,865.569,271.498,-601.193,3442.11,1343.81,-669.027,-589.169,-124.323,-568.395,1995.34,2199.27,3168.19,1360.03,-1589.59,215.181,-2315.43,-552.459,2949.46,968.289,-1405.52
-250354,0,1,0,1,1,250403,-0.384764,0.00591807,1.98251,0.65987,0.194549,-1.62464,-1.32884,-0.638008,0.776036,1.76188,-0.149657,0.116447,-1.54277,-0.0636614,0.2482,-1.00728,-1.59481,-1.01706,-0.127135,0.559175,1.40119,-1.61276,1.8305,-0.0898098,-1.26576,-1.76124,1.23195,-0.269686,1.22789,-1.59845,-1.56077,0.458786,1.996,-0.185011,-1.75004,1.38731,-0.797919,-1.56933,0.936032,-1.67351,1.35279,0.444837,1.42627,-1.3104,-0.0724454,0.89088,-0.393547,0.886616,0.0264761,-0.478673,-1.03596,0.226382,0.0675763,-1.26799,0.156639,-0.0321617,0.998724,0.212245,-0.63784,-0.775643,-0.788799,1.94885,1.21166,0.828242,-0.92643,-0.62419,-1.08532,0.0134659,-0.922084,-1.04397,-1.82062,-0.720654,-1.94471,-0.376988,1.76676,-0.594025,1.17955,0.313105,1.16384,0.0323358,0.112372,0.276904,0.173359,1.84303,0.871915,-1.30925,-0.819472,-0.271119,0.144731,1.18899,1.07535,1.68402,1.67163,-0.91779,-0.253471,-1.68299,-0.374937,1.42931,0.855572,-1.19532,0.0765305,0.200071,1.04519,-1.08364,0.108685,1.06273,0.137685,1.1517,0.205119,-0.687285,1.33215,-0.275771,-0.289724,-0.848726,-0.432223,0.49134,-2.46689,0.690964,0.200994,-1.1826,-1.58269,0.0474626,0.451955,-0.587724,0.830673,0.243597,0.74893,0.267259,-1.92822,2.11228,-2.14516,0.122837,-0.518848,-1.15872,-0.89831,-0.662146,0.943543,1.23646,1.23518,-0.33437,0.149454,-0.11735,0.382866,-1.52372,-0.432986,0.181574,-0.706441,0.621855,1.7852,0.583982,-0.661424,0.191105,1.17227,-0.291712,1.00489,-0.607437,-2.8978,-0.780589,-0.127513,-0.489939,-0.478748,1.0058,-0.00641089,-2.1054,0.625888,-0.429314,0.527159,1.07185,0.286879,0.220188,0.527244,-1.63216,1.59462,-0.47799,0.0248286,-0.724003,-0.846277,1.83908,-0.371499,1.05777,-0.527237,-1.57409,0.910332,-0.797715,0.0690507,0.769663,0.958826,0.509749,2.08859,-0.277205,0.841467,-0.273686,0.539948,0.135531,0.0426747,-0.30424,-1.07147,0.809752,-0.462473,1.89068,-547.184,-508.299,2761.5,815.011,520.894,-1882.04,-2005.36,-819.359,713.376,4167.89,684.524,-60.5022,-3825.74,-379.508,89.5438,-786.665,-2764.26,-1893.05,-1138.15,1330.48,3721.9,-4549.31,2287.66,267.703,-2638.59,-2872.07,3581.78,-691.08,1559.76,-2665.15,-3407.54,531.827,2745.55,-223.138,-3512.96,4957.76,-1430.38,-3610.6,1490.59,-2808.39,2647.86,134.514,1058.66,-2025.01,485.435,3088.29,-408.039,1755.96,-843.537,223.64,-979.537,157.066,-382.401,-1592.82,146.539,630.355,1663.4,390.568,-1767.98,-422.267,-1066.21,3073.98,426.967,1910.6,-1257.09,-400.344,-1141.72,499.265,-2604.22,-1076.11,-4120.46,-2216.12,-5824.17,-626.233,4606.2,242.817,3643.23,1542.24,2193.71,656.864,865.569,271.498,-601.193,3442.11,1343.81,-669.027,-589.169,-124.323,-568.395,1995.34,2199.27,3168.19,1360.03,-1589.59,215.181,-2315.43,-552.459,2949.46,968.289,-1405.52
-250354,0,1,0,1,1,250407,-0.384764,0.00591807,1.98251,0.65987,0.194549,-1.62464,-1.32884,-0.638008,0.776036,1.76188,-0.149657,0.116447,-1.54277,-0.0636614,0.2482,-1.00728,-1.59481,-1.01706,-0.127135,0.559175,1.40119,-1.61276,1.8305,-0.0898098,-1.26576,-1.76124,1.23195,-0.269686,1.22789,-1.59845,-1.56077,0.458786,1.996,-0.185011,-1.75004,1.38731,-0.797919,-1.56933,0.936032,-1.67351,1.35279,0.444837,1.42627,-1.3104,-0.0724454,0.89088,-0.393547,0.886616,0.0264761,-0.478673,-1.03596,0.226382,0.0675763,-1.26799,0.156639,-0.0321617,0.998724,0.212245,-0.63784,-0.775643,-0.788799,1.94885,1.21166,0.828242,-0.92643,-0.62419,-1.08532,0.0134659,-0.922084,-1.04397,-1.82062,-0.720654,-1.94471,-0.376988,1.76676,-0.594025,1.17955,0.313105,1.16384,0.0323358,0.112372,0.276904,0.173359,1.84303,0.871915,-1.30925,-0.819472,-0.271119,0.144731,1.18899,1.07535,1.68402,1.67163,-0.91779,-0.253471,-1.68299,-0.374937,1.42931,0.855572,-1.19532,-0.063302,-0.605372,-0.600297,0.324642,-0.769882,0.438594,0.84139,0.669293,-0.344749,0.432409,-2.5614,1.39837,-0.866583,0.100173,1.67771,0.220067,0.0677599,-1.7342,-0.666821,1.0634,0.154018,-0.311605,-0.99012,-0.352791,0.0270426,0.599389,1.53239,-0.94589,-1.38332,1.28803,2.18271,-0.603772,-0.216047,-0.652388,1.6167,-0.846927,-1.03416,0.295853,0.517984,-0.200974,-1.44066,0.432547,-0.499375,0.20145,-0.276791,0.0115608,-0.150793,-2.6663,-2.73016,0.440801,-1.16176,-0.337336,0.848463,-0.399306,0.252886,1.63671,-0.921357,0.379532,0.498538,0.721924,0.115273,1.46098,-0.618069,1.60711,0.558513,0.047326,-1.52666,0.807238,1.17407,-0.187748,-0.962287,-0.736435,1.42766,-1.53754,0.965614,-0.115793,1.08761,0.562396,-0.375273,-0.0931631,-0.372575,0.769921,0.677697,1.90217,1.16911,-0.674051,0.981745,-0.989965,-1.33814,1.22898,0.0626537,-0.874456,-2.24699,0.695063,-0.33056,-1.38223,-0.589443,-0.921815,1.80919,0.122154,-547.184,-508.299,2761.5,815.011,520.894,-1882.04,-2005.36,-819.359,713.376,4167.89,684.524,-60.5022,-3825.74,-379.508,89.5438,-786.665,-2764.26,-1893.05,-1138.15,1330.48,3721.9,-4549.31,2287.66,267.703,-2638.59,-2872.07,3581.78,-691.08,1559.76,-2665.15,-3407.54,531.827,2745.55,-223.138,-3512.96,4957.76,-1430.38,-3610.6,1490.59,-2808.39,2647.86,134.514,1058.66,-2025.01,485.435,3088.29,-408.039,1755.96,-843.537,223.64,-979.537,157.066,-382.401,-1592.82,146.539,630.355,1663.4,390.568,-1767.98,-422.267,-1066.21,3073.98,426.967,1910.6,-1257.09,-400.344,-1141.72,499.265,-2604.22,-1076.11,-4120.46,-2216.12,-5824.17,-626.233,4606.2,242.817,3643.23,1542.24,2193.71,656.864,865.569,271.498,-601.193,3442.11,1343.81,-669.027,-589.169,-124.323,-568.395,1995.34,2199.27,3168.19,1360.03,-1589.59,215.181,-2315.43,-552.459,2949.46,968.289,-1405.52
-250354,0,1,0,1,1,250412,-0.384764,0.00591807,1.98251,0.65987,0.194549,-1.62464,-1.32884,-0.638008,0.776036,1.76188,-0.149657,0.116447,-1.54277,-0.0636614,0.2482,-1.00728,-1.59481,-1.01706,-0.127135,0.559175,1.40119,-1.61276,1.8305,-0.0898098,-1.26576,-1.76124,1.23195,-0.269686,1.22789,-1.59845,-1.56077,0.458786,1.996,-0.185011,-1.75004,1.38731,-0.797919,-1.56933,0.936032,-1.67351,1.35279,0.444837,1.42627,-1.3104,-0.0724454,0.89088,-0.393547,0.886616,0.0264761,-0.478673,-1.03596,0.226382,0.0675763,-1.26799,0.156639,-0.0321617,0.998724,0.212245,-0.63784,-0.775643,-0.788799,1.94885,1.21166,0.828242,-0.92643,-0.62419,-1.08532,0.0134659,-0.922084,-1.04397,-1.82062,-0.720654,-1.94471,-0.376988,1.76676,-0.594025,1.17955,0.313105,1.16384,0.0323358,0.112372,0.276904,0.173359,1.84303,0.871915,-1.30925,-0.819472,-0.271119,0.144731,1.18899,1.07535,1.68402,1.67163,-0.91779,-0.253471,-1.68299,-0.374937,1.42931,0.855572,-1.19532,-0.487049,-1.46757,-0.917019,-0.0974799,1.09878,0.658816,2.08592,-2.44302,-1.28223,1.50173,0.551239,-0.197048,-0.748604,0.756951,1.82419,-0.961147,0.139675,0.653746,0.375295,-0.453279,-1.07339,2.74993,-0.262973,-0.763134,-1.44056,0.982418,0.404203,-0.847547,0.548979,1.24066,1.04889,1.5227,-1.41235,-0.886952,-0.530485,-0.041837,-0.887359,-0.928069,0.5066,0.122627,0.697602,2.3686,-0.910589,0.563106,-1.56409,0.0337487,-0.234509,-0.191277,0.818646,-1.06195,0.285348,-0.127941,-0.484197,1.61041,-0.58573,1.27574,-1.01451,-0.311346,-0.759014,-0.941935,0.0415151,1.00773,-0.880702,0.188186,0.867504,-0.470346,-1.16279,1.96473,-0.50577,-0.861016,0.271886,-1.07402,-0.326635,-0.823374,0.92323,-0.567491,-0.229914,0.37755,-0.760817,2.05396,1.64294,0.928524,-0.312349,0.246864,-0.881157,-0.176264,-1.37166,-0.511662,1.80149,-0.0860583,-0.504981,-0.75227,-1.90142,2.80464,-1.44557,-1.62073,0.75017,0.860641,0.442277,-1.0241,-547.184,-508.299,2761.5,815.011,520.894,-1882.04,-2005.36,-819.359,713.376,4167.89,684.524,-60.5022,-3825.74,-379.508,89.5438,-786.665,-2764.26,-1893.05,-1138.15,1330.48,3721.9,-4549.31,2287.66,267.703,-2638.59,-2872.07,3581.78,-691.08,1559.76,-2665.15,-3407.54,531.827,2745.55,-223.138,-3512.96,4957.76,-1430.38,-3610.6,1490.59,-2808.39,2647.86,134.514,1058.66,-2025.01,485.435,3088.29,-408.039,1755.96,-843.537,223.64,-979.537,157.066,-382.401,-1592.82,146.539,630.355,1663.4,390.568,-1767.98,-422.267,-1066.21,3073.98,426.967,1910.6,-1257.09,-400.344,-1141.72,499.265,-2604.22,-1076.11,-4120.46,-2216.12,-5824.17,-626.233,4606.2,242.817,3643.23,1542.24,2193.71,656.864,865.569,271.498,-601.193,3442.11,1343.81,-669.027,-589.169,-124.323,-568.395,1995.34,2199.27,3168.19,1360.03,-1589.59,215.181,-2315.43,-552.459,2949.46,968.289,-1405.52
-250354,0,1,0,1,1,250417,-0.384764,0.00591807,1.98251,0.65987,0.194549,-1.62464,-1.32884,-0.638008,0.776036,1.76188,-0.149657,0.116447,-1.54277,-0.0636614,0.2482,-1.00728,-1.59481,-1.01706,-0.127135,0.559175,1.40119,-1.61276,1.8305,-0.0898098,-1.26576,-1.76124,1.23195,-0.269686,1.22789,-1.59845,-1.56077,0.458786,1.996,-0.185011,-1.75004,1.38731,-0.797919,-1.56933,0.936032,-1.67351,1.35279,0.444837,1.42627,-1.3104,-0.0724454,0.89088,-0.393547,0.886616,0.0264761,-0.478673,-1.03596,0.226382,0.0675763,-1.26799,0.156639,-0.0321617,0.998724,0.212245,-0.63784,-0.775643,-0.788799,1.94885,1.21166,0.828242,-0.92643,-0.62419,-1.08532,0.0134659,-0.922084,-1.04397,-1.82062,-0.720654,-1.94471,-0.376988,1.76676,-0.594025,1.17955,0.313105,1.16384,0.0323358,0.112372,0.276904,0.173359,1.84303,0.871915,-1.30925,-0.819472,-0.271119,0.144731,1.18899,1.07535,1.68402,1.67163,-0.91779,-0.253471,-1.68299,-0.374937,1.42931,0.855572,-1.19532,-1.6885,-0.0365477,-0.578538,0.156274,-0.148373,-0.648067,-2.9141,-1.26593,1.56701,2.074,0.941617,1.12009,0.235521,0.949448,-1.24663,0.37867,-0.894996,-0.260887,-0.177415,-1.25215,-1.93824,-0.1167,-0.29108,-0.527275,-0.0529532,-2.84039,-1.00333,-1.04658,0.372509,2.02252,2.19018,1.81361,-0.565573,-0.485373,-0.00193354,-0.374957,-1.46382,0.865409,0.0254823,0.362183,-0.148658,-0.571788,-0.541077,0.953343,0.651732,-0.567403,-0.561101,-0.837424,-0.318613,-0.156896,1.09197,-0.496687,-1.14526,-1.20445,-0.650176,-1.21744,-0.0075277,-0.619712,-0.616651,-0.0706325,-0.669945,0.159425,-2.19032,-0.186918,2.5455,-0.302674,-0.506666,0.803162,-0.233803,0.253403,-0.833004,-0.41134,-0.873812,0.569238,1.29524,1.79277,1.45868,-0.0837271,-0.903325,-0.0345983,0.367507,-1.46999,0.320625,-0.425394,-1.64148,-2.36262,0.0102968,0.864734,0.676535,-1.00325,-3.89441,0.714291,1.42901,0.291487,-0.148426,0.262047,-1.27413,0.420914,0.920845,-1.44165,-547.184,-508.299,2761.5,815.011,520.894,-1882.04,-2005.36,-819.359,713.376,4167.89,684.524,-60.5022,-3825.74,-379.508,89.5438,-786.665,-2764.26,-1893.05,-1138.15,1330.48,3721.9,-4549.31,2287.66,267.703,-2638.59,-2872.07,3581.78,-691.08,1559.76,-2665.15,-3407.54,531.827,2745.55,-223.138,-3512.96,4957.76,-1430.38,-3610.6,1490.59,-2808.39,2647.86,134.514,1058.66,-2025.01,485.435,3088.29,-408.039,1755.96,-843.537,223.64,-979.537,157.066,-382.401,-1592.82,146.539,630.355,1663.4,390.568,-1767.98,-422.267,-1066.21,3073.98,426.967,1910.6,-1257.09,-400.344,-1141.72,499.265,-2604.22,-1076.11,-4120.46,-2216.12,-5824.17,-626.233,4606.2,242.817,3643.23,1542.24,2193.71,656.864,865.569,271.498,-601.193,3442.11,1343.81,-669.027,-589.169,-124.323,-568.395,1995.34,2199.27,3168.19,1360.03,-1589.59,215.181,-2315.43,-552.459,2949.46,968.289,-1405.52
-250354,0,1,0,1,1,250409,-0.384764,0.00591807,1.98251,0.65987,0.194549,-1.62464,-1.32884,-0.638008,0.776036,1.76188,-0.149657,0.116447,-1.54277,-0.0636614,0.2482,-1.00728,-1.59481,-1.01706,-0.127135,0.559175,1.40119,-1.61276,1.8305,-0.0898098,-1.26576,-1.76124,1.23195,-0.269686,1.22789,-1.59845,-1.56077,0.458786,1.996,-0.185011,-1.75004,1.38731,-0.797919,-1.56933,0.936032,-1.67351,1.35279,0.444837,1.42627,-1.3104,-0.0724454,0.89088,-0.393547,0.886616,0.0264761,-0.478673,-1.03596,0.226382,0.0675763,-1.26799,0.156639,-0.0321617,0.998724,0.212245,-0.63784,-0.775643,-0.788799,1.94885,1.21166,0.828242,-0.92643,-0.62419,-1.08532,0.0134659,-0.922084,-1.04397,-1.82062,-0.720654,-1.94471,-0.376988,1.76676,-0.594025,1.17955,0.313105,1.16384,0.0323358,0.112372,0.276904,0.173359,1.84303,0.871915,-1.30925,-0.819472,-0.271119,0.144731,1.18899,1.07535,1.68402,1.67163,-0.91779,-0.253471,-1.68299,-0.374937,1.42931,0.855572,-1.19532,-0.227485,-0.944812,-2.19822,-1.07993,-1.07284,-0.0628531,0.769729,-0.215967,0.152955,0.0936353,-1.14468,-0.363105,-0.768542,0.582555,0.0728524,-0.361034,0.75107,-1.73691,2.16732,-0.13931,0.685773,-0.0984923,-0.895471,-0.550412,-0.247527,0.45713,-0.959673,1.23336,1.20504,0.691746,0.197003,0.707478,-1.63542,1.18335,0.0382489,-0.343265,0.200991,0.779051,1.45663,-0.278895,-0.0457665,-1.88736,0.626157,2.66924,1.33054,0.342063,0.00719701,-0.890883,-0.471529,0.381709,1.55967,-0.88475,0.692921,-0.277565,-0.899539,0.666181,-0.359276,-1.15422,1.28479,0.935299,-1.70442,-1.7562,-0.63048,1.36774,-0.878455,1.44065,0.202541,0.781229,0.362,0.523427,-1.9112,-0.939623,-1.00333,0.923475,1.01633,1.29918,0.643624,2.22108,-1.27929,-0.093538,-0.304091,-0.305799,0.696306,0.367033,0.354296,3.42835,0.740341,-0.017084,1.01038,0.873871,-1.5316,-0.681538,-1.32734,0.784663,-0.656992,-0.893119,-0.950824,-0.397067,-1.27537,-0.0847245,-547.184,-508.299,2761.5,815.011,520.894,-1882.04,-2005.36,-819.359,713.376,4167.89,684.524,-60.5022,-3825.74,-379.508,89.5438,-786.665,-2764.26,-1893.05,-1138.15,1330.48,3721.9,-4549.31,2287.66,267.703,-2638.59,-2872.07,3581.78,-691.08,1559.76,-2665.15,-3407.54,531.827,2745.55,-223.138,-3512.96,4957.76,-1430.38,-3610.6,1490.59,-2808.39,2647.86,134.514,1058.66,-2025.01,485.435,3088.29,-408.039,1755.96,-843.537,223.64,-979.537,157.066,-382.401,-1592.82,146.539,630.355,1663.4,390.568,-1767.98,-422.267,-1066.21,3073.98,426.967,1910.6,-1257.09,-400.344,-1141.72,499.265,-2604.22,-1076.11,-4120.46,-2216.12,-5824.17,-626.233,4606.2,242.817,3643.23,1542.24,2193.71,656.864,865.569,271.498,-601.193,3442.11,1343.81,-669.027,-589.169,-124.323,-568.395,1995.34,2199.27,3168.19,1360.03,-1589.59,215.181,-2315.43,-552.459,2949.46,968.289,-1405.52
-250354,0,1,0,1,1,250405,-0.384764,0.00591807,1.98251,0.65987,0.194549,-1.62464,-1.32884,-0.638008,0.776036,1.76188,-0.149657,0.116447,-1.54277,-0.0636614,0.2482,-1.00728,-1.59481,-1.01706,-0.127135,0.559175,1.40119,-1.61276,1.8305,-0.0898098,-1.26576,-1.76124,1.23195,-0.269686,1.22789,-1.59845,-1.56077,0.458786,1.996,-0.185011,-1.75004,1.38731,-0.797919,-1.56933,0.936032,-1.67351,1.35279,0.444837,1.42627,-1.3104,-0.0724454,0.89088,-0.393547,0.886616,0.0264761,-0.478673,-1.03596,0.226382,0.0675763,-1.26799,0.156639,-0.0321617,0.998724,0.212245,-0.63784,-0.775643,-0.788799,1.94885,1.21166,0.828242,-0.92643,-0.62419,-1.08532,0.0134659,-0.922084,-1.04397,-1.82062,-0.720654,-1.94471,-0.376988,1.76676,-0.594025,1.17955,0.313105,1.16384,0.0323358,0.112372,0.276904,0.173359,1.84303,0.871915,-1.30925,-0.819472,-0.271119,0.144731,1.18899,1.07535,1.68402,1.67163,-0.91779,-0.253471,-1.68299,-0.374937,1.42931,0.855572,-1.19532,-0.447112,1.05066,0.896055,1.24376,-0.872335,-1.61204,0.0188036,-1.88953,-0.603074,-1.18432,0.314737,-0.321345,-0.156442,1.16078,1.7912,-1.12382,-0.502707,1.23099,1.53549,-0.130427,-1.6217,-1.655,-1.78759,2.01927,-0.243523,0.130908,-0.604203,0.388645,1.26402,-0.938171,-1.47577,0.863163,-0.784566,1.12956,-0.38708,-0.548863,0.340391,0.524062,1.54846,1.40492,0.778734,0.807202,-0.820624,-1.39759,0.161819,-2.04376,-0.710276,1.50134,-0.704285,0.108554,-1.90726,-0.592871,0.253406,-0.103837,0.0701722,0.186591,-0.0536226,0.00344461,1.54951,0.97615,0.454601,-0.502097,0.538899,0.0529082,-1.78101,1.04608,-0.251234,-0.196429,0.718228,0.888719,-0.349349,-0.0596199,-0.78038,1.07514,0.408149,0.0159011,-0.150789,-1.62307,-0.874778,-1.45262,-0.445433,1.11616,-0.646251,1.29447,-0.392118,1.44629,-0.137512,-0.569096,-0.190899,0.965704,-0.118405,-0.0638014,0.0465925,2.97459,-0.0614923,0.214495,-0.182793,0.493158,-1.36692,-1.28042,-547.184,-508.299,2761.5,815.011,520.894,-1882.04,-2005.36,-819.359,713.376,4167.89,684.524,-60.5022,-3825.74,-379.508,89.5438,-786.665,-2764.26,-1893.05,-1138.15,1330.48,3721.9,-4549.31,2287.66,267.703,-2638.59,-2872.07,3581.78,-691.08,1559.76,-2665.15,-3407.54,531.827,2745.55,-223.138,-3512.96,4957.76,-1430.38,-3610.6,1490.59,-2808.39,2647.86,134.514,1058.66,-2025.01,485.435,3088.29,-408.039,1755.96,-843.537,223.64,-979.537,157.066,-382.401,-1592.82,146.539,630.355,1663.4,390.568,-1767.98,-422.267,-1066.21,3073.98,426.967,1910.6,-1257.09,-400.344,-1141.72,499.265,-2604.22,-1076.11,-4120.46,-2216.12,-5824.17,-626.233,4606.2,242.817,3643.23,1542.24,2193.71,656.864,865.569,271.498,-601.193,3442.11,1343.81,-669.027,-589.169,-124.323,-568.395,1995.34,2199.27,3168.19,1360.03,-1589.59,215.181,-2315.43,-552.459,2949.46,968.289,-1405.52
-250354,0,1,0,1,1,250401,-0.384764,0.00591807,1.98251,0.65987,0.194549,-1.62464,-1.32884,-0.638008,0.776036,1.76188,-0.149657,0.116447,-1.54277,-0.0636614,0.2482,-1.00728,-1.59481,-1.01706,-0.127135,0.559175,1.40119,-1.61276,1.8305,-0.0898098,-1.26576,-1.76124,1.23195,-0.269686,1.22789,-1.59845,-1.56077,0.458786,1.996,-0.185011,-1.75004,1.38731,-0.797919,-1.56933,0.936032,-1.67351,1.35279,0.444837,1.42627,-1.3104,-0.0724454,0.89088,-0.393547,0.886616,0.0264761,-0.478673,-1.03596,0.226382,0.0675763,-1.26799,0.156639,-0.0321617,0.998724,0.212245,-0.63784,-0.775643,-0.788799,1.94885,1.21166,0.828242,-0.92643,-0.62419,-1.08532,0.0134659,-0.922084,-1.04397,-1.82062,-0.720654,-1.94471,-0.376988,1.76676,-0.594025,1.17955,0.313105,1.16384,0.0323358,0.112372,0.276904,0.173359,1.84303,0.871915,-1.30925,-0.819472,-0.271119,0.144731,1.18899,1.07535,1.68402,1.67163,-0.91779,-0.253471,-1.68299,-0.374937,1.42931,0.855572,-1.19532,-0.503728,1.26204,0.410833,0.562789,1.16186,-0.176442,-0.283873,-0.937403,-1.00264,0.242018,-0.222161,1.11969,-1.13501,0.659702,0.599031,-0.912276,0.00852865,-0.540745,0.787426,0.192069,0.410422,-1.39422,-0.444419,-1.26182,0.132298,-0.3413,1.44016,-1.39671,-1.21473,0.931435,0.622008,-1.20652,-0.779097,-0.900022,-0.656482,0.374759,-0.405785,-1.33098,-0.704863,-1.61148,-0.629277,0.88805,-0.359779,-2.41092,-0.297046,-0.502885,1.33412,0.668701,-1.79448,-0.289762,-1.72755,-0.0381823,-1.02961,0.442899,0.00128086,1.41253,1.03062,-0.950411,0.629332,-0.622738,1.72237,1.60644,-0.421359,-1.18134,-0.119711,0.485631,-0.825596,-0.7673,1.57483,0.36666,-1.31544,-1.26215,0.91964,1.46774,1.57892,1.16995,-0.704919,-0.6828,-0.760292,-1.4122,0.600978,-0.408032,1.78293,0.147379,0.829166,-1.3229,-0.0231968,-0.568968,1.08088,0.163808,-1.27295,-1.35312,-0.656131,-0.383144,1.24859,1.28512,-1.05595,-0.291478,0.485603,0.380943,-547.184,-508.299,2761.5,815.011,520.894,-1882.04,-2005.36,-819.359,713.376,4167.89,684.524,-60.5022,-3825.74,-379.508,89.5438,-786.665,-2764.26,-1893.05,-1138.15,1330.48,3721.9,-4549.31,2287.66,267.703,-2638.59,-2872.07,3581.78,-691.08,1559.76,-2665.15,-3407.54,531.827,2745.55,-223.138,-3512.96,4957.76,-1430.38,-3610.6,1490.59,-2808.39,2647.86,134.514,1058.66,-2025.01,485.435,3088.29,-408.039,1755.96,-843.537,223.64,-979.537,157.066,-382.401,-1592.82,146.539,630.355,1663.4,390.568,-1767.98,-422.267,-1066.21,3073.98,426.967,1910.6,-1257.09,-400.344,-1141.72,499.265,-2604.22,-1076.11,-4120.46,-2216.12,-5824.17,-626.233,4606.2,242.817,3643.23,1542.24,2193.71,656.864,865.569,271.498,-601.193,3442.11,1343.81,-669.027,-589.169,-124.323,-568.395,1995.34,2199.27,3168.19,1360.03,-1589.59,215.181,-2315.43,-552.459,2949.46,968.289,-1405.52
-250354,0,1,0,1,1,250400,-0.384764,0.00591807,1.98251,0.65987,0.194549,-1.62464,-1.32884,-0.638008,0.776036,1.76188,-0.149657,0.116447,-1.54277,-0.0636614,0.2482,-1.00728,-1.59481,-1.01706,-0.127135,0.559175,1.40119,-1.61276,1.8305,-0.0898098,-1.26576,-1.76124,1.23195,-0.269686,1.22789,-1.59845,-1.56077,0.458786,1.996,-0.185011,-1.75004,1.38731,-0.797919,-1.56933,0.936032,-1.67351,1.35279,0.444837,1.42627,-1.3104,-0.0724454,0.89088,-0.393547,0.886616,0.0264761,-0.478673,-1.03596,0.226382,0.0675763,-1.26799,0.156639,-0.0321617,0.998724,0.212245,-0.63784,-0.775643,-0.788799,1.94885,1.21166,0.828242,-0.92643,-0.62419,-1.08532,0.0134659,-0.922084,-1.04397,-1.82062,-0.720654,-1.94471,-0.376988,1.76676,-0.594025,1.17955,0.313105,1.16384,0.0323358,0.112372,0.276904,0.173359,1.84303,0.871915,-1.30925,-0.819472,-0.271119,0.144731,1.18899,1.07535,1.68402,1.67163,-0.91779,-0.253471,-1.68299,-0.374937,1.42931,0.855572,-1.19532,0.127328,-2.33261,2.33402,0.647669,-0.580888,0.404354,-0.962412,1.07117,0.11027,-0.308258,-0.660365,-0.67321,-1.14821,0.969468,-0.604426,1.23193,-0.192777,1.34287,-0.844377,-1.02842,-0.851707,1.06073,-1.82689,1.83637,0.331799,-0.0228526,-1.3097,-0.512695,-0.149086,-0.558578,-1.432,-0.795426,0.471184,1.45159,-0.477462,0.711679,1.937,1.09628,0.208712,0.677427,0.685437,1.49762,-0.468758,-1.19151,0.698966,-0.770517,0.144144,-0.963169,0.21707,-0.10676,0.583122,-1.11428,0.766241,-0.54982,-1.29468,0.178236,-1.6909,-0.697872,0.337672,-1.39521,0.762816,0.233819,1.11681,0.228331,-1.38337,-0.371583,-0.495961,-0.404006,-0.551029,1.87199,0.777684,1.03807,0.202053,-0.702462,-0.510274,-0.782114,-0.116524,1.65144,-0.442459,0.423647,0.500882,0.54025,-0.517339,0.16375,-0.972157,0.528719,1.12138,-0.119991,1.34359,-0.346781,0.128164,1.51015,-2.08634,0.650998,0.977463,-0.597629,0.93952,0.744163,-0.98108,-0.931086,-547.184,-508.299,2761.5,815.011,520.894,-1882.04,-2005.36,-819.359,713.376,4167.89,684.524,-60.5022,-3825.74,-379.508,89.5438,-786.665,-2764.26,-1893.05,-1138.15,1330.48,3721.9,-4549.31,2287.66,267.703,-2638.59,-2872.07,3581.78,-691.08,1559.76,-2665.15,-3407.54,531.827,2745.55,-223.138,-3512.96,4957.76,-1430.38,-3610.6,1490.59,-2808.39,2647.86,134.514,1058.66,-2025.01,485.435,3088.29,-408.039,1755.96,-843.537,223.64,-979.537,157.066,-382.401,-1592.82,146.539,630.355,1663.4,390.568,-1767.98,-422.267,-1066.21,3073.98,426.967,1910.6,-1257.09,-400.344,-1141.72,499.265,-2604.22,-1076.11,-4120.46,-2216.12,-5824.17,-626.233,4606.2,242.817,3643.23,1542.24,2193.71,656.864,865.569,271.498,-601.193,3442.11,1343.81,-669.027,-589.169,-124.323,-568.395,1995.34,2199.27,3168.19,1360.03,-1589.59,215.181,-2315.43,-552.459,2949.46,968.289,-1405.52
-250354,0,1,0,1,1,250397,-0.384764,0.00591807,1.98251,0.65987,0.194549,-1.62464,-1.32884,-0.638008,0.776036,1.76188,-0.149657,0.116447,-1.54277,-0.0636614,0.2482,-1.00728,-1.59481,-1.01706,-0.127135,0.559175,1.40119,-1.61276,1.8305,-0.0898098,-1.26576,-1.76124,1.23195,-0.269686,1.22789,-1.59845,-1.56077,0.458786,1.996,-0.185011,-1.75004,1.38731,-0.797919,-1.56933,0.936032,-1.67351,1.35279,0.444837,1.42627,-1.3104,-0.0724454,0.89088,-0.393547,0.886616,0.0264761,-0.478673,-1.03596,0.226382,0.0675763,-1.26799,0.156639,-0.0321617,0.998724,0.212245,-0.63784,-0.775643,-0.788799,1.94885,1.21166,0.828242,-0.92643,-0.62419,-1.08532,0.0134659,-0.922084,-1.04397,-1.82062,-0.720654,-1.94471,-0.376988,1.76676,-0.594025,1.17955,0.313105,1.16384,0.0323358,0.112372,0.276904,0.173359,1.84303,0.871915,-1.30925,-0.819472,-0.271119,0.144731,1.18899,1.07535,1.68402,1.67163,-0.91779,-0.253471,-1.68299,-0.374937,1.42931,0.855572,-1.19532,0.550695,0.922453,0.994504,0.991064,0.0183606,-0.857424,0.882391,-1.05353,0.712417,-0.314624,-0.475366,0.666766,0.0900465,-1.11508,-0.16173,0.57924,0.76549,-1.29109,-0.439272,-1.63839,-1.37098,-0.423332,-0.989156,0.734121,1.14094,-1.34032,1.26101,-0.423808,-0.0433838,1.77256,-1.14817,0.944815,-0.315366,0.547755,-0.266648,0.0953362,0.241784,0.559417,-1.31504,-0.506638,-1.29595,1.24572,-1.0833,-1.84837,-0.392879,0.0866416,-0.662486,-0.0549328,-1.53138,-1.56634,-0.140174,-0.278225,0.346674,1.19746,0.383991,0.561041,-1.06134,1.04409,1.01851,1.52764,-0.367248,0.308822,0.63916,-2.08758,-0.647693,-0.827921,-1.28019,-0.345602,2.22993,0.320252,0.264568,0.36192,0.0278426,-1.06472,-1.0868,0.210264,-0.025726,-1.32131,0.993066,-2.00975,-0.119741,-0.108742,-0.504527,0.996197,0.942307,-0.0170269,-0.785171,-0.0301531,-0.723493,-0.271851,0.755319,-0.180256,-1.16257,-0.407053,1.20278,-0.570825,1.3809,-1.02027,1.44732,-0.136222,-547.184,-508.299,2761.5,815.011,520.894,-1882.04,-2005.36,-819.359,713.376,4167.89,684.524,-60.5022,-3825.74,-379.508,89.5438,-786.665,-2764.26,-1893.05,-1138.15,1330.48,3721.9,-4549.31,2287.66,267.703,-2638.59,-2872.07,3581.78,-691.08,1559.76,-2665.15,-3407.54,531.827,2745.55,-223.138,-3512.96,4957.76,-1430.38,-3610.6,1490.59,-2808.39,2647.86,134.514,1058.66,-2025.01,485.435,3088.29,-408.039,1755.96,-843.537,223.64,-979.537,157.066,-382.401,-1592.82,146.539,630.355,1663.4,390.568,-1767.98,-422.267,-1066.21,3073.98,426.967,1910.6,-1257.09,-400.344,-1141.72,499.265,-2604.22,-1076.11,-4120.46,-2216.12,-5824.17,-626.233,4606.2,242.817,3643.23,1542.24,2193.71,656.864,865.569,271.498,-601.193,3442.11,1343.81,-669.027,-589.169,-124.323,-568.395,1995.34,2199.27,3168.19,1360.03,-1589.59,215.181,-2315.43,-552.459,2949.46,968.289,-1405.52
-250354,0,1,0,1,1,250400,-0.384764,0.00591807,1.98251,0.65987,0.194549,-1.62464,-1.32884,-0.638008,0.776036,1.76188,-0.149657,0.116447,-1.54277,-0.0636614,0.2482,-1.00728,-1.59481,-1.01706,-0.127135,0.559175,1.40119,-1.61276,1.8305,-0.0898098,-1.26576,-1.76124,1.23195,-0.269686,1.22789,-1.59845,-1.56077,0.458786,1.996,-0.185011,-1.75004,1.38731,-0.797919,-1.56933,0.936032,-1.67351,1.35279,0.444837,1.42627,-1.3104,-0.0724454,0.89088,-0.393547,0.886616,0.0264761,-0.478673,-1.03596,0.226382,0.0675763,-1.26799,0.156639,-0.0321617,0.998724,0.212245,-0.63784,-0.775643,-0.788799,1.94885,1.21166,0.828242,-0.92643,-0.62419,-1.08532,0.0134659,-0.922084,-1.04397,-1.82062,-0.720654,-1.94471,-0.376988,1.76676,-0.594025,1.17955,0.313105,1.16384,0.0323358,0.112372,0.276904,0.173359,1.84303,0.871915,-1.30925,-0.819472,-0.271119,0.144731,1.18899,1.07535,1.68402,1.67163,-0.91779,-0.253471,-1.68299,-0.374937,1.42931,0.855572,-1.19532,-0.362485,0.380292,-0.332126,-0.435041,0.427964,1.78262,-0.235673,0.380325,0.317762,0.577869,0.253153,-1.75711,-1.21443,-0.537718,-1.16338,-2.26531,-0.63182,0.887032,0.18184,1.97586,-0.84408,-0.0810165,-0.968841,0.244282,0.349319,1.1334,-0.332605,1.33662,0.629003,-0.655479,0.0339586,0.407398,1.69875,-1.10573,-0.734738,2.214,-0.0059797,-2.0301,-0.74272,-0.875289,0.0883062,0.627362,1.12316,-0.585093,-0.418974,0.0902717,-0.882003,0.301147,-0.907244,0.596368,0.924831,0.640562,0.822755,-0.917094,-0.284134,-0.393226,-0.337937,-0.135998,-0.593371,0.444095,0.0397058,-0.423322,0.576431,-0.687455,2.76317,-0.862977,-1.85405,0.360085,-0.38915,-1.71067,0.521688,-0.0397048,-1.22111,1.02679,1.19419,1.99849,0.913178,-1.18313,-1.15611,0.508765,1.45048,0.715042,0.169682,-0.190495,0.122293,-0.270079,-0.977592,0.448143,-1.45772,1.00583,0.459202,-0.775937,-1.48974,-0.122076,0.02046,0.23392,-1.31006,0.218816,-0.199441,-1.27755,-547.184,-508.299,2761.5,815.011,520.894,-1882.04,-2005.36,-819.359,713.376,4167.89,684.524,-60.5022,-3825.74,-379.508,89.5438,-786.665,-2764.26,-1893.05,-1138.15,1330.48,3721.9,-4549.31,2287.66,267.703,-2638.59,-2872.07,3581.78,-691.08,1559.76,-2665.15,-3407.54,531.827,2745.55,-223.138,-3512.96,4957.76,-1430.38,-3610.6,1490.59,-2808.39,2647.86,134.514,1058.66,-2025.01,485.435,3088.29,-408.039,1755.96,-843.537,223.64,-979.537,157.066,-382.401,-1592.82,146.539,630.355,1663.4,390.568,-1767.98,-422.267,-1066.21,3073.98,426.967,1910.6,-1257.09,-400.344,-1141.72,499.265,-2604.22,-1076.11,-4120.46,-2216.12,-5824.17,-626.233,4606.2,242.817,3643.23,1542.24,2193.71,656.864,865.569,271.498,-601.193,3442.11,1343.81,-669.027,-589.169,-124.323,-568.395,1995.34,2199.27,3168.19,1360.03,-1589.59,215.181,-2315.43,-552.459,2949.46,968.289,-1405.52
-250354,0,1,0,1,1,250408,-0.384764,0.00591807,1.98251,0.65987,0.194549,-1.62464,-1.32884,-0.638008,0.776036,1.76188,-0.149657,0.116447,-1.54277,-0.0636614,0.2482,-1.00728,-1.59481,-1.01706,-0.127135,0.559175,1.40119,-1.61276,1.8305,-0.0898098,-1.26576,-1.76124,1.23195,-0.269686,1.22789,-1.59845,-1.56077,0.458786,1.996,-0.185011,-1.75004,1.38731,-0.797919,-1.56933,0.936032,-1.67351,1.35279,0.444837,1.42627,-1.3104,-0.0724454,0.89088,-0.393547,0.886616,0.0264761,-0.478673,-1.03596,0.226382,0.0675763,-1.26799,0.156639,-0.0321617,0.998724,0.212245,-0.63784,-0.775643,-0.788799,1.94885,1.21166,0.828242,-0.92643,-0.62419,-1.08532,0.0134659,-0.922084,-1.04397,-1.82062,-0.720654,-1.94471,-0.376988,1.76676,-0.594025,1.17955,0.313105,1.16384,0.0323358,0.112372,0.276904,0.173359,1.84303,0.871915,-1.30925,-0.819472,-0.271119,0.144731,1.18899,1.07535,1.68402,1.67163,-0.91779,-0.253471,-1.68299,-0.374937,1.42931,0.855572,-1.19532,-0.32131,-0.811556,1.14656,1.2126,0.167517,2.00454,-0.520066,0.252109,-0.473848,0.0701155,-0.496198,0.1337,-0.160602,0.734434,-0.29911,1.80985,0.888408,-1.81861,0.378617,-0.227957,0.274567,-0.995957,-0.890229,-2.54971,0.38441,0.46203,0.216779,1.60249,-0.0262399,-0.677891,-0.294452,0.104337,-0.0245138,-0.0766447,0.981617,0.746399,-0.0992067,0.400409,0.548549,-1.28597,0.900438,1.04749,1.38173,-2.11466,-0.432111,-0.645747,-0.0409298,0.0507042,-1.61849,0.865826,-0.156326,-2.12815,-0.0969803,-0.670071,0.153431,-0.629646,0.38469,-0.44531,1.57932,0.465089,1.60798,2.21282,-0.861559,-1.22426,-1.48459,-0.0260397,0.333738,-0.815651,-0.639565,0.884705,0.10605,-0.220839,1.20338,-0.875801,2.55028,0.646666,2.66553,0.705642,-0.524137,0.541353,0.104242,-1.06439,-1.38253,0.0927548,0.124283,-1.39262,0.458057,-1.43831,0.859697,-0.407724,-0.542821,-0.902497,-1.35508,0.292397,-1.01738,-0.127009,-1.00643,1.73019,2.76394,-0.316422,-547.184,-508.299,2761.5,815.011,520.894,-1882.04,-2005.36,-819.359,713.376,4167.89,684.524,-60.5022,-3825.74,-379.508,89.5438,-786.665,-2764.26,-1893.05,-1138.15,1330.48,3721.9,-4549.31,2287.66,267.703,-2638.59,-2872.07,3581.78,-691.08,1559.76,-2665.15,-3407.54,531.827,2745.55,-223.138,-3512.96,4957.76,-1430.38,-3610.6,1490.59,-2808.39,2647.86,134.514,1058.66,-2025.01,485.435,3088.29,-408.039,1755.96,-843.537,223.64,-979.537,157.066,-382.401,-1592.82,146.539,630.355,1663.4,390.568,-1767.98,-422.267,-1066.21,3073.98,426.967,1910.6,-1257.09,-400.344,-1141.72,499.265,-2604.22,-1076.11,-4120.46,-2216.12,-5824.17,-626.233,4606.2,242.817,3643.23,1542.24,2193.71,656.864,865.569,271.498,-601.193,3442.11,1343.81,-669.027,-589.169,-124.323,-568.395,1995.34,2199.27,3168.19,1360.03,-1589.59,215.181,-2315.43,-552.459,2949.46,968.289,-1405.52
-250354,0,1,0,1,1,250409,-0.384764,0.00591807,1.98251,0.65987,0.194549,-1.62464,-1.32884,-0.638008,0.776036,1.76188,-0.149657,0.116447,-1.54277,-0.0636614,0.2482,-1.00728,-1.59481,-1.01706,-0.127135,0.559175,1.40119,-1.61276,1.8305,-0.0898098,-1.26576,-1.76124,1.23195,-0.269686,1.22789,-1.59845,-1.56077,0.458786,1.996,-0.185011,-1.75004,1.38731,-0.797919,-1.56933,0.936032,-1.67351,1.35279,0.444837,1.42627,-1.3104,-0.0724454,0.89088,-0.393547,0.886616,0.0264761,-0.478673,-1.03596,0.226382,0.0675763,-1.26799,0.156639,-0.0321617,0.998724,0.212245,-0.63784,-0.775643,-0.788799,1.94885,1.21166,0.828242,-0.92643,-0.62419,-1.08532,0.0134659,-0.922084,-1.04397,-1.82062,-0.720654,-1.94471,-0.376988,1.76676,-0.594025,1.17955,0.313105,1.16384,0.0323358,0.112372,0.276904,0.173359,1.84303,0.871915,-1.30925,-0.819472,-0.271119,0.144731,1.18899,1.07535,1.68402,1.67163,-0.91779,-0.253471,-1.68299,-0.374937,1.42931,0.855572,-1.19532,-0.913948,1.29452,0.544964,1.17783,1.12734,-1.15354,0.294748,-0.047941,0.55207,1.32785,0.701446,0.0427106,-0.552771,-0.128725,-1.49759,-0.23096,1.10418,1.18308,-1.67683,-1.60775,-1.08177,-0.636477,-0.97294,-1.36221,-0.0159772,-0.638297,-0.394738,-0.0374339,2.33074,-1.44823,0.650908,1.3991,1.43723,0.457081,0.484242,-1.8699,-1.45345,0.291917,-0.43698,-0.624448,1.38877,-0.487985,-1.20573,0.886397,1.05802,0.918069,0.588412,-0.686868,-1.09965,0.627597,0.704574,-1.76152,-1.09232,-0.451959,0.757636,-2.06627,0.0415255,0.786723,0.614105,-0.171516,-0.587977,-1.55613,-1.01564,-0.68518,2.66516,-1.30429,-2.1967,0.735827,-0.676407,1.3472,-0.115305,1.03255,2.79665,-1.71726,-0.671237,0.606071,0.499288,-0.964281,-0.239011,-0.47595,-1.26369,-1.01971,0.893591,0.265971,-0.782311,0.246424,-0.599376,-1.0811,-0.0796245,0.946198,-0.652541,0.255761,-0.41429,-1.18809,-0.792412,-0.573648,0.163152,0.785031,-0.685305,-0.391002,-547.184,-508.299,2761.5,815.011,520.894,-1882.04,-2005.36,-819.359,713.376,4167.89,684.524,-60.5022,-3825.74,-379.508,89.5438,-786.665,-2764.26,-1893.05,-1138.15,1330.48,3721.9,-4549.31,2287.66,267.703,-2638.59,-2872.07,3581.78,-691.08,1559.76,-2665.15,-3407.54,531.827,2745.55,-223.138,-3512.96,4957.76,-1430.38,-3610.6,1490.59,-2808.39,2647.86,134.514,1058.66,-2025.01,485.435,3088.29,-408.039,1755.96,-843.537,223.64,-979.537,157.066,-382.401,-1592.82,146.539,630.355,1663.4,390.568,-1767.98,-422.267,-1066.21,3073.98,426.967,1910.6,-1257.09,-400.344,-1141.72,499.265,-2604.22,-1076.11,-4120.46,-2216.12,-5824.17,-626.233,4606.2,242.817,3643.23,1542.24,2193.71,656.864,865.569,271.498,-601.193,3442.11,1343.81,-669.027,-589.169,-124.323,-568.395,1995.34,2199.27,3168.19,1360.03,-1589.59,215.181,-2315.43,-552.459,2949.46,968.289,-1405.52
-250354,0,1,0,1,1,250404,-0.384764,0.00591807,1.98251,0.65987,0.194549,-1.62464,-1.32884,-0.638008,0.776036,1.76188,-0.149657,0.116447,-1.54277,-0.0636614,0.2482,-1.00728,-1.59481,-1.01706,-0.127135,0.559175,1.40119,-1.61276,1.8305,-0.0898098,-1.26576,-1.76124,1.23195,-0.269686,1.22789,-1.59845,-1.56077,0.458786,1.996,-0.185011,-1.75004,1.38731,-0.797919,-1.56933,0.936032,-1.67351,1.35279,0.444837,1.42627,-1.3104,-0.0724454,0.89088,-0.393547,0.886616,0.0264761,-0.478673,-1.03596,0.226382,0.0675763,-1.26799,0.156639,-0.0321617,0.998724,0.212245,-0.63784,-0.775643,-0.788799,1.94885,1.21166,0.828242,-0.92643,-0.62419,-1.08532,0.0134659,-0.922084,-1.04397,-1.82062,-0.720654,-1.94471,-0.376988,1.76676,-0.594025,1.17955,0.313105,1.16384,0.0323358,0.112372,0.276904,0.173359,1.84303,0.871915,-1.30925,-0.819472,-0.271119,0.144731,1.18899,1.07535,1.68402,1.67163,-0.91779,-0.253471,-1.68299,-0.374937,1.42931,0.855572,-1.19532,-0.898695,0.674318,0.687337,0.842172,-0.567294,-2.35639,0.012801,0.393029,-0.293969,-1.40322,-1.32109,0.999564,1.10273,-0.362316,0.406027,1.63464,-0.750354,-0.870266,0.113768,-0.149052,0.293961,0.752064,0.890902,0.390822,-0.549451,0.0902205,-0.655485,2.04402,-1.52559,2.04228,0.0282586,0.375323,0.650124,0.914801,-1.7339,-0.399379,0.862761,0.318791,-0.146693,1.53047,-0.215784,-0.184692,0.443235,0.629379,-1.06684,-0.997385,-0.606789,-1.34571,0.00187193,1.72722,0.570063,0.480188,0.299945,1.3094,-1.11449,-2.37735,0.58977,-0.742475,-0.27538,1.13648,0.892903,2.46031,-0.327334,0.323227,0.0419376,0.501962,-1.42806,-0.00774519,0.366055,1.28921,-0.12422,0.456213,2.47244,0.324636,-1.15156,-0.453586,-0.261483,0.027087,-0.578801,0.00688324,0.410718,-1.2593,1.1188,-1.58702,-0.394067,-1.34537,0.0638056,0.596103,1.97253,-0.709289,1.49917,-0.148188,0.179984,-0.840029,0.014271,-0.688005,-1.31487,1.19238,-1.40527,0.851651,-547.184,-508.299,2761.5,815.011,520.894,-1882.04,-2005.36,-819.359,713.376,4167.89,684.524,-60.5022,-3825.74,-379.508,89.5438,-786.665,-2764.26,-1893.05,-1138.15,1330.48,3721.9,-4549.31,2287.66,267.703,-2638.59,-2872.07,3581.78,-691.08,1559.76,-2665.15,-3407.54,531.827,2745.55,-223.138,-3512.96,4957.76,-1430.38,-3610.6,1490.59,-2808.39,2647.86,134.514,1058.66,-2025.01,485.435,3088.29,-408.039,1755.96,-843.537,223.64,-979.537,157.066,-382.401,-1592.82,146.539,630.355,1663.4,390.568,-1767.98,-422.267,-1066.21,3073.98,426.967,1910.6,-1257.09,-400.344,-1141.72,499.265,-2604.22,-1076.11,-4120.46,-2216.12,-5824.17,-626.233,4606.2,242.817,3643.23,1542.24,2193.71,656.864,865.569,271.498,-601.193,3442.11,1343.81,-669.027,-589.169,-124.323,-568.395,1995.34,2199.27,3168.19,1360.03,-1589.59,215.181,-2315.43,-552.459,2949.46,968.289,-1405.52
-250354,0,1,0,1,1,250409,-0.384764,0.00591807,1.98251,0.65987,0.194549,-1.62464,-1.32884,-0.638008,0.776036,1.76188,-0.149657,0.116447,-1.54277,-0.0636614,0.2482,-1.00728,-1.59481,-1.01706,-0.127135,0.559175,1.40119,-1.61276,1.8305,-0.0898098,-1.26576,-1.76124,1.23195,-0.269686,1.22789,-1.59845,-1.56077,0.458786,1.996,-0.185011,-1.75004,1.38731,-0.797919,-1.56933,0.936032,-1.67351,1.35279,0.444837,1.42627,-1.3104,-0.0724454,0.89088,-0.393547,0.886616,0.0264761,-0.478673,-1.03596,0.226382,0.0675763,-1.26799,0.156639,-0.0321617,0.998724,0.212245,-0.63784,-0.775643,-0.788799,1.94885,1.21166,0.828242,-0.92643,-0.62419,-1.08532,0.0134659,-0.922084,-1.04397,-1.82062,-0.720654,-1.94471,-0.376988,1.76676,-0.594025,1.17955,0.313105,1.16384,0.0323358,0.112372,0.276904,0.173359,1.84303,0.871915,-1.30925,-0.819472,-0.271119,0.144731,1.18899,1.07535,1.68402,1.67163,-0.91779,-0.253471,-1.68299,-0.374937,1.42931,0.855572,-1.19532,1.50094,-1.12083,0.241087,-0.388378,-0.189597,-1.43321,-0.278149,1.62932,0.0752658,0.0567773,-0.885177,0.739784,0.478741,-0.047812,-0.00932368,1.18271,-0.623688,1.31534,0.820091,1.326,-0.288607,-0.679613,-0.0176234,0.150574,-1.78651,-2.4,0.676837,-2.31492,-1.13383,-0.475454,1.29231,-0.191814,-0.0882625,-0.832217,-0.441455,0.838334,-0.815839,2.03105,-0.800586,-1.30573,0.957056,2.57026,-1.9026,-1.37144,1.15796,-0.266437,-0.414705,0.0361299,1.28582,-0.274251,-1.19381,-1.05798,-1.02867,-0.314658,0.704726,0.315076,0.544944,-0.475632,0.14889,-0.572017,-2.5403,-1.0297,1.69935,-0.752272,-1.8404,0.321852,-0.415468,-1.44154,-0.327784,0.412462,-0.0360621,0.743365,-0.12903,0.80568,-0.221496,-1.37717,-1.35565,-0.627342,-0.695302,-1.4655,0.733298,0.759481,-1.74857,-1.2021,0.577953,-1.09158,-1.36948,0.853859,1.0025,0.984799,1.42689,-0.317916,0.129152,0.283568,-0.855634,1.20655,0.53383,-0.412398,1.70025,0.875183,-547.184,-508.299,2761.5,815.011,520.894,-1882.04,-2005.36,-819.359,713.376,4167.89,684.524,-60.5022,-3825.74,-379.508,89.5438,-786.665,-2764.26,-1893.05,-1138.15,1330.48,3721.9,-4549.31,2287.66,267.703,-2638.59,-2872.07,3581.78,-691.08,1559.76,-2665.15,-3407.54,531.827,2745.55,-223.138,-3512.96,4957.76,-1430.38,-3610.6,1490.59,-2808.39,2647.86,134.514,1058.66,-2025.01,485.435,3088.29,-408.039,1755.96,-843.537,223.64,-979.537,157.066,-382.401,-1592.82,146.539,630.355,1663.4,390.568,-1767.98,-422.267,-1066.21,3073.98,426.967,1910.6,-1257.09,-400.344,-1141.72,499.265,-2604.22,-1076.11,-4120.46,-2216.12,-5824.17,-626.233,4606.2,242.817,3643.23,1542.24,2193.71,656.864,865.569,271.498,-601.193,3442.11,1343.81,-669.027,-589.169,-124.323,-568.395,1995.34,2199.27,3168.19,1360.03,-1589.59,215.181,-2315.43,-552.459,2949.46,968.289,-1405.52
-250354,0,1,0,1,1,250413,-0.384764,0.00591807,1.98251,0.65987,0.194549,-1.62464,-1.32884,-0.638008,0.776036,1.76188,-0.149657,0.116447,-1.54277,-0.0636614,0.2482,-1.00728,-1.59481,-1.01706,-0.127135,0.559175,1.40119,-1.61276,1.8305,-0.0898098,-1.26576,-1.76124,1.23195,-0.269686,1.22789,-1.59845,-1.56077,0.458786,1.996,-0.185011,-1.75004,1.38731,-0.797919,-1.56933,0.936032,-1.67351,1.35279,0.444837,1.42627,-1.3104,-0.0724454,0.89088,-0.393547,0.886616,0.0264761,-0.478673,-1.03596,0.226382,0.0675763,-1.26799,0.156639,-0.0321617,0.998724,0.212245,-0.63784,-0.775643,-0.788799,1.94885,1.21166,0.828242,-0.92643,-0.62419,-1.08532,0.0134659,-0.922084,-1.04397,-1.82062,-0.720654,-1.94471,-0.376988,1.76676,-0.594025,1.17955,0.313105,1.16384,0.0323358,0.112372,0.276904,0.173359,1.84303,0.871915,-1.30925,-0.819472,-0.271119,0.144731,1.18899,1.07535,1.68402,1.67163,-0.91779,-0.253471,-1.68299,-0.374937,1.42931,0.855572,-1.19532,1.4381,-1.30444,0.0599292,0.636259,-1.16714,-1.41859,1.77001,0.652975,-1.69516,-0.536584,-1.06378,0.835878,1.28414,-0.127887,0.821527,1.6243,-1.6735,1.36381,-0.312607,0.926339,-1.53592,0.624615,-1.83941,1.30257,-0.785805,0.283135,0.343897,0.340663,-0.271888,-1.25633,2.09905,-1.13261,1.25939,1.44669,1.28394,1.14287,-0.131214,-0.188739,-0.561975,-0.0790448,-1.74934,-2.16334,-0.727041,-1.58044,0.572284,1.01581,0.37693,-2.65715,-0.0787088,-0.0401876,-0.326275,0.838796,0.246504,-0.6335,-2.06468,0.129325,0.465928,-0.70022,0.146296,-0.0369431,0.884387,0.747011,1.56246,1.38288,-0.0243087,-0.197009,-0.49886,-0.245178,-0.325534,-1.729,1.41763,-0.408056,-1.25391,-1.95152,-0.889638,-0.00575986,-1.29958,-0.40185,-0.650367,-1.46188,-0.314777,1.54717,1.19327,-0.152527,-0.327965,0.237047,1.11253,1.74196,0.646544,1.71472,-0.446811,0.182653,0.674968,0.312737,1.51156,-0.204959,-1.44242,1.38669,-0.410279,0.743672,-547.184,-508.299,2761.5,815.011,520.894,-1882.04,-2005.36,-819.359,713.376,4167.89,684.524,-60.5022,-3825.74,-379.508,89.5438,-786.665,-2764.26,-1893.05,-1138.15,1330.48,3721.9,-4549.31,2287.66,267.703,-2638.59,-2872.07,3581.78,-691.08,1559.76,-2665.15,-3407.54,531.827,2745.55,-223.138,-3512.96,4957.76,-1430.38,-3610.6,1490.59,-2808.39,2647.86,134.514,1058.66,-2025.01,485.435,3088.29,-408.039,1755.96,-843.537,223.64,-979.537,157.066,-382.401,-1592.82,146.539,630.355,1663.4,390.568,-1767.98,-422.267,-1066.21,3073.98,426.967,1910.6,-1257.09,-400.344,-1141.72,499.265,-2604.22,-1076.11,-4120.46,-2216.12,-5824.17,-626.233,4606.2,242.817,3643.23,1542.24,2193.71,656.864,865.569,271.498,-601.193,3442.11,1343.81,-669.027,-589.169,-124.323,-568.395,1995.34,2199.27,3168.19,1360.03,-1589.59,215.181,-2315.43,-552.459,2949.46,968.289,-1405.52
-250354,0,1,0,1,1,250402,-0.384764,0.00591807,1.98251,0.65987,0.194549,-1.62464,-1.32884,-0.638008,0.776036,1.76188,-0.149657,0.116447,-1.54277,-0.0636614,0.2482,-1.00728,-1.59481,-1.01706,-0.127135,0.559175,1.40119,-1.61276,1.8305,-0.0898098,-1.26576,-1.76124,1.23195,-0.269686,1.22789,-1.59845,-1.56077,0.458786,1.996,-0.185011,-1.75004,1.38731,-0.797919,-1.56933,0.936032,-1.67351,1.35279,0.444837,1.42627,-1.3104,-0.0724454,0.89088,-0.393547,0.886616,0.0264761,-0.478673,-1.03596,0.226382,0.0675763,-1.26799,0.156639,-0.0321617,0.998724,0.212245,-0.63784,-0.775643,-0.788799,1.94885,1.21166,0.828242,-0.92643,-0.62419,-1.08532,0.0134659,-0.922084,-1.04397,-1.82062,-0.720654,-1.94471,-0.376988,1.76676,-0.594025,1.17955,0.313105,1.16384,0.0323358,0.112372,0.276904,0.173359,1.84303,0.871915,-1.30925,-0.819472,-0.271119,0.144731,1.18899,1.07535,1.68402,1.67163,-0.91779,-0.253471,-1.68299,-0.374937,1.42931,0.855572,-1.19532,1.18888,0.12245,-1.24154,-0.82293,0.00834247,-0.0923647,1.96539,2.24337,0.899157,-0.326422,-1.59834,-0.173633,1.31398,0.056483,0.508582,-0.949248,-1.55345,-1.28026,0.666239,0.838056,0.334443,-1.23304,-0.270481,2.04206,-0.760503,0.0458195,1.50379,-0.221138,-0.427885,-1.48383,1.34733,0.719977,-0.170155,0.430087,0.814555,1.85392,-0.58616,1.40114,-0.41248,0.34805,0.621842,0.291258,0.621174,0.221148,1.2286,1.27388,-0.725239,0.369392,0.934403,1.74596,0.374207,-2.3198,-1.1094,-1.1108,-1.84753,-1.51521,0.164761,-0.0728587,-1.12683,0.759657,-0.901458,0.630666,-0.578002,1.18876,1.47558,-0.866425,0.301023,-0.4212,-1.26103,-0.403436,-0.564891,-0.169128,0.767814,1.26549,-0.64469,0.191198,0.151394,0.579444,0.443194,0.688053,0.59206,0.00894801,0.668045,-1.03345,0.393997,-1.69611,-0.769271,1.70076,0.508024,-0.0377917,0.822729,-1.06054,1.31265,0.460274,-1.34304,-0.781025,-0.810832,-0.0610145,0.374257,0.277604,-547.184,-508.299,2761.5,815.011,520.894,-1882.04,-2005.36,-819.359,713.376,4167.89,684.524,-60.5022,-3825.74,-379.508,89.5438,-786.665,-2764.26,-1893.05,-1138.15,1330.48,3721.9,-4549.31,2287.66,267.703,-2638.59,-2872.07,3581.78,-691.08,1559.76,-2665.15,-3407.54,531.827,2745.55,-223.138,-3512.96,4957.76,-1430.38,-3610.6,1490.59,-2808.39,2647.86,134.514,1058.66,-2025.01,485.435,3088.29,-408.039,1755.96,-843.537,223.64,-979.537,157.066,-382.401,-1592.82,146.539,630.355,1663.4,390.568,-1767.98,-422.267,-1066.21,3073.98,426.967,1910.6,-1257.09,-400.344,-1141.72,499.265,-2604.22,-1076.11,-4120.46,-2216.12,-5824.17,-626.233,4606.2,242.817,3643.23,1542.24,2193.71,656.864,865.569,271.498,-601.193,3442.11,1343.81,-669.027,-589.169,-124.323,-568.395,1995.34,2199.27,3168.19,1360.03,-1589.59,215.181,-2315.43,-552.459,2949.46,968.289,-1405.52
-250354,0,1,0,1,1,250401,-0.384764,0.00591807,1.98251,0.65987,0.194549,-1.62464,-1.32884,-0.638008,0.776036,1.76188,-0.149657,0.116447,-1.54277,-0.0636614,0.2482,-1.00728,-1.59481,-1.01706,-0.127135,0.559175,1.40119,-1.61276,1.8305,-0.0898098,-1.26576,-1.76124,1.23195,-0.269686,1.22789,-1.59845,-1.56077,0.458786,1.996,-0.185011,-1.75004,1.38731,-0.797919,-1.56933,0.936032,-1.67351,1.35279,0.444837,1.42627,-1.3104,-0.0724454,0.89088,-0.393547,0.886616,0.0264761,-0.478673,-1.03596,0.226382,0.0675763,-1.26799,0.156639,-0.0321617,0.998724,0.212245,-0.63784,-0.775643,-0.788799,1.94885,1.21166,0.828242,-0.92643,-0.62419,-1.08532,0.0134659,-0.922084,-1.04397,-1.82062,-0.720654,-1.94471,-0.376988,1.76676,-0.594025,1.17955,0.313105,1.16384,0.0323358,0.112372,0.276904,0.173359,1.84303,0.871915,-1.30925,-0.819472,-0.271119,0.144731,1.18899,1.07535,1.68402,1.67163,-0.91779,-0.253471,-1.68299,-0.374937,1.42931,0.855572,-1.19532,0.466687,0.420398,1.6685,-0.638701,1.2292,0.993204,0.757623,0.29383,-1.07914,0.137354,0.734787,-0.831515,-1.04634,-0.382785,-0.356776,0.22623,-0.0564128,-0.392599,-1.20958,-0.362276,-1.2197,0.829801,0.260626,0.643908,1.07932,0.753967,-0.945999,0.363701,0.314303,-1.47783,-0.725387,1.30577,-0.485805,-0.326541,0.623856,-1.43608,0.527717,0.181422,1.05607,0.0686942,1.48422,0.717597,-0.945727,1.06293,0.690859,-0.977695,-0.170905,-0.446813,2.12695,-1.81312,2.55781,-0.340091,-1.81767,0.889514,1.2005,0.369351,1.34402,0.317011,1.87134,0.102644,-1.66685,-0.0559749,1.28614,-0.573971,-1.54491,-1.12594,-0.184562,0.557356,-0.624467,-0.158272,0.934291,1.03217,1.40412,-0.145715,-1.294,-0.196098,0.168016,-1.55232,-0.967769,1.43351,-0.271501,-0.0163835,1.50704,-0.342605,-0.504649,1.29085,0.11139,-1.91637,0.853971,-0.120859,-0.126576,-0.218994,1.9635,-0.042712,-0.437492,-0.438097,-0.307206,-1.60095,-0.490966,0.263676,-547.184,-508.299,2761.5,815.011,520.894,-1882.04,-2005.36,-819.359,713.376,4167.89,684.524,-60.5022,-3825.74,-379.508,89.5438,-786.665,-2764.26,-1893.05,-1138.15,1330.48,3721.9,-4549.31,2287.66,267.703,-2638.59,-2872.07,3581.78,-691.08,1559.76,-2665.15,-3407.54,531.827,2745.55,-223.138,-3512.96,4957.76,-1430.38,-3610.6,1490.59,-2808.39,2647.86,134.514,1058.66,-2025.01,485.435,3088.29,-408.039,1755.96,-843.537,223.64,-979.537,157.066,-382.401,-1592.82,146.539,630.355,1663.4,390.568,-1767.98,-422.267,-1066.21,3073.98,426.967,1910.6,-1257.09,-400.344,-1141.72,499.265,-2604.22,-1076.11,-4120.46,-2216.12,-5824.17,-626.233,4606.2,242.817,3643.23,1542.24,2193.71,656.864,865.569,271.498,-601.193,3442.11,1343.81,-669.027,-589.169,-124.323,-568.395,1995.34,2199.27,3168.19,1360.03,-1589.59,215.181,-2315.43,-552.459,2949.46,968.289,-1405.52
-250354,0,1,0,1,1,250401,-0.384764,0.00591807,1.98251,0.65987,0.194549,-1.62464,-1.32884,-0.638008,0.776036,1.76188,-0.149657,0.116447,-1.54277,-0.0636614,0.2482,-1.00728,-1.59481,-1.01706,-0.127135,0.559175,1.40119,-1.61276,1.8305,-0.0898098,-1.26576,-1.76124,1.23195,-0.269686,1.22789,-1.59845,-1.56077,0.458786,1.996,-0.185011,-1.75004,1.38731,-0.797919,-1.56933,0.936032,-1.67351,1.35279,0.444837,1.42627,-1.3104,-0.0724454,0.89088,-0.393547,0.886616,0.0264761,-0.478673,-1.03596,0.226382,0.0675763,-1.26799,0.156639,-0.0321617,0.998724,0.212245,-0.63784,-0.775643,-0.788799,1.94885,1.21166,0.828242,-0.92643,-0.62419,-1.08532,0.0134659,-0.922084,-1.04397,-1.82062,-0.720654,-1.94471,-0.376988,1.76676,-0.594025,1.17955,0.313105,1.16384,0.0323358,0.112372,0.276904,0.173359,1.84303,0.871915,-1.30925,-0.819472,-0.271119,0.144731,1.18899,1.07535,1.68402,1.67163,-0.91779,-0.253471,-1.68299,-0.374937,1.42931,0.855572,-1.19532,-1.88482,0.591332,-0.690912,-0.134378,0.37606,-0.117569,1.19925,0.4265,0.246713,-0.5031,-0.257408,-0.2091,-0.502235,-0.493821,-0.201046,0.74266,-0.754567,0.330857,-0.232593,0.123117,0.571304,0.439373,-0.543168,2.06171,0.226575,-1.04415,-1.36995,1.13147,0.439765,-0.223707,-1.10303,-0.696212,0.087201,-0.132866,-0.0704728,0.490297,0.301028,-1.2879,0.370882,0.942437,-0.00213959,0.0418907,0.548441,-0.407452,1.6998,-1.2091,-1.53027,0.77148,0.79513,0.434139,-0.442892,1.71234,2.20637,0.737714,1.82585,-0.0907551,0.117193,-0.140498,1.03832,0.276929,1.07389,-0.276925,2.50909,0.747929,-1.37143,1.15451,-0.479246,-0.407872,1.47161,-0.0920273,0.922945,1.0137,1.02889,-0.62263,0.363064,0.179344,-1.85842,-1.06753,-0.628274,0.414349,1.39798,-0.15617,1.43663,-1.07356,0.472873,1.90595,-0.685905,1.86157,2.27082,0.988976,-0.329186,0.294819,-0.110023,1.19124,-0.36941,-0.803791,0.0757954,2.49172,-0.20095,0.126347,-547.184,-508.299,2761.5,815.011,520.894,-1882.04,-2005.36,-819.359,713.376,4167.89,684.524,-60.5022,-3825.74,-379.508,89.5438,-786.665,-2764.26,-1893.05,-1138.15,1330.48,3721.9,-4549.31,2287.66,267.703,-2638.59,-2872.07,3581.78,-691.08,1559.76,-2665.15,-3407.54,531.827,2745.55,-223.138,-3512.96,4957.76,-1430.38,-3610.6,1490.59,-2808.39,2647.86,134.514,1058.66,-2025.01,485.435,3088.29,-408.039,1755.96,-843.537,223.64,-979.537,157.066,-382.401,-1592.82,146.539,630.355,1663.4,390.568,-1767.98,-422.267,-1066.21,3073.98,426.967,1910.6,-1257.09,-400.344,-1141.72,499.265,-2604.22,-1076.11,-4120.46,-2216.12,-5824.17,-626.233,4606.2,242.817,3643.23,1542.24,2193.71,656.864,865.569,271.498,-601.193,3442.11,1343.81,-669.027,-589.169,-124.323,-568.395,1995.34,2199.27,3168.19,1360.03,-1589.59,215.181,-2315.43,-552.459,2949.46,968.289,-1405.52
-250354,0,1,0,1,1,250409,-0.384764,0.00591807,1.98251,0.65987,0.194549,-1.62464,-1.32884,-0.638008,0.776036,1.76188,-0.149657,0.116447,-1.54277,-0.0636614,0.2482,-1.00728,-1.59481,-1.01706,-0.127135,0.559175,1.40119,-1.61276,1.8305,-0.0898098,-1.26576,-1.76124,1.23195,-0.269686,1.22789,-1.59845,-1.56077,0.458786,1.996,-0.185011,-1.75004,1.38731,-0.797919,-1.56933,0.936032,-1.67351,1.35279,0.444837,1.42627,-1.3104,-0.0724454,0.89088,-0.393547,0.886616,0.0264761,-0.478673,-1.03596,0.226382,0.0675763,-1.26799,0.156639,-0.0321617,0.998724,0.212245,-0.63784,-0.775643,-0.788799,1.94885,1.21166,0.828242,-0.92643,-0.62419,-1.08532,0.0134659,-0.922084,-1.04397,-1.82062,-0.720654,-1.94471,-0.376988,1.76676,-0.594025,1.17955,0.313105,1.16384,0.0323358,0.112372,0.276904,0.173359,1.84303,0.871915,-1.30925,-0.819472,-0.271119,0.144731,1.18899,1.07535,1.68402,1.67163,-0.91779,-0.253471,-1.68299,-0.374937,1.42931,0.855572,-1.19532,1.0194,2.12164,1.1344,0.858637,-0.208005,-0.591096,0.916951,1.20805,0.16049,-0.789762,1.99542,-0.389922,1.28288,-1.76638,0.364111,-2.78407,-0.481035,-0.700141,0.539752,2.14908,0.757437,-1.32953,1.34515,0.29547,1.88065,-1.19566,-1.29531,-0.487843,-0.018769,-0.159656,-1.52482,1.77264,0.933376,-0.481163,0.062962,-0.633824,0.0214272,-0.106965,0.441659,0.273488,-0.525305,0.0374795,-0.287244,-2.27363,0.315113,1.6863,-0.590269,1.21092,-0.164886,1.15755,-0.185625,1.56131,0.0127877,-0.311441,-0.24241,-0.696564,0.548319,-0.238442,-0.445545,1.29849,-0.949843,-1.43241,1.45247,-0.893363,1.93504,0.47623,0.86873,0.687657,-0.141562,0.218199,-0.376977,-0.150039,-0.0742097,0.245313,-0.517033,-1.82471,1.23319,-1.34766,-0.590134,0.924139,-1.40107,-1.9668,1.09168,1.63845,0.966067,0.691228,-2.06692,1.16761,-0.163242,0.0889241,-0.110131,-0.54102,1.23468,0.888885,0.660169,-0.912303,0.429967,0.732413,0.228479,-0.0726275,-547.184,-508.299,2761.5,815.011,520.894,-1882.04,-2005.36,-819.359,713.376,4167.89,684.524,-60.5022,-3825.74,-379.508,89.5438,-786.665,-2764.26,-1893.05,-1138.15,1330.48,3721.9,-4549.31,2287.66,267.703,-2638.59,-2872.07,3581.78,-691.08,1559.76,-2665.15,-3407.54,531.827,2745.55,-223.138,-3512.96,4957.76,-1430.38,-3610.6,1490.59,-2808.39,2647.86,134.514,1058.66,-2025.01,485.435,3088.29,-408.039,1755.96,-843.537,223.64,-979.537,157.066,-382.401,-1592.82,146.539,630.355,1663.4,390.568,-1767.98,-422.267,-1066.21,3073.98,426.967,1910.6,-1257.09,-400.344,-1141.72,499.265,-2604.22,-1076.11,-4120.46,-2216.12,-5824.17,-626.233,4606.2,242.817,3643.23,1542.24,2193.71,656.864,865.569,271.498,-601.193,3442.11,1343.81,-669.027,-589.169,-124.323,-568.395,1995.34,2199.27,3168.19,1360.03,-1589.59,215.181,-2315.43,-552.459,2949.46,968.289,-1405.52
-250354,0,1,0,1,1,250398,-0.384764,0.00591807,1.98251,0.65987,0.194549,-1.62464,-1.32884,-0.638008,0.776036,1.76188,-0.149657,0.116447,-1.54277,-0.0636614,0.2482,-1.00728,-1.59481,-1.01706,-0.127135,0.559175,1.40119,-1.61276,1.8305,-0.0898098,-1.26576,-1.76124,1.23195,-0.269686,1.22789,-1.59845,-1.56077,0.458786,1.996,-0.185011,-1.75004,1.38731,-0.797919,-1.56933,0.936032,-1.67351,1.35279,0.444837,1.42627,-1.3104,-0.0724454,0.89088,-0.393547,0.886616,0.0264761,-0.478673,-1.03596,0.226382,0.0675763,-1.26799,0.156639,-0.0321617,0.998724,0.212245,-0.63784,-0.775643,-0.788799,1.94885,1.21166,0.828242,-0.92643,-0.62419,-1.08532,0.0134659,-0.922084,-1.04397,-1.82062,-0.720654,-1.94471,-0.376988,1.76676,-0.594025,1.17955,0.313105,1.16384,0.0323358,0.112372,0.276904,0.173359,1.84303,0.871915,-1.30925,-0.819472,-0.271119,0.144731,1.18899,1.07535,1.68402,1.67163,-0.91779,-0.253471,-1.68299,-0.374937,1.42931,0.855572,-1.19532,-0.553217,1.30903,0.774991,-1.05308,0.490269,1.6522,1.49499,0.100652,-0.712966,-0.635635,0.674722,-2.11521,0.0498288,-0.345531,0.147958,0.726346,-1.04235,-0.490625,-0.0196474,0.115135,-0.366125,0.605445,-0.907715,-1.25059,0.515234,0.228698,0.404202,-0.140325,-1.64308,2.4475,0.497481,-0.456527,0.616121,-1.36273,0.315763,0.353868,0.0778959,-1.14532,0.480592,-1.41464,0.947165,-0.77353,-1.17607,-0.188768,-0.263637,0.250343,0.259685,0.162645,-0.332627,-1.95651,-0.831852,1.12238,2.51974,-1.0106,-0.43415,1.68384,0.567054,-0.687359,-0.112708,-0.148573,0.886557,-1.47053,0.659794,1.19252,-2.16194,1.43151,0.230767,-0.218896,-0.270352,0.0113447,0.258267,0.0757941,-0.360837,0.278525,0.64797,-0.51002,0.0347118,-0.236705,0.714504,-0.0619555,-0.321471,-0.0169497,-1.4681,-0.284729,-0.900512,-1.30691,-1.73153,0.279163,-0.656353,1.64731,1.07527,-0.724908,-0.305449,-0.195575,0.237777,-0.455813,-1.03466,-1.20707,1.55245,0.720316,-547.184,-508.299,2761.5,815.011,520.894,-1882.04,-2005.36,-819.359,713.376,4167.89,684.524,-60.5022,-3825.74,-379.508,89.5438,-786.665,-2764.26,-1893.05,-1138.15,1330.48,3721.9,-4549.31,2287.66,267.703,-2638.59,-2872.07,3581.78,-691.08,1559.76,-2665.15,-3407.54,531.827,2745.55,-223.138,-3512.96,4957.76,-1430.38,-3610.6,1490.59,-2808.39,2647.86,134.514,1058.66,-2025.01,485.435,3088.29,-408.039,1755.96,-843.537,223.64,-979.537,157.066,-382.401,-1592.82,146.539,630.355,1663.4,390.568,-1767.98,-422.267,-1066.21,3073.98,426.967,1910.6,-1257.09,-400.344,-1141.72,499.265,-2604.22,-1076.11,-4120.46,-2216.12,-5824.17,-626.233,4606.2,242.817,3643.23,1542.24,2193.71,656.864,865.569,271.498,-601.193,3442.11,1343.81,-669.027,-589.169,-124.323,-568.395,1995.34,2199.27,3168.19,1360.03,-1589.59,215.181,-2315.43,-552.459,2949.46,968.289,-1405.52
-250354,0,1,0,1,1,250403,-0.384764,0.00591807,1.98251,0.65987,0.194549,-1.62464,-1.32884,-0.638008,0.776036,1.76188,-0.149657,0.116447,-1.54277,-0.0636614,0.2482,-1.00728,-1.59481,-1.01706,-0.127135,0.559175,1.40119,-1.61276,1.8305,-0.0898098,-1.26576,-1.76124,1.23195,-0.269686,1.22789,-1.59845,-1.56077,0.458786,1.996,-0.185011,-1.75004,1.38731,-0.797919,-1.56933,0.936032,-1.67351,1.35279,0.444837,1.42627,-1.3104,-0.0724454,0.89088,-0.393547,0.886616,0.0264761,-0.478673,-1.03596,0.226382,0.0675763,-1.26799,0.156639,-0.0321617,0.998724,0.212245,-0.63784,-0.775643,-0.788799,1.94885,1.21166,0.828242,-0.92643,-0.62419,-1.08532,0.0134659,-0.922084,-1.04397,-1.82062,-0.720654,-1.94471,-0.376988,1.76676,-0.594025,1.17955,0.313105,1.16384,0.0323358,0.112372,0.276904,0.173359,1.84303,0.871915,-1.30925,-0.819472,-0.271119,0.144731,1.18899,1.07535,1.68402,1.67163,-0.91779,-0.253471,-1.68299,-0.374937,1.42931,0.855572,-1.19532,-0.619503,0.0715818,2.96803,0.396938,0.316768,1.03089,-0.150936,-0.522576,0.0702391,1.012,0.0547856,0.289189,-1.29396,-0.825629,0.503983,-1.14995,-1.45333,1.49214,-0.3268,-1.32042,-0.274168,-2.32001,-0.252515,2.11659,-0.522654,-1.02918,-1.81965,0.858314,-0.266694,0.0622471,-1.23484,0.712018,-0.342844,0.436556,-0.149859,2.348,0.0570577,-0.282456,1.4597,-0.466103,-0.64163,1.28962,1.16277,0.62037,0.642754,-0.790127,1.23535,-0.402478,-0.51408,-0.561238,-0.221087,-1.44268,-0.919223,1.17698,0.8104,0.693841,1.20236,0.540438,-0.0807854,1.09785,-1.04839,0.88767,1.16068,1.65318,-0.082405,1.01838,0.414339,-2.0752,0.260864,-0.24591,-0.0112713,1.09692,-0.0593133,-0.334852,-0.15795,-0.498298,-0.634536,-1.97361,-0.396177,-1.06149,0.327991,-0.390558,-0.996322,-0.195016,-1.50031,-0.0552198,1.19919,0.299127,0.706541,-0.0955905,0.386903,-0.712246,-0.72175,-1.73869,-1.23408,-0.316967,-1.57358,-1.16543,-0.626111,-0.150956,-547.184,-508.299,2761.5,815.011,520.894,-1882.04,-2005.36,-819.359,713.376,4167.89,684.524,-60.5022,-3825.74,-379.508,89.5438,-786.665,-2764.26,-1893.05,-1138.15,1330.48,3721.9,-4549.31,2287.66,267.703,-2638.59,-2872.07,3581.78,-691.08,1559.76,-2665.15,-3407.54,531.827,2745.55,-223.138,-3512.96,4957.76,-1430.38,-3610.6,1490.59,-2808.39,2647.86,134.514,1058.66,-2025.01,485.435,3088.29,-408.039,1755.96,-843.537,223.64,-979.537,157.066,-382.401,-1592.82,146.539,630.355,1663.4,390.568,-1767.98,-422.267,-1066.21,3073.98,426.967,1910.6,-1257.09,-400.344,-1141.72,499.265,-2604.22,-1076.11,-4120.46,-2216.12,-5824.17,-626.233,4606.2,242.817,3643.23,1542.24,2193.71,656.864,865.569,271.498,-601.193,3442.11,1343.81,-669.027,-589.169,-124.323,-568.395,1995.34,2199.27,3168.19,1360.03,-1589.59,215.181,-2315.43,-552.459,2949.46,968.289,-1405.52
-250354,0,1,0,1,1,250405,-0.384764,0.00591807,1.98251,0.65987,0.194549,-1.62464,-1.32884,-0.638008,0.776036,1.76188,-0.149657,0.116447,-1.54277,-0.0636614,0.2482,-1.00728,-1.59481,-1.01706,-0.127135,0.559175,1.40119,-1.61276,1.8305,-0.0898098,-1.26576,-1.76124,1.23195,-0.269686,1.22789,-1.59845,-1.56077,0.458786,1.996,-0.185011,-1.75004,1.38731,-0.797919,-1.56933,0.936032,-1.67351,1.35279,0.444837,1.42627,-1.3104,-0.0724454,0.89088,-0.393547,0.886616,0.0264761,-0.478673,-1.03596,0.226382,0.0675763,-1.26799,0.156639,-0.0321617,0.998724,0.212245,-0.63784,-0.775643,-0.788799,1.94885,1.21166,0.828242,-0.92643,-0.62419,-1.08532,0.0134659,-0.922084,-1.04397,-1.82062,-0.720654,-1.94471,-0.376988,1.76676,-0.594025,1.17955,0.313105,1.16384,0.0323358,0.112372,0.276904,0.173359,1.84303,0.871915,-1.30925,-0.819472,-0.271119,0.144731,1.18899,1.07535,1.68402,1.67163,-0.91779,-0.253471,-1.68299,-0.374937,1.42931,0.855572,-1.19532,0.734403,0.335979,-1.37092,-1.80603,0.997214,0.930671,-0.168657,-0.00663247,0.743414,1.06987,0.368459,0.79192,0.08142,0.475974,0.357222,-0.228197,2.24543,-0.586314,0.796798,-1.55231,-1.50756,-1.06877,-0.582504,0.0286465,1.11178,-0.842684,0.0469656,-0.263452,0.517579,2.75165,-0.903496,1.1669,0.486049,-1.38962,0.303841,1.4565,2.08567,-0.821784,-0.153318,0.984089,-0.0772455,-0.950559,-0.752489,0.514614,-1.01154,1.94349,-1.60153,-0.279431,0.190591,-0.407003,-1.48854,-1.42003,0.718084,0.621655,-0.813583,0.904103,-0.618756,2.72959,0.202165,2.61112,1.00902,-0.00698761,0.172997,0.378468,0.642077,0.497634,-0.394149,1.27388,0.223308,-0.893018,1.03461,-0.405443,1.08935,0.550615,0.113802,0.107242,-1.29777,0.226577,0.24399,-1.46609,1.46092,-0.42539,0.694169,-1.7024,0.788111,-0.449528,-0.422341,1.16894,1.18745,0.147377,0.852,-1.01922,0.181241,0.96662,1.31509,-0.399888,-0.274239,-0.612981,0.293121,-0.0134549,-547.184,-508.299,2761.5,815.011,520.894,-1882.04,-2005.36,-819.359,713.376,4167.89,684.524,-60.5022,-3825.74,-379.508,89.5438,-786.665,-2764.26,-1893.05,-1138.15,1330.48,3721.9,-4549.31,2287.66,267.703,-2638.59,-2872.07,3581.78,-691.08,1559.76,-2665.15,-3407.54,531.827,2745.55,-223.138,-3512.96,4957.76,-1430.38,-3610.6,1490.59,-2808.39,2647.86,134.514,1058.66,-2025.01,485.435,3088.29,-408.039,1755.96,-843.537,223.64,-979.537,157.066,-382.401,-1592.82,146.539,630.355,1663.4,390.568,-1767.98,-422.267,-1066.21,3073.98,426.967,1910.6,-1257.09,-400.344,-1141.72,499.265,-2604.22,-1076.11,-4120.46,-2216.12,-5824.17,-626.233,4606.2,242.817,3643.23,1542.24,2193.71,656.864,865.569,271.498,-601.193,3442.11,1343.81,-669.027,-589.169,-124.323,-568.395,1995.34,2199.27,3168.19,1360.03,-1589.59,215.181,-2315.43,-552.459,2949.46,968.289,-1405.52
-250354,0,1,0,1,1,250407,-0.384764,0.00591807,1.98251,0.65987,0.194549,-1.62464,-1.32884,-0.638008,0.776036,1.76188,-0.149657,0.116447,-1.54277,-0.0636614,0.2482,-1.00728,-1.59481,-1.01706,-0.127135,0.559175,1.40119,-1.61276,1.8305,-0.0898098,-1.26576,-1.76124,1.23195,-0.269686,1.22789,-1.59845,-1.56077,0.458786,1.996,-0.185011,-1.75004,1.38731,-0.797919,-1.56933,0.936032,-1.67351,1.35279,0.444837,1.42627,-1.3104,-0.0724454,0.89088,-0.393547,0.886616,0.0264761,-0.478673,-1.03596,0.226382,0.0675763,-1.26799,0.156639,-0.0321617,0.998724,0.212245,-0.63784,-0.775643,-0.788799,1.94885,1.21166,0.828242,-0.92643,-0.62419,-1.08532,0.0134659,-0.922084,-1.04397,-1.82062,-0.720654,-1.94471,-0.376988,1.76676,-0.594025,1.17955,0.313105,1.16384,0.0323358,0.112372,0.276904,0.173359,1.84303,0.871915,-1.30925,-0.819472,-0.271119,0.144731,1.18899,1.07535,1.68402,1.67163,-0.91779,-0.253471,-1.68299,-0.374937,1.42931,0.855572,-1.19532,-0.497902,-0.60314,0.76259,0.962037,2.37742,-0.391941,1.41968,-0.327562,1.4533,-2.00943,-0.413349,0.0242397,0.913389,-1.28616,0.258595,-0.340671,-0.455282,0.577068,0.210334,-0.0213991,-1.25666,-0.675585,0.518071,0.207832,-1.73734,1.53849,0.0336118,0.608783,0.423159,0.0981506,1.48795,-0.267183,0.326551,-0.54481,0.00793901,1.98854,-0.014856,-1.25637,-0.23334,-1.32302,0.933482,-0.773031,1.69818,-1.07339,-0.942969,-1.40147,-0.292939,1.1316,0.0685592,-1.20065,0.35007,1.41719,0.881378,0.169545,1.0548,-2.48579,-0.396036,-0.744412,-0.0754496,0.157475,-0.196348,0.66476,-1.06141,0.80803,1.00809,0.675234,-0.00210975,0.885941,0.47155,-0.0651697,0.203888,-1.91688,1.08395,2.34115,-1.14879,-0.435812,-1.43944,0.376896,-0.561411,0.378401,-1.16786,-0.920532,0.713605,-1.12432,-0.274038,0.978875,-2.50619,-1.09259,-1.72631,0.563912,0.0379135,-0.368837,0.599398,2.20158,-1.50396,-0.15833,0.280495,0.260431,-0.396141,1.56073,-547.184,-508.299,2761.5,815.011,520.894,-1882.04,-2005.36,-819.359,713.376,4167.89,684.524,-60.5022,-3825.74,-379.508,89.5438,-786.665,-2764.26,-1893.05,-1138.15,1330.48,3721.9,-4549.31,2287.66,267.703,-2638.59,-2872.07,3581.78,-691.08,1559.76,-2665.15,-3407.54,531.827,2745.55,-223.138,-3512.96,4957.76,-1430.38,-3610.6,1490.59,-2808.39,2647.86,134.514,1058.66,-2025.01,485.435,3088.29,-408.039,1755.96,-843.537,223.64,-979.537,157.066,-382.401,-1592.82,146.539,630.355,1663.4,390.568,-1767.98,-422.267,-1066.21,3073.98,426.967,1910.6,-1257.09,-400.344,-1141.72,499.265,-2604.22,-1076.11,-4120.46,-2216.12,-5824.17,-626.233,4606.2,242.817,3643.23,1542.24,2193.71,656.864,865.569,271.498,-601.193,3442.11,1343.81,-669.027,-589.169,-124.323,-568.395,1995.34,2199.27,3168.19,1360.03,-1589.59,215.181,-2315.43,-552.459,2949.46,968.289,-1405.52
-250354,0,1,0,1,1,250418,-0.384764,0.00591807,1.98251,0.65987,0.194549,-1.62464,-1.32884,-0.638008,0.776036,1.76188,-0.149657,0.116447,-1.54277,-0.0636614,0.2482,-1.00728,-1.59481,-1.01706,-0.127135,0.559175,1.40119,-1.61276,1.8305,-0.0898098,-1.26576,-1.76124,1.23195,-0.269686,1.22789,-1.59845,-1.56077,0.458786,1.996,-0.185011,-1.75004,1.38731,-0.797919,-1.56933,0.936032,-1.67351,1.35279,0.444837,1.42627,-1.3104,-0.0724454,0.89088,-0.393547,0.886616,0.0264761,-0.478673,-1.03596,0.226382,0.0675763,-1.26799,0.156639,-0.0321617,0.998724,0.212245,-0.63784,-0.775643,-0.788799,1.94885,1.21166,0.828242,-0.92643,-0.62419,-1.08532,0.0134659,-0.922084,-1.04397,-1.82062,-0.720654,-1.94471,-0.376988,1.76676,-0.594025,1.17955,0.313105,1.16384,0.0323358,0.112372,0.276904,0.173359,1.84303,0.871915,-1.30925,-0.819472,-0.271119,0.144731,1.18899,1.07535,1.68402,1.67163,-0.91779,-0.253471,-1.68299,-0.374937,1.42931,0.855572,-1.19532,-0.333298,-0.528965,1.16713,0.122661,2.00047,-0.767129,0.482325,0.516707,0.0134501,1.34472,2.32936,1.12015,0.889869,0.919072,-1.86898,-0.712395,1.60849,0.674975,-1.12807,0.222889,-1.16394,-2.1435,-1.63771,-0.0918064,0.702642,0.129806,0.84011,-0.808914,0.351376,0.891623,-0.647416,-0.454076,-0.398017,0.364452,0.0801174,-0.669277,-3.23035,2.83991,1.75316,-2.3218,-1.87019,-1.22597,-0.436119,-1.73566,-0.697222,1.43125,1.71091,0.220935,0.762173,-0.728634,0.983895,0.868883,0.31477,-0.943715,0.231994,-1.49585,1.55276,-0.422112,-0.381207,0.882807,-0.781035,0.989263,1.35066,2.04737,0.676518,-0.448055,-0.0706979,0.0597332,0.81486,1.04062,0.961806,-0.348788,0.542407,0.886091,-0.779806,1.37631,0.349012,0.978433,-1.84136,1.25602,-0.402645,-0.898005,-1.74209,-0.836953,-0.622327,-1.24762,0.393931,-1.4411,1.60392,-0.239746,0.544732,1.36336,-1.12175,0.538015,0.00549749,-0.299282,-0.162164,-1.19057,-0.953661,-0.537422,-547.184,-508.299,2761.5,815.011,520.894,-1882.04,-2005.36,-819.359,713.376,4167.89,684.524,-60.5022,-3825.74,-379.508,89.5438,-786.665,-2764.26,-1893.05,-1138.15,1330.48,3721.9,-4549.31,2287.66,267.703,-2638.59,-2872.07,3581.78,-691.08,1559.76,-2665.15,-3407.54,531.827,2745.55,-223.138,-3512.96,4957.76,-1430.38,-3610.6,1490.59,-2808.39,2647.86,134.514,1058.66,-2025.01,485.435,3088.29,-408.039,1755.96,-843.537,223.64,-979.537,157.066,-382.401,-1592.82,146.539,630.355,1663.4,390.568,-1767.98,-422.267,-1066.21,3073.98,426.967,1910.6,-1257.09,-400.344,-1141.72,499.265,-2604.22,-1076.11,-4120.46,-2216.12,-5824.17,-626.233,4606.2,242.817,3643.23,1542.24,2193.71,656.864,865.569,271.498,-601.193,3442.11,1343.81,-669.027,-589.169,-124.323,-568.395,1995.34,2199.27,3168.19,1360.03,-1589.59,215.181,-2315.43,-552.459,2949.46,968.289,-1405.52
-250354,0,1,0,1,1,250401,-0.384764,0.00591807,1.98251,0.65987,0.194549,-1.62464,-1.32884,-0.638008,0.776036,1.76188,-0.149657,0.116447,-1.54277,-0.0636614,0.2482,-1.00728,-1.59481,-1.01706,-0.127135,0.559175,1.40119,-1.61276,1.8305,-0.0898098,-1.26576,-1.76124,1.23195,-0.269686,1.22789,-1.59845,-1.56077,0.458786,1.996,-0.185011,-1.75004,1.38731,-0.797919,-1.56933,0.936032,-1.67351,1.35279,0.444837,1.42627,-1.3104,-0.0724454,0.89088,-0.393547,0.886616,0.0264761,-0.478673,-1.03596,0.226382,0.0675763,-1.26799,0.156639,-0.0321617,0.998724,0.212245,-0.63784,-0.775643,-0.788799,1.94885,1.21166,0.828242,-0.92643,-0.62419,-1.08532,0.0134659,-0.922084,-1.04397,-1.82062,-0.720654,-1.94471,-0.376988,1.76676,-0.594025,1.17955,0.313105,1.16384,0.0323358,0.112372,0.276904,0.173359,1.84303,0.871915,-1.30925,-0.819472,-0.271119,0.144731,1.18899,1.07535,1.68402,1.67163,-0.91779,-0.253471,-1.68299,-0.374937,1.42931,0.855572,-1.19532,-0.210032,1.38461,0.99392,1.10896,1.50028,-2.87166,-0.830542,-0.386042,0.533226,-0.337404,-0.497641,0.139999,2.21204,0.615013,0.193356,-1.36097,0.935866,-0.329026,0.420079,0.189533,-0.286196,1.03689,0.261382,0.119789,0.903022,-0.144664,-0.331676,1.17503,-0.935041,0.847262,-0.996282,-0.65,1.09827,-0.0525329,0.632392,-0.762044,1.24775,-0.468058,0.30626,-0.595814,-0.751677,1.49215,-0.0373629,-0.384724,-0.909776,0.697,0.692531,-1.11624,-0.345227,0.278817,0.493215,-0.279687,1.60124,0.944529,-1.55511,-0.144936,1.08431,-0.22241,0.0769612,0.491823,0.235452,0.4531,-1.33503,-1.54687,-1.03909,0.690663,-0.143218,0.322942,-0.731471,-1.06656,0.115438,-0.336505,0.172606,-2.3637,-0.982704,1.66171,0.429388,-0.748298,-0.743,-0.415172,-0.510229,1.28145,0.729394,-0.856104,2.1853,-0.0407302,-0.1619,-1.36472,-1.94522,0.911119,0.530531,1.83578,-0.236109,1.83666,-0.0557281,-0.677152,1.32303,-0.0489521,1.20043,-0.226472,-547.184,-508.299,2761.5,815.011,520.894,-1882.04,-2005.36,-819.359,713.376,4167.89,684.524,-60.5022,-3825.74,-379.508,89.5438,-786.665,-2764.26,-1893.05,-1138.15,1330.48,3721.9,-4549.31,2287.66,267.703,-2638.59,-2872.07,3581.78,-691.08,1559.76,-2665.15,-3407.54,531.827,2745.55,-223.138,-3512.96,4957.76,-1430.38,-3610.6,1490.59,-2808.39,2647.86,134.514,1058.66,-2025.01,485.435,3088.29,-408.039,1755.96,-843.537,223.64,-979.537,157.066,-382.401,-1592.82,146.539,630.355,1663.4,390.568,-1767.98,-422.267,-1066.21,3073.98,426.967,1910.6,-1257.09,-400.344,-1141.72,499.265,-2604.22,-1076.11,-4120.46,-2216.12,-5824.17,-626.233,4606.2,242.817,3643.23,1542.24,2193.71,656.864,865.569,271.498,-601.193,3442.11,1343.81,-669.027,-589.169,-124.323,-568.395,1995.34,2199.27,3168.19,1360.03,-1589.59,215.181,-2315.43,-552.459,2949.46,968.289,-1405.52
-250354,0,1,0,1,1,250400,-0.384764,0.00591807,1.98251,0.65987,0.194549,-1.62464,-1.32884,-0.638008,0.776036,1.76188,-0.149657,0.116447,-1.54277,-0.0636614,0.2482,-1.00728,-1.59481,-1.01706,-0.127135,0.559175,1.40119,-1.61276,1.8305,-0.0898098,-1.26576,-1.76124,1.23195,-0.269686,1.22789,-1.59845,-1.56077,0.458786,1.996,-0.185011,-1.75004,1.38731,-0.797919,-1.56933,0.936032,-1.67351,1.35279,0.444837,1.42627,-1.3104,-0.0724454,0.89088,-0.393547,0.886616,0.0264761,-0.478673,-1.03596,0.226382,0.0675763,-1.26799,0.156639,-0.0321617,0.998724,0.212245,-0.63784,-0.775643,-0.788799,1.94885,1.21166,0.828242,-0.92643,-0.62419,-1.08532,0.0134659,-0.922084,-1.04397,-1.82062,-0.720654,-1.94471,-0.376988,1.76676,-0.594025,1.17955,0.313105,1.16384,0.0323358,0.112372,0.276904,0.173359,1.84303,0.871915,-1.30925,-0.819472,-0.271119,0.144731,1.18899,1.07535,1.68402,1.67163,-0.91779,-0.253471,-1.68299,-0.374937,1.42931,0.855572,-1.19532,2.07232,0.127035,-0.401828,-1.04418,-0.00671416,-0.918832,-1.17083,0.41861,-0.289966,-0.613976,-1.10321,0.830613,-0.804476,-1.12643,0.332633,-0.199347,-1.19237,-0.56839,0.942437,-0.229286,0.398307,-0.543347,-0.874333,0.940036,-0.432109,0.033382,0.590728,-1.1326,-1.03343,-0.110525,1.17922,-0.0577126,-0.560835,-0.339701,0.248645,1.42986,0.37774,0.785327,-1.2239,-1.29543,-0.782623,0.93158,-0.628316,-1.27319,-0.32613,0.172513,-2.09079,0.0477444,-0.762053,-1.21961,1.60375,1.81147,-0.701726,-0.0568052,-0.160023,-0.387148,1.42704,0.309702,0.362675,0.239719,0.880871,0.405571,-0.766598,1.2719,0.53921,0.712595,-0.868944,-0.864946,0.917057,0.979873,1.57451,0.0438482,-0.356131,-0.817279,1.18511,-0.100698,-0.441493,-1.8883,0.280475,-1.21169,-0.0323977,-0.117083,-0.458449,-1.30222,1.32382,0.707396,0.163955,1.57774,-0.227707,0.548192,1.99712,0.808199,0.206351,-1.1915,-0.849893,-1.97,1.40204,-1.81343,-1.9758,-0.469261,-547.184,-508.299,2761.5,815.011,520.894,-1882.04,-2005.36,-819.359,713.376,4167.89,684.524,-60.5022,-3825.74,-379.508,89.5438,-786.665,-2764.26,-1893.05,-1138.15,1330.48,3721.9,-4549.31,2287.66,267.703,-2638.59,-2872.07,3581.78,-691.08,1559.76,-2665.15,-3407.54,531.827,2745.55,-223.138,-3512.96,4957.76,-1430.38,-3610.6,1490.59,-2808.39,2647.86,134.514,1058.66,-2025.01,485.435,3088.29,-408.039,1755.96,-843.537,223.64,-979.537,157.066,-382.401,-1592.82,146.539,630.355,1663.4,390.568,-1767.98,-422.267,-1066.21,3073.98,426.967,1910.6,-1257.09,-400.344,-1141.72,499.265,-2604.22,-1076.11,-4120.46,-2216.12,-5824.17,-626.233,4606.2,242.817,3643.23,1542.24,2193.71,656.864,865.569,271.498,-601.193,3442.11,1343.81,-669.027,-589.169,-124.323,-568.395,1995.34,2199.27,3168.19,1360.03,-1589.59,215.181,-2315.43,-552.459,2949.46,968.289,-1405.52
-250354,0,1,0,1,1,250407,-0.384764,0.00591807,1.98251,0.65987,0.194549,-1.62464,-1.32884,-0.638008,0.776036,1.76188,-0.149657,0.116447,-1.54277,-0.0636614,0.2482,-1.00728,-1.59481,-1.01706,-0.127135,0.559175,1.40119,-1.61276,1.8305,-0.0898098,-1.26576,-1.76124,1.23195,-0.269686,1.22789,-1.59845,-1.56077,0.458786,1.996,-0.185011,-1.75004,1.38731,-0.797919,-1.56933,0.936032,-1.67351,1.35279,0.444837,1.42627,-1.3104,-0.0724454,0.89088,-0.393547,0.886616,0.0264761,-0.478673,-1.03596,0.226382,0.0675763,-1.26799,0.156639,-0.0321617,0.998724,0.212245,-0.63784,-0.775643,-0.788799,1.94885,1.21166,0.828242,-0.92643,-0.62419,-1.08532,0.0134659,-0.922084,-1.04397,-1.82062,-0.720654,-1.94471,-0.376988,1.76676,-0.594025,1.17955,0.313105,1.16384,0.0323358,0.112372,0.276904,0.173359,1.84303,0.871915,-1.30925,-0.819472,-0.271119,0.144731,1.18899,1.07535,1.68402,1.67163,-0.91779,-0.253471,-1.68299,-0.374937,1.42931,0.855572,-1.19532,-0.812213,1.30177,-0.976415,0.00618459,-0.208355,0.140073,-1.65115,0.890509,1.07168,0.254649,-0.855927,-0.92026,-0.443736,-0.498879,-0.428411,1.69294,0.280731,-0.716948,-1.07157,-0.942134,0.339964,-0.104308,-0.414648,0.038975,-0.463605,1.36077,-1.75642,1.10277,-0.598387,-0.0563029,1.20568,0.62491,-1.21967,0.940661,-1.33586,-1.73867,1.23688,0.360615,-0.813251,0.286469,0.609778,-0.824825,1.56884,-1.36738,0.349707,-1.57901,-0.0426837,0.442137,0.185172,-1.54755,-1.36945,0.161769,0.30966,-0.225954,1.28077,-0.295932,0.0196584,1.7242,-1.42366,-0.649887,0.064529,1.4152,1.10208,-2.00996,1.90873,-0.180278,0.77036,-0.499341,1.10246,-1.15544,-2.37275,1.02768,-0.252785,1.04254,0.689564,0.886639,0.525252,-0.198713,-1.55278,0.379561,-0.341054,3.06614,-0.0467947,-0.293706,-0.620268,0.412217,1.05536,-0.642237,-0.315424,-1.92733,0.513358,-1.51551,-0.821926,0.60121,-1.32743,0.914067,1.36722,0.772059,-0.376093,-0.43742,-547.184,-508.299,2761.5,815.011,520.894,-1882.04,-2005.36,-819.359,713.376,4167.89,684.524,-60.5022,-3825.74,-379.508,89.5438,-786.665,-2764.26,-1893.05,-1138.15,1330.48,3721.9,-4549.31,2287.66,267.703,-2638.59,-2872.07,3581.78,-691.08,1559.76,-2665.15,-3407.54,531.827,2745.55,-223.138,-3512.96,4957.76,-1430.38,-3610.6,1490.59,-2808.39,2647.86,134.514,1058.66,-2025.01,485.435,3088.29,-408.039,1755.96,-843.537,223.64,-979.537,157.066,-382.401,-1592.82,146.539,630.355,1663.4,390.568,-1767.98,-422.267,-1066.21,3073.98,426.967,1910.6,-1257.09,-400.344,-1141.72,499.265,-2604.22,-1076.11,-4120.46,-2216.12,-5824.17,-626.233,4606.2,242.817,3643.23,1542.24,2193.71,656.864,865.569,271.498,-601.193,3442.11,1343.81,-669.027,-589.169,-124.323,-568.395,1995.34,2199.27,3168.19,1360.03,-1589.59,215.181,-2315.43,-552.459,2949.46,968.289,-1405.52
-250354,0,1,0,1,1,250402,-0.384764,0.00591807,1.98251,0.65987,0.194549,-1.62464,-1.32884,-0.638008,0.776036,1.76188,-0.149657,0.116447,-1.54277,-0.0636614,0.2482,-1.00728,-1.59481,-1.01706,-0.127135,0.559175,1.40119,-1.61276,1.8305,-0.0898098,-1.26576,-1.76124,1.23195,-0.269686,1.22789,-1.59845,-1.56077,0.458786,1.996,-0.185011,-1.75004,1.38731,-0.797919,-1.56933,0.936032,-1.67351,1.35279,0.444837,1.42627,-1.3104,-0.0724454,0.89088,-0.393547,0.886616,0.0264761,-0.478673,-1.03596,0.226382,0.0675763,-1.26799,0.156639,-0.0321617,0.998724,0.212245,-0.63784,-0.775643,-0.788799,1.94885,1.21166,0.828242,-0.92643,-0.62419,-1.08532,0.0134659,-0.922084,-1.04397,-1.82062,-0.720654,-1.94471,-0.376988,1.76676,-0.594025,1.17955,0.313105,1.16384,0.0323358,0.112372,0.276904,0.173359,1.84303,0.871915,-1.30925,-0.819472,-0.271119,0.144731,1.18899,1.07535,1.68402,1.67163,-0.91779,-0.253471,-1.68299,-0.374937,1.42931,0.855572,-1.19532,0.681795,-0.244346,-0.357344,-0.217403,0.744542,-0.159226,0.846939,-1.40102,-0.435675,0.497212,-2.11136,-0.297702,0.706686,-0.137821,1.53072,-0.175184,-0.562308,-1.33862,1.09972,0.434163,-1.7125,-0.892141,-1.62434,-1.34064,-0.092781,0.9142,-0.327584,0.0263915,-2.0081,-1.05019,-0.109609,-1.3892,-0.561575,-0.321908,1.25327,0.85465,-1.05925,0.727431,-0.812615,-0.0128274,0.0319343,-1.72372,1.41914,0.243185,-1.74298,1.10636,-1.02632,-0.0242327,0.455226,-2.18943,1.5745,1.51668,1.36625,2.08089,-0.131021,-0.290418,1.00972,-0.662294,-0.51173,-0.350387,-1.01447,0.116787,1.42671,1.37821,-0.00410428,1.04078,0.506106,-1.06896,0.453573,-0.125904,1.12366,0.0156165,-0.193718,-0.130121,1.91002,-0.988128,0.81769,-0.202568,-0.20454,0.369305,0.515378,-1.82244,0.0770468,-0.0714182,0.868615,-0.41045,2.20938,0.716758,-0.556608,0.425244,0.835412,-0.342229,0.153394,1.47672,-0.434621,-0.408238,-1.35058,0.782255,-0.801183,0.200339,-547.184,-508.299,2761.5,815.011,520.894,-1882.04,-2005.36,-819.359,713.376,4167.89,684.524,-60.5022,-3825.74,-379.508,89.5438,-786.665,-2764.26,-1893.05,-1138.15,1330.48,3721.9,-4549.31,2287.66,267.703,-2638.59,-2872.07,3581.78,-691.08,1559.76,-2665.15,-3407.54,531.827,2745.55,-223.138,-3512.96,4957.76,-1430.38,-3610.6,1490.59,-2808.39,2647.86,134.514,1058.66,-2025.01,485.435,3088.29,-408.039,1755.96,-843.537,223.64,-979.537,157.066,-382.401,-1592.82,146.539,630.355,1663.4,390.568,-1767.98,-422.267,-1066.21,3073.98,426.967,1910.6,-1257.09,-400.344,-1141.72,499.265,-2604.22,-1076.11,-4120.46,-2216.12,-5824.17,-626.233,4606.2,242.817,3643.23,1542.24,2193.71,656.864,865.569,271.498,-601.193,3442.11,1343.81,-669.027,-589.169,-124.323,-568.395,1995.34,2199.27,3168.19,1360.03,-1589.59,215.181,-2315.43,-552.459,2949.46,968.289,-1405.52
-250354,0,1,0,1,1,250415,-0.384764,0.00591807,1.98251,0.65987,0.194549,-1.62464,-1.32884,-0.638008,0.776036,1.76188,-0.149657,0.116447,-1.54277,-0.0636614,0.2482,-1.00728,-1.59481,-1.01706,-0.127135,0.559175,1.40119,-1.61276,1.8305,-0.0898098,-1.26576,-1.76124,1.23195,-0.269686,1.22789,-1.59845,-1.56077,0.458786,1.996,-0.185011,-1.75004,1.38731,-0.797919,-1.56933,0.936032,-1.67351,1.35279,0.444837,1.42627,-1.3104,-0.0724454,0.89088,-0.393547,0.886616,0.0264761,-0.478673,-1.03596,0.226382,0.0675763,-1.26799,0.156639,-0.0321617,0.998724,0.212245,-0.63784,-0.775643,-0.788799,1.94885,1.21166,0.828242,-0.92643,-0.62419,-1.08532,0.0134659,-0.922084,-1.04397,-1.82062,-0.720654,-1.94471,-0.376988,1.76676,-0.594025,1.17955,0.313105,1.16384,0.0323358,0.112372,0.276904,0.173359,1.84303,0.871915,-1.30925,-0.819472,-0.271119,0.144731,1.18899,1.07535,1.68402,1.67163,-0.91779,-0.253471,-1.68299,-0.374937,1.42931,0.855572,-1.19532,-0.950918,0.749834,0.136653,0.566564,0.0603702,0.24836,-0.354728,1.86875,0.610974,-1.1181,-0.803354,-0.902967,-0.135321,2.60424,-1.69281,-0.859913,1.41333,0.0685148,-0.884692,0.00950579,0.917305,-1.21798,-1.87312,-0.769425,0.590653,-0.918229,-2.2706,-1.52185,1.09435,-0.0413113,-2.09224,-0.237548,0.236483,-1.00938,1.76241,-1.40042,-0.137205,0.317796,-0.894946,-1.62632,0.359214,0.468626,1.91938,-0.566885,-2.10276,0.610588,-0.820686,0.708813,-0.379245,-0.566776,0.869062,-0.913497,0.350883,-0.600742,-1.76493,1.28688,0.891919,-1.00489,-0.534557,0.276505,0.948838,1.90162,-0.494948,1.18091,-0.678048,-0.667183,-0.361911,0.652312,-0.791122,-0.22054,0.427573,0.138974,2.39088,-0.324486,0.527051,-1.08958,-0.198458,-2.1277,-0.996139,-1.04791,0.649055,2.42707,0.400312,-0.0767061,-1.16878,0.365189,-1.16964,-1.63282,0.396862,2.19232,-0.119522,0.978652,1.5746,1.57755,-1.1644,1.38871,0.211544,0.368553,-0.64437,0.144559,-547.184,-508.299,2761.5,815.011,520.894,-1882.04,-2005.36,-819.359,713.376,4167.89,684.524,-60.5022,-3825.74,-379.508,89.5438,-786.665,-2764.26,-1893.05,-1138.15,1330.48,3721.9,-4549.31,2287.66,267.703,-2638.59,-2872.07,3581.78,-691.08,1559.76,-2665.15,-3407.54,531.827,2745.55,-223.138,-3512.96,4957.76,-1430.38,-3610.6,1490.59,-2808.39,2647.86,134.514,1058.66,-2025.01,485.435,3088.29,-408.039,1755.96,-843.537,223.64,-979.537,157.066,-382.401,-1592.82,146.539,630.355,1663.4,390.568,-1767.98,-422.267,-1066.21,3073.98,426.967,1910.6,-1257.09,-400.344,-1141.72,499.265,-2604.22,-1076.11,-4120.46,-2216.12,-5824.17,-626.233,4606.2,242.817,3643.23,1542.24,2193.71,656.864,865.569,271.498,-601.193,3442.11,1343.81,-669.027,-589.169,-124.323,-568.395,1995.34,2199.27,3168.19,1360.03,-1589.59,215.181,-2315.43,-552.459,2949.46,968.289,-1405.52
-250354,0,1,0,1,1,250405,-0.384764,0.00591807,1.98251,0.65987,0.194549,-1.62464,-1.32884,-0.638008,0.776036,1.76188,-0.149657,0.116447,-1.54277,-0.0636614,0.2482,-1.00728,-1.59481,-1.01706,-0.127135,0.559175,1.40119,-1.61276,1.8305,-0.0898098,-1.26576,-1.76124,1.23195,-0.269686,1.22789,-1.59845,-1.56077,0.458786,1.996,-0.185011,-1.75004,1.38731,-0.797919,-1.56933,0.936032,-1.67351,1.35279,0.444837,1.42627,-1.3104,-0.0724454,0.89088,-0.393547,0.886616,0.0264761,-0.478673,-1.03596,0.226382,0.0675763,-1.26799,0.156639,-0.0321617,0.998724,0.212245,-0.63784,-0.775643,-0.788799,1.94885,1.21166,0.828242,-0.92643,-0.62419,-1.08532,0.0134659,-0.922084,-1.04397,-1.82062,-0.720654,-1.94471,-0.376988,1.76676,-0.594025,1.17955,0.313105,1.16384,0.0323358,0.112372,0.276904,0.173359,1.84303,0.871915,-1.30925,-0.819472,-0.271119,0.144731,1.18899,1.07535,1.68402,1.67163,-0.91779,-0.253471,-1.68299,-0.374937,1.42931,0.855572,-1.19532,0.0758059,-0.154621,-2.3318,0.785788,0.410351,-0.118049,-0.50271,0.187597,-0.310622,0.521011,0.120415,-0.871699,0.918017,1.41971,0.198601,-0.466932,0.428551,-0.987466,-1.41594,1.30386,0.850349,2.18671,-0.919848,-1.11155,0.45838,-0.0892938,-0.181471,1.65962,-1.78013,0.0965161,-0.11426,-0.26102,0.459029,-0.00196712,-0.773642,1.29879,-1.1732,0.395548,0.704587,-0.752675,-0.442965,-0.895815,0.62913,-1.15939,-1.04524,1.39118,1.36458,-0.854111,0.39046,-0.0358296,0.36166,0.359318,2.44823,-0.370169,-0.757001,0.409833,-1.17965,1.16654,0.392351,-1.2918,-0.375629,-0.336811,-0.769551,1.54336,0.402627,-0.227866,-0.437869,-0.0930584,0.517912,1.80133,-0.913173,3.10762,-0.15216,0.159685,0.816531,-0.212419,0.908015,0.674819,-0.338988,-2.15171,-0.768386,-0.159577,0.423576,0.156688,0.547855,1.41194,2.09448,-0.818782,-0.666006,-0.229599,-0.143081,-2.11608,-0.80058,0.539618,-0.932072,-0.613475,0.0405351,2.19272,1.14988,0.518602,-547.184,-508.299,2761.5,815.011,520.894,-1882.04,-2005.36,-819.359,713.376,4167.89,684.524,-60.5022,-3825.74,-379.508,89.5438,-786.665,-2764.26,-1893.05,-1138.15,1330.48,3721.9,-4549.31,2287.66,267.703,-2638.59,-2872.07,3581.78,-691.08,1559.76,-2665.15,-3407.54,531.827,2745.55,-223.138,-3512.96,4957.76,-1430.38,-3610.6,1490.59,-2808.39,2647.86,134.514,1058.66,-2025.01,485.435,3088.29,-408.039,1755.96,-843.537,223.64,-979.537,157.066,-382.401,-1592.82,146.539,630.355,1663.4,390.568,-1767.98,-422.267,-1066.21,3073.98,426.967,1910.6,-1257.09,-400.344,-1141.72,499.265,-2604.22,-1076.11,-4120.46,-2216.12,-5824.17,-626.233,4606.2,242.817,3643.23,1542.24,2193.71,656.864,865.569,271.498,-601.193,3442.11,1343.81,-669.027,-589.169,-124.323,-568.395,1995.34,2199.27,3168.19,1360.03,-1589.59,215.181,-2315.43,-552.459,2949.46,968.289,-1405.52
-250354,0,1,0,1,1,250409,-0.384764,0.00591807,1.98251,0.65987,0.194549,-1.62464,-1.32884,-0.638008,0.776036,1.76188,-0.149657,0.116447,-1.54277,-0.0636614,0.2482,-1.00728,-1.59481,-1.01706,-0.127135,0.559175,1.40119,-1.61276,1.8305,-0.0898098,-1.26576,-1.76124,1.23195,-0.269686,1.22789,-1.59845,-1.56077,0.458786,1.996,-0.185011,-1.75004,1.38731,-0.797919,-1.56933,0.936032,-1.67351,1.35279,0.444837,1.42627,-1.3104,-0.0724454,0.89088,-0.393547,0.886616,0.0264761,-0.478673,-1.03596,0.226382,0.0675763,-1.26799,0.156639,-0.0321617,0.998724,0.212245,-0.63784,-0.775643,-0.788799,1.94885,1.21166,0.828242,-0.92643,-0.62419,-1.08532,0.0134659,-0.922084,-1.04397,-1.82062,-0.720654,-1.94471,-0.376988,1.76676,-0.594025,1.17955,0.313105,1.16384,0.0323358,0.112372,0.276904,0.173359,1.84303,0.871915,-1.30925,-0.819472,-0.271119,0.144731,1.18899,1.07535,1.68402,1.67163,-0.91779,-0.253471,-1.68299,-0.374937,1.42931,0.855572,-1.19532,-0.699398,0.998301,-1.63961,-0.754901,0.819765,-0.803137,-0.734805,0.581892,0.672787,2.02487,-0.394942,1.85897,0.31244,1.1752,-0.638128,-0.78859,0.288847,1.16806,1.55135,0.950287,-0.962997,0.65734,-0.288499,3.09344,-0.699649,-0.750909,-0.797999,-0.344189,-2.73182,0.854327,0.660058,-1.5856,0.208248,0.954265,0.593512,-0.762277,0.525452,-0.548326,1.58942,-0.936479,2.49683,0.115526,1.47246,1.27596,-0.0951488,0.903505,0.150472,0.0206044,0.657246,-0.612109,0.0314927,1.26307,-1.20261,1.41613,-1.42849,0.868311,1.01832,1.0427,-0.780155,-0.62654,0.916096,-0.271591,0.504642,-0.424509,0.068935,-0.209826,-0.0792271,1.37518,1.14297,0.607387,-2.2209,-0.890675,0.453346,1.27067,-0.692067,-0.51201,0.911167,1.85128,-1.66109,-0.413944,0.0621015,0.0473228,-1.8881,-0.706574,0.793644,0.921445,-0.434785,0.491668,-0.401829,-1.32419,-1.13287,-0.659515,-0.517885,-0.20482,0.113021,-0.373216,0.805586,0.785631,-0.28232,-1.99105,-547.184,-508.299,2761.5,815.011,520.894,-1882.04,-2005.36,-819.359,713.376,4167.89,684.524,-60.5022,-3825.74,-379.508,89.5438,-786.665,-2764.26,-1893.05,-1138.15,1330.48,3721.9,-4549.31,2287.66,267.703,-2638.59,-2872.07,3581.78,-691.08,1559.76,-2665.15,-3407.54,531.827,2745.55,-223.138,-3512.96,4957.76,-1430.38,-3610.6,1490.59,-2808.39,2647.86,134.514,1058.66,-2025.01,485.435,3088.29,-408.039,1755.96,-843.537,223.64,-979.537,157.066,-382.401,-1592.82,146.539,630.355,1663.4,390.568,-1767.98,-422.267,-1066.21,3073.98,426.967,1910.6,-1257.09,-400.344,-1141.72,499.265,-2604.22,-1076.11,-4120.46,-2216.12,-5824.17,-626.233,4606.2,242.817,3643.23,1542.24,2193.71,656.864,865.569,271.498,-601.193,3442.11,1343.81,-669.027,-589.169,-124.323,-568.395,1995.34,2199.27,3168.19,1360.03,-1589.59,215.181,-2315.43,-552.459,2949.46,968.289,-1405.52
-250354,0,1,0,1,1,250416,-0.384764,0.00591807,1.98251,0.65987,0.194549,-1.62464,-1.32884,-0.638008,0.776036,1.76188,-0.149657,0.116447,-1.54277,-0.0636614,0.2482,-1.00728,-1.59481,-1.01706,-0.127135,0.559175,1.40119,-1.61276,1.8305,-0.0898098,-1.26576,-1.76124,1.23195,-0.269686,1.22789,-1.59845,-1.56077,0.458786,1.996,-0.185011,-1.75004,1.38731,-0.797919,-1.56933,0.936032,-1.67351,1.35279,0.444837,1.42627,-1.3104,-0.0724454,0.89088,-0.393547,0.886616,0.0264761,-0.478673,-1.03596,0.226382,0.0675763,-1.26799,0.156639,-0.0321617,0.998724,0.212245,-0.63784,-0.775643,-0.788799,1.94885,1.21166,0.828242,-0.92643,-0.62419,-1.08532,0.0134659,-0.922084,-1.04397,-1.82062,-0.720654,-1.94471,-0.376988,1.76676,-0.594025,1.17955,0.313105,1.16384,0.0323358,0.112372,0.276904,0.173359,1.84303,0.871915,-1.30925,-0.819472,-0.271119,0.144731,1.18899,1.07535,1.68402,1.67163,-0.91779,-0.253471,-1.68299,-0.374937,1.42931,0.855572,-1.19532,-0.670053,-1.00226,1.047,1.88097,1.31676,1.73564,-1.27874,0.580045,-2.18441,-0.753062,0.274695,-0.736662,-1.12185,1.0392,-0.314228,0.718187,-2.14599,0.749879,-1.46681,0.643412,-1.32071,0.82924,-0.23005,-0.34228,1.02096,1.61763,0.221703,0.532533,-0.502688,0.470047,-0.830014,-1.23268,-0.848168,-0.26071,0.799399,-0.618001,2.09468,2.65637,-0.408743,-0.918733,-0.929601,1.96653,0.529045,1.25914,0.997724,0.773382,1.14782,0.361991,-1.21552,-0.75711,-0.284026,1.62353,2.04795,-0.886196,-1.60256,-1.8201,-0.590718,0.0418944,0.276657,0.776429,-0.176488,-0.794601,0.0128217,2.81767,0.840425,-0.958086,-1.06871,0.664643,0.58656,-0.485523,-0.377057,0.355451,1.48431,-1.05279,-1.74446,1.63622,0.955278,1.19223,-1.34841,0.0111042,0.384857,1.48795,1.45965,-0.621284,1.8032,-0.996899,-1.2953,-0.0693715,0.241284,-1.39626,-0.0295985,-1.27456,0.838677,1.46111,0.582903,-0.301859,-0.0464462,-0.350431,-0.80193,0.22008,-547.184,-508.299,2761.5,815.011,520.894,-1882.04,-2005.36,-819.359,713.376,4167.89,684.524,-60.5022,-3825.74,-379.508,89.5438,-786.665,-2764.26,-1893.05,-1138.15,1330.48,3721.9,-4549.31,2287.66,267.703,-2638.59,-2872.07,3581.78,-691.08,1559.76,-2665.15,-3407.54,531.827,2745.55,-223.138,-3512.96,4957.76,-1430.38,-3610.6,1490.59,-2808.39,2647.86,134.514,1058.66,-2025.01,485.435,3088.29,-408.039,1755.96,-843.537,223.64,-979.537,157.066,-382.401,-1592.82,146.539,630.355,1663.4,390.568,-1767.98,-422.267,-1066.21,3073.98,426.967,1910.6,-1257.09,-400.344,-1141.72,499.265,-2604.22,-1076.11,-4120.46,-2216.12,-5824.17,-626.233,4606.2,242.817,3643.23,1542.24,2193.71,656.864,865.569,271.498,-601.193,3442.11,1343.81,-669.027,-589.169,-124.323,-568.395,1995.34,2199.27,3168.19,1360.03,-1589.59,215.181,-2315.43,-552.459,2949.46,968.289,-1405.52
-250354,0,1,0,1,1,250405,-0.384764,0.00591807,1.98251,0.65987,0.194549,-1.62464,-1.32884,-0.638008,0.776036,1.76188,-0.149657,0.116447,-1.54277,-0.0636614,0.2482,-1.00728,-1.59481,-1.01706,-0.127135,0.559175,1.40119,-1.61276,1.8305,-0.0898098,-1.26576,-1.76124,1.23195,-0.269686,1.22789,-1.59845,-1.56077,0.458786,1.996,-0.185011,-1.75004,1.38731,-0.797919,-1.56933,0.936032,-1.67351,1.35279,0.444837,1.42627,-1.3104,-0.0724454,0.89088,-0.393547,0.886616,0.0264761,-0.478673,-1.03596,0.226382,0.0675763,-1.26799,0.156639,-0.0321617,0.998724,0.212245,-0.63784,-0.775643,-0.788799,1.94885,1.21166,0.828242,-0.92643,-0.62419,-1.08532,0.0134659,-0.922084,-1.04397,-1.82062,-0.720654,-1.94471,-0.376988,1.76676,-0.594025,1.17955,0.313105,1.16384,0.0323358,0.112372,0.276904,0.173359,1.84303,0.871915,-1.30925,-0.819472,-0.271119,0.144731,1.18899,1.07535,1.68402,1.67163,-0.91779,-0.253471,-1.68299,-0.374937,1.42931,0.855572,-1.19532,-0.146824,-0.210545,0.800344,0.584008,-0.80835,-0.270755,0.349056,0.564444,-0.0901877,2.31335,0.900635,0.18452,0.764449,0.00460735,-0.464959,1.04107,-0.370597,-0.368137,0.330056,1.62566,-1.40914,1.90432,-0.451174,-0.125106,-0.168627,1.88219,-0.911192,0.116842,-0.186371,-0.178298,0.967688,-1.00675,1.99521,-1.23631,2.18339,-0.0771127,-1.25899,1.67877,1.81747,-0.390983,0.354091,0.418989,-0.982553,1.68654,-0.409075,0.715609,-1.6359,-0.581085,1.26771,0.260622,0.425313,-0.700811,-0.0396417,-0.419865,-1.22852,-0.112908,1.20273,0.389353,0.856477,0.535448,-1.80295,-0.950159,0.0633961,-0.137901,0.41946,1.42125,0.640554,-2.07557,-0.698663,-0.762323,0.0191996,0.565858,-0.741785,0.0350769,0.364947,0.00979848,-0.254859,1.45977,-1.25685,-1.30413,-0.133601,-0.321047,-1.19351,0.220184,-0.393931,-1.02772,-2.00026,-0.836314,-1.65206,-0.0596326,-0.17398,-2.12935,0.0168654,-0.811776,2.04999,1.901,1.15747,0.649556,-0.00307542,-0.844027,-547.184,-508.299,2761.5,815.011,520.894,-1882.04,-2005.36,-819.359,713.376,4167.89,684.524,-60.5022,-3825.74,-379.508,89.5438,-786.665,-2764.26,-1893.05,-1138.15,1330.48,3721.9,-4549.31,2287.66,267.703,-2638.59,-2872.07,3581.78,-691.08,1559.76,-2665.15,-3407.54,531.827,2745.55,-223.138,-3512.96,4957.76,-1430.38,-3610.6,1490.59,-2808.39,2647.86,134.514,1058.66,-2025.01,485.435,3088.29,-408.039,1755.96,-843.537,223.64,-979.537,157.066,-382.401,-1592.82,146.539,630.355,1663.4,390.568,-1767.98,-422.267,-1066.21,3073.98,426.967,1910.6,-1257.09,-400.344,-1141.72,499.265,-2604.22,-1076.11,-4120.46,-2216.12,-5824.17,-626.233,4606.2,242.817,3643.23,1542.24,2193.71,656.864,865.569,271.498,-601.193,3442.11,1343.81,-669.027,-589.169,-124.323,-568.395,1995.34,2199.27,3168.19,1360.03,-1589.59,215.181,-2315.43,-552.459,2949.46,968.289,-1405.52
-250354,0,1,0,1,1,250402,-0.384764,0.00591807,1.98251,0.65987,0.194549,-1.62464,-1.32884,-0.638008,0.776036,1.76188,-0.149657,0.116447,-1.54277,-0.0636614,0.2482,-1.00728,-1.59481,-1.01706,-0.127135,0.559175,1.40119,-1.61276,1.8305,-0.0898098,-1.26576,-1.76124,1.23195,-0.269686,1.22789,-1.59845,-1.56077,0.458786,1.996,-0.185011,-1.75004,1.38731,-0.797919,-1.56933,0.936032,-1.67351,1.35279,0.444837,1.42627,-1.3104,-0.0724454,0.89088,-0.393547,0.886616,0.0264761,-0.478673,-1.03596,0.226382,0.0675763,-1.26799,0.156639,-0.0321617,0.998724,0.212245,-0.63784,-0.775643,-0.788799,1.94885,1.21166,0.828242,-0.92643,-0.62419,-1.08532,0.0134659,-0.922084,-1.04397,-1.82062,-0.720654,-1.94471,-0.376988,1.76676,-0.594025,1.17955,0.313105,1.16384,0.0323358,0.112372,0.276904,0.173359,1.84303,0.871915,-1.30925,-0.819472,-0.271119,0.144731,1.18899,1.07535,1.68402,1.67163,-0.91779,-0.253471,-1.68299,-0.374937,1.42931,0.855572,-1.19532,2.22314,0.507708,1.19714,0.564973,-0.166537,-0.852465,-1.1854,0.237871,-0.142545,0.59383,0.138915,-1.0629,-0.0250867,0.452013,0.266745,-0.873028,-0.740685,-0.295481,2.40482,-0.69997,-0.217646,-0.207548,0.422569,0.626173,-0.707111,-0.0814765,1.88178,0.273665,-1.18878,1.35301,-1.84576,-2.54867,-1.49045,-0.204543,-0.424977,0.202051,-0.280628,0.556899,-0.0123648,-0.489002,1.17746,-1.1724,1.27815,-0.195294,-1.63889,-1.60408,-1.23569,0.157703,1.22465,-0.17766,-0.758193,2.0036,1.0546,0.493896,1.44398,-1.60881,-0.892371,-0.999871,-0.291304,0.15004,-1.37741,0.457146,-1.58602,1.76368,-1.33144,1.12711,1.62495,-0.101055,0.249006,0.907317,1.77882,0.746242,-0.47362,0.199624,-0.250094,-0.136499,0.454244,0.10489,-1.30658,-0.277415,0.505047,-0.304752,1.04224,0.479587,-0.0908678,-0.374927,1.44298,0.445106,0.369406,0.738044,0.64121,1.22126,-0.493323,0.794482,0.643641,-0.250686,-1.26093,-0.141389,-0.26125,0.878851,-547.184,-508.299,2761.5,815.011,520.894,-1882.04,-2005.36,-819.359,713.376,4167.89,684.524,-60.5022,-3825.74,-379.508,89.5438,-786.665,-2764.26,-1893.05,-1138.15,1330.48,3721.9,-4549.31,2287.66,267.703,-2638.59,-2872.07,3581.78,-691.08,1559.76,-2665.15,-3407.54,531.827,2745.55,-223.138,-3512.96,4957.76,-1430.38,-3610.6,1490.59,-2808.39,2647.86,134.514,1058.66,-2025.01,485.435,3088.29,-408.039,1755.96,-843.537,223.64,-979.537,157.066,-382.401,-1592.82,146.539,630.355,1663.4,390.568,-1767.98,-422.267,-1066.21,3073.98,426.967,1910.6,-1257.09,-400.344,-1141.72,499.265,-2604.22,-1076.11,-4120.46,-2216.12,-5824.17,-626.233,4606.2,242.817,3643.23,1542.24,2193.71,656.864,865.569,271.498,-601.193,3442.11,1343.81,-669.027,-589.169,-124.323,-568.395,1995.34,2199.27,3168.19,1360.03,-1589.59,215.181,-2315.43,-552.459,2949.46,968.289,-1405.52
-250354,0,1,0,1,1,250408,-0.384764,0.00591807,1.98251,0.65987,0.194549,-1.62464,-1.32884,-0.638008,0.776036,1.76188,-0.149657,0.116447,-1.54277,-0.0636614,0.2482,-1.00728,-1.59481,-1.01706,-0.127135,0.559175,1.40119,-1.61276,1.8305,-0.0898098,-1.26576,-1.76124,1.23195,-0.269686,1.22789,-1.59845,-1.56077,0.458786,1.996,-0.185011,-1.75004,1.38731,-0.797919,-1.56933,0.936032,-1.67351,1.35279,0.444837,1.42627,-1.3104,-0.0724454,0.89088,-0.393547,0.886616,0.0264761,-0.478673,-1.03596,0.226382,0.0675763,-1.26799,0.156639,-0.0321617,0.998724,0.212245,-0.63784,-0.775643,-0.788799,1.94885,1.21166,0.828242,-0.92643,-0.62419,-1.08532,0.0134659,-0.922084,-1.04397,-1.82062,-0.720654,-1.94471,-0.376988,1.76676,-0.594025,1.17955,0.313105,1.16384,0.0323358,0.112372,0.276904,0.173359,1.84303,0.871915,-1.30925,-0.819472,-0.271119,0.144731,1.18899,1.07535,1.68402,1.67163,-0.91779,-0.253471,-1.68299,-0.374937,1.42931,0.855572,-1.19532,-1.01238,0.439253,-0.75255,-1.57739,0.669709,1.4611,1.79321,-0.533516,0.716584,-0.540112,0.760344,-0.0882204,-0.630695,-0.606492,0.346494,-1.33362,-1.80358,0.860602,-0.132359,0.662289,-1.27213,-1.60507,0.813633,-1.58594,0.0617875,0.0379901,-0.0864056,0.671752,-0.366785,0.20927,0.216706,0.863496,-1.67903,-0.160165,0.474767,2.87356,0.922064,-1.61459,0.18278,-0.581789,1.14299,0.8184,0.318716,0.616914,0.11693,-0.174764,0.142336,-0.541181,1.28072,1.31456,0.791259,-2.52256,1.0919,-0.921133,-0.924443,-0.24609,0.758732,0.203619,0.679714,-1.94832,-0.295923,1.31472,-0.157819,0.808638,-0.661534,-1.45837,-0.893406,0.259305,1.77707,1.00115,0.978324,-1.46986,-1.09421,-0.823678,0.279619,0.341808,-0.426647,2.35475,-0.212914,-0.078494,-0.813136,-0.984627,-1.30334,0.851154,0.282887,-1.36907,0.0421891,-0.484271,0.709603,1.22288,1.89643,1.9224,-0.0429196,-0.0344639,0.190171,-1.41382,0.597884,-1.69859,-1.58335,-0.614706,-547.184,-508.299,2761.5,815.011,520.894,-1882.04,-2005.36,-819.359,713.376,4167.89,684.524,-60.5022,-3825.74,-379.508,89.5438,-786.665,-2764.26,-1893.05,-1138.15,1330.48,3721.9,-4549.31,2287.66,267.703,-2638.59,-2872.07,3581.78,-691.08,1559.76,-2665.15,-3407.54,531.827,2745.55,-223.138,-3512.96,4957.76,-1430.38,-3610.6,1490.59,-2808.39,2647.86,134.514,1058.66,-2025.01,485.435,3088.29,-408.039,1755.96,-843.537,223.64,-979.537,157.066,-382.401,-1592.82,146.539,630.355,1663.4,390.568,-1767.98,-422.267,-1066.21,3073.98,426.967,1910.6,-1257.09,-400.344,-1141.72,499.265,-2604.22,-1076.11,-4120.46,-2216.12,-5824.17,-626.233,4606.2,242.817,3643.23,1542.24,2193.71,656.864,865.569,271.498,-601.193,3442.11,1343.81,-669.027,-589.169,-124.323,-568.395,1995.34,2199.27,3168.19,1360.03,-1589.59,215.181,-2315.43,-552.459,2949.46,968.289,-1405.52
-250354,0,1,0,1,1,250411,-0.384764,0.00591807,1.98251,0.65987,0.194549,-1.62464,-1.32884,-0.638008,0.776036,1.76188,-0.149657,0.116447,-1.54277,-0.0636614,0.2482,-1.00728,-1.59481,-1.01706,-0.127135,0.559175,1.40119,-1.61276,1.8305,-0.0898098,-1.26576,-1.76124,1.23195,-0.269686,1.22789,-1.59845,-1.56077,0.458786,1.996,-0.185011,-1.75004,1.38731,-0.797919,-1.56933,0.936032,-1.67351,1.35279,0.444837,1.42627,-1.3104,-0.0724454,0.89088,-0.393547,0.886616,0.0264761,-0.478673,-1.03596,0.226382,0.0675763,-1.26799,0.156639,-0.0321617,0.998724,0.212245,-0.63784,-0.775643,-0.788799,1.94885,1.21166,0.828242,-0.92643,-0.62419,-1.08532,0.0134659,-0.922084,-1.04397,-1.82062,-0.720654,-1.94471,-0.376988,1.76676,-0.594025,1.17955,0.313105,1.16384,0.0323358,0.112372,0.276904,0.173359,1.84303,0.871915,-1.30925,-0.819472,-0.271119,0.144731,1.18899,1.07535,1.68402,1.67163,-0.91779,-0.253471,-1.68299,-0.374937,1.42931,0.855572,-1.19532,-1.49834,0.269987,0.0503271,-0.25337,0.194393,-0.946141,-0.239023,-1.79971,-0.849793,0.924814,-0.0205173,1.52256,-1.10355,-0.945863,-0.00838976,-0.494491,-1.31672,-0.342698,0.733433,-1.90569,-0.800791,-0.696785,-0.120287,1.77649,-0.949878,0.638503,-0.413023,-2.45994,0.832442,-1.88027,0.0217409,-0.648584,1.04205,-0.467672,0.085043,0.354147,-0.541592,0.247694,0.244274,1.33029,0.262307,0.846327,-0.287372,1.12589,0.0379689,1.80526,1.53494,0.241885,-0.183559,-0.698319,1.36616,0.639607,-1.05267,1.68234,-0.697938,0.592698,1.04777,0.331852,-0.0473556,1.53969,-1.81753,-0.882618,-0.430185,1.25776,1.86323,-2.08222,1.10558,-0.451314,-1.31161,-1.05755,2.06865,-0.482851,-0.247268,0.0886661,0.376263,0.841982,1.36643,-0.272926,-0.453923,0.380857,-1.05923,-2.32297,2.40804,0.386815,-0.234035,-0.132661,-0.582597,1.2038,0.682118,-1.26549,0.0467763,0.469821,-0.329647,-0.903151,0.853074,1.04453,0.188696,-1.50389,2.87162,-0.222292,-547.184,-508.299,2761.5,815.011,520.894,-1882.04,-2005.36,-819.359,713.376,4167.89,684.524,-60.5022,-3825.74,-379.508,89.5438,-786.665,-2764.26,-1893.05,-1138.15,1330.48,3721.9,-4549.31,2287.66,267.703,-2638.59,-2872.07,3581.78,-691.08,1559.76,-2665.15,-3407.54,531.827,2745.55,-223.138,-3512.96,4957.76,-1430.38,-3610.6,1490.59,-2808.39,2647.86,134.514,1058.66,-2025.01,485.435,3088.29,-408.039,1755.96,-843.537,223.64,-979.537,157.066,-382.401,-1592.82,146.539,630.355,1663.4,390.568,-1767.98,-422.267,-1066.21,3073.98,426.967,1910.6,-1257.09,-400.344,-1141.72,499.265,-2604.22,-1076.11,-4120.46,-2216.12,-5824.17,-626.233,4606.2,242.817,3643.23,1542.24,2193.71,656.864,865.569,271.498,-601.193,3442.11,1343.81,-669.027,-589.169,-124.323,-568.395,1995.34,2199.27,3168.19,1360.03,-1589.59,215.181,-2315.43,-552.459,2949.46,968.289,-1405.52
-250354,0,1,0,1,1,250408,-0.384764,0.00591807,1.98251,0.65987,0.194549,-1.62464,-1.32884,-0.638008,0.776036,1.76188,-0.149657,0.116447,-1.54277,-0.0636614,0.2482,-1.00728,-1.59481,-1.01706,-0.127135,0.559175,1.40119,-1.61276,1.8305,-0.0898098,-1.26576,-1.76124,1.23195,-0.269686,1.22789,-1.59845,-1.56077,0.458786,1.996,-0.185011,-1.75004,1.38731,-0.797919,-1.56933,0.936032,-1.67351,1.35279,0.444837,1.42627,-1.3104,-0.0724454,0.89088,-0.393547,0.886616,0.0264761,-0.478673,-1.03596,0.226382,0.0675763,-1.26799,0.156639,-0.0321617,0.998724,0.212245,-0.63784,-0.775643,-0.788799,1.94885,1.21166,0.828242,-0.92643,-0.62419,-1.08532,0.0134659,-0.922084,-1.04397,-1.82062,-0.720654,-1.94471,-0.376988,1.76676,-0.594025,1.17955,0.313105,1.16384,0.0323358,0.112372,0.276904,0.173359,1.84303,0.871915,-1.30925,-0.819472,-0.271119,0.144731,1.18899,1.07535,1.68402,1.67163,-0.91779,-0.253471,-1.68299,-0.374937,1.42931,0.855572,-1.19532,-1.72461,0.313149,-0.200763,1.9431,1.56864,-1.4757,-0.457141,0.671028,-0.319728,-0.796485,-0.515604,1.1122,-0.38855,-1.18301,-0.848253,0.0998136,0.862528,0.316732,-0.650759,-0.122707,-0.487995,-0.256953,0.604716,1.30677,1.19155,1.46064,-0.888457,-1.97413,0.770628,0.0350196,0.341993,-0.329806,0.477094,-2.44469,-0.483482,0.895264,1.09797,-2.32016,-0.146875,-0.0986703,0.423594,-1.79959,-1.6008,-0.983173,1.20633,-0.631923,0.715726,-0.678372,-0.9912,-0.491694,-0.290568,1.54222,0.284211,1.08416,-0.453816,0.348544,-0.279816,0.769158,0.670857,0.35539,-0.113983,0.768773,-0.541756,-0.858739,1.62716,0.378628,-0.602034,-2.2802,-0.228517,-0.792186,-1.13972,-2.96704,-0.727947,-0.7736,-0.35172,-0.535227,-1.89516,-2.00545,0.536592,1.16112,0.983566,1.08828,1.32355,0.376452,1.34008,-0.0917928,0.786954,-0.0386076,0.259886,1.53052,0.95434,0.943834,-0.886139,0.037658,1.42744,-0.109554,1.18034,-0.884608,-0.652955,0.142305,-547.184,-508.299,2761.5,815.011,520.894,-1882.04,-2005.36,-819.359,713.376,4167.89,684.524,-60.5022,-3825.74,-379.508,89.5438,-786.665,-2764.26,-1893.05,-1138.15,1330.48,3721.9,-4549.31,2287.66,267.703,-2638.59,-2872.07,3581.78,-691.08,1559.76,-2665.15,-3407.54,531.827,2745.55,-223.138,-3512.96,4957.76,-1430.38,-3610.6,1490.59,-2808.39,2647.86,134.514,1058.66,-2025.01,485.435,3088.29,-408.039,1755.96,-843.537,223.64,-979.537,157.066,-382.401,-1592.82,146.539,630.355,1663.4,390.568,-1767.98,-422.267,-1066.21,3073.98,426.967,1910.6,-1257.09,-400.344,-1141.72,499.265,-2604.22,-1076.11,-4120.46,-2216.12,-5824.17,-626.233,4606.2,242.817,3643.23,1542.24,2193.71,656.864,865.569,271.498,-601.193,3442.11,1343.81,-669.027,-589.169,-124.323,-568.395,1995.34,2199.27,3168.19,1360.03,-1589.59,215.181,-2315.43,-552.459,2949.46,968.289,-1405.52
-250354,0,1,0,1,1,250393,-0.384764,0.00591807,1.98251,0.65987,0.194549,-1.62464,-1.32884,-0.638008,0.776036,1.76188,-0.149657,0.116447,-1.54277,-0.0636614,0.2482,-1.00728,-1.59481,-1.01706,-0.127135,0.559175,1.40119,-1.61276,1.8305,-0.0898098,-1.26576,-1.76124,1.23195,-0.269686,1.22789,-1.59845,-1.56077,0.458786,1.996,-0.185011,-1.75004,1.38731,-0.797919,-1.56933,0.936032,-1.67351,1.35279,0.444837,1.42627,-1.3104,-0.0724454,0.89088,-0.393547,0.886616,0.0264761,-0.478673,-1.03596,0.226382,0.0675763,-1.26799,0.156639,-0.0321617,0.998724,0.212245,-0.63784,-0.775643,-0.788799,1.94885,1.21166,0.828242,-0.92643,-0.62419,-1.08532,0.0134659,-0.922084,-1.04397,-1.82062,-0.720654,-1.94471,-0.376988,1.76676,-0.594025,1.17955,0.313105,1.16384,0.0323358,0.112372,0.276904,0.173359,1.84303,0.871915,-1.30925,-0.819472,-0.271119,0.144731,1.18899,1.07535,1.68402,1.67163,-0.91779,-0.253471,-1.68299,-0.374937,1.42931,0.855572,-1.19532,0.322269,-0.94456,-0.12783,-1.02917,0.469017,-0.96487,1.47087,-0.917555,-0.256848,-0.642455,1.07892,0.695547,-1.78395,-0.299384,0.582259,-0.219865,0.240877,1.1514,-1.68332,0.764518,-1.18121,0.842342,-0.0408822,1.42635,0.364212,1.68422,-0.547888,0.503022,-0.206405,-0.294742,-0.933759,-0.810583,1.48409,0.0361156,0.437347,-1.2639,-1.58707,0.173487,-0.0977858,-1.0575,0.359291,-0.657127,0.102034,-0.00617471,-0.318706,-0.771115,0.260146,0.189622,-0.514066,1.26385,-0.450912,-1.01657,-0.0471704,0.520822,1.32956,0.449798,-0.487434,1.04137,-0.338984,-0.348476,-0.44337,-0.640354,-1.74992,0.125676,1.3488,1.58816,0.195854,-1.52798,1.28457,-0.414204,0.186029,-1.25845,-1.42939,-0.667752,1.37377,0.218421,0.390539,-0.165355,0.553012,-0.593123,-1.43182,-0.574382,-0.107167,-1.4684,0.243762,0.296844,-0.218451,1.55725,0.11913,0.704356,0.659419,-0.536203,-0.291364,1.04807,0.510851,0.220467,-0.387125,-2.28486,-0.670759,0.318019,-547.184,-508.299,2761.5,815.011,520.894,-1882.04,-2005.36,-819.359,713.376,4167.89,684.524,-60.5022,-3825.74,-379.508,89.5438,-786.665,-2764.26,-1893.05,-1138.15,1330.48,3721.9,-4549.31,2287.66,267.703,-2638.59,-2872.07,3581.78,-691.08,1559.76,-2665.15,-3407.54,531.827,2745.55,-223.138,-3512.96,4957.76,-1430.38,-3610.6,1490.59,-2808.39,2647.86,134.514,1058.66,-2025.01,485.435,3088.29,-408.039,1755.96,-843.537,223.64,-979.537,157.066,-382.401,-1592.82,146.539,630.355,1663.4,390.568,-1767.98,-422.267,-1066.21,3073.98,426.967,1910.6,-1257.09,-400.344,-1141.72,499.265,-2604.22,-1076.11,-4120.46,-2216.12,-5824.17,-626.233,4606.2,242.817,3643.23,1542.24,2193.71,656.864,865.569,271.498,-601.193,3442.11,1343.81,-669.027,-589.169,-124.323,-568.395,1995.34,2199.27,3168.19,1360.03,-1589.59,215.181,-2315.43,-552.459,2949.46,968.289,-1405.52
-250354,0,1,0,1,1,250396,-0.384764,0.00591807,1.98251,0.65987,0.194549,-1.62464,-1.32884,-0.638008,0.776036,1.76188,-0.149657,0.116447,-1.54277,-0.0636614,0.2482,-1.00728,-1.59481,-1.01706,-0.127135,0.559175,1.40119,-1.61276,1.8305,-0.0898098,-1.26576,-1.76124,1.23195,-0.269686,1.22789,-1.59845,-1.56077,0.458786,1.996,-0.185011,-1.75004,1.38731,-0.797919,-1.56933,0.936032,-1.67351,1.35279,0.444837,1.42627,-1.3104,-0.0724454,0.89088,-0.393547,0.886616,0.0264761,-0.478673,-1.03596,0.226382,0.0675763,-1.26799,0.156639,-0.0321617,0.998724,0.212245,-0.63784,-0.775643,-0.788799,1.94885,1.21166,0.828242,-0.92643,-0.62419,-1.08532,0.0134659,-0.922084,-1.04397,-1.82062,-0.720654,-1.94471,-0.376988,1.76676,-0.594025,1.17955,0.313105,1.16384,0.0323358,0.112372,0.276904,0.173359,1.84303,0.871915,-1.30925,-0.819472,-0.271119,0.144731,1.18899,1.07535,1.68402,1.67163,-0.91779,-0.253471,-1.68299,-0.374937,1.42931,0.855572,-1.19532,0.366148,0.205271,0.972429,-0.414189,1.54759,-0.697544,0.536285,0.76942,0.594042,0.398422,0.565352,-0.49617,-1.75673,1.87781,0.345216,-0.738912,-1.77252,0.876141,-0.184362,-0.0669296,-0.30371,-1.48448,1.17996,-0.443842,0.39971,2.00881,0.33304,-1.70203,-0.141514,0.430225,0.893744,-0.397166,-0.276044,0.0140952,0.56047,-0.011457,1.81011,-0.0547765,1.22286,-0.614186,0.0729694,0.791037,0.0147117,-1.70402,0.592983,1.45212,0.235572,-0.202263,0.294475,0.125504,0.0189,0.843015,0.363553,-1.57826,0.502693,0.204432,-1.13281,0.172443,0.895563,-0.666084,0.630801,-1.70931,-0.846052,0.513656,1.79658,0.558766,0.0777187,1.54633,0.23279,-0.579375,-0.981649,-1.01925,0.0686457,-1.49381,-0.240824,-0.529547,0.732826,0.39956,0.997749,1.9178,-0.0696309,1.01075,0.356749,1.27428,-0.628061,0.786851,0.54354,0.0576586,0.223871,0.426433,0.0665808,-1.08012,-2.37233,0.361553,0.315226,-1.07455,-0.3104,-0.04813,-2.01505,0.160847,-547.184,-508.299,2761.5,815.011,520.894,-1882.04,-2005.36,-819.359,713.376,4167.89,684.524,-60.5022,-3825.74,-379.508,89.5438,-786.665,-2764.26,-1893.05,-1138.15,1330.48,3721.9,-4549.31,2287.66,267.703,-2638.59,-2872.07,3581.78,-691.08,1559.76,-2665.15,-3407.54,531.827,2745.55,-223.138,-3512.96,4957.76,-1430.38,-3610.6,1490.59,-2808.39,2647.86,134.514,1058.66,-2025.01,485.435,3088.29,-408.039,1755.96,-843.537,223.64,-979.537,157.066,-382.401,-1592.82,146.539,630.355,1663.4,390.568,-1767.98,-422.267,-1066.21,3073.98,426.967,1910.6,-1257.09,-400.344,-1141.72,499.265,-2604.22,-1076.11,-4120.46,-2216.12,-5824.17,-626.233,4606.2,242.817,3643.23,1542.24,2193.71,656.864,865.569,271.498,-601.193,3442.11,1343.81,-669.027,-589.169,-124.323,-568.395,1995.34,2199.27,3168.19,1360.03,-1589.59,215.181,-2315.43,-552.459,2949.46,968.289,-1405.52
-250354,0,1,0,1,1,250401,-0.384764,0.00591807,1.98251,0.65987,0.194549,-1.62464,-1.32884,-0.638008,0.776036,1.76188,-0.149657,0.116447,-1.54277,-0.0636614,0.2482,-1.00728,-1.59481,-1.01706,-0.127135,0.559175,1.40119,-1.61276,1.8305,-0.0898098,-1.26576,-1.76124,1.23195,-0.269686,1.22789,-1.59845,-1.56077,0.458786,1.996,-0.185011,-1.75004,1.38731,-0.797919,-1.56933,0.936032,-1.67351,1.35279,0.444837,1.42627,-1.3104,-0.0724454,0.89088,-0.393547,0.886616,0.0264761,-0.478673,-1.03596,0.226382,0.0675763,-1.26799,0.156639,-0.0321617,0.998724,0.212245,-0.63784,-0.775643,-0.788799,1.94885,1.21166,0.828242,-0.92643,-0.62419,-1.08532,0.0134659,-0.922084,-1.04397,-1.82062,-0.720654,-1.94471,-0.376988,1.76676,-0.594025,1.17955,0.313105,1.16384,0.0323358,0.112372,0.276904,0.173359,1.84303,0.871915,-1.30925,-0.819472,-0.271119,0.144731,1.18899,1.07535,1.68402,1.67163,-0.91779,-0.253471,-1.68299,-0.374937,1.42931,0.855572,-1.19532,1.04792,1.06531,-1.92639,-1.29987,0.189064,-0.673909,0.739648,0.259259,-0.532601,0.0574451,-0.81696,1.23815,-0.49163,2.27626,2.699,-0.0586662,1.16374,0.359698,-0.857404,1.15304,1.68591,0.408076,0.175204,0.589294,-0.575754,-0.681151,1.9465,-0.222587,-0.34193,0.34421,-0.758815,-0.380887,-0.506259,0.456923,0.925779,0.0354287,-1.06415,-0.375864,0.0205995,0.73547,-0.00794267,0.0295115,-2.76769,1.15654,-1.60723,-0.324431,0.900582,0.0737812,0.231807,1.82246,0.507642,-0.950862,-0.454663,0.631604,1.17821,0.775088,0.87155,-0.395023,0.293888,0.630641,1.07192,-1.59306,1.14146,0.673379,-0.199141,-0.146382,0.822855,1.46723,1.5556,-0.604045,0.221207,-1.18176,1.71514,1.5201,-0.448459,-0.162144,1.55886,-0.129807,1.31014,0.138775,0.166534,-0.387194,0.0412114,-0.454028,0.47278,-1.41988,0.240582,1.67933,1.3896,-0.0503354,1.65126,-0.0627632,-0.361439,-0.578518,-0.1771,0.401574,-0.367311,0.0561118,-0.132783,-0.8537,-547.184,-508.299,2761.5,815.011,520.894,-1882.04,-2005.36,-819.359,713.376,4167.89,684.524,-60.5022,-3825.74,-379.508,89.5438,-786.665,-2764.26,-1893.05,-1138.15,1330.48,3721.9,-4549.31,2287.66,267.703,-2638.59,-2872.07,3581.78,-691.08,1559.76,-2665.15,-3407.54,531.827,2745.55,-223.138,-3512.96,4957.76,-1430.38,-3610.6,1490.59,-2808.39,2647.86,134.514,1058.66,-2025.01,485.435,3088.29,-408.039,1755.96,-843.537,223.64,-979.537,157.066,-382.401,-1592.82,146.539,630.355,1663.4,390.568,-1767.98,-422.267,-1066.21,3073.98,426.967,1910.6,-1257.09,-400.344,-1141.72,499.265,-2604.22,-1076.11,-4120.46,-2216.12,-5824.17,-626.233,4606.2,242.817,3643.23,1542.24,2193.71,656.864,865.569,271.498,-601.193,3442.11,1343.81,-669.027,-589.169,-124.323,-568.395,1995.34,2199.27,3168.19,1360.03,-1589.59,215.181,-2315.43,-552.459,2949.46,968.289,-1405.52
-250354,0,1,0,1,1,250408,-0.384764,0.00591807,1.98251,0.65987,0.194549,-1.62464,-1.32884,-0.638008,0.776036,1.76188,-0.149657,0.116447,-1.54277,-0.0636614,0.2482,-1.00728,-1.59481,-1.01706,-0.127135,0.559175,1.40119,-1.61276,1.8305,-0.0898098,-1.26576,-1.76124,1.23195,-0.269686,1.22789,-1.59845,-1.56077,0.458786,1.996,-0.185011,-1.75004,1.38731,-0.797919,-1.56933,0.936032,-1.67351,1.35279,0.444837,1.42627,-1.3104,-0.0724454,0.89088,-0.393547,0.886616,0.0264761,-0.478673,-1.03596,0.226382,0.0675763,-1.26799,0.156639,-0.0321617,0.998724,0.212245,-0.63784,-0.775643,-0.788799,1.94885,1.21166,0.828242,-0.92643,-0.62419,-1.08532,0.0134659,-0.922084,-1.04397,-1.82062,-0.720654,-1.94471,-0.376988,1.76676,-0.594025,1.17955,0.313105,1.16384,0.0323358,0.112372,0.276904,0.173359,1.84303,0.871915,-1.30925,-0.819472,-0.271119,0.144731,1.18899,1.07535,1.68402,1.67163,-0.91779,-0.253471,-1.68299,-0.374937,1.42931,0.855572,-1.19532,-1.15254,0.19365,-2.06138,-0.731147,-0.611826,-0.904642,-0.555292,0.361835,-1.86766,-0.456351,1.6693,-0.63181,0.819717,-0.815403,0.287457,-1.81898,-0.121041,0.773979,0.218411,0.867103,-0.283271,-0.436337,0.372009,0.0537436,1.01095,-0.898296,-0.418162,0.146434,-0.708568,1.20243,0.887577,-0.693006,-0.387336,0.104062,-0.293655,2.40909,-1.10127,-0.99209,-0.778221,-1.01551,1.04241,0.4576,-0.0328036,0.0152613,-0.359045,1.10234,-1.87745,-1.62558,-0.777558,-0.728657,-1.52244,1.75245,1.70829,1.02158,1.50787,0.0695036,2.34291,-0.436268,0.560064,2.53964,0.331922,0.430711,0.193242,-0.103294,0.646263,2.24666,-1.30378,-1.1917,0.215091,-0.158288,1.05669,0.643406,-1.45893,0.110644,1.71787,0.1731,-2.26308,-0.322362,-0.158164,1.14939,0.0741389,1.13635,0.0363309,1.59694,1.08799,-0.731209,0.782777,-0.532672,1.28085,-0.321637,-1.38252,1.5539,1.05914,0.0323708,0.372351,-0.121745,-0.330292,0.365806,0.905044,0.0418789,-547.184,-508.299,2761.5,815.011,520.894,-1882.04,-2005.36,-819.359,713.376,4167.89,684.524,-60.5022,-3825.74,-379.508,89.5438,-786.665,-2764.26,-1893.05,-1138.15,1330.48,3721.9,-4549.31,2287.66,267.703,-2638.59,-2872.07,3581.78,-691.08,1559.76,-2665.15,-3407.54,531.827,2745.55,-223.138,-3512.96,4957.76,-1430.38,-3610.6,1490.59,-2808.39,2647.86,134.514,1058.66,-2025.01,485.435,3088.29,-408.039,1755.96,-843.537,223.64,-979.537,157.066,-382.401,-1592.82,146.539,630.355,1663.4,390.568,-1767.98,-422.267,-1066.21,3073.98,426.967,1910.6,-1257.09,-400.344,-1141.72,499.265,-2604.22,-1076.11,-4120.46,-2216.12,-5824.17,-626.233,4606.2,242.817,3643.23,1542.24,2193.71,656.864,865.569,271.498,-601.193,3442.11,1343.81,-669.027,-589.169,-124.323,-568.395,1995.34,2199.27,3168.19,1360.03,-1589.59,215.181,-2315.43,-552.459,2949.46,968.289,-1405.52
-250354,0,1,0,1,1,250401,-0.384764,0.00591807,1.98251,0.65987,0.194549,-1.62464,-1.32884,-0.638008,0.776036,1.76188,-0.149657,0.116447,-1.54277,-0.0636614,0.2482,-1.00728,-1.59481,-1.01706,-0.127135,0.559175,1.40119,-1.61276,1.8305,-0.0898098,-1.26576,-1.76124,1.23195,-0.269686,1.22789,-1.59845,-1.56077,0.458786,1.996,-0.185011,-1.75004,1.38731,-0.797919,-1.56933,0.936032,-1.67351,1.35279,0.444837,1.42627,-1.3104,-0.0724454,0.89088,-0.393547,0.886616,0.0264761,-0.478673,-1.03596,0.226382,0.0675763,-1.26799,0.156639,-0.0321617,0.998724,0.212245,-0.63784,-0.775643,-0.788799,1.94885,1.21166,0.828242,-0.92643,-0.62419,-1.08532,0.0134659,-0.922084,-1.04397,-1.82062,-0.720654,-1.94471,-0.376988,1.76676,-0.594025,1.17955,0.313105,1.16384,0.0323358,0.112372,0.276904,0.173359,1.84303,0.871915,-1.30925,-0.819472,-0.271119,0.144731,1.18899,1.07535,1.68402,1.67163,-0.91779,-0.253471,-1.68299,-0.374937,1.42931,0.855572,-1.19532,0.495612,0.621417,-0.0875577,-2.37862,1.20513,-0.427971,-0.932396,-0.245814,-0.329267,-0.845681,0.954787,1.55157,0.498767,-0.192012,-1.34884,0.921609,0.937778,-0.0951221,-0.549058,-0.156623,-0.0019232,-1.10948,-0.52249,1.1746,-0.826621,0.0742527,-0.642428,-1.77172,-0.533508,-0.155606,0.192989,1.11861,1.43178,0.632653,0.233546,-0.457921,0.299664,0.565682,-1.99308,-0.538942,-0.500778,2.11493,-0.42366,-0.00930392,1.04805,-0.913201,1.13478,0.804549,1.60024,-0.996084,0.65805,1.93884,-0.560445,1.96077,-0.644192,-0.955152,0.153205,2.04484,-0.676133,0.472931,-0.726035,1.54555,0.558737,-0.521852,0.677311,0.41223,-1.15344,-0.637955,-1.27787,-0.812487,-1.44246,0.057116,0.998382,0.159916,0.148551,1.13741,1.19357,-1.23913,-0.287744,1.32282,-0.121371,-1.10404,-0.344462,0.699124,-1.69338,0.0982604,-0.281627,-0.255021,-0.329266,-0.763126,-1.37393,-0.863736,2.37861,-1.02839,0.196082,0.378841,-0.338132,0.0490988,0.00461764,-0.41448,-547.184,-508.299,2761.5,815.011,520.894,-1882.04,-2005.36,-819.359,713.376,4167.89,684.524,-60.5022,-3825.74,-379.508,89.5438,-786.665,-2764.26,-1893.05,-1138.15,1330.48,3721.9,-4549.31,2287.66,267.703,-2638.59,-2872.07,3581.78,-691.08,1559.76,-2665.15,-3407.54,531.827,2745.55,-223.138,-3512.96,4957.76,-1430.38,-3610.6,1490.59,-2808.39,2647.86,134.514,1058.66,-2025.01,485.435,3088.29,-408.039,1755.96,-843.537,223.64,-979.537,157.066,-382.401,-1592.82,146.539,630.355,1663.4,390.568,-1767.98,-422.267,-1066.21,3073.98,426.967,1910.6,-1257.09,-400.344,-1141.72,499.265,-2604.22,-1076.11,-4120.46,-2216.12,-5824.17,-626.233,4606.2,242.817,3643.23,1542.24,2193.71,656.864,865.569,271.498,-601.193,3442.11,1343.81,-669.027,-589.169,-124.323,-568.395,1995.34,2199.27,3168.19,1360.03,-1589.59,215.181,-2315.43,-552.459,2949.46,968.289,-1405.52
-250354,0,1,0,1,1,250409,-0.384764,0.00591807,1.98251,0.65987,0.194549,-1.62464,-1.32884,-0.638008,0.776036,1.76188,-0.149657,0.116447,-1.54277,-0.0636614,0.2482,-1.00728,-1.59481,-1.01706,-0.127135,0.559175,1.40119,-1.61276,1.8305,-0.0898098,-1.26576,-1.76124,1.23195,-0.269686,1.22789,-1.59845,-1.56077,0.458786,1.996,-0.185011,-1.75004,1.38731,-0.797919,-1.56933,0.936032,-1.67351,1.35279,0.444837,1.42627,-1.3104,-0.0724454,0.89088,-0.393547,0.886616,0.0264761,-0.478673,-1.03596,0.226382,0.0675763,-1.26799,0.156639,-0.0321617,0.998724,0.212245,-0.63784,-0.775643,-0.788799,1.94885,1.21166,0.828242,-0.92643,-0.62419,-1.08532,0.0134659,-0.922084,-1.04397,-1.82062,-0.720654,-1.94471,-0.376988,1.76676,-0.594025,1.17955,0.313105,1.16384,0.0323358,0.112372,0.276904,0.173359,1.84303,0.871915,-1.30925,-0.819472,-0.271119,0.144731,1.18899,1.07535,1.68402,1.67163,-0.91779,-0.253471,-1.68299,-0.374937,1.42931,0.855572,-1.19532,0.8278,-2.03961,1.23528,-0.879796,0.945523,1.28826,0.709134,-1.98645,-1.4005,-1.72915,1.8721,0.730202,1.35825,0.911969,0.309708,3.73905,0.0774003,1.42716,1.43583,-0.712524,0.0079811,-0.593007,-0.257125,-0.731928,0.458841,0.37474,0.528444,0.379984,-0.0174632,1.05127,-0.226232,-0.482532,0.242093,0.232157,-1.35965,0.204088,1.5498,0.571484,-1.90138,-0.867758,-0.76391,-0.332481,0.808308,-1.47334,0.830257,2.59229,0.120955,-0.357487,-0.293825,0.0475772,-0.812415,0.917813,1.10923,1.75833,-0.538369,0.680539,0.220353,-0.238922,1.02082,-0.401178,-0.0200193,0.261614,-1.08195,0.0854269,-0.704181,-0.354301,-0.304412,-0.719702,1.80869,-1.70127,-1.48143,0.528779,0.293677,0.401368,0.139288,-0.0185918,0.37062,-1.06448,0.135348,1.138,-0.93348,-0.246896,0.808272,-1.08375,0.448396,0.0352732,-0.866803,-0.842323,-2.56662,0.137828,-0.201472,-0.831239,-1.70554,1.42811,1.46247,0.593328,0.460638,0.592702,-0.835135,-0.262655,-547.184,-508.299,2761.5,815.011,520.894,-1882.04,-2005.36,-819.359,713.376,4167.89,684.524,-60.5022,-3825.74,-379.508,89.5438,-786.665,-2764.26,-1893.05,-1138.15,1330.48,3721.9,-4549.31,2287.66,267.703,-2638.59,-2872.07,3581.78,-691.08,1559.76,-2665.15,-3407.54,531.827,2745.55,-223.138,-3512.96,4957.76,-1430.38,-3610.6,1490.59,-2808.39,2647.86,134.514,1058.66,-2025.01,485.435,3088.29,-408.039,1755.96,-843.537,223.64,-979.537,157.066,-382.401,-1592.82,146.539,630.355,1663.4,390.568,-1767.98,-422.267,-1066.21,3073.98,426.967,1910.6,-1257.09,-400.344,-1141.72,499.265,-2604.22,-1076.11,-4120.46,-2216.12,-5824.17,-626.233,4606.2,242.817,3643.23,1542.24,2193.71,656.864,865.569,271.498,-601.193,3442.11,1343.81,-669.027,-589.169,-124.323,-568.395,1995.34,2199.27,3168.19,1360.03,-1589.59,215.181,-2315.43,-552.459,2949.46,968.289,-1405.52
-250354,0,1,0,1,1,250401,-0.384764,0.00591807,1.98251,0.65987,0.194549,-1.62464,-1.32884,-0.638008,0.776036,1.76188,-0.149657,0.116447,-1.54277,-0.0636614,0.2482,-1.00728,-1.59481,-1.01706,-0.127135,0.559175,1.40119,-1.61276,1.8305,-0.0898098,-1.26576,-1.76124,1.23195,-0.269686,1.22789,-1.59845,-1.56077,0.458786,1.996,-0.185011,-1.75004,1.38731,-0.797919,-1.56933,0.936032,-1.67351,1.35279,0.444837,1.42627,-1.3104,-0.0724454,0.89088,-0.393547,0.886616,0.0264761,-0.478673,-1.03596,0.226382,0.0675763,-1.26799,0.156639,-0.0321617,0.998724,0.212245,-0.63784,-0.775643,-0.788799,1.94885,1.21166,0.828242,-0.92643,-0.62419,-1.08532,0.0134659,-0.922084,-1.04397,-1.82062,-0.720654,-1.94471,-0.376988,1.76676,-0.594025,1.17955,0.313105,1.16384,0.0323358,0.112372,0.276904,0.173359,1.84303,0.871915,-1.30925,-0.819472,-0.271119,0.144731,1.18899,1.07535,1.68402,1.67163,-0.91779,-0.253471,-1.68299,-0.374937,1.42931,0.855572,-1.19532,-0.377587,1.12,-0.0289223,-0.532062,0.928604,0.806719,0.680834,-1.00757,2.31912,1.08711,0.460636,0.381523,-0.122697,1.94489,0.545206,-0.7156,-1.84876,-0.301279,0.30454,0.381291,0.372718,-0.613866,-1.26669,0.604471,0.452749,-0.50977,0.581098,0.438689,-0.246524,3.34397,-1.8753,-0.998688,-0.705177,-0.203975,-0.416406,0.986031,-1.2302,0.840606,0.633364,-0.024667,0.684493,0.470889,0.30171,-0.10095,-0.688284,-1.4411,0.63383,0.492449,-0.284643,1.0791,-0.943809,0.783061,1.23309,0.255039,-0.145156,-0.9958,0.447586,-0.187358,-2.26012,0.211664,0.279493,1.66306,1.88461,0.561162,1.05952,-0.966561,-0.705101,-0.35466,-0.319539,-0.817819,-1.23947,-0.372884,0.670504,0.798836,-0.134596,-1.77199,-1.26389,-0.074917,-0.688519,0.479688,-0.19714,0.831029,-0.919961,-0.878784,-1.50355,1.84933,1.88486,0.172881,-0.694507,-1.35077,0.109101,-0.501009,-0.72971,1.12757,0.0745061,-0.91947,-0.887197,-0.357251,-0.133983,0.0477245,-547.184,-508.299,2761.5,815.011,520.894,-1882.04,-2005.36,-819.359,713.376,4167.89,684.524,-60.5022,-3825.74,-379.508,89.5438,-786.665,-2764.26,-1893.05,-1138.15,1330.48,3721.9,-4549.31,2287.66,267.703,-2638.59,-2872.07,3581.78,-691.08,1559.76,-2665.15,-3407.54,531.827,2745.55,-223.138,-3512.96,4957.76,-1430.38,-3610.6,1490.59,-2808.39,2647.86,134.514,1058.66,-2025.01,485.435,3088.29,-408.039,1755.96,-843.537,223.64,-979.537,157.066,-382.401,-1592.82,146.539,630.355,1663.4,390.568,-1767.98,-422.267,-1066.21,3073.98,426.967,1910.6,-1257.09,-400.344,-1141.72,499.265,-2604.22,-1076.11,-4120.46,-2216.12,-5824.17,-626.233,4606.2,242.817,3643.23,1542.24,2193.71,656.864,865.569,271.498,-601.193,3442.11,1343.81,-669.027,-589.169,-124.323,-568.395,1995.34,2199.27,3168.19,1360.03,-1589.59,215.181,-2315.43,-552.459,2949.46,968.289,-1405.52
-250354,0,1,0,1,1,250400,-0.384764,0.00591807,1.98251,0.65987,0.194549,-1.62464,-1.32884,-0.638008,0.776036,1.76188,-0.149657,0.116447,-1.54277,-0.0636614,0.2482,-1.00728,-1.59481,-1.01706,-0.127135,0.559175,1.40119,-1.61276,1.8305,-0.0898098,-1.26576,-1.76124,1.23195,-0.269686,1.22789,-1.59845,-1.56077,0.458786,1.996,-0.185011,-1.75004,1.38731,-0.797919,-1.56933,0.936032,-1.67351,1.35279,0.444837,1.42627,-1.3104,-0.0724454,0.89088,-0.393547,0.886616,0.0264761,-0.478673,-1.03596,0.226382,0.0675763,-1.26799,0.156639,-0.0321617,0.998724,0.212245,-0.63784,-0.775643,-0.788799,1.94885,1.21166,0.828242,-0.92643,-0.62419,-1.08532,0.0134659,-0.922084,-1.04397,-1.82062,-0.720654,-1.94471,-0.376988,1.76676,-0.594025,1.17955,0.313105,1.16384,0.0323358,0.112372,0.276904,0.173359,1.84303,0.871915,-1.30925,-0.819472,-0.271119,0.144731,1.18899,1.07535,1.68402,1.67163,-0.91779,-0.253471,-1.68299,-0.374937,1.42931,0.855572,-1.19532,0.279288,0.626555,0.708166,1.58252,0.392556,0.972706,-1.72336,0.392083,-0.191245,-0.749395,0.169807,0.433496,0.261217,-1.70642,-0.901802,1.49586,0.0486176,-0.419861,2.17405,1.40201,0.389969,1.12766,-0.368192,-2.38442,0.189445,0.987116,-1.09179,1.09228,-0.299854,0.574712,-1.09466,-0.609174,-0.133191,-0.594207,-0.386546,0.335902,-1.78759,-0.517643,-0.508594,0.942578,-0.927078,-0.390864,-1.29866,-1.1481,-0.0260325,-0.136602,0.253595,1.28604,0.757189,2.03138,-0.569885,-1.11695,-0.403698,0.547912,-0.0491737,-0.581607,0.522937,1.48573,-2.94517,0.60111,0.203382,0.704477,-0.372019,0.889787,-0.49854,0.768728,0.217244,-0.418434,0.504235,0.786854,-0.568899,1.28098,0.832246,-1.41157,-0.93726,-0.43393,0.231916,-0.50327,1.35038,-0.219453,0.896507,-1.72793,0.154819,-0.782996,-1.33452,0.55437,1.37361,-1.01502,1.07204,-0.54598,-1.35267,-1.21659,-0.810953,0.346309,0.505368,-0.194665,0.59643,0.746589,-0.633368,0.50971,-547.184,-508.299,2761.5,815.011,520.894,-1882.04,-2005.36,-819.359,713.376,4167.89,684.524,-60.5022,-3825.74,-379.508,89.5438,-786.665,-2764.26,-1893.05,-1138.15,1330.48,3721.9,-4549.31,2287.66,267.703,-2638.59,-2872.07,3581.78,-691.08,1559.76,-2665.15,-3407.54,531.827,2745.55,-223.138,-3512.96,4957.76,-1430.38,-3610.6,1490.59,-2808.39,2647.86,134.514,1058.66,-2025.01,485.435,3088.29,-408.039,1755.96,-843.537,223.64,-979.537,157.066,-382.401,-1592.82,146.539,630.355,1663.4,390.568,-1767.98,-422.267,-1066.21,3073.98,426.967,1910.6,-1257.09,-400.344,-1141.72,499.265,-2604.22,-1076.11,-4120.46,-2216.12,-5824.17,-626.233,4606.2,242.817,3643.23,1542.24,2193.71,656.864,865.569,271.498,-601.193,3442.11,1343.81,-669.027,-589.169,-124.323,-568.395,1995.34,2199.27,3168.19,1360.03,-1589.59,215.181,-2315.43,-552.459,2949.46,968.289,-1405.52
-250354,0,1,0,1,1,250394,-0.384764,0.00591807,1.98251,0.65987,0.194549,-1.62464,-1.32884,-0.638008,0.776036,1.76188,-0.149657,0.116447,-1.54277,-0.0636614,0.2482,-1.00728,-1.59481,-1.01706,-0.127135,0.559175,1.40119,-1.61276,1.8305,-0.0898098,-1.26576,-1.76124,1.23195,-0.269686,1.22789,-1.59845,-1.56077,0.458786,1.996,-0.185011,-1.75004,1.38731,-0.797919,-1.56933,0.936032,-1.67351,1.35279,0.444837,1.42627,-1.3104,-0.0724454,0.89088,-0.393547,0.886616,0.0264761,-0.478673,-1.03596,0.226382,0.0675763,-1.26799,0.156639,-0.0321617,0.998724,0.212245,-0.63784,-0.775643,-0.788799,1.94885,1.21166,0.828242,-0.92643,-0.62419,-1.08532,0.0134659,-0.922084,-1.04397,-1.82062,-0.720654,-1.94471,-0.376988,1.76676,-0.594025,1.17955,0.313105,1.16384,0.0323358,0.112372,0.276904,0.173359,1.84303,0.871915,-1.30925,-0.819472,-0.271119,0.144731,1.18899,1.07535,1.68402,1.67163,-0.91779,-0.253471,-1.68299,-0.374937,1.42931,0.855572,-1.19532,0.744446,0.0758334,1.73908,1.31554,-0.0146881,1.22581,0.712268,0.224495,-1.19773,-1.17998,1.32823,0.585343,-0.867172,0.739213,1.30951,0.734603,-0.51764,-1.34891,0.528303,-1.04226,-0.68481,-0.0683069,0.173964,-0.784763,-0.688544,-0.161461,0.730386,1.08503,-0.904258,-0.475768,0.00102117,-1.77988,0.357464,-0.0844345,0.280689,-0.271692,0.430117,-0.694571,0.783194,0.857123,1.43571,-0.0945387,-0.740316,1.47563,0.0261428,1.20934,-0.884028,-0.00968476,0.377227,-1.41689,-0.79193,-0.159748,-0.648845,0.0920044,1.19115,-0.783646,-0.315357,0.512736,0.380135,0.476711,-0.353981,-0.514281,-0.787977,-0.147104,-2.04504,0.345927,-0.897653,-0.749161,-0.547105,1.9512,0.487803,1.28731,0.409684,-0.333657,-0.614244,-0.507786,1.4214,-1.64385,-0.432336,-1.00066,-0.243474,1.42643,0.716584,0.0208909,-0.129716,-1.06597,-1.68762,-2.11821,-1.37674,-1.22522,-1.34688,0.223196,-0.0772832,0.156125,0.371788,-1.20345,0.281781,-0.358805,0.0634998,0.584459,-547.184,-508.299,2761.5,815.011,520.894,-1882.04,-2005.36,-819.359,713.376,4167.89,684.524,-60.5022,-3825.74,-379.508,89.5438,-786.665,-2764.26,-1893.05,-1138.15,1330.48,3721.9,-4549.31,2287.66,267.703,-2638.59,-2872.07,3581.78,-691.08,1559.76,-2665.15,-3407.54,531.827,2745.55,-223.138,-3512.96,4957.76,-1430.38,-3610.6,1490.59,-2808.39,2647.86,134.514,1058.66,-2025.01,485.435,3088.29,-408.039,1755.96,-843.537,223.64,-979.537,157.066,-382.401,-1592.82,146.539,630.355,1663.4,390.568,-1767.98,-422.267,-1066.21,3073.98,426.967,1910.6,-1257.09,-400.344,-1141.72,499.265,-2604.22,-1076.11,-4120.46,-2216.12,-5824.17,-626.233,4606.2,242.817,3643.23,1542.24,2193.71,656.864,865.569,271.498,-601.193,3442.11,1343.81,-669.027,-589.169,-124.323,-568.395,1995.34,2199.27,3168.19,1360.03,-1589.59,215.181,-2315.43,-552.459,2949.46,968.289,-1405.52
-250354,0,1,0,1,1,250406,-0.384764,0.00591807,1.98251,0.65987,0.194549,-1.62464,-1.32884,-0.638008,0.776036,1.76188,-0.149657,0.116447,-1.54277,-0.0636614,0.2482,-1.00728,-1.59481,-1.01706,-0.127135,0.559175,1.40119,-1.61276,1.8305,-0.0898098,-1.26576,-1.76124,1.23195,-0.269686,1.22789,-1.59845,-1.56077,0.458786,1.996,-0.185011,-1.75004,1.38731,-0.797919,-1.56933,0.936032,-1.67351,1.35279,0.444837,1.42627,-1.3104,-0.0724454,0.89088,-0.393547,0.886616,0.0264761,-0.478673,-1.03596,0.226382,0.0675763,-1.26799,0.156639,-0.0321617,0.998724,0.212245,-0.63784,-0.775643,-0.788799,1.94885,1.21166,0.828242,-0.92643,-0.62419,-1.08532,0.0134659,-0.922084,-1.04397,-1.82062,-0.720654,-1.94471,-0.376988,1.76676,-0.594025,1.17955,0.313105,1.16384,0.0323358,0.112372,0.276904,0.173359,1.84303,0.871915,-1.30925,-0.819472,-0.271119,0.144731,1.18899,1.07535,1.68402,1.67163,-0.91779,-0.253471,-1.68299,-0.374937,1.42931,0.855572,-1.19532,-1.26272,0.170389,0.918097,-1.13024,0.787529,0.181622,-0.188209,1.2408,0.20254,-1.00374,-1.44786,0.0546334,0.157213,0.610019,1.3978,0.526872,2.18625,-1.17354,0.787592,1.17141,-0.652148,-1.10493,1.94612,1.4869,1.15352,0.0450837,-1.93135,-1.10577,0.428127,1.40938,-0.195921,-0.509067,1.05161,-0.502799,0.781893,-1.27773,1.76019,-1.89204,-0.0229677,0.170458,-0.751719,-1.10118,-1.76252,-0.327987,-0.902835,1.48068,1.03456,-0.44567,-1.41826,-0.0107691,1.42058,0.862915,0.36497,-0.136316,0.565533,1.59316,0.618148,-1.40159,0.398492,-1.64129,0.87836,0.785133,0.0902011,2.00432,0.216892,-0.884811,0.630529,-1.30024,0.134751,0.194038,0.791809,1.40551,1.04078,-0.789846,0.149475,-0.259708,-0.752576,0.802515,1.57367,-1.18583,0.498887,1.39262,0.357534,0.124225,-0.845662,-0.937238,-1.09382,1.10334,-0.579251,-1.37806,1.96605,0.0409002,0.380106,-0.198931,-0.684394,0.918753,0.20554,1.06005,-1.40485,-0.0668817,-547.184,-508.299,2761.5,815.011,520.894,-1882.04,-2005.36,-819.359,713.376,4167.89,684.524,-60.5022,-3825.74,-379.508,89.5438,-786.665,-2764.26,-1893.05,-1138.15,1330.48,3721.9,-4549.31,2287.66,267.703,-2638.59,-2872.07,3581.78,-691.08,1559.76,-2665.15,-3407.54,531.827,2745.55,-223.138,-3512.96,4957.76,-1430.38,-3610.6,1490.59,-2808.39,2647.86,134.514,1058.66,-2025.01,485.435,3088.29,-408.039,1755.96,-843.537,223.64,-979.537,157.066,-382.401,-1592.82,146.539,630.355,1663.4,390.568,-1767.98,-422.267,-1066.21,3073.98,426.967,1910.6,-1257.09,-400.344,-1141.72,499.265,-2604.22,-1076.11,-4120.46,-2216.12,-5824.17,-626.233,4606.2,242.817,3643.23,1542.24,2193.71,656.864,865.569,271.498,-601.193,3442.11,1343.81,-669.027,-589.169,-124.323,-568.395,1995.34,2199.27,3168.19,1360.03,-1589.59,215.181,-2315.43,-552.459,2949.46,968.289,-1405.52
-250354,0,1,0,1,1,250398,-0.384764,0.00591807,1.98251,0.65987,0.194549,-1.62464,-1.32884,-0.638008,0.776036,1.76188,-0.149657,0.116447,-1.54277,-0.0636614,0.2482,-1.00728,-1.59481,-1.01706,-0.127135,0.559175,1.40119,-1.61276,1.8305,-0.0898098,-1.26576,-1.76124,1.23195,-0.269686,1.22789,-1.59845,-1.56077,0.458786,1.996,-0.185011,-1.75004,1.38731,-0.797919,-1.56933,0.936032,-1.67351,1.35279,0.444837,1.42627,-1.3104,-0.0724454,0.89088,-0.393547,0.886616,0.0264761,-0.478673,-1.03596,0.226382,0.0675763,-1.26799,0.156639,-0.0321617,0.998724,0.212245,-0.63784,-0.775643,-0.788799,1.94885,1.21166,0.828242,-0.92643,-0.62419,-1.08532,0.0134659,-0.922084,-1.04397,-1.82062,-0.720654,-1.94471,-0.376988,1.76676,-0.594025,1.17955,0.313105,1.16384,0.0323358,0.112372,0.276904,0.173359,1.84303,0.871915,-1.30925,-0.819472,-0.271119,0.144731,1.18899,1.07535,1.68402,1.67163,-0.91779,-0.253471,-1.68299,-0.374937,1.42931,0.855572,-1.19532,-0.930731,-0.266098,-0.224431,-0.0429358,0.173038,0.440349,-0.129477,-0.0213875,0.307115,0.090674,0.0455231,-0.690809,0.335862,0.587423,-1.60024,0.37265,-0.298014,-0.983245,-0.86454,0.444935,1.04105,1.47864,-0.558142,0.858242,0.587996,-1.13913,-0.347647,0.263405,-0.451824,0.226912,1.18899,-0.99545,0.725255,1.09079,1.08369,1.14239,0.966245,-1.00554,-0.656107,-0.0302625,0.258154,-0.583255,0.63524,-0.757553,0.552508,-1.67902,-1.82448,2.155,0.0203187,0.892671,-0.373452,-1.00016,2.00136,-0.37432,0.520398,0.518296,-0.220508,-0.491374,-1.09709,-0.327084,0.929454,1.81398,-0.657917,1.30661,-1.91049,-1.21749,-0.147781,-0.537443,-1.0985,0.313514,0.123967,-0.472389,-0.651835,1.3332,-0.0152177,0.30186,-1.72905,-0.693629,-0.794034,-0.843002,-0.987381,0.513539,0.411139,-0.727046,0.322279,-1.6026,0.858791,1.08558,0.769077,-1.27713,1.52111,-0.00415009,-0.160063,0.115824,1.20961,-0.570535,0.370553,-1.44799,-2.88411,0.855981,-547.184,-508.299,2761.5,815.011,520.894,-1882.04,-2005.36,-819.359,713.376,4167.89,684.524,-60.5022,-3825.74,-379.508,89.5438,-786.665,-2764.26,-1893.05,-1138.15,1330.48,3721.9,-4549.31,2287.66,267.703,-2638.59,-2872.07,3581.78,-691.08,1559.76,-2665.15,-3407.54,531.827,2745.55,-223.138,-3512.96,4957.76,-1430.38,-3610.6,1490.59,-2808.39,2647.86,134.514,1058.66,-2025.01,485.435,3088.29,-408.039,1755.96,-843.537,223.64,-979.537,157.066,-382.401,-1592.82,146.539,630.355,1663.4,390.568,-1767.98,-422.267,-1066.21,3073.98,426.967,1910.6,-1257.09,-400.344,-1141.72,499.265,-2604.22,-1076.11,-4120.46,-2216.12,-5824.17,-626.233,4606.2,242.817,3643.23,1542.24,2193.71,656.864,865.569,271.498,-601.193,3442.11,1343.81,-669.027,-589.169,-124.323,-568.395,1995.34,2199.27,3168.19,1360.03,-1589.59,215.181,-2315.43,-552.459,2949.46,968.289,-1405.52
-250354,0,1,0,1,1,250411,-0.384764,0.00591807,1.98251,0.65987,0.194549,-1.62464,-1.32884,-0.638008,0.776036,1.76188,-0.149657,0.116447,-1.54277,-0.0636614,0.2482,-1.00728,-1.59481,-1.01706,-0.127135,0.559175,1.40119,-1.61276,1.8305,-0.0898098,-1.26576,-1.76124,1.23195,-0.269686,1.22789,-1.59845,-1.56077,0.458786,1.996,-0.185011,-1.75004,1.38731,-0.797919,-1.56933,0.936032,-1.67351,1.35279,0.444837,1.42627,-1.3104,-0.0724454,0.89088,-0.393547,0.886616,0.0264761,-0.478673,-1.03596,0.226382,0.0675763,-1.26799,0.156639,-0.0321617,0.998724,0.212245,-0.63784,-0.775643,-0.788799,1.94885,1.21166,0.828242,-0.92643,-0.62419,-1.08532,0.0134659,-0.922084,-1.04397,-1.82062,-0.720654,-1.94471,-0.376988,1.76676,-0.594025,1.17955,0.313105,1.16384,0.0323358,0.112372,0.276904,0.173359,1.84303,0.871915,-1.30925,-0.819472,-0.271119,0.144731,1.18899,1.07535,1.68402,1.67163,-0.91779,-0.253471,-1.68299,-0.374937,1.42931,0.855572,-1.19532,0.0136077,-0.401247,-1.71794,-0.403108,-1.15496,-0.173379,-0.0343761,0.463116,0.936921,0.252822,-0.399674,-0.523775,0.0756202,2.08875,-2.08173,-1.70549,-0.827641,-0.638325,-2.48743,0.970359,-1.22402,-0.0299317,-0.560227,-0.595518,1.61052,1.13915,2.29784,-1.55011,0.919997,-0.0641569,2.09558,-0.554663,-0.0172004,-0.946646,-0.957741,-1.5775,-0.927276,-0.215682,-0.153847,1.18978,1.02948,0.539843,-0.754903,2.32889,0.0659427,-0.00166318,-1.09679,0.42946,1.78575,-0.765609,-0.536546,1.69286,0.160883,-0.37999,-0.305401,2.41496,0.433477,1.45628,-1.60101,-0.579779,-1.21703,1.16402,0.365176,-0.94237,0.700103,0.282339,0.449725,-1.11692,0.948554,0.286049,0.249508,0.726016,-0.839772,0.66221,0.701841,0.244346,-0.723214,-1.09021,0.256026,-0.542898,1.71925,1.3209,-2.05496,0.944819,1.81343,0.296687,0.429901,-0.0802905,1.71761,0.176612,1.14968,-0.29777,0.953852,0.406338,1.21612,-0.710659,0.488921,0.23788,1.41953,-1.07271,-547.184,-508.299,2761.5,815.011,520.894,-1882.04,-2005.36,-819.359,713.376,4167.89,684.524,-60.5022,-3825.74,-379.508,89.5438,-786.665,-2764.26,-1893.05,-1138.15,1330.48,3721.9,-4549.31,2287.66,267.703,-2638.59,-2872.07,3581.78,-691.08,1559.76,-2665.15,-3407.54,531.827,2745.55,-223.138,-3512.96,4957.76,-1430.38,-3610.6,1490.59,-2808.39,2647.86,134.514,1058.66,-2025.01,485.435,3088.29,-408.039,1755.96,-843.537,223.64,-979.537,157.066,-382.401,-1592.82,146.539,630.355,1663.4,390.568,-1767.98,-422.267,-1066.21,3073.98,426.967,1910.6,-1257.09,-400.344,-1141.72,499.265,-2604.22,-1076.11,-4120.46,-2216.12,-5824.17,-626.233,4606.2,242.817,3643.23,1542.24,2193.71,656.864,865.569,271.498,-601.193,3442.11,1343.81,-669.027,-589.169,-124.323,-568.395,1995.34,2199.27,3168.19,1360.03,-1589.59,215.181,-2315.43,-552.459,2949.46,968.289,-1405.52
-250354,0,1,0,1,1,250419,-0.384764,0.00591807,1.98251,0.65987,0.194549,-1.62464,-1.32884,-0.638008,0.776036,1.76188,-0.149657,0.116447,-1.54277,-0.0636614,0.2482,-1.00728,-1.59481,-1.01706,-0.127135,0.559175,1.40119,-1.61276,1.8305,-0.0898098,-1.26576,-1.76124,1.23195,-0.269686,1.22789,-1.59845,-1.56077,0.458786,1.996,-0.185011,-1.75004,1.38731,-0.797919,-1.56933,0.936032,-1.67351,1.35279,0.444837,1.42627,-1.3104,-0.0724454,0.89088,-0.393547,0.886616,0.0264761,-0.478673,-1.03596,0.226382,0.0675763,-1.26799,0.156639,-0.0321617,0.998724,0.212245,-0.63784,-0.775643,-0.788799,1.94885,1.21166,0.828242,-0.92643,-0.62419,-1.08532,0.0134659,-0.922084,-1.04397,-1.82062,-0.720654,-1.94471,-0.376988,1.76676,-0.594025,1.17955,0.313105,1.16384,0.0323358,0.112372,0.276904,0.173359,1.84303,0.871915,-1.30925,-0.819472,-0.271119,0.144731,1.18899,1.07535,1.68402,1.67163,-0.91779,-0.253471,-1.68299,-0.374937,1.42931,0.855572,-1.19532,2.05211,0.119624,-1.12857,0.915652,0.491255,-0.657635,0.0244754,-0.825281,1.51523,2.00792,1.89491,0.601176,-0.891684,-0.980715,-1.14247,-2.41491,-0.467627,1.42773,1.40907,-0.435082,0.886732,-0.177811,-1.26549,0.0736268,1.55526,-0.0108918,-0.128305,0.366685,-1.69224,0.363907,1.0219,-1.90609,1.41949,2.32682,-0.00479929,0.815923,1.14649,-0.527491,0.168974,1.27453,1.09167,-0.145056,-1.07292,0.0267104,-0.0107839,0.971972,-1.64779,0.489674,-1.13759,-0.303867,-0.291935,0.124113,0.0247502,0.0849712,-1.74014,0.992307,-1.58467,1.69243,0.681648,0.331978,0.839264,-1.62393,-0.318441,0.554873,0.358579,-0.466922,1.20491,-1.82365,1.89873,0.775143,2.21482,-0.35617,-1.66605,0.233747,-0.637991,-1.62176,-0.0765896,-0.30137,-1.79051,-1.16394,0.536262,0.0397849,1.09007,-0.488727,0.701083,-0.475266,1.16053,-1.29395,-0.0468782,-1.43067,-1.17807,1.4693,-0.44423,2.58422,0.32027,-1.47139,0.112329,-1.41348,1.85494,-1.78165,-547.184,-508.299,2761.5,815.011,520.894,-1882.04,-2005.36,-819.359,713.376,4167.89,684.524,-60.5022,-3825.74,-379.508,89.5438,-786.665,-2764.26,-1893.05,-1138.15,1330.48,3721.9,-4549.31,2287.66,267.703,-2638.59,-2872.07,3581.78,-691.08,1559.76,-2665.15,-3407.54,531.827,2745.55,-223.138,-3512.96,4957.76,-1430.38,-3610.6,1490.59,-2808.39,2647.86,134.514,1058.66,-2025.01,485.435,3088.29,-408.039,1755.96,-843.537,223.64,-979.537,157.066,-382.401,-1592.82,146.539,630.355,1663.4,390.568,-1767.98,-422.267,-1066.21,3073.98,426.967,1910.6,-1257.09,-400.344,-1141.72,499.265,-2604.22,-1076.11,-4120.46,-2216.12,-5824.17,-626.233,4606.2,242.817,3643.23,1542.24,2193.71,656.864,865.569,271.498,-601.193,3442.11,1343.81,-669.027,-589.169,-124.323,-568.395,1995.34,2199.27,3168.19,1360.03,-1589.59,215.181,-2315.43,-552.459,2949.46,968.289,-1405.52
-250354,0,1,0,1,1,250416,-0.384764,0.00591807,1.98251,0.65987,0.194549,-1.62464,-1.32884,-0.638008,0.776036,1.76188,-0.149657,0.116447,-1.54277,-0.0636614,0.2482,-1.00728,-1.59481,-1.01706,-0.127135,0.559175,1.40119,-1.61276,1.8305,-0.0898098,-1.26576,-1.76124,1.23195,-0.269686,1.22789,-1.59845,-1.56077,0.458786,1.996,-0.185011,-1.75004,1.38731,-0.797919,-1.56933,0.936032,-1.67351,1.35279,0.444837,1.42627,-1.3104,-0.0724454,0.89088,-0.393547,0.886616,0.0264761,-0.478673,-1.03596,0.226382,0.0675763,-1.26799,0.156639,-0.0321617,0.998724,0.212245,-0.63784,-0.775643,-0.788799,1.94885,1.21166,0.828242,-0.92643,-0.62419,-1.08532,0.0134659,-0.922084,-1.04397,-1.82062,-0.720654,-1.94471,-0.376988,1.76676,-0.594025,1.17955,0.313105,1.16384,0.0323358,0.112372,0.276904,0.173359,1.84303,0.871915,-1.30925,-0.819472,-0.271119,0.144731,1.18899,1.07535,1.68402,1.67163,-0.91779,-0.253471,-1.68299,-0.374937,1.42931,0.855572,-1.19532,-0.590251,-2.01056,0.173369,2.47755,-1.66289,-0.108031,0.302798,-2.05187,-0.453911,0.802162,-1.14681,0.20086,-1.67515,-1.19608,-0.161533,2.85871,1.48476,0.298214,-0.834788,0.316767,0.626112,-0.693838,0.147131,-1.42981,-1.17738,1.46349,0.766606,0.320498,-0.286608,0.896242,-0.315941,-0.443974,0.772503,1.45179,1.13289,-0.0530308,-0.491589,-0.591604,-1.82762,0.205282,1.16727,0.520872,-0.149629,0.845417,1.10744,2.35869,0.463076,0.350879,-1.86768,-0.480197,-1.64465,1.56603,-0.892232,-0.461956,-0.573737,0.749411,1.38035,0.523815,1.5659,1.10456,0.187009,-1.15564,-1.09872,0.91064,-1.39946,1.22034,-2.08554,0.455335,1.15513,-0.57325,-0.561779,0.475134,-0.454236,-0.498802,-0.423846,2.06138,0.640928,-2.31878,-1.12672,-1.12338,-1.70586,2.6806,-0.572841,-0.25134,-0.216677,-0.176252,0.68646,0.537738,-0.187409,0.195322,-0.0183699,0.392315,-1.18857,1.57667,-0.0743513,-0.153798,-1.14904,-0.0421936,-1.03468,-0.893395,-547.184,-508.299,2761.5,815.011,520.894,-1882.04,-2005.36,-819.359,713.376,4167.89,684.524,-60.5022,-3825.74,-379.508,89.5438,-786.665,-2764.26,-1893.05,-1138.15,1330.48,3721.9,-4549.31,2287.66,267.703,-2638.59,-2872.07,3581.78,-691.08,1559.76,-2665.15,-3407.54,531.827,2745.55,-223.138,-3512.96,4957.76,-1430.38,-3610.6,1490.59,-2808.39,2647.86,134.514,1058.66,-2025.01,485.435,3088.29,-408.039,1755.96,-843.537,223.64,-979.537,157.066,-382.401,-1592.82,146.539,630.355,1663.4,390.568,-1767.98,-422.267,-1066.21,3073.98,426.967,1910.6,-1257.09,-400.344,-1141.72,499.265,-2604.22,-1076.11,-4120.46,-2216.12,-5824.17,-626.233,4606.2,242.817,3643.23,1542.24,2193.71,656.864,865.569,271.498,-601.193,3442.11,1343.81,-669.027,-589.169,-124.323,-568.395,1995.34,2199.27,3168.19,1360.03,-1589.59,215.181,-2315.43,-552.459,2949.46,968.289,-1405.52
-250354,0,1,0,1,1,250388,-0.384764,0.00591807,1.98251,0.65987,0.194549,-1.62464,-1.32884,-0.638008,0.776036,1.76188,-0.149657,0.116447,-1.54277,-0.0636614,0.2482,-1.00728,-1.59481,-1.01706,-0.127135,0.559175,1.40119,-1.61276,1.8305,-0.0898098,-1.26576,-1.76124,1.23195,-0.269686,1.22789,-1.59845,-1.56077,0.458786,1.996,-0.185011,-1.75004,1.38731,-0.797919,-1.56933,0.936032,-1.67351,1.35279,0.444837,1.42627,-1.3104,-0.0724454,0.89088,-0.393547,0.886616,0.0264761,-0.478673,-1.03596,0.226382,0.0675763,-1.26799,0.156639,-0.0321617,0.998724,0.212245,-0.63784,-0.775643,-0.788799,1.94885,1.21166,0.828242,-0.92643,-0.62419,-1.08532,0.0134659,-0.922084,-1.04397,-1.82062,-0.720654,-1.94471,-0.376988,1.76676,-0.594025,1.17955,0.313105,1.16384,0.0323358,0.112372,0.276904,0.173359,1.84303,0.871915,-1.30925,-0.819472,-0.271119,0.144731,1.18899,1.07535,1.68402,1.67163,-0.91779,-0.253471,-1.68299,-0.374937,1.42931,0.855572,-1.19532,0.00660641,0.00258297,-0.271459,-0.275067,-0.423377,0.901284,0.694799,0.824356,0.0498421,1.14695,0.218652,1.09483,-0.794609,0.899433,-0.347671,-0.221439,0.239028,-1.24507,0.71913,-0.357308,-0.984279,-0.0998927,0.0212825,-0.790214,-0.262851,2.08734,0.866676,1.31794,0.447833,0.244177,-1.03562,0.729704,-1.52766,-0.361608,-0.483303,-0.0869522,0.640504,-0.485192,1.02999,0.638188,0.560898,-0.655804,-0.0650365,0.750309,-0.367018,0.142198,0.329648,0.815164,-0.660029,0.818842,0.142962,-0.289372,-0.46395,0.326899,1.23934,2.20469,0.903587,1.12978,0.615133,1.20457,-0.638791,-0.921982,-0.142786,1.1795,0.0718481,-1.14781,2.03224,0.370122,0.0462742,1.04447,0.882437,1.44035,-0.886658,-0.566747,0.0808293,0.0275978,-0.269805,-0.306913,-0.686109,0.0624755,-0.537906,-0.275973,0.83237,-0.462149,0.481304,-0.639678,-0.798732,-0.265542,-1.23005,0.698702,-0.791823,0.935856,1.4939,-1.14518,-0.236936,1.70855,1.6154,-0.75346,-0.523837,-0.270366,-547.184,-508.299,2761.5,815.011,520.894,-1882.04,-2005.36,-819.359,713.376,4167.89,684.524,-60.5022,-3825.74,-379.508,89.5438,-786.665,-2764.26,-1893.05,-1138.15,1330.48,3721.9,-4549.31,2287.66,267.703,-2638.59,-2872.07,3581.78,-691.08,1559.76,-2665.15,-3407.54,531.827,2745.55,-223.138,-3512.96,4957.76,-1430.38,-3610.6,1490.59,-2808.39,2647.86,134.514,1058.66,-2025.01,485.435,3088.29,-408.039,1755.96,-843.537,223.64,-979.537,157.066,-382.401,-1592.82,146.539,630.355,1663.4,390.568,-1767.98,-422.267,-1066.21,3073.98,426.967,1910.6,-1257.09,-400.344,-1141.72,499.265,-2604.22,-1076.11,-4120.46,-2216.12,-5824.17,-626.233,4606.2,242.817,3643.23,1542.24,2193.71,656.864,865.569,271.498,-601.193,3442.11,1343.81,-669.027,-589.169,-124.323,-568.395,1995.34,2199.27,3168.19,1360.03,-1589.59,215.181,-2315.43,-552.459,2949.46,968.289,-1405.52
-250354,0,1,0,1,1,250404,-0.384764,0.00591807,1.98251,0.65987,0.194549,-1.62464,-1.32884,-0.638008,0.776036,1.76188,-0.149657,0.116447,-1.54277,-0.0636614,0.2482,-1.00728,-1.59481,-1.01706,-0.127135,0.559175,1.40119,-1.61276,1.8305,-0.0898098,-1.26576,-1.76124,1.23195,-0.269686,1.22789,-1.59845,-1.56077,0.458786,1.996,-0.185011,-1.75004,1.38731,-0.797919,-1.56933,0.936032,-1.67351,1.35279,0.444837,1.42627,-1.3104,-0.0724454,0.89088,-0.393547,0.886616,0.0264761,-0.478673,-1.03596,0.226382,0.0675763,-1.26799,0.156639,-0.0321617,0.998724,0.212245,-0.63784,-0.775643,-0.788799,1.94885,1.21166,0.828242,-0.92643,-0.62419,-1.08532,0.0134659,-0.922084,-1.04397,-1.82062,-0.720654,-1.94471,-0.376988,1.76676,-0.594025,1.17955,0.313105,1.16384,0.0323358,0.112372,0.276904,0.173359,1.84303,0.871915,-1.30925,-0.819472,-0.271119,0.144731,1.18899,1.07535,1.68402,1.67163,-0.91779,-0.253471,-1.68299,-0.374937,1.42931,0.855572,-1.19532,0.554502,-0.574734,-0.697433,-0.651316,0.452762,-0.102795,0.0944438,1.69979,1.65379,-0.158455,0.783041,-1.33266,2.34364,-0.569432,-0.368845,0.184907,0.480973,-1.36194,-0.637575,-1.76422,-1.46055,0.74581,-1.06963,0.468071,-0.104105,1.38355,1.99924,0.68834,-1.3582,-1.02458,0.977853,-1.46444,0.680113,0.295633,-0.476419,-1.33425,-1.39743,-1.1661,0.388899,1.4904,-0.263077,1.14705,0.390629,0.635299,0.0568851,-0.21738,-1.32493,-0.13484,-0.382952,0.205697,1.08065,0.714616,0.793502,2.05338,-0.938532,0.776809,-2.09703,-0.434284,0.0936206,0.302897,-1.15262,1.13585,-0.531074,-0.942229,1.2796,-0.169186,1.80816,2.30647,-1.34112,-0.821798,0.602094,-0.49036,1.41349,-0.492031,0.591965,-1.19778,0.384958,-1.05361,0.227875,1.6422,-0.891053,0.668772,-0.168156,-0.999427,-0.958149,-0.194301,0.839654,0.667646,0.877355,-0.946559,-0.145655,-0.704532,1.03739,-0.113919,-0.315111,-0.663435,0.322705,0.415912,0.994472,-1.37781,-547.184,-508.299,2761.5,815.011,520.894,-1882.04,-2005.36,-819.359,713.376,4167.89,684.524,-60.5022,-3825.74,-379.508,89.5438,-786.665,-2764.26,-1893.05,-1138.15,1330.48,3721.9,-4549.31,2287.66,267.703,-2638.59,-2872.07,3581.78,-691.08,1559.76,-2665.15,-3407.54,531.827,2745.55,-223.138,-3512.96,4957.76,-1430.38,-3610.6,1490.59,-2808.39,2647.86,134.514,1058.66,-2025.01,485.435,3088.29,-408.039,1755.96,-843.537,223.64,-979.537,157.066,-382.401,-1592.82,146.539,630.355,1663.4,390.568,-1767.98,-422.267,-1066.21,3073.98,426.967,1910.6,-1257.09,-400.344,-1141.72,499.265,-2604.22,-1076.11,-4120.46,-2216.12,-5824.17,-626.233,4606.2,242.817,3643.23,1542.24,2193.71,656.864,865.569,271.498,-601.193,3442.11,1343.81,-669.027,-589.169,-124.323,-568.395,1995.34,2199.27,3168.19,1360.03,-1589.59,215.181,-2315.43,-552.459,2949.46,968.289,-1405.52
-250354,0,1,0,1,1,250395,-0.384764,0.00591807,1.98251,0.65987,0.194549,-1.62464,-1.32884,-0.638008,0.776036,1.76188,-0.149657,0.116447,-1.54277,-0.0636614,0.2482,-1.00728,-1.59481,-1.01706,-0.127135,0.559175,1.40119,-1.61276,1.8305,-0.0898098,-1.26576,-1.76124,1.23195,-0.269686,1.22789,-1.59845,-1.56077,0.458786,1.996,-0.185011,-1.75004,1.38731,-0.797919,-1.56933,0.936032,-1.67351,1.35279,0.444837,1.42627,-1.3104,-0.0724454,0.89088,-0.393547,0.886616,0.0264761,-0.478673,-1.03596,0.226382,0.0675763,-1.26799,0.156639,-0.0321617,0.998724,0.212245,-0.63784,-0.775643,-0.788799,1.94885,1.21166,0.828242,-0.92643,-0.62419,-1.08532,0.0134659,-0.922084,-1.04397,-1.82062,-0.720654,-1.94471,-0.376988,1.76676,-0.594025,1.17955,0.313105,1.16384,0.0323358,0.112372,0.276904,0.173359,1.84303,0.871915,-1.30925,-0.819472,-0.271119,0.144731,1.18899,1.07535,1.68402,1.67163,-0.91779,-0.253471,-1.68299,-0.374937,1.42931,0.855572,-1.19532,-0.321891,-1.50727,-0.408124,0.646983,0.271085,1.33477,-0.164794,-0.434297,1.2842,0.807588,0.325588,0.0833295,0.31182,-0.183957,-0.305232,-0.623926,0.272655,-0.0149922,-0.481754,-0.156609,-0.406546,-0.802065,-1.27058,0.516544,-0.588465,0.541667,1.13682,1.5534,1.66317,0.267087,-0.613026,1.12399,0.861386,-1.69707,-0.917013,-1.31415,1.20598,-1.74625,1.13997,2.21247,-0.280738,0.437307,1.2134,0.163446,-0.429558,-1.35737,0.034475,-0.163359,1.72099,-0.00668414,-1.14795,-0.190878,0.944245,0.863102,-1.09248,0.202536,1.12794,1.21685,0.024929,1.54046,0.00366164,-1.00023,-1.34391,-0.0876858,-0.38481,0.738006,-0.0636981,1.15285,-0.129115,-1.00929,-0.303591,-0.407075,-0.349711,0.694021,0.893106,-0.107012,0.310355,-0.876531,-0.644133,-0.449514,-2.44242,0.234909,-0.14993,0.197769,0.0351389,-0.274108,-0.100988,0.559743,0.184473,-0.692288,-0.269714,-0.821885,-0.619137,-0.65623,0.291883,-2.81251,-1.34528,0.357187,0.663045,-0.692358,-547.184,-508.299,2761.5,815.011,520.894,-1882.04,-2005.36,-819.359,713.376,4167.89,684.524,-60.5022,-3825.74,-379.508,89.5438,-786.665,-2764.26,-1893.05,-1138.15,1330.48,3721.9,-4549.31,2287.66,267.703,-2638.59,-2872.07,3581.78,-691.08,1559.76,-2665.15,-3407.54,531.827,2745.55,-223.138,-3512.96,4957.76,-1430.38,-3610.6,1490.59,-2808.39,2647.86,134.514,1058.66,-2025.01,485.435,3088.29,-408.039,1755.96,-843.537,223.64,-979.537,157.066,-382.401,-1592.82,146.539,630.355,1663.4,390.568,-1767.98,-422.267,-1066.21,3073.98,426.967,1910.6,-1257.09,-400.344,-1141.72,499.265,-2604.22,-1076.11,-4120.46,-2216.12,-5824.17,-626.233,4606.2,242.817,3643.23,1542.24,2193.71,656.864,865.569,271.498,-601.193,3442.11,1343.81,-669.027,-589.169,-124.323,-568.395,1995.34,2199.27,3168.19,1360.03,-1589.59,215.181,-2315.43,-552.459,2949.46,968.289,-1405.52
-250354,0,1,0,1,1,250416,-0.384764,0.00591807,1.98251,0.65987,0.194549,-1.62464,-1.32884,-0.638008,0.776036,1.76188,-0.149657,0.116447,-1.54277,-0.0636614,0.2482,-1.00728,-1.59481,-1.01706,-0.127135,0.559175,1.40119,-1.61276,1.8305,-0.0898098,-1.26576,-1.76124,1.23195,-0.269686,1.22789,-1.59845,-1.56077,0.458786,1.996,-0.185011,-1.75004,1.38731,-0.797919,-1.56933,0.936032,-1.67351,1.35279,0.444837,1.42627,-1.3104,-0.0724454,0.89088,-0.393547,0.886616,0.0264761,-0.478673,-1.03596,0.226382,0.0675763,-1.26799,0.156639,-0.0321617,0.998724,0.212245,-0.63784,-0.775643,-0.788799,1.94885,1.21166,0.828242,-0.92643,-0.62419,-1.08532,0.0134659,-0.922084,-1.04397,-1.82062,-0.720654,-1.94471,-0.376988,1.76676,-0.594025,1.17955,0.313105,1.16384,0.0323358,0.112372,0.276904,0.173359,1.84303,0.871915,-1.30925,-0.819472,-0.271119,0.144731,1.18899,1.07535,1.68402,1.67163,-0.91779,-0.253471,-1.68299,-0.374937,1.42931,0.855572,-1.19532,-0.948285,0.989988,0.632607,-0.857139,-0.960218,1.37414,1.23456,-2.78895,0.0717562,-0.564588,-0.66658,1.5521,-0.11864,0.459276,0.583411,-0.415559,-0.216065,1.88571,0.302451,0.494541,0.508654,1.55226,2.07856,3.63125,-1.15643,-1.39028,-1.80522,-1.8274,0.991488,0.61135,1.41764,1.0726,0.168289,1.183,0.377206,0.0759192,0.378056,0.301824,1.44433,2.17456,1.06351,-2.23849,0.192842,-0.36552,-0.947351,0.0432245,0.843971,1.04552,2.15888,-0.363278,-0.836065,-0.818182,1.36176,-0.362381,1.01361,1.69591,-0.864123,-0.809882,-0.0634881,0.523026,0.711072,-0.627134,-0.431465,-1.62586,-0.0115316,-0.897908,0.176322,1.14643,-1.01633,0.184211,1.31021,0.213577,-1.65423,-0.351684,-1.17582,-1.12802,0.241519,0.620598,-0.311618,1.6791,0.244136,0.232075,-0.727885,0.67087,-0.763057,-0.204918,0.00614488,2.19605,-0.653918,-1.14631,0.70023,-1.69751,0.247948,-0.0909694,-0.92867,0.937878,1.81897,-0.261127,-0.738919,-0.784467,-547.184,-508.299,2761.5,815.011,520.894,-1882.04,-2005.36,-819.359,713.376,4167.89,684.524,-60.5022,-3825.74,-379.508,89.5438,-786.665,-2764.26,-1893.05,-1138.15,1330.48,3721.9,-4549.31,2287.66,267.703,-2638.59,-2872.07,3581.78,-691.08,1559.76,-2665.15,-3407.54,531.827,2745.55,-223.138,-3512.96,4957.76,-1430.38,-3610.6,1490.59,-2808.39,2647.86,134.514,1058.66,-2025.01,485.435,3088.29,-408.039,1755.96,-843.537,223.64,-979.537,157.066,-382.401,-1592.82,146.539,630.355,1663.4,390.568,-1767.98,-422.267,-1066.21,3073.98,426.967,1910.6,-1257.09,-400.344,-1141.72,499.265,-2604.22,-1076.11,-4120.46,-2216.12,-5824.17,-626.233,4606.2,242.817,3643.23,1542.24,2193.71,656.864,865.569,271.498,-601.193,3442.11,1343.81,-669.027,-589.169,-124.323,-568.395,1995.34,2199.27,3168.19,1360.03,-1589.59,215.181,-2315.43,-552.459,2949.46,968.289,-1405.52
-250354,0,1,0,1,1,250401,-0.384764,0.00591807,1.98251,0.65987,0.194549,-1.62464,-1.32884,-0.638008,0.776036,1.76188,-0.149657,0.116447,-1.54277,-0.0636614,0.2482,-1.00728,-1.59481,-1.01706,-0.127135,0.559175,1.40119,-1.61276,1.8305,-0.0898098,-1.26576,-1.76124,1.23195,-0.269686,1.22789,-1.59845,-1.56077,0.458786,1.996,-0.185011,-1.75004,1.38731,-0.797919,-1.56933,0.936032,-1.67351,1.35279,0.444837,1.42627,-1.3104,-0.0724454,0.89088,-0.393547,0.886616,0.0264761,-0.478673,-1.03596,0.226382,0.0675763,-1.26799,0.156639,-0.0321617,0.998724,0.212245,-0.63784,-0.775643,-0.788799,1.94885,1.21166,0.828242,-0.92643,-0.62419,-1.08532,0.0134659,-0.922084,-1.04397,-1.82062,-0.720654,-1.94471,-0.376988,1.76676,-0.594025,1.17955,0.313105,1.16384,0.0323358,0.112372,0.276904,0.173359,1.84303,0.871915,-1.30925,-0.819472,-0.271119,0.144731,1.18899,1.07535,1.68402,1.67163,-0.91779,-0.253471,-1.68299,-0.374937,1.42931,0.855572,-1.19532,1.71472,-1.50172,1.44102,0.503733,-1.13192,-1.88193,0.0753719,1.0175,-1.45501,0.564706,0.59525,1.30167,1.646,1.17711,-0.995447,1.68643,-0.981514,-0.906802,0.0835748,2.23391,-0.337564,-0.836306,0.413378,-0.191932,1.00062,-0.012977,-1.4063,-0.555353,-0.0435061,0.284799,1.39895,-0.806876,-1.60397,0.3944,0.485376,1.81152,-1.86469,1.24835,0.288215,-0.719222,-0.351731,0.613471,0.671011,-0.824888,-0.88468,-1.50128,-0.661058,-0.168998,0.944366,1.2083,-0.804786,0.751613,-0.401831,1.06597,-0.729974,0.321439,0.11189,-0.560569,-0.0947198,-0.405158,0.108914,-0.714484,0.809003,0.765646,1.07086,-0.972083,-0.265379,-0.167805,0.712151,-0.443987,-1.85302,0.543468,-0.565429,-0.129954,1.0171,-0.00868145,1.357,0.448137,0.243184,-0.476352,0.48936,-0.0103091,0.263105,-1.08535,1.89331,0.621115,-0.273902,-0.638283,0.638832,-0.0695116,-1.13712,-1.24098,-1.108,-0.687096,-0.690204,0.914664,-0.736546,-0.46,0.560091,2.41036,-547.184,-508.299,2761.5,815.011,520.894,-1882.04,-2005.36,-819.359,713.376,4167.89,684.524,-60.5022,-3825.74,-379.508,89.5438,-786.665,-2764.26,-1893.05,-1138.15,1330.48,3721.9,-4549.31,2287.66,267.703,-2638.59,-2872.07,3581.78,-691.08,1559.76,-2665.15,-3407.54,531.827,2745.55,-223.138,-3512.96,4957.76,-1430.38,-3610.6,1490.59,-2808.39,2647.86,134.514,1058.66,-2025.01,485.435,3088.29,-408.039,1755.96,-843.537,223.64,-979.537,157.066,-382.401,-1592.82,146.539,630.355,1663.4,390.568,-1767.98,-422.267,-1066.21,3073.98,426.967,1910.6,-1257.09,-400.344,-1141.72,499.265,-2604.22,-1076.11,-4120.46,-2216.12,-5824.17,-626.233,4606.2,242.817,3643.23,1542.24,2193.71,656.864,865.569,271.498,-601.193,3442.11,1343.81,-669.027,-589.169,-124.323,-568.395,1995.34,2199.27,3168.19,1360.03,-1589.59,215.181,-2315.43,-552.459,2949.46,968.289,-1405.52
-250354,0,1,0,1,1,250397,-0.384764,0.00591807,1.98251,0.65987,0.194549,-1.62464,-1.32884,-0.638008,0.776036,1.76188,-0.149657,0.116447,-1.54277,-0.0636614,0.2482,-1.00728,-1.59481,-1.01706,-0.127135,0.559175,1.40119,-1.61276,1.8305,-0.0898098,-1.26576,-1.76124,1.23195,-0.269686,1.22789,-1.59845,-1.56077,0.458786,1.996,-0.185011,-1.75004,1.38731,-0.797919,-1.56933,0.936032,-1.67351,1.35279,0.444837,1.42627,-1.3104,-0.0724454,0.89088,-0.393547,0.886616,0.0264761,-0.478673,-1.03596,0.226382,0.0675763,-1.26799,0.156639,-0.0321617,0.998724,0.212245,-0.63784,-0.775643,-0.788799,1.94885,1.21166,0.828242,-0.92643,-0.62419,-1.08532,0.0134659,-0.922084,-1.04397,-1.82062,-0.720654,-1.94471,-0.376988,1.76676,-0.594025,1.17955,0.313105,1.16384,0.0323358,0.112372,0.276904,0.173359,1.84303,0.871915,-1.30925,-0.819472,-0.271119,0.144731,1.18899,1.07535,1.68402,1.67163,-0.91779,-0.253471,-1.68299,-0.374937,1.42931,0.855572,-1.19532,-1.09576,0.0449317,2.14477,-0.673107,-0.701755,-1.48891,-0.0479132,-0.876156,1.12102,-1.36378,0.794513,0.289741,-1.31001,0.625445,-0.172868,0.320395,-0.623187,-0.564751,0.460146,-0.106355,-0.325118,0.224218,0.100348,0.747887,-1.27098,-0.865946,-0.741753,1.78651,0.586807,0.193029,1.32763,-0.984675,0.439452,0.246701,1.137,-1.0602,0.654112,1.38187,-0.0793274,0.820357,-1.83428,-0.293771,-0.281942,0.787855,0.713831,0.934046,1.80839,-0.0727916,-1.03211,0.323772,0.189901,-1.9366,0.848567,0.700112,-0.868814,1.10953,-1.80651,-1.26327,-0.659111,1.20574,0.832628,0.153482,0.127189,1.10811,-1.41881,-0.354138,-0.725432,0.768785,0.356062,-2.4406,-0.291753,0.665135,-0.212032,0.0208897,0.417641,1.19213,-1.60042,0.975649,0.543939,-0.164479,1.51155,0.54362,-0.289303,0.846713,-1.26396,-0.0843937,-0.432124,0.417794,-0.134203,-1.69877,-0.544153,0.203467,-0.953915,0.409479,0.418501,-0.0350635,-1.13502,-0.601021,-0.338939,-0.524271,-547.184,-508.299,2761.5,815.011,520.894,-1882.04,-2005.36,-819.359,713.376,4167.89,684.524,-60.5022,-3825.74,-379.508,89.5438,-786.665,-2764.26,-1893.05,-1138.15,1330.48,3721.9,-4549.31,2287.66,267.703,-2638.59,-2872.07,3581.78,-691.08,1559.76,-2665.15,-3407.54,531.827,2745.55,-223.138,-3512.96,4957.76,-1430.38,-3610.6,1490.59,-2808.39,2647.86,134.514,1058.66,-2025.01,485.435,3088.29,-408.039,1755.96,-843.537,223.64,-979.537,157.066,-382.401,-1592.82,146.539,630.355,1663.4,390.568,-1767.98,-422.267,-1066.21,3073.98,426.967,1910.6,-1257.09,-400.344,-1141.72,499.265,-2604.22,-1076.11,-4120.46,-2216.12,-5824.17,-626.233,4606.2,242.817,3643.23,1542.24,2193.71,656.864,865.569,271.498,-601.193,3442.11,1343.81,-669.027,-589.169,-124.323,-568.395,1995.34,2199.27,3168.19,1360.03,-1589.59,215.181,-2315.43,-552.459,2949.46,968.289,-1405.52
-250354,0,1,0,1,1,250408,-0.384764,0.00591807,1.98251,0.65987,0.194549,-1.62464,-1.32884,-0.638008,0.776036,1.76188,-0.149657,0.116447,-1.54277,-0.0636614,0.2482,-1.00728,-1.59481,-1.01706,-0.127135,0.559175,1.40119,-1.61276,1.8305,-0.0898098,-1.26576,-1.76124,1.23195,-0.269686,1.22789,-1.59845,-1.56077,0.458786,1.996,-0.185011,-1.75004,1.38731,-0.797919,-1.56933,0.936032,-1.67351,1.35279,0.444837,1.42627,-1.3104,-0.0724454,0.89088,-0.393547,0.886616,0.0264761,-0.478673,-1.03596,0.226382,0.0675763,-1.26799,0.156639,-0.0321617,0.998724,0.212245,-0.63784,-0.775643,-0.788799,1.94885,1.21166,0.828242,-0.92643,-0.62419,-1.08532,0.0134659,-0.922084,-1.04397,-1.82062,-0.720654,-1.94471,-0.376988,1.76676,-0.594025,1.17955,0.313105,1.16384,0.0323358,0.112372,0.276904,0.173359,1.84303,0.871915,-1.30925,-0.819472,-0.271119,0.144731,1.18899,1.07535,1.68402,1.67163,-0.91779,-0.253471,-1.68299,-0.374937,1.42931,0.855572,-1.19532,0.10234,1.95836,0.706999,-0.183755,-1.79216,0.0200991,-0.948105,0.524546,0.619118,0.0145329,-0.782387,0.695289,0.228228,0.433164,-1.97991,0.224982,-0.412779,1.10331,0.731582,-0.25415,-0.201891,-0.247802,1.80534,0.458576,0.0579616,0.538398,0.992563,0.15705,0.552018,1.74481,-0.688911,0.768982,0.782378,-1.67367,1.16963,-1.15573,0.898461,1.40634,0.37091,0.756193,-0.0179005,1.26541,-0.884459,-2.58389,-0.428711,-0.776998,0.127439,-1.07763,0.169647,0.99515,0.380745,0.0226889,0.633947,-1.06981,-0.703687,0.519287,-0.0923954,0.616939,-0.872333,1.22906,0.410923,1.72676,0.507705,-0.159759,-2.16747,-0.00247952,-0.0461616,-0.0875478,-0.0498739,-0.45953,0.14189,-1.06305,2.26855,-1.47881,2.07764,0.14543,1.51781,-1.20748,0.231656,-0.52983,1.33052,0.643565,-0.200409,2.0848,-3.22516,0.160408,-0.325981,-0.287097,-0.159245,1.79428,-0.323231,1.55902,-1.0864,-0.514557,-1.69332,-1.5186,0.385119,0.373841,-0.279319,-0.0233047,-547.184,-508.299,2761.5,815.011,520.894,-1882.04,-2005.36,-819.359,713.376,4167.89,684.524,-60.5022,-3825.74,-379.508,89.5438,-786.665,-2764.26,-1893.05,-1138.15,1330.48,3721.9,-4549.31,2287.66,267.703,-2638.59,-2872.07,3581.78,-691.08,1559.76,-2665.15,-3407.54,531.827,2745.55,-223.138,-3512.96,4957.76,-1430.38,-3610.6,1490.59,-2808.39,2647.86,134.514,1058.66,-2025.01,485.435,3088.29,-408.039,1755.96,-843.537,223.64,-979.537,157.066,-382.401,-1592.82,146.539,630.355,1663.4,390.568,-1767.98,-422.267,-1066.21,3073.98,426.967,1910.6,-1257.09,-400.344,-1141.72,499.265,-2604.22,-1076.11,-4120.46,-2216.12,-5824.17,-626.233,4606.2,242.817,3643.23,1542.24,2193.71,656.864,865.569,271.498,-601.193,3442.11,1343.81,-669.027,-589.169,-124.323,-568.395,1995.34,2199.27,3168.19,1360.03,-1589.59,215.181,-2315.43,-552.459,2949.46,968.289,-1405.52
-250354,0,1,0,1,1,250402,-0.384764,0.00591807,1.98251,0.65987,0.194549,-1.62464,-1.32884,-0.638008,0.776036,1.76188,-0.149657,0.116447,-1.54277,-0.0636614,0.2482,-1.00728,-1.59481,-1.01706,-0.127135,0.559175,1.40119,-1.61276,1.8305,-0.0898098,-1.26576,-1.76124,1.23195,-0.269686,1.22789,-1.59845,-1.56077,0.458786,1.996,-0.185011,-1.75004,1.38731,-0.797919,-1.56933,0.936032,-1.67351,1.35279,0.444837,1.42627,-1.3104,-0.0724454,0.89088,-0.393547,0.886616,0.0264761,-0.478673,-1.03596,0.226382,0.0675763,-1.26799,0.156639,-0.0321617,0.998724,0.212245,-0.63784,-0.775643,-0.788799,1.94885,1.21166,0.828242,-0.92643,-0.62419,-1.08532,0.0134659,-0.922084,-1.04397,-1.82062,-0.720654,-1.94471,-0.376988,1.76676,-0.594025,1.17955,0.313105,1.16384,0.0323358,0.112372,0.276904,0.173359,1.84303,0.871915,-1.30925,-0.819472,-0.271119,0.144731,1.18899,1.07535,1.68402,1.67163,-0.91779,-0.253471,-1.68299,-0.374937,1.42931,0.855572,-1.19532,-0.0939098,-0.339412,-0.164741,0.886229,-0.970967,0.812491,1.38339,0.604088,-0.509547,-0.581679,-0.423765,0.547569,-0.638637,0.313033,0.211066,-0.883583,0.272419,1.22286,0.639047,-0.512855,-0.495669,1.65573,0.229401,-0.623649,0.0452234,-0.449713,0.996553,-1.00486,0.526547,0.144682,-0.713321,-0.495364,0.712324,-2.00313,1.37773,-0.410804,2.00549,0.839548,0.500215,0.885657,-0.74551,1.56957,0.416153,1.17282,1.936,0.455211,-0.329596,-0.463782,-0.297046,0.153153,1.75333,0.46772,0.378339,-0.726543,-0.150513,0.772418,2.37141,-2.43881,-0.457095,0.566864,1.75977,1.87763,-0.829059,-0.636793,-0.925938,-0.969615,-1.04251,-0.472134,-0.00919762,-0.756373,-1.34698,0.205286,1.48487,-1.32805,0.330617,-1.55187,-1.25247,2.51593,-0.337568,1.99048,-0.0328031,-1.3601,0.451026,1.52096,-0.319982,-0.433507,-0.118952,-0.182442,0.457098,-0.880957,-0.447244,-0.500362,-0.737231,-0.189865,0.823068,0.299418,-0.161527,0.711695,-0.230765,1.219,-547.184,-508.299,2761.5,815.011,520.894,-1882.04,-2005.36,-819.359,713.376,4167.89,684.524,-60.5022,-3825.74,-379.508,89.5438,-786.665,-2764.26,-1893.05,-1138.15,1330.48,3721.9,-4549.31,2287.66,267.703,-2638.59,-2872.07,3581.78,-691.08,1559.76,-2665.15,-3407.54,531.827,2745.55,-223.138,-3512.96,4957.76,-1430.38,-3610.6,1490.59,-2808.39,2647.86,134.514,1058.66,-2025.01,485.435,3088.29,-408.039,1755.96,-843.537,223.64,-979.537,157.066,-382.401,-1592.82,146.539,630.355,1663.4,390.568,-1767.98,-422.267,-1066.21,3073.98,426.967,1910.6,-1257.09,-400.344,-1141.72,499.265,-2604.22,-1076.11,-4120.46,-2216.12,-5824.17,-626.233,4606.2,242.817,3643.23,1542.24,2193.71,656.864,865.569,271.498,-601.193,3442.11,1343.81,-669.027,-589.169,-124.323,-568.395,1995.34,2199.27,3168.19,1360.03,-1589.59,215.181,-2315.43,-552.459,2949.46,968.289,-1405.52
-250354,0,1,0,1,1,250402,-0.384764,0.00591807,1.98251,0.65987,0.194549,-1.62464,-1.32884,-0.638008,0.776036,1.76188,-0.149657,0.116447,-1.54277,-0.0636614,0.2482,-1.00728,-1.59481,-1.01706,-0.127135,0.559175,1.40119,-1.61276,1.8305,-0.0898098,-1.26576,-1.76124,1.23195,-0.269686,1.22789,-1.59845,-1.56077,0.458786,1.996,-0.185011,-1.75004,1.38731,-0.797919,-1.56933,0.936032,-1.67351,1.35279,0.444837,1.42627,-1.3104,-0.0724454,0.89088,-0.393547,0.886616,0.0264761,-0.478673,-1.03596,0.226382,0.0675763,-1.26799,0.156639,-0.0321617,0.998724,0.212245,-0.63784,-0.775643,-0.788799,1.94885,1.21166,0.828242,-0.92643,-0.62419,-1.08532,0.0134659,-0.922084,-1.04397,-1.82062,-0.720654,-1.94471,-0.376988,1.76676,-0.594025,1.17955,0.313105,1.16384,0.0323358,0.112372,0.276904,0.173359,1.84303,0.871915,-1.30925,-0.819472,-0.271119,0.144731,1.18899,1.07535,1.68402,1.67163,-0.91779,-0.253471,-1.68299,-0.374937,1.42931,0.855572,-1.19532,0.193183,0.741085,-0.310776,-0.029478,0.224952,0.108741,0.693968,0.363552,1.52315,0.382397,-1.1442,-1.23364,-0.229198,0.454126,0.529775,0.0150853,1.75467,-0.521185,0.0312174,-1.16797,0.206913,0.30707,-1.04613,-1.48925,-0.844122,-0.142673,-0.71593,-0.0895691,-0.952545,1.01233,0.0459052,1.15754,0.489222,-1.71564,0.0470442,-0.0496416,-0.801589,-1.38665,-0.225969,0.691424,0.374306,1.69485,0.52331,0.963004,-0.265126,2.62003,-1.9905,-0.660611,0.430806,-0.135554,-1.14418,-0.0591094,0.604895,-0.416741,1.41405,0.268792,-0.516745,0.718671,0.166176,1.21434,-1.55697,-1.16218,0.817689,-2.01639,1.50376,1.13656,1.04336,0.0634979,-1.05713,2.05315,0.00911014,-1.89894,-0.452789,1.09822,0.582826,0.739525,0.619247,0.944268,-0.388021,0.637252,0.519087,1.93278,-0.182114,-1.12864,1.67528,0.159408,0.996057,0.160815,-0.310737,0.16469,1.13615,1.22339,1.4936,0.393417,0.512583,-1.20498,1.14251,1.74387,0.394563,0.0633864,-547.184,-508.299,2761.5,815.011,520.894,-1882.04,-2005.36,-819.359,713.376,4167.89,684.524,-60.5022,-3825.74,-379.508,89.5438,-786.665,-2764.26,-1893.05,-1138.15,1330.48,3721.9,-4549.31,2287.66,267.703,-2638.59,-2872.07,3581.78,-691.08,1559.76,-2665.15,-3407.54,531.827,2745.55,-223.138,-3512.96,4957.76,-1430.38,-3610.6,1490.59,-2808.39,2647.86,134.514,1058.66,-2025.01,485.435,3088.29,-408.039,1755.96,-843.537,223.64,-979.537,157.066,-382.401,-1592.82,146.539,630.355,1663.4,390.568,-1767.98,-422.267,-1066.21,3073.98,426.967,1910.6,-1257.09,-400.344,-1141.72,499.265,-2604.22,-1076.11,-4120.46,-2216.12,-5824.17,-626.233,4606.2,242.817,3643.23,1542.24,2193.71,656.864,865.569,271.498,-601.193,3442.11,1343.81,-669.027,-589.169,-124.323,-568.395,1995.34,2199.27,3168.19,1360.03,-1589.59,215.181,-2315.43,-552.459,2949.46,968.289,-1405.52
-250354,0,1,0,1,1,250398,-0.384764,0.00591807,1.98251,0.65987,0.194549,-1.62464,-1.32884,-0.638008,0.776036,1.76188,-0.149657,0.116447,-1.54277,-0.0636614,0.2482,-1.00728,-1.59481,-1.01706,-0.127135,0.559175,1.40119,-1.61276,1.8305,-0.0898098,-1.26576,-1.76124,1.23195,-0.269686,1.22789,-1.59845,-1.56077,0.458786,1.996,-0.185011,-1.75004,1.38731,-0.797919,-1.56933,0.936032,-1.67351,1.35279,0.444837,1.42627,-1.3104,-0.0724454,0.89088,-0.393547,0.886616,0.0264761,-0.478673,-1.03596,0.226382,0.0675763,-1.26799,0.156639,-0.0321617,0.998724,0.212245,-0.63784,-0.775643,-0.788799,1.94885,1.21166,0.828242,-0.92643,-0.62419,-1.08532,0.0134659,-0.922084,-1.04397,-1.82062,-0.720654,-1.94471,-0.376988,1.76676,-0.594025,1.17955,0.313105,1.16384,0.0323358,0.112372,0.276904,0.173359,1.84303,0.871915,-1.30925,-0.819472,-0.271119,0.144731,1.18899,1.07535,1.68402,1.67163,-0.91779,-0.253471,-1.68299,-0.374937,1.42931,0.855572,-1.19532,-0.468367,0.0963731,-0.154727,-0.0550243,-0.746001,0.894281,-0.170597,-1.16173,0.846168,0.307071,0.0140102,0.163662,-1.25738,0.512191,0.151626,-0.0856818,-0.597781,0.0648081,1.49855,-1.072,0.150957,-1.00118,0.282477,0.149462,-0.109155,0.883916,0.342647,-1.13788,0.6653,-1.36015,-1.58911,-1.29879,-1.4297,-0.0269145,0.330907,0.6288,-0.173562,2.41618,-2.39918,-0.611241,0.827389,-0.989773,1.25299,-0.961816,-0.260521,-0.401637,-0.00921086,-0.386759,0.34605,0.403031,-0.674553,1.21405,-0.791163,-0.459392,-0.437548,0.816281,1.45479,0.62988,0.0367433,0.909702,0.377526,-1.85317,0.299494,-0.609061,0.606353,-2.92533,1.91626,0.663889,0.405944,0.513413,1.00305,1.26407,-0.612648,0.15024,-2.08606,0.0459183,0.710556,0.529168,-1.80271,-0.823138,0.444343,-0.144829,-0.10239,-1.66264,-0.675753,2.47106,0.0821735,0.527267,0.380162,0.366469,1.15143,0.482951,-0.172781,0.376109,0.331229,0.401978,-1.14492,-0.198097,0.153843,-0.119967,-547.184,-508.299,2761.5,815.011,520.894,-1882.04,-2005.36,-819.359,713.376,4167.89,684.524,-60.5022,-3825.74,-379.508,89.5438,-786.665,-2764.26,-1893.05,-1138.15,1330.48,3721.9,-4549.31,2287.66,267.703,-2638.59,-2872.07,3581.78,-691.08,1559.76,-2665.15,-3407.54,531.827,2745.55,-223.138,-3512.96,4957.76,-1430.38,-3610.6,1490.59,-2808.39,2647.86,134.514,1058.66,-2025.01,485.435,3088.29,-408.039,1755.96,-843.537,223.64,-979.537,157.066,-382.401,-1592.82,146.539,630.355,1663.4,390.568,-1767.98,-422.267,-1066.21,3073.98,426.967,1910.6,-1257.09,-400.344,-1141.72,499.265,-2604.22,-1076.11,-4120.46,-2216.12,-5824.17,-626.233,4606.2,242.817,3643.23,1542.24,2193.71,656.864,865.569,271.498,-601.193,3442.11,1343.81,-669.027,-589.169,-124.323,-568.395,1995.34,2199.27,3168.19,1360.03,-1589.59,215.181,-2315.43,-552.459,2949.46,968.289,-1405.52
-250354,0,1,0,1,1,250401,-0.384764,0.00591807,1.98251,0.65987,0.194549,-1.62464,-1.32884,-0.638008,0.776036,1.76188,-0.149657,0.116447,-1.54277,-0.0636614,0.2482,-1.00728,-1.59481,-1.01706,-0.127135,0.559175,1.40119,-1.61276,1.8305,-0.0898098,-1.26576,-1.76124,1.23195,-0.269686,1.22789,-1.59845,-1.56077,0.458786,1.996,-0.185011,-1.75004,1.38731,-0.797919,-1.56933,0.936032,-1.67351,1.35279,0.444837,1.42627,-1.3104,-0.0724454,0.89088,-0.393547,0.886616,0.0264761,-0.478673,-1.03596,0.226382,0.0675763,-1.26799,0.156639,-0.0321617,0.998724,0.212245,-0.63784,-0.775643,-0.788799,1.94885,1.21166,0.828242,-0.92643,-0.62419,-1.08532,0.0134659,-0.922084,-1.04397,-1.82062,-0.720654,-1.94471,-0.376988,1.76676,-0.594025,1.17955,0.313105,1.16384,0.0323358,0.112372,0.276904,0.173359,1.84303,0.871915,-1.30925,-0.819472,-0.271119,0.144731,1.18899,1.07535,1.68402,1.67163,-0.91779,-0.253471,-1.68299,-0.374937,1.42931,0.855572,-1.19532,-0.892342,0.0547133,-2.06332,-1.10055,0.715478,-1.15241,0.715224,0.15278,0.769658,0.890697,0.298488,0.450274,-1.13939,1.07747,-0.261934,1.12807,0.473046,-0.146561,-1.21432,-0.83559,-1.15301,-2.29829,-2.74706,-1.34162,-0.289434,-0.422244,0.888332,-0.219289,-0.656127,-0.0208227,-1.31595,-0.530783,0.932223,-0.418211,0.231845,1.5584,0.468016,0.293759,0.518399,0.93091,-1.32577,1.7394,0.464006,-1.23655,0.504101,0.4192,-1.37448,1.26237,0.569951,1.53721,0.929562,0.341761,1.46904,-1.38127,-0.118384,0.290978,0.287153,-0.935143,-0.895437,0.668977,-0.333512,0.104242,-1.05657,0.583463,1.98094,1.81949,0.447104,0.811372,1.1356,1.66472,0.654551,-0.834206,-0.132835,-0.682007,0.675181,-0.505731,-0.13796,0.743369,1.48082,0.833178,-0.425527,-0.782936,-0.725916,-0.0119549,-0.157517,-1.05922,-0.353675,-0.995167,-0.460821,1.74257,1.38119,1.32451,0.648452,-0.0370639,-0.982838,0.240047,-0.540048,-0.119037,-0.930569,0.776921,-547.184,-508.299,2761.5,815.011,520.894,-1882.04,-2005.36,-819.359,713.376,4167.89,684.524,-60.5022,-3825.74,-379.508,89.5438,-786.665,-2764.26,-1893.05,-1138.15,1330.48,3721.9,-4549.31,2287.66,267.703,-2638.59,-2872.07,3581.78,-691.08,1559.76,-2665.15,-3407.54,531.827,2745.55,-223.138,-3512.96,4957.76,-1430.38,-3610.6,1490.59,-2808.39,2647.86,134.514,1058.66,-2025.01,485.435,3088.29,-408.039,1755.96,-843.537,223.64,-979.537,157.066,-382.401,-1592.82,146.539,630.355,1663.4,390.568,-1767.98,-422.267,-1066.21,3073.98,426.967,1910.6,-1257.09,-400.344,-1141.72,499.265,-2604.22,-1076.11,-4120.46,-2216.12,-5824.17,-626.233,4606.2,242.817,3643.23,1542.24,2193.71,656.864,865.569,271.498,-601.193,3442.11,1343.81,-669.027,-589.169,-124.323,-568.395,1995.34,2199.27,3168.19,1360.03,-1589.59,215.181,-2315.43,-552.459,2949.46,968.289,-1405.52
-250354,0,1,0,1,1,250404,-0.384764,0.00591807,1.98251,0.65987,0.194549,-1.62464,-1.32884,-0.638008,0.776036,1.76188,-0.149657,0.116447,-1.54277,-0.0636614,0.2482,-1.00728,-1.59481,-1.01706,-0.127135,0.559175,1.40119,-1.61276,1.8305,-0.0898098,-1.26576,-1.76124,1.23195,-0.269686,1.22789,-1.59845,-1.56077,0.458786,1.996,-0.185011,-1.75004,1.38731,-0.797919,-1.56933,0.936032,-1.67351,1.35279,0.444837,1.42627,-1.3104,-0.0724454,0.89088,-0.393547,0.886616,0.0264761,-0.478673,-1.03596,0.226382,0.0675763,-1.26799,0.156639,-0.0321617,0.998724,0.212245,-0.63784,-0.775643,-0.788799,1.94885,1.21166,0.828242,-0.92643,-0.62419,-1.08532,0.0134659,-0.922084,-1.04397,-1.82062,-0.720654,-1.94471,-0.376988,1.76676,-0.594025,1.17955,0.313105,1.16384,0.0323358,0.112372,0.276904,0.173359,1.84303,0.871915,-1.30925,-0.819472,-0.271119,0.144731,1.18899,1.07535,1.68402,1.67163,-0.91779,-0.253471,-1.68299,-0.374937,1.42931,0.855572,-1.19532,-0.608436,0.689391,1.51503,-1.67752,-0.951432,-1.02409,0.650345,-0.443457,-2.07669,-1.06088,-0.740947,-0.0418099,-3.16224,1.73412,-0.532096,1.87958,1.27791,-0.792353,-0.170517,-0.0970804,0.948262,0.249589,-0.960517,-0.75048,0.912662,1.43665,-0.886546,-0.911178,1.32089,0.105679,-0.949318,0.573465,2.05446,0.882734,0.0770123,-0.204473,-0.0706275,0.97268,-0.813259,1.71385,0.380101,0.680251,0.0981365,1.13902,-0.737842,0.188466,-0.925383,0.115313,0.482639,1.28815,-0.084556,-0.392517,0.344383,-0.636008,-1.06228,0.908834,0.56578,0.451672,0.726174,0.823977,1.03737,-0.380293,-1.93338,2.26352,0.685304,0.600012,1.374,0.276863,-1.44871,0.128908,-0.322382,0.258487,0.383121,-0.54608,-1.19096,0.500449,-0.368891,-0.548528,-0.842196,-0.0932336,-0.101467,0.676301,0.996448,-0.252863,-0.180437,1.92689,-1.20048,-0.457479,0.842249,0.932491,-0.960799,-0.18736,0.579282,1.08572,1.16706,-2.24593,-0.73297,0.846777,-0.409667,-0.283958,-547.184,-508.299,2761.5,815.011,520.894,-1882.04,-2005.36,-819.359,713.376,4167.89,684.524,-60.5022,-3825.74,-379.508,89.5438,-786.665,-2764.26,-1893.05,-1138.15,1330.48,3721.9,-4549.31,2287.66,267.703,-2638.59,-2872.07,3581.78,-691.08,1559.76,-2665.15,-3407.54,531.827,2745.55,-223.138,-3512.96,4957.76,-1430.38,-3610.6,1490.59,-2808.39,2647.86,134.514,1058.66,-2025.01,485.435,3088.29,-408.039,1755.96,-843.537,223.64,-979.537,157.066,-382.401,-1592.82,146.539,630.355,1663.4,390.568,-1767.98,-422.267,-1066.21,3073.98,426.967,1910.6,-1257.09,-400.344,-1141.72,499.265,-2604.22,-1076.11,-4120.46,-2216.12,-5824.17,-626.233,4606.2,242.817,3643.23,1542.24,2193.71,656.864,865.569,271.498,-601.193,3442.11,1343.81,-669.027,-589.169,-124.323,-568.395,1995.34,2199.27,3168.19,1360.03,-1589.59,215.181,-2315.43,-552.459,2949.46,968.289,-1405.52
-250354,0,1,0,1,1,250402,-0.384764,0.00591807,1.98251,0.65987,0.194549,-1.62464,-1.32884,-0.638008,0.776036,1.76188,-0.149657,0.116447,-1.54277,-0.0636614,0.2482,-1.00728,-1.59481,-1.01706,-0.127135,0.559175,1.40119,-1.61276,1.8305,-0.0898098,-1.26576,-1.76124,1.23195,-0.269686,1.22789,-1.59845,-1.56077,0.458786,1.996,-0.185011,-1.75004,1.38731,-0.797919,-1.56933,0.936032,-1.67351,1.35279,0.444837,1.42627,-1.3104,-0.0724454,0.89088,-0.393547,0.886616,0.0264761,-0.478673,-1.03596,0.226382,0.0675763,-1.26799,0.156639,-0.0321617,0.998724,0.212245,-0.63784,-0.775643,-0.788799,1.94885,1.21166,0.828242,-0.92643,-0.62419,-1.08532,0.0134659,-0.922084,-1.04397,-1.82062,-0.720654,-1.94471,-0.376988,1.76676,-0.594025,1.17955,0.313105,1.16384,0.0323358,0.112372,0.276904,0.173359,1.84303,0.871915,-1.30925,-0.819472,-0.271119,0.144731,1.18899,1.07535,1.68402,1.67163,-0.91779,-0.253471,-1.68299,-0.374937,1.42931,0.855572,-1.19532,0.142531,-0.0165746,-1.90195,0.0732685,-0.133114,-0.174709,0.465174,-0.17912,0.507441,-0.0570757,-0.341775,0.88653,0.574203,-0.604735,1.39227,-1.22571,-0.911943,-1.78103,-0.375958,-0.377921,0.39968,0.401165,1.29251,-0.155083,0.416918,0.560317,-0.885998,-1.08516,1.69084,2.5028,-0.226432,1.08307,1.47296,-1.3797,-0.650319,-0.651854,0.438009,-0.590033,1.1594,0.674525,0.459454,-0.116738,-0.205402,-1.3939,-1.62708,0.600141,0.809652,-0.987032,-0.383364,0.362311,1.24621,-1.70547,0.565979,0.845218,-0.473189,0.973683,0.607702,0.768622,-1.8355,2.38636,1.23126,-0.513222,2.40417,0.666957,1.04003,2.5244,0.752009,-0.749539,0.176588,-0.604173,1.6761,0.667694,0.171434,-0.0658358,-0.423178,-0.219504,0.225307,0.650634,-0.0665199,0.0443564,1.17332,-0.851462,-1.48804,-0.451954,0.218452,0.00665839,0.389991,-0.567212,-0.06613,0.0857683,-0.200489,0.383995,-0.113052,-0.648187,-1.35483,0.247937,1.75796,-0.912792,-1.62007,1.18194,-547.184,-508.299,2761.5,815.011,520.894,-1882.04,-2005.36,-819.359,713.376,4167.89,684.524,-60.5022,-3825.74,-379.508,89.5438,-786.665,-2764.26,-1893.05,-1138.15,1330.48,3721.9,-4549.31,2287.66,267.703,-2638.59,-2872.07,3581.78,-691.08,1559.76,-2665.15,-3407.54,531.827,2745.55,-223.138,-3512.96,4957.76,-1430.38,-3610.6,1490.59,-2808.39,2647.86,134.514,1058.66,-2025.01,485.435,3088.29,-408.039,1755.96,-843.537,223.64,-979.537,157.066,-382.401,-1592.82,146.539,630.355,1663.4,390.568,-1767.98,-422.267,-1066.21,3073.98,426.967,1910.6,-1257.09,-400.344,-1141.72,499.265,-2604.22,-1076.11,-4120.46,-2216.12,-5824.17,-626.233,4606.2,242.817,3643.23,1542.24,2193.71,656.864,865.569,271.498,-601.193,3442.11,1343.81,-669.027,-589.169,-124.323,-568.395,1995.34,2199.27,3168.19,1360.03,-1589.59,215.181,-2315.43,-552.459,2949.46,968.289,-1405.52
-250354,0,1,0,1,1,250389,-0.384764,0.00591807,1.98251,0.65987,0.194549,-1.62464,-1.32884,-0.638008,0.776036,1.76188,-0.149657,0.116447,-1.54277,-0.0636614,0.2482,-1.00728,-1.59481,-1.01706,-0.127135,0.559175,1.40119,-1.61276,1.8305,-0.0898098,-1.26576,-1.76124,1.23195,-0.269686,1.22789,-1.59845,-1.56077,0.458786,1.996,-0.185011,-1.75004,1.38731,-0.797919,-1.56933,0.936032,-1.67351,1.35279,0.444837,1.42627,-1.3104,-0.0724454,0.89088,-0.393547,0.886616,0.0264761,-0.478673,-1.03596,0.226382,0.0675763,-1.26799,0.156639,-0.0321617,0.998724,0.212245,-0.63784,-0.775643,-0.788799,1.94885,1.21166,0.828242,-0.92643,-0.62419,-1.08532,0.0134659,-0.922084,-1.04397,-1.82062,-0.720654,-1.94471,-0.376988,1.76676,-0.594025,1.17955,0.313105,1.16384,0.0323358,0.112372,0.276904,0.173359,1.84303,0.871915,-1.30925,-0.819472,-0.271119,0.144731,1.18899,1.07535,1.68402,1.67163,-0.91779,-0.253471,-1.68299,-0.374937,1.42931,0.855572,-1.19532,0.0609054,-0.0291584,-0.136345,0.0519387,-0.344081,0.651987,0.197824,0.638233,1.38237,0.466665,0.478863,-0.00405574,-0.490501,0.480867,0.311325,1.15593,1.06307,0.155576,-1.33861,-0.746677,0.75155,0.0392669,0.463907,-0.0830739,0.299518,-0.447078,-1.78634,0.720779,0.652559,0.305861,0.204766,0.48164,-1.12802,0.0158549,0.614793,0.274253,-0.680726,-0.368989,-0.290413,1.34814,0.866764,1.27388,-0.158109,-0.462596,0.300713,2.1324,-0.64649,0.901068,-0.631059,1.46874,0.496948,1.44099,-1.13597,-0.290705,0.538014,0.130509,2.24848,-0.118182,-0.46395,0.269387,0.697909,0.87775,-0.831225,-1.01538,0.345388,0.195883,-0.889533,-0.328352,0.955566,0.829754,0.349353,2.42727,0.031387,0.441949,0.930352,0.161744,1.43537,0.342822,-0.260105,-0.712506,1.56569,-0.584637,-0.300881,-0.374247,-0.53585,-0.458669,1.38447,0.7817,0.950287,-1.22779,-1.06579,-0.951202,0.578881,0.560272,-0.978215,0.382582,1.23998,1.2546,-0.0896926,-0.00905893,-547.184,-508.299,2761.5,815.011,520.894,-1882.04,-2005.36,-819.359,713.376,4167.89,684.524,-60.5022,-3825.74,-379.508,89.5438,-786.665,-2764.26,-1893.05,-1138.15,1330.48,3721.9,-4549.31,2287.66,267.703,-2638.59,-2872.07,3581.78,-691.08,1559.76,-2665.15,-3407.54,531.827,2745.55,-223.138,-3512.96,4957.76,-1430.38,-3610.6,1490.59,-2808.39,2647.86,134.514,1058.66,-2025.01,485.435,3088.29,-408.039,1755.96,-843.537,223.64,-979.537,157.066,-382.401,-1592.82,146.539,630.355,1663.4,390.568,-1767.98,-422.267,-1066.21,3073.98,426.967,1910.6,-1257.09,-400.344,-1141.72,499.265,-2604.22,-1076.11,-4120.46,-2216.12,-5824.17,-626.233,4606.2,242.817,3643.23,1542.24,2193.71,656.864,865.569,271.498,-601.193,3442.11,1343.81,-669.027,-589.169,-124.323,-568.395,1995.34,2199.27,3168.19,1360.03,-1589.59,215.181,-2315.43,-552.459,2949.46,968.289,-1405.52
-250354,0,1,0,1,1,250402,-0.384764,0.00591807,1.98251,0.65987,0.194549,-1.62464,-1.32884,-0.638008,0.776036,1.76188,-0.149657,0.116447,-1.54277,-0.0636614,0.2482,-1.00728,-1.59481,-1.01706,-0.127135,0.559175,1.40119,-1.61276,1.8305,-0.0898098,-1.26576,-1.76124,1.23195,-0.269686,1.22789,-1.59845,-1.56077,0.458786,1.996,-0.185011,-1.75004,1.38731,-0.797919,-1.56933,0.936032,-1.67351,1.35279,0.444837,1.42627,-1.3104,-0.0724454,0.89088,-0.393547,0.886616,0.0264761,-0.478673,-1.03596,0.226382,0.0675763,-1.26799,0.156639,-0.0321617,0.998724,0.212245,-0.63784,-0.775643,-0.788799,1.94885,1.21166,0.828242,-0.92643,-0.62419,-1.08532,0.0134659,-0.922084,-1.04397,-1.82062,-0.720654,-1.94471,-0.376988,1.76676,-0.594025,1.17955,0.313105,1.16384,0.0323358,0.112372,0.276904,0.173359,1.84303,0.871915,-1.30925,-0.819472,-0.271119,0.144731,1.18899,1.07535,1.68402,1.67163,-0.91779,-0.253471,-1.68299,-0.374937,1.42931,0.855572,-1.19532,-0.67857,0.933038,0.584365,-0.0407513,-0.599118,0.0733681,1.40416,0.32425,0.748047,-0.938464,-0.807197,0.114804,1.40209,0.712612,-0.957312,0.145537,0.48262,-0.414846,0.0992062,0.747534,2.31108,-0.692407,0.59098,0.285124,-1.05205,0.436199,1.04368,0.396936,0.833781,-0.199177,0.33832,1.57645,-0.777225,-1.22366,0.510546,-0.530194,0.948237,1.21306,-0.223559,-0.491658,0.346878,0.214022,-0.71508,0.834029,0.768396,1.16339,-0.308997,0.770314,1.45916,-2.05315,0.49425,-1.42149,0.0739916,0.914834,-0.486275,0.405924,0.647107,0.0953524,-0.128547,-0.400041,-1.38601,0.787736,-0.814615,-1.84633,-0.723077,0.335634,-0.464497,-1.56048,-1.72025,0.239229,0.461554,-0.732552,-0.279416,-1.26752,-0.347725,-0.367154,0.625107,-1.04974,1.07166,0.964338,0.703819,1.39921,1.21543,1.58013,-1.06959,0.397576,-0.664207,-2.31229,-2.43221,0.064415,0.86992,1.44162,-2.20386,-0.842502,0.361881,-0.227212,2.38912,0.557741,0.631104,-0.0952371,-547.184,-508.299,2761.5,815.011,520.894,-1882.04,-2005.36,-819.359,713.376,4167.89,684.524,-60.5022,-3825.74,-379.508,89.5438,-786.665,-2764.26,-1893.05,-1138.15,1330.48,3721.9,-4549.31,2287.66,267.703,-2638.59,-2872.07,3581.78,-691.08,1559.76,-2665.15,-3407.54,531.827,2745.55,-223.138,-3512.96,4957.76,-1430.38,-3610.6,1490.59,-2808.39,2647.86,134.514,1058.66,-2025.01,485.435,3088.29,-408.039,1755.96,-843.537,223.64,-979.537,157.066,-382.401,-1592.82,146.539,630.355,1663.4,390.568,-1767.98,-422.267,-1066.21,3073.98,426.967,1910.6,-1257.09,-400.344,-1141.72,499.265,-2604.22,-1076.11,-4120.46,-2216.12,-5824.17,-626.233,4606.2,242.817,3643.23,1542.24,2193.71,656.864,865.569,271.498,-601.193,3442.11,1343.81,-669.027,-589.169,-124.323,-568.395,1995.34,2199.27,3168.19,1360.03,-1589.59,215.181,-2315.43,-552.459,2949.46,968.289,-1405.52
-250354,0,1,0,1,1,250413,-0.384764,0.00591807,1.98251,0.65987,0.194549,-1.62464,-1.32884,-0.638008,0.776036,1.76188,-0.149657,0.116447,-1.54277,-0.0636614,0.2482,-1.00728,-1.59481,-1.01706,-0.127135,0.559175,1.40119,-1.61276,1.8305,-0.0898098,-1.26576,-1.76124,1.23195,-0.269686,1.22789,-1.59845,-1.56077,0.458786,1.996,-0.185011,-1.75004,1.38731,-0.797919,-1.56933,0.936032,-1.67351,1.35279,0.444837,1.42627,-1.3104,-0.0724454,0.89088,-0.393547,0.886616,0.0264761,-0.478673,-1.03596,0.226382,0.0675763,-1.26799,0.156639,-0.0321617,0.998724,0.212245,-0.63784,-0.775643,-0.788799,1.94885,1.21166,0.828242,-0.92643,-0.62419,-1.08532,0.0134659,-0.922084,-1.04397,-1.82062,-0.720654,-1.94471,-0.376988,1.76676,-0.594025,1.17955,0.313105,1.16384,0.0323358,0.112372,0.276904,0.173359,1.84303,0.871915,-1.30925,-0.819472,-0.271119,0.144731,1.18899,1.07535,1.68402,1.67163,-0.91779,-0.253471,-1.68299,-0.374937,1.42931,0.855572,-1.19532,0.463015,-1.62177,-0.173548,0.742761,-1.58488,1.09473,0.703679,-1.79857,-0.0886238,1.21217,0.955187,-0.181857,1.21795,-0.238727,2.20876,-0.437377,-0.342038,0.147574,1.58013,0.770619,-0.649229,-1.23414,2.36745,-0.0271637,-0.360413,1.74495,1.03791,-0.542455,-0.10866,-1.67358,-0.551772,0.432307,0.904026,1.48479,0.554168,0.467643,0.368812,1.33992,-0.108929,1.76697,-0.0983464,-0.526644,0.704102,-1.09241,-1.03096,-0.151871,1.41944,1.70385,1.58185,1.20622,0.764436,2.34352,0.374045,0.951831,-0.524285,-0.250722,-0.657678,3.11823,0.339798,-0.210394,0.339258,-0.324949,-0.898294,-1.68058,0.628576,0.183607,0.920728,-0.00427531,0.248558,0.0572037,-2.49771,-0.697517,0.848855,0.360536,0.109131,0.979641,1.20262,-1.82427,0.598975,-0.477235,-0.537163,0.678564,-0.00612876,1.00889,2.62692,0.134453,1.95621,-0.685331,1.90976,-0.0477638,0.605919,1.18517,0.37557,-0.79958,-0.132596,-0.132987,0.833296,-0.282541,-1.11218,-0.0659275,-547.184,-508.299,2761.5,815.011,520.894,-1882.04,-2005.36,-819.359,713.376,4167.89,684.524,-60.5022,-3825.74,-379.508,89.5438,-786.665,-2764.26,-1893.05,-1138.15,1330.48,3721.9,-4549.31,2287.66,267.703,-2638.59,-2872.07,3581.78,-691.08,1559.76,-2665.15,-3407.54,531.827,2745.55,-223.138,-3512.96,4957.76,-1430.38,-3610.6,1490.59,-2808.39,2647.86,134.514,1058.66,-2025.01,485.435,3088.29,-408.039,1755.96,-843.537,223.64,-979.537,157.066,-382.401,-1592.82,146.539,630.355,1663.4,390.568,-1767.98,-422.267,-1066.21,3073.98,426.967,1910.6,-1257.09,-400.344,-1141.72,499.265,-2604.22,-1076.11,-4120.46,-2216.12,-5824.17,-626.233,4606.2,242.817,3643.23,1542.24,2193.71,656.864,865.569,271.498,-601.193,3442.11,1343.81,-669.027,-589.169,-124.323,-568.395,1995.34,2199.27,3168.19,1360.03,-1589.59,215.181,-2315.43,-552.459,2949.46,968.289,-1405.52
-250354,0,1,0,1,1,250405,-0.384764,0.00591807,1.98251,0.65987,0.194549,-1.62464,-1.32884,-0.638008,0.776036,1.76188,-0.149657,0.116447,-1.54277,-0.0636614,0.2482,-1.00728,-1.59481,-1.01706,-0.127135,0.559175,1.40119,-1.61276,1.8305,-0.0898098,-1.26576,-1.76124,1.23195,-0.269686,1.22789,-1.59845,-1.56077,0.458786,1.996,-0.185011,-1.75004,1.38731,-0.797919,-1.56933,0.936032,-1.67351,1.35279,0.444837,1.42627,-1.3104,-0.0724454,0.89088,-0.393547,0.886616,0.0264761,-0.478673,-1.03596,0.226382,0.0675763,-1.26799,0.156639,-0.0321617,0.998724,0.212245,-0.63784,-0.775643,-0.788799,1.94885,1.21166,0.828242,-0.92643,-0.62419,-1.08532,0.0134659,-0.922084,-1.04397,-1.82062,-0.720654,-1.94471,-0.376988,1.76676,-0.594025,1.17955,0.313105,1.16384,0.0323358,0.112372,0.276904,0.173359,1.84303,0.871915,-1.30925,-0.819472,-0.271119,0.144731,1.18899,1.07535,1.68402,1.67163,-0.91779,-0.253471,-1.68299,-0.374937,1.42931,0.855572,-1.19532,-1.25401,0.781213,0.887115,-0.0102263,-0.31167,1.71675,0.773448,-1.32202,0.645588,-1.09346,-0.376965,2.34702,1.4543,-0.0331466,-0.211155,0.858596,0.232979,-0.728348,0.888135,0.521804,0.475709,1.04819,0.0995044,0.151536,-0.546427,-0.178245,0.38154,1.96913,-1.30326,-0.00337652,0.408925,-1.06255,-0.525603,0.502498,0.784465,-1.09161,0.643924,0.617794,-0.340153,0.0668633,-1.70627,-2.75711,0.248936,0.53962,-0.55117,1.11706,-0.9769,-1.06629,-0.198087,-0.746039,0.427222,-0.571488,0.989206,-1.0231,0.532547,0.246724,1.21519,-1.06814,0.128278,-0.769773,0.913261,0.914318,0.181184,0.152587,1.19092,-0.225458,2.57593,1.62817,-2.23279,1.39896,0.17177,0.70003,-1.13234,0.266024,-1.25925,0.413562,-0.629348,2.16077,1.95461,-0.475824,-0.106159,-0.18055,-1.74155,-0.98903,0.420402,0.107766,-0.157465,-1.39266,0.358649,-0.865034,-0.930416,0.523402,-0.553266,0.145966,0.941984,-0.936394,-1.59442,-1.37392,-0.429643,0.659679,-547.184,-508.299,2761.5,815.011,520.894,-1882.04,-2005.36,-819.359,713.376,4167.89,684.524,-60.5022,-3825.74,-379.508,89.5438,-786.665,-2764.26,-1893.05,-1138.15,1330.48,3721.9,-4549.31,2287.66,267.703,-2638.59,-2872.07,3581.78,-691.08,1559.76,-2665.15,-3407.54,531.827,2745.55,-223.138,-3512.96,4957.76,-1430.38,-3610.6,1490.59,-2808.39,2647.86,134.514,1058.66,-2025.01,485.435,3088.29,-408.039,1755.96,-843.537,223.64,-979.537,157.066,-382.401,-1592.82,146.539,630.355,1663.4,390.568,-1767.98,-422.267,-1066.21,3073.98,426.967,1910.6,-1257.09,-400.344,-1141.72,499.265,-2604.22,-1076.11,-4120.46,-2216.12,-5824.17,-626.233,4606.2,242.817,3643.23,1542.24,2193.71,656.864,865.569,271.498,-601.193,3442.11,1343.81,-669.027,-589.169,-124.323,-568.395,1995.34,2199.27,3168.19,1360.03,-1589.59,215.181,-2315.43,-552.459,2949.46,968.289,-1405.52
-250354,0,1,0,1,1,250413,-0.384764,0.00591807,1.98251,0.65987,0.194549,-1.62464,-1.32884,-0.638008,0.776036,1.76188,-0.149657,0.116447,-1.54277,-0.0636614,0.2482,-1.00728,-1.59481,-1.01706,-0.127135,0.559175,1.40119,-1.61276,1.8305,-0.0898098,-1.26576,-1.76124,1.23195,-0.269686,1.22789,-1.59845,-1.56077,0.458786,1.996,-0.185011,-1.75004,1.38731,-0.797919,-1.56933,0.936032,-1.67351,1.35279,0.444837,1.42627,-1.3104,-0.0724454,0.89088,-0.393547,0.886616,0.0264761,-0.478673,-1.03596,0.226382,0.0675763,-1.26799,0.156639,-0.0321617,0.998724,0.212245,-0.63784,-0.775643,-0.788799,1.94885,1.21166,0.828242,-0.92643,-0.62419,-1.08532,0.0134659,-0.922084,-1.04397,-1.82062,-0.720654,-1.94471,-0.376988,1.76676,-0.594025,1.17955,0.313105,1.16384,0.0323358,0.112372,0.276904,0.173359,1.84303,0.871915,-1.30925,-0.819472,-0.271119,0.144731,1.18899,1.07535,1.68402,1.67163,-0.91779,-0.253471,-1.68299,-0.374937,1.42931,0.855572,-1.19532,1.39565,2.06128,1.51982,-0.201043,0.18904,-1.14272,-0.628349,2.15633,0.529432,-1.10255,1.03181,-0.437942,1.21348,0.543947,0.170494,-0.169369,0.501688,-0.32107,1.28189,-0.615076,-1.21721,-0.0555208,-0.885044,-0.973651,1.15876,-0.133561,0.28184,0.0518541,-0.434895,-1.20241,1.81948,3.03123,-0.0752929,1.48781,1.51862,-0.856939,-0.488087,-0.557783,-0.510924,2.65201,1.17287,0.603947,-0.107449,-0.38922,0.481171,0.18035,-0.838262,-0.107718,-0.314503,-1.3195,0.435725,-0.899821,-2.09688,0.648421,-1.16208,-0.841066,-0.514918,0.351825,0.431172,-0.205082,-0.938861,-1.0691,2.20676,-0.918039,0.145,0.198982,1.53464,0.847645,1.02934,-0.361338,0.3141,1.84925,-0.14315,0.213583,-0.587347,1.50918,0.332123,-0.441048,-0.84527,0.628391,0.993446,0.871033,-1.62012,-0.0918607,0.0149115,-0.104644,-1.67356,-1.74346,1.4999,1.95279,0.691784,0.290628,2.42819,-0.326563,-0.698787,0.378547,1.08964,1.64837,-1.17753,-1.5071,-547.184,-508.299,2761.5,815.011,520.894,-1882.04,-2005.36,-819.359,713.376,4167.89,684.524,-60.5022,-3825.74,-379.508,89.5438,-786.665,-2764.26,-1893.05,-1138.15,1330.48,3721.9,-4549.31,2287.66,267.703,-2638.59,-2872.07,3581.78,-691.08,1559.76,-2665.15,-3407.54,531.827,2745.55,-223.138,-3512.96,4957.76,-1430.38,-3610.6,1490.59,-2808.39,2647.86,134.514,1058.66,-2025.01,485.435,3088.29,-408.039,1755.96,-843.537,223.64,-979.537,157.066,-382.401,-1592.82,146.539,630.355,1663.4,390.568,-1767.98,-422.267,-1066.21,3073.98,426.967,1910.6,-1257.09,-400.344,-1141.72,499.265,-2604.22,-1076.11,-4120.46,-2216.12,-5824.17,-626.233,4606.2,242.817,3643.23,1542.24,2193.71,656.864,865.569,271.498,-601.193,3442.11,1343.81,-669.027,-589.169,-124.323,-568.395,1995.34,2199.27,3168.19,1360.03,-1589.59,215.181,-2315.43,-552.459,2949.46,968.289,-1405.52
-250354,0,1,0,1,1,250399,-0.384764,0.00591807,1.98251,0.65987,0.194549,-1.62464,-1.32884,-0.638008,0.776036,1.76188,-0.149657,0.116447,-1.54277,-0.0636614,0.2482,-1.00728,-1.59481,-1.01706,-0.127135,0.559175,1.40119,-1.61276,1.8305,-0.0898098,-1.26576,-1.76124,1.23195,-0.269686,1.22789,-1.59845,-1.56077,0.458786,1.996,-0.185011,-1.75004,1.38731,-0.797919,-1.56933,0.936032,-1.67351,1.35279,0.444837,1.42627,-1.3104,-0.0724454,0.89088,-0.393547,0.886616,0.0264761,-0.478673,-1.03596,0.226382,0.0675763,-1.26799,0.156639,-0.0321617,0.998724,0.212245,-0.63784,-0.775643,-0.788799,1.94885,1.21166,0.828242,-0.92643,-0.62419,-1.08532,0.0134659,-0.922084,-1.04397,-1.82062,-0.720654,-1.94471,-0.376988,1.76676,-0.594025,1.17955,0.313105,1.16384,0.0323358,0.112372,0.276904,0.173359,1.84303,0.871915,-1.30925,-0.819472,-0.271119,0.144731,1.18899,1.07535,1.68402,1.67163,-0.91779,-0.253471,-1.68299,-0.374937,1.42931,0.855572,-1.19532,0.476176,-0.626731,0.476874,0.492147,1.75058,-0.241685,-0.343566,-0.108177,1.72657,-0.0471429,0.962942,-0.0951926,1.87769,0.600283,-1.32981,-0.202433,-1.84607,0.249408,-0.248228,-1.19884,-1.50998,-0.494553,1.87099,-1.52095,0.147493,1.59483,-0.229327,0.3267,0.875515,-0.245751,0.510471,-0.214913,1.23316,-1.2917,-0.220088,-1.12237,0.354502,0.577079,1.12396,0.802042,-1.09254,-1.46487,0.657911,-0.184187,-0.516783,0.408091,-0.135916,1.00831,0.900784,-0.310857,0.423239,-0.891471,0.762843,-0.658039,0.616529,-1.44486,-2.26362,-0.548271,0.961172,-0.243729,-0.708156,-0.870817,0.668133,-0.452173,-0.980306,-0.216908,0.533845,0.228683,0.522097,-0.786355,-0.400301,-0.645148,-1.14173,0.992496,-2.20359,0.983995,-1.10303,0.841291,-1.83129,-0.324951,0.332819,0.612541,0.486101,0.862829,0.787293,-0.174572,-1.55916,-0.738036,1.45226,1.116,-0.628378,0.507856,-0.351858,-1.02676,-0.445361,0.805054,0.640486,-2.26986,-0.348757,0.271713,-547.184,-508.299,2761.5,815.011,520.894,-1882.04,-2005.36,-819.359,713.376,4167.89,684.524,-60.5022,-3825.74,-379.508,89.5438,-786.665,-2764.26,-1893.05,-1138.15,1330.48,3721.9,-4549.31,2287.66,267.703,-2638.59,-2872.07,3581.78,-691.08,1559.76,-2665.15,-3407.54,531.827,2745.55,-223.138,-3512.96,4957.76,-1430.38,-3610.6,1490.59,-2808.39,2647.86,134.514,1058.66,-2025.01,485.435,3088.29,-408.039,1755.96,-843.537,223.64,-979.537,157.066,-382.401,-1592.82,146.539,630.355,1663.4,390.568,-1767.98,-422.267,-1066.21,3073.98,426.967,1910.6,-1257.09,-400.344,-1141.72,499.265,-2604.22,-1076.11,-4120.46,-2216.12,-5824.17,-626.233,4606.2,242.817,3643.23,1542.24,2193.71,656.864,865.569,271.498,-601.193,3442.11,1343.81,-669.027,-589.169,-124.323,-568.395,1995.34,2199.27,3168.19,1360.03,-1589.59,215.181,-2315.43,-552.459,2949.46,968.289,-1405.52
-250354,0,1,0,1,1,250416,-0.384764,0.00591807,1.98251,0.65987,0.194549,-1.62464,-1.32884,-0.638008,0.776036,1.76188,-0.149657,0.116447,-1.54277,-0.0636614,0.2482,-1.00728,-1.59481,-1.01706,-0.127135,0.559175,1.40119,-1.61276,1.8305,-0.0898098,-1.26576,-1.76124,1.23195,-0.269686,1.22789,-1.59845,-1.56077,0.458786,1.996,-0.185011,-1.75004,1.38731,-0.797919,-1.56933,0.936032,-1.67351,1.35279,0.444837,1.42627,-1.3104,-0.0724454,0.89088,-0.393547,0.886616,0.0264761,-0.478673,-1.03596,0.226382,0.0675763,-1.26799,0.156639,-0.0321617,0.998724,0.212245,-0.63784,-0.775643,-0.788799,1.94885,1.21166,0.828242,-0.92643,-0.62419,-1.08532,0.0134659,-0.922084,-1.04397,-1.82062,-0.720654,-1.94471,-0.376988,1.76676,-0.594025,1.17955,0.313105,1.16384,0.0323358,0.112372,0.276904,0.173359,1.84303,0.871915,-1.30925,-0.819472,-0.271119,0.144731,1.18899,1.07535,1.68402,1.67163,-0.91779,-0.253471,-1.68299,-0.374937,1.42931,0.855572,-1.19532,1.14265,-0.360096,0.383953,1.12529,0.547153,2.08175,0.544364,-1.38439,0.180172,-1.84809,-1.88329,0.821713,-0.027179,0.290864,-1.28698,-0.0726235,-0.671534,0.152988,-0.900693,-0.695439,0.751067,0.547871,-1.40706,0.802442,1.2715,-0.541781,0.2937,1.0855,0.19694,-1.13283,0.76974,0.374563,-0.810356,1.73955,-0.313026,2.05097,-0.157477,0.433304,-1.12064,-1.05249,-0.362899,-0.00960857,0.751457,-0.447359,0.242182,-1.22724,-1.10384,-0.0271594,-0.525222,-0.303392,2.7083,2.11056,-0.85892,0.73879,0.0364614,-0.48812,-1.32394,-0.0720508,0.264977,0.0302515,1.57593,-1.30983,-1.18021,0.932886,1.65511,-2.72776,-1.01192,-0.408664,0.00310014,-0.69271,0.786038,0.880782,1.47721,-2.43461,1.40756,0.587881,1.68453,1.32795,0.27531,-0.200901,0.230433,1.51713,-1.6721,-1.23166,-1.61159,1.51769,-0.278148,-0.732729,0.489053,-1.97616,1.34366,0.924917,-0.257497,2.26217,-1.28177,1.34166,0.349553,-0.355099,0.704807,0.573507,-547.184,-508.299,2761.5,815.011,520.894,-1882.04,-2005.36,-819.359,713.376,4167.89,684.524,-60.5022,-3825.74,-379.508,89.5438,-786.665,-2764.26,-1893.05,-1138.15,1330.48,3721.9,-4549.31,2287.66,267.703,-2638.59,-2872.07,3581.78,-691.08,1559.76,-2665.15,-3407.54,531.827,2745.55,-223.138,-3512.96,4957.76,-1430.38,-3610.6,1490.59,-2808.39,2647.86,134.514,1058.66,-2025.01,485.435,3088.29,-408.039,1755.96,-843.537,223.64,-979.537,157.066,-382.401,-1592.82,146.539,630.355,1663.4,390.568,-1767.98,-422.267,-1066.21,3073.98,426.967,1910.6,-1257.09,-400.344,-1141.72,499.265,-2604.22,-1076.11,-4120.46,-2216.12,-5824.17,-626.233,4606.2,242.817,3643.23,1542.24,2193.71,656.864,865.569,271.498,-601.193,3442.11,1343.81,-669.027,-589.169,-124.323,-568.395,1995.34,2199.27,3168.19,1360.03,-1589.59,215.181,-2315.43,-552.459,2949.46,968.289,-1405.52
-250354,0,1,0,1,1,250404,-0.384764,0.00591807,1.98251,0.65987,0.194549,-1.62464,-1.32884,-0.638008,0.776036,1.76188,-0.149657,0.116447,-1.54277,-0.0636614,0.2482,-1.00728,-1.59481,-1.01706,-0.127135,0.559175,1.40119,-1.61276,1.8305,-0.0898098,-1.26576,-1.76124,1.23195,-0.269686,1.22789,-1.59845,-1.56077,0.458786,1.996,-0.185011,-1.75004,1.38731,-0.797919,-1.56933,0.936032,-1.67351,1.35279,0.444837,1.42627,-1.3104,-0.0724454,0.89088,-0.393547,0.886616,0.0264761,-0.478673,-1.03596,0.226382,0.0675763,-1.26799,0.156639,-0.0321617,0.998724,0.212245,-0.63784,-0.775643,-0.788799,1.94885,1.21166,0.828242,-0.92643,-0.62419,-1.08532,0.0134659,-0.922084,-1.04397,-1.82062,-0.720654,-1.94471,-0.376988,1.76676,-0.594025,1.17955,0.313105,1.16384,0.0323358,0.112372,0.276904,0.173359,1.84303,0.871915,-1.30925,-0.819472,-0.271119,0.144731,1.18899,1.07535,1.68402,1.67163,-0.91779,-0.253471,-1.68299,-0.374937,1.42931,0.855572,-1.19532,0.583004,1.2115,1.05831,0.460913,0.152211,1.58304,0.7049,-1.44309,0.267739,-0.192419,0.0461276,-0.650245,0.172137,0.891784,-0.292547,-0.348087,-0.72603,0.509995,0.0642862,-0.0145998,-0.825231,-0.975678,-0.108391,-0.127207,0.43944,-0.50427,-0.770725,0.841766,0.0616028,0.215312,-1.06613,0.469361,-0.343977,-0.662417,-0.52727,1.7352,1.8894,1.89553,-0.516632,-1.4254,0.788539,1.45616,-0.615922,1.26645,-0.130735,-1.25257,-1.07229,0.17514,1.48443,0.121954,-0.00116069,0.0717077,0.687214,0.399399,-0.421779,1.47347,1.63372,-0.613778,-0.286827,-0.764338,1.74105,-0.394501,0.538288,0.237585,-0.0595166,-0.708974,1.82982,1.62997,1.94884,-0.325157,0.478188,0.362882,1.07213,2.57689,0.854585,1.75985,-0.201095,0.418171,2.13322,-0.30465,-1.90637,-0.958806,-1.99663,-0.973917,-0.0576058,-1.19952,-0.096291,-0.985589,-0.402787,-0.0854486,-1.28852,-0.783032,0.334645,-0.196697,1.86752,-0.442794,1.11279,-0.158566,-0.306991,-1.87386,-547.184,-508.299,2761.5,815.011,520.894,-1882.04,-2005.36,-819.359,713.376,4167.89,684.524,-60.5022,-3825.74,-379.508,89.5438,-786.665,-2764.26,-1893.05,-1138.15,1330.48,3721.9,-4549.31,2287.66,267.703,-2638.59,-2872.07,3581.78,-691.08,1559.76,-2665.15,-3407.54,531.827,2745.55,-223.138,-3512.96,4957.76,-1430.38,-3610.6,1490.59,-2808.39,2647.86,134.514,1058.66,-2025.01,485.435,3088.29,-408.039,1755.96,-843.537,223.64,-979.537,157.066,-382.401,-1592.82,146.539,630.355,1663.4,390.568,-1767.98,-422.267,-1066.21,3073.98,426.967,1910.6,-1257.09,-400.344,-1141.72,499.265,-2604.22,-1076.11,-4120.46,-2216.12,-5824.17,-626.233,4606.2,242.817,3643.23,1542.24,2193.71,656.864,865.569,271.498,-601.193,3442.11,1343.81,-669.027,-589.169,-124.323,-568.395,1995.34,2199.27,3168.19,1360.03,-1589.59,215.181,-2315.43,-552.459,2949.46,968.289,-1405.52
-250354,0,1,0,1,1,250410,-0.384764,0.00591807,1.98251,0.65987,0.194549,-1.62464,-1.32884,-0.638008,0.776036,1.76188,-0.149657,0.116447,-1.54277,-0.0636614,0.2482,-1.00728,-1.59481,-1.01706,-0.127135,0.559175,1.40119,-1.61276,1.8305,-0.0898098,-1.26576,-1.76124,1.23195,-0.269686,1.22789,-1.59845,-1.56077,0.458786,1.996,-0.185011,-1.75004,1.38731,-0.797919,-1.56933,0.936032,-1.67351,1.35279,0.444837,1.42627,-1.3104,-0.0724454,0.89088,-0.393547,0.886616,0.0264761,-0.478673,-1.03596,0.226382,0.0675763,-1.26799,0.156639,-0.0321617,0.998724,0.212245,-0.63784,-0.775643,-0.788799,1.94885,1.21166,0.828242,-0.92643,-0.62419,-1.08532,0.0134659,-0.922084,-1.04397,-1.82062,-0.720654,-1.94471,-0.376988,1.76676,-0.594025,1.17955,0.313105,1.16384,0.0323358,0.112372,0.276904,0.173359,1.84303,0.871915,-1.30925,-0.819472,-0.271119,0.144731,1.18899,1.07535,1.68402,1.67163,-0.91779,-0.253471,-1.68299,-0.374937,1.42931,0.855572,-1.19532,-1.52625,0.747457,-0.205684,-1.84906,-1.22787,-0.36769,-1.623,-1.34739,-0.352075,-0.267913,-0.710581,1.44347,-1.18565,0.266915,-1.57113,-1.27281,-0.390634,-1.17269,0.485516,-0.721505,-2.02986,-1.03868,-0.524548,0.985673,-0.215669,-1.98693,1.01008,0.187966,-0.631863,-0.891205,0.554736,-0.885518,1.44152,-1.70303,-0.050673,-0.907162,0.5031,0.441326,1.54719,0.427806,0.298994,1.24256,-0.0769191,0.0314272,0.527166,0.3511,0.872122,1.06403,-1.61663,1.20788,0.211859,0.289734,0.0814952,0.613296,-0.361668,0.591255,0.630763,-0.625597,0.0229431,-2.6456,-0.458146,-2.34666,-1.67455,-0.0536084,-0.410313,0.0435119,-1.72388,-1.73692,-1.68151,-0.125791,-0.116457,-2.0149,-1.41798,0.629571,-0.835377,-0.827059,-1.13664,-0.659936,0.274933,-0.00421376,0.465104,0.729779,0.347469,-1.84468,0.735805,1.06946,-1.07558,1.97333,-0.561305,0.0127941,0.601873,0.886798,-1.48607,0.782823,0.18191,-0.824473,0.660539,1.997,-0.900038,0.198788,-547.184,-508.299,2761.5,815.011,520.894,-1882.04,-2005.36,-819.359,713.376,4167.89,684.524,-60.5022,-3825.74,-379.508,89.5438,-786.665,-2764.26,-1893.05,-1138.15,1330.48,3721.9,-4549.31,2287.66,267.703,-2638.59,-2872.07,3581.78,-691.08,1559.76,-2665.15,-3407.54,531.827,2745.55,-223.138,-3512.96,4957.76,-1430.38,-3610.6,1490.59,-2808.39,2647.86,134.514,1058.66,-2025.01,485.435,3088.29,-408.039,1755.96,-843.537,223.64,-979.537,157.066,-382.401,-1592.82,146.539,630.355,1663.4,390.568,-1767.98,-422.267,-1066.21,3073.98,426.967,1910.6,-1257.09,-400.344,-1141.72,499.265,-2604.22,-1076.11,-4120.46,-2216.12,-5824.17,-626.233,4606.2,242.817,3643.23,1542.24,2193.71,656.864,865.569,271.498,-601.193,3442.11,1343.81,-669.027,-589.169,-124.323,-568.395,1995.34,2199.27,3168.19,1360.03,-1589.59,215.181,-2315.43,-552.459,2949.46,968.289,-1405.52
-250354,0,1,0,1,1,250403,-0.384764,0.00591807,1.98251,0.65987,0.194549,-1.62464,-1.32884,-0.638008,0.776036,1.76188,-0.149657,0.116447,-1.54277,-0.0636614,0.2482,-1.00728,-1.59481,-1.01706,-0.127135,0.559175,1.40119,-1.61276,1.8305,-0.0898098,-1.26576,-1.76124,1.23195,-0.269686,1.22789,-1.59845,-1.56077,0.458786,1.996,-0.185011,-1.75004,1.38731,-0.797919,-1.56933,0.936032,-1.67351,1.35279,0.444837,1.42627,-1.3104,-0.0724454,0.89088,-0.393547,0.886616,0.0264761,-0.478673,-1.03596,0.226382,0.0675763,-1.26799,0.156639,-0.0321617,0.998724,0.212245,-0.63784,-0.775643,-0.788799,1.94885,1.21166,0.828242,-0.92643,-0.62419,-1.08532,0.0134659,-0.922084,-1.04397,-1.82062,-0.720654,-1.94471,-0.376988,1.76676,-0.594025,1.17955,0.313105,1.16384,0.0323358,0.112372,0.276904,0.173359,1.84303,0.871915,-1.30925,-0.819472,-0.271119,0.144731,1.18899,1.07535,1.68402,1.67163,-0.91779,-0.253471,-1.68299,-0.374937,1.42931,0.855572,-1.19532,0.0704141,-0.417413,0.693081,-1.5748,-0.0152364,-1.49936,0.803882,-0.166878,-0.386463,-1.08054,1.59496,0.853897,0.129943,-0.175904,0.174378,-1.26576,0.930096,-1.36058,0.130633,0.41966,-1.17697,-0.536873,1.45761,0.113674,0.634902,-1.08724,-0.714787,-1.56748,-1.03305,-0.82503,0.954433,1.18844,-1.42281,-1.07831,1.36152,0.6763,-0.434176,-1.39676,0.85422,0.663775,1.64931,0.847225,1.85153,-0.648583,0.304099,0.630191,-0.411194,1.25963,-0.897262,0.454155,-0.814546,0.946377,0.208258,0.61749,1.00846,-1.14894,-0.475847,-0.196257,-0.995493,-0.606524,1.26501,0.779738,1.23455,-0.243802,0.876155,2.45901,0.935919,0.0433564,0.661728,0.249837,-0.322483,0.332754,1.56881,0.756519,-2.10248,1.20796,0.911199,-0.737245,-0.34593,-0.724861,1.56903,-1.52745,0.353826,-0.711731,-0.127789,1.26236,-0.335167,1.1935,0.689067,-2.13552,-1.08267,-0.0718461,-2.15721,-0.269021,0.2445,-0.732542,0.721693,-0.912087,0.219827,-0.367852,-547.184,-508.299,2761.5,815.011,520.894,-1882.04,-2005.36,-819.359,713.376,4167.89,684.524,-60.5022,-3825.74,-379.508,89.5438,-786.665,-2764.26,-1893.05,-1138.15,1330.48,3721.9,-4549.31,2287.66,267.703,-2638.59,-2872.07,3581.78,-691.08,1559.76,-2665.15,-3407.54,531.827,2745.55,-223.138,-3512.96,4957.76,-1430.38,-3610.6,1490.59,-2808.39,2647.86,134.514,1058.66,-2025.01,485.435,3088.29,-408.039,1755.96,-843.537,223.64,-979.537,157.066,-382.401,-1592.82,146.539,630.355,1663.4,390.568,-1767.98,-422.267,-1066.21,3073.98,426.967,1910.6,-1257.09,-400.344,-1141.72,499.265,-2604.22,-1076.11,-4120.46,-2216.12,-5824.17,-626.233,4606.2,242.817,3643.23,1542.24,2193.71,656.864,865.569,271.498,-601.193,3442.11,1343.81,-669.027,-589.169,-124.323,-568.395,1995.34,2199.27,3168.19,1360.03,-1589.59,215.181,-2315.43,-552.459,2949.46,968.289,-1405.52
-250354,0,1,0,1,1,250402,-0.384764,0.00591807,1.98251,0.65987,0.194549,-1.62464,-1.32884,-0.638008,0.776036,1.76188,-0.149657,0.116447,-1.54277,-0.0636614,0.2482,-1.00728,-1.59481,-1.01706,-0.127135,0.559175,1.40119,-1.61276,1.8305,-0.0898098,-1.26576,-1.76124,1.23195,-0.269686,1.22789,-1.59845,-1.56077,0.458786,1.996,-0.185011,-1.75004,1.38731,-0.797919,-1.56933,0.936032,-1.67351,1.35279,0.444837,1.42627,-1.3104,-0.0724454,0.89088,-0.393547,0.886616,0.0264761,-0.478673,-1.03596,0.226382,0.0675763,-1.26799,0.156639,-0.0321617,0.998724,0.212245,-0.63784,-0.775643,-0.788799,1.94885,1.21166,0.828242,-0.92643,-0.62419,-1.08532,0.0134659,-0.922084,-1.04397,-1.82062,-0.720654,-1.94471,-0.376988,1.76676,-0.594025,1.17955,0.313105,1.16384,0.0323358,0.112372,0.276904,0.173359,1.84303,0.871915,-1.30925,-0.819472,-0.271119,0.144731,1.18899,1.07535,1.68402,1.67163,-0.91779,-0.253471,-1.68299,-0.374937,1.42931,0.855572,-1.19532,-2.01637,0.169209,0.801221,1.21453,0.486631,2.92834,-2.74354,-0.581143,-0.58525,-0.0169308,-0.757024,-0.193629,0.258014,0.3073,0.63334,-0.249469,-0.588534,0.789243,0.349275,-0.504968,-1.7609,0.277694,-0.433518,1.00461,-0.140282,-0.578605,0.756189,-0.81186,-1.29535,-0.385711,-1.39752,-0.242838,0.542165,0.0216964,0.14828,-0.00204953,0.388395,-0.580059,-1.78666,-0.0149472,0.784602,-1.29104,-0.0392756,-0.660802,0.814215,-0.508418,0.163332,0.145209,0.420519,-0.663872,-1.54693,0.429251,-0.561553,1.68649,-0.920942,-2.5278,-0.80146,-0.525137,-0.547741,-0.704905,1.57303,1.18033,0.470764,0.396112,-0.592252,0.349812,0.201792,-1.36873,-0.163602,0.178703,0.0975302,-0.829078,-0.416303,-0.668868,0.104214,-0.331912,0.400928,1.34531,0.785078,-1.21658,-1.11004,-0.255949,-0.985042,0.242835,-1.05895,-0.812501,-0.664916,3.3144,0.968683,0.408949,0.750881,0.80367,0.918714,0.952057,0.310008,-1.07685,1.19611,-0.913058,0.55883,1.28411,-547.184,-508.299,2761.5,815.011,520.894,-1882.04,-2005.36,-819.359,713.376,4167.89,684.524,-60.5022,-3825.74,-379.508,89.5438,-786.665,-2764.26,-1893.05,-1138.15,1330.48,3721.9,-4549.31,2287.66,267.703,-2638.59,-2872.07,3581.78,-691.08,1559.76,-2665.15,-3407.54,531.827,2745.55,-223.138,-3512.96,4957.76,-1430.38,-3610.6,1490.59,-2808.39,2647.86,134.514,1058.66,-2025.01,485.435,3088.29,-408.039,1755.96,-843.537,223.64,-979.537,157.066,-382.401,-1592.82,146.539,630.355,1663.4,390.568,-1767.98,-422.267,-1066.21,3073.98,426.967,1910.6,-1257.09,-400.344,-1141.72,499.265,-2604.22,-1076.11,-4120.46,-2216.12,-5824.17,-626.233,4606.2,242.817,3643.23,1542.24,2193.71,656.864,865.569,271.498,-601.193,3442.11,1343.81,-669.027,-589.169,-124.323,-568.395,1995.34,2199.27,3168.19,1360.03,-1589.59,215.181,-2315.43,-552.459,2949.46,968.289,-1405.52
-250354,0,1,0,1,1,250410,-0.384764,0.00591807,1.98251,0.65987,0.194549,-1.62464,-1.32884,-0.638008,0.776036,1.76188,-0.149657,0.116447,-1.54277,-0.0636614,0.2482,-1.00728,-1.59481,-1.01706,-0.127135,0.559175,1.40119,-1.61276,1.8305,-0.0898098,-1.26576,-1.76124,1.23195,-0.269686,1.22789,-1.59845,-1.56077,0.458786,1.996,-0.185011,-1.75004,1.38731,-0.797919,-1.56933,0.936032,-1.67351,1.35279,0.444837,1.42627,-1.3104,-0.0724454,0.89088,-0.393547,0.886616,0.0264761,-0.478673,-1.03596,0.226382,0.0675763,-1.26799,0.156639,-0.0321617,0.998724,0.212245,-0.63784,-0.775643,-0.788799,1.94885,1.21166,0.828242,-0.92643,-0.62419,-1.08532,0.0134659,-0.922084,-1.04397,-1.82062,-0.720654,-1.94471,-0.376988,1.76676,-0.594025,1.17955,0.313105,1.16384,0.0323358,0.112372,0.276904,0.173359,1.84303,0.871915,-1.30925,-0.819472,-0.271119,0.144731,1.18899,1.07535,1.68402,1.67163,-0.91779,-0.253471,-1.68299,-0.374937,1.42931,0.855572,-1.19532,-1.75964,1.28811,-0.947524,0.850339,-0.398251,-1.19899,-0.907587,-1.61246,-0.529243,1.44438,-0.772602,1.80991,1.0595,1.7509,1.07951,0.86836,0.695391,-0.207195,1.4153,0.476821,1.82827,-1.18116,0.0400857,2.19828,-0.44101,0.203625,-0.852655,-1.33018,0.62667,-2.17783,-0.113117,-1.39703,0.813629,-1.08006,0.314207,1.36157,0.0692936,-0.0639687,1.23232,-0.93371,-0.0811884,0.241715,0.880329,0.553614,-0.127759,-1.08086,0.873053,1.78403,-1.05721,-0.435403,1.20937,0.129234,1.25886,0.260768,0.739597,1.6595,0.24263,1.86442,0.129647,0.747594,-2.02808,-0.253777,-2.03948,-0.93071,1.31481,-0.191923,-0.85062,-1.58932,-0.00507002,0.549091,0.938099,0.922899,-0.229141,-1.12807,1.22219,1.65674,0.866866,-0.446523,-0.664704,0.166959,1.33095,-1.17191,-0.949287,0.250614,-0.971756,0.390367,1.74979,0.420677,-2.08313,0.0252146,-0.749822,0.442154,-0.287049,-0.284988,0.284282,-0.481014,0.686471,1.4414,-0.00346512,0.997138,-547.184,-508.299,2761.5,815.011,520.894,-1882.04,-2005.36,-819.359,713.376,4167.89,684.524,-60.5022,-3825.74,-379.508,89.5438,-786.665,-2764.26,-1893.05,-1138.15,1330.48,3721.9,-4549.31,2287.66,267.703,-2638.59,-2872.07,3581.78,-691.08,1559.76,-2665.15,-3407.54,531.827,2745.55,-223.138,-3512.96,4957.76,-1430.38,-3610.6,1490.59,-2808.39,2647.86,134.514,1058.66,-2025.01,485.435,3088.29,-408.039,1755.96,-843.537,223.64,-979.537,157.066,-382.401,-1592.82,146.539,630.355,1663.4,390.568,-1767.98,-422.267,-1066.21,3073.98,426.967,1910.6,-1257.09,-400.344,-1141.72,499.265,-2604.22,-1076.11,-4120.46,-2216.12,-5824.17,-626.233,4606.2,242.817,3643.23,1542.24,2193.71,656.864,865.569,271.498,-601.193,3442.11,1343.81,-669.027,-589.169,-124.323,-568.395,1995.34,2199.27,3168.19,1360.03,-1589.59,215.181,-2315.43,-552.459,2949.46,968.289,-1405.52
-250354,0,1,0,1,1,250403,-0.384764,0.00591807,1.98251,0.65987,0.194549,-1.62464,-1.32884,-0.638008,0.776036,1.76188,-0.149657,0.116447,-1.54277,-0.0636614,0.2482,-1.00728,-1.59481,-1.01706,-0.127135,0.559175,1.40119,-1.61276,1.8305,-0.0898098,-1.26576,-1.76124,1.23195,-0.269686,1.22789,-1.59845,-1.56077,0.458786,1.996,-0.185011,-1.75004,1.38731,-0.797919,-1.56933,0.936032,-1.67351,1.35279,0.444837,1.42627,-1.3104,-0.0724454,0.89088,-0.393547,0.886616,0.0264761,-0.478673,-1.03596,0.226382,0.0675763,-1.26799,0.156639,-0.0321617,0.998724,0.212245,-0.63784,-0.775643,-0.788799,1.94885,1.21166,0.828242,-0.92643,-0.62419,-1.08532,0.0134659,-0.922084,-1.04397,-1.82062,-0.720654,-1.94471,-0.376988,1.76676,-0.594025,1.17955,0.313105,1.16384,0.0323358,0.112372,0.276904,0.173359,1.84303,0.871915,-1.30925,-0.819472,-0.271119,0.144731,1.18899,1.07535,1.68402,1.67163,-0.91779,-0.253471,-1.68299,-0.374937,1.42931,0.855572,-1.19532,2.00811,0.600019,-0.306861,-0.159012,-0.671447,2.04612,-0.306111,-2.03895,-0.157507,-0.261071,0.961896,0.917035,1.35586,-1.22527,-0.21392,-0.984607,0.440077,0.98469,-0.701171,0.147429,-0.491577,-1.18277,-0.0595702,-0.37584,-0.66311,1.98459,0.0173803,-0.375779,0.471628,0.132616,-1.21849,-1.4806,-0.618111,0.16891,-2.22117,-1.56722,-0.629474,-1.02353,2.18545,0.380431,0.0654492,1.0559,-1.07259,-0.31733,0.514544,-1.29825,-1.32426,-0.47546,2.10814,0.40747,-0.540961,-1.15298,0.605341,-0.318044,1.79934,-1.02152,0.551804,0.184166,-0.0772234,-0.0477845,1.04277,0.919757,-2.24324,-0.939775,-0.76085,1.13987,-0.474635,-1.44334,-0.278758,1.41885,0.208116,-1.05367,0.0635402,-1.74913,0.465111,-0.854434,-0.544832,-0.3825,-0.727856,-0.874343,0.851283,0.408804,0.0760529,1.35306,-1.01963,0.598742,0.66046,0.434101,-0.154492,-1.0079,-0.894104,0.199276,-0.798721,-1.39904,1.34499,-0.448251,-0.724256,-0.486724,0.0364102,-0.850529,-547.184,-508.299,2761.5,815.011,520.894,-1882.04,-2005.36,-819.359,713.376,4167.89,684.524,-60.5022,-3825.74,-379.508,89.5438,-786.665,-2764.26,-1893.05,-1138.15,1330.48,3721.9,-4549.31,2287.66,267.703,-2638.59,-2872.07,3581.78,-691.08,1559.76,-2665.15,-3407.54,531.827,2745.55,-223.138,-3512.96,4957.76,-1430.38,-3610.6,1490.59,-2808.39,2647.86,134.514,1058.66,-2025.01,485.435,3088.29,-408.039,1755.96,-843.537,223.64,-979.537,157.066,-382.401,-1592.82,146.539,630.355,1663.4,390.568,-1767.98,-422.267,-1066.21,3073.98,426.967,1910.6,-1257.09,-400.344,-1141.72,499.265,-2604.22,-1076.11,-4120.46,-2216.12,-5824.17,-626.233,4606.2,242.817,3643.23,1542.24,2193.71,656.864,865.569,271.498,-601.193,3442.11,1343.81,-669.027,-589.169,-124.323,-568.395,1995.34,2199.27,3168.19,1360.03,-1589.59,215.181,-2315.43,-552.459,2949.46,968.289,-1405.52
-250354,0,1,0,1,1,250426,-0.384764,0.00591807,1.98251,0.65987,0.194549,-1.62464,-1.32884,-0.638008,0.776036,1.76188,-0.149657,0.116447,-1.54277,-0.0636614,0.2482,-1.00728,-1.59481,-1.01706,-0.127135,0.559175,1.40119,-1.61276,1.8305,-0.0898098,-1.26576,-1.76124,1.23195,-0.269686,1.22789,-1.59845,-1.56077,0.458786,1.996,-0.185011,-1.75004,1.38731,-0.797919,-1.56933,0.936032,-1.67351,1.35279,0.444837,1.42627,-1.3104,-0.0724454,0.89088,-0.393547,0.886616,0.0264761,-0.478673,-1.03596,0.226382,0.0675763,-1.26799,0.156639,-0.0321617,0.998724,0.212245,-0.63784,-0.775643,-0.788799,1.94885,1.21166,0.828242,-0.92643,-0.62419,-1.08532,0.0134659,-0.922084,-1.04397,-1.82062,-0.720654,-1.94471,-0.376988,1.76676,-0.594025,1.17955,0.313105,1.16384,0.0323358,0.112372,0.276904,0.173359,1.84303,0.871915,-1.30925,-0.819472,-0.271119,0.144731,1.18899,1.07535,1.68402,1.67163,-0.91779,-0.253471,-1.68299,-0.374937,1.42931,0.855572,-1.19532,-0.115101,-1.40291,1.03759,0.346684,-1.00484,-0.74952,-3.00364,0.63674,1.02385,-2.72828,-0.521931,1.05768,1.12701,0.276193,0.353131,-0.579073,0.498669,1.0202,2.02109,-1.1905,-1.04925,-1.04708,1.00748,-2.23949,1.85136,-0.677192,-1.57803,1.31135,-2.2782,0.613147,-1.98528,1.20712,0.882085,-0.421544,-1.64528,-0.594653,-1.12155,-0.121462,-0.423677,0.615548,0.290693,-1.03625,0.783474,0.976944,2.43838,1.23517,-0.654834,-0.117763,0.463207,0.626944,1.96914,0.346289,1.26104,0.000305307,1.64464,1.5309,-0.353217,1.27893,1.63179,-1.9606,1.04875,-1.82824,0.247654,-0.477312,0.0865002,1.53924,0.406431,-1.29024,0.363739,-1.13646,1.00535,2.23793,0.347814,-0.515976,1.94915,0.730252,0.723917,0.86435,-1.50842,-1.6317,0.777443,-0.00307522,-0.721726,0.52626,-0.639271,-0.613828,0.875935,0.495355,0.45813,-1.13914,0.601003,0.425622,-1.1605,2.34365,-1.53382,-0.72909,2.01941,-0.697354,0.785876,-1.17074,-547.184,-508.299,2761.5,815.011,520.894,-1882.04,-2005.36,-819.359,713.376,4167.89,684.524,-60.5022,-3825.74,-379.508,89.5438,-786.665,-2764.26,-1893.05,-1138.15,1330.48,3721.9,-4549.31,2287.66,267.703,-2638.59,-2872.07,3581.78,-691.08,1559.76,-2665.15,-3407.54,531.827,2745.55,-223.138,-3512.96,4957.76,-1430.38,-3610.6,1490.59,-2808.39,2647.86,134.514,1058.66,-2025.01,485.435,3088.29,-408.039,1755.96,-843.537,223.64,-979.537,157.066,-382.401,-1592.82,146.539,630.355,1663.4,390.568,-1767.98,-422.267,-1066.21,3073.98,426.967,1910.6,-1257.09,-400.344,-1141.72,499.265,-2604.22,-1076.11,-4120.46,-2216.12,-5824.17,-626.233,4606.2,242.817,3643.23,1542.24,2193.71,656.864,865.569,271.498,-601.193,3442.11,1343.81,-669.027,-589.169,-124.323,-568.395,1995.34,2199.27,3168.19,1360.03,-1589.59,215.181,-2315.43,-552.459,2949.46,968.289,-1405.52
-250354,0,1,0,1,1,250404,-0.384764,0.00591807,1.98251,0.65987,0.194549,-1.62464,-1.32884,-0.638008,0.776036,1.76188,-0.149657,0.116447,-1.54277,-0.0636614,0.2482,-1.00728,-1.59481,-1.01706,-0.127135,0.559175,1.40119,-1.61276,1.8305,-0.0898098,-1.26576,-1.76124,1.23195,-0.269686,1.22789,-1.59845,-1.56077,0.458786,1.996,-0.185011,-1.75004,1.38731,-0.797919,-1.56933,0.936032,-1.67351,1.35279,0.444837,1.42627,-1.3104,-0.0724454,0.89088,-0.393547,0.886616,0.0264761,-0.478673,-1.03596,0.226382,0.0675763,-1.26799,0.156639,-0.0321617,0.998724,0.212245,-0.63784,-0.775643,-0.788799,1.94885,1.21166,0.828242,-0.92643,-0.62419,-1.08532,0.0134659,-0.922084,-1.04397,-1.82062,-0.720654,-1.94471,-0.376988,1.76676,-0.594025,1.17955,0.313105,1.16384,0.0323358,0.112372,0.276904,0.173359,1.84303,0.871915,-1.30925,-0.819472,-0.271119,0.144731,1.18899,1.07535,1.68402,1.67163,-0.91779,-0.253471,-1.68299,-0.374937,1.42931,0.855572,-1.19532,0.482051,-1.30661,-1.20913,-0.769842,-0.083814,-1.80651,1.50863,-0.941688,-1.55108,1.02638,-1.92265,-0.0620071,-0.282321,-0.486273,-1.29773,0.8366,-0.772755,-0.295091,-0.846758,-0.265424,-0.118369,1.63235,-0.505979,-2.08681,0.838858,-0.737265,-0.904733,-0.901682,-0.591177,-0.13352,0.933942,0.0192316,0.558359,-0.840381,2.57027,-0.654285,-0.440846,0.232846,-0.606035,0.0614533,-0.114059,1.94155,0.354193,-0.981225,-1.84505,-0.0385145,0.226913,-0.224438,0.965566,1.48156,0.884451,-1.39495,-0.189927,-0.525707,-0.126946,0.437165,-0.068118,-1.44633,0.149075,-1.89305,0.0565941,-0.726406,1.34148,-0.415685,-1.70475,-0.180221,0.6084,0.107829,1.13241,1.43065,-0.392504,2.73297,0.113517,0.144723,0.716715,-1.77624,-1.46079,-1.15354,0.152451,-0.524504,0.33114,1.59131,-0.336364,-0.11055,1.13076,-0.186549,-0.456982,0.991407,-0.999054,-0.0141578,-1.19785,-0.24748,0.79455,0.795285,-1.18964,1.37158,-0.55546,0.118301,0.377246,-0.743821,-547.184,-508.299,2761.5,815.011,520.894,-1882.04,-2005.36,-819.359,713.376,4167.89,684.524,-60.5022,-3825.74,-379.508,89.5438,-786.665,-2764.26,-1893.05,-1138.15,1330.48,3721.9,-4549.31,2287.66,267.703,-2638.59,-2872.07,3581.78,-691.08,1559.76,-2665.15,-3407.54,531.827,2745.55,-223.138,-3512.96,4957.76,-1430.38,-3610.6,1490.59,-2808.39,2647.86,134.514,1058.66,-2025.01,485.435,3088.29,-408.039,1755.96,-843.537,223.64,-979.537,157.066,-382.401,-1592.82,146.539,630.355,1663.4,390.568,-1767.98,-422.267,-1066.21,3073.98,426.967,1910.6,-1257.09,-400.344,-1141.72,499.265,-2604.22,-1076.11,-4120.46,-2216.12,-5824.17,-626.233,4606.2,242.817,3643.23,1542.24,2193.71,656.864,865.569,271.498,-601.193,3442.11,1343.81,-669.027,-589.169,-124.323,-568.395,1995.34,2199.27,3168.19,1360.03,-1589.59,215.181,-2315.43,-552.459,2949.46,968.289,-1405.52
-250354,0,1,0,1,1,250406,-0.384764,0.00591807,1.98251,0.65987,0.194549,-1.62464,-1.32884,-0.638008,0.776036,1.76188,-0.149657,0.116447,-1.54277,-0.0636614,0.2482,-1.00728,-1.59481,-1.01706,-0.127135,0.559175,1.40119,-1.61276,1.8305,-0.0898098,-1.26576,-1.76124,1.23195,-0.269686,1.22789,-1.59845,-1.56077,0.458786,1.996,-0.185011,-1.75004,1.38731,-0.797919,-1.56933,0.936032,-1.67351,1.35279,0.444837,1.42627,-1.3104,-0.0724454,0.89088,-0.393547,0.886616,0.0264761,-0.478673,-1.03596,0.226382,0.0675763,-1.26799,0.156639,-0.0321617,0.998724,0.212245,-0.63784,-0.775643,-0.788799,1.94885,1.21166,0.828242,-0.92643,-0.62419,-1.08532,0.0134659,-0.922084,-1.04397,-1.82062,-0.720654,-1.94471,-0.376988,1.76676,-0.594025,1.17955,0.313105,1.16384,0.0323358,0.112372,0.276904,0.173359,1.84303,0.871915,-1.30925,-0.819472,-0.271119,0.144731,1.18899,1.07535,1.68402,1.67163,-0.91779,-0.253471,-1.68299,-0.374937,1.42931,0.855572,-1.19532,-0.520299,1.04104,0.432746,-0.0383965,-1.56483,0.0479535,1.46924,-0.339941,-0.922515,-0.825731,1.02073,-1.35897,0.549959,1.51842,-0.30933,-1.76227,0.836572,-0.226517,-0.490351,0.55541,-0.449851,0.29138,0.221733,1.29657,1.74526,-0.635177,-0.094911,3.13709,-0.491742,-0.447317,-0.0911222,-1.13089,0.281079,1.7585,1.5985,-0.0727754,-1.37816,-1.0175,-0.15868,-0.142228,1.40186,0.641253,-0.941138,1.88181,-1.81817,-1.07751,0.0482145,-0.361614,0.320446,-1.09944,-0.0375104,1.57761,-1.06309,0.596506,0.503765,-0.544814,-1.61871,1.1666,1.16316,0.462514,-2.20523,0.277765,-2.14989,-1.63057,0.0576564,-1.09788,0.176778,0.994821,0.315165,0.0997067,0.665237,0.573873,-0.548717,-0.925006,0.256864,-0.133577,-0.558958,-0.224968,0.42492,-0.357803,-0.162279,-1.05734,0.117635,-0.655574,-0.731796,-1.61787,1.50753,1.96217,-0.13712,-0.0893947,0.548627,0.0873905,-0.642266,1.50763,0.116413,-0.72316,-0.555202,0.0267139,-1.51103,1.56498,-547.184,-508.299,2761.5,815.011,520.894,-1882.04,-2005.36,-819.359,713.376,4167.89,684.524,-60.5022,-3825.74,-379.508,89.5438,-786.665,-2764.26,-1893.05,-1138.15,1330.48,3721.9,-4549.31,2287.66,267.703,-2638.59,-2872.07,3581.78,-691.08,1559.76,-2665.15,-3407.54,531.827,2745.55,-223.138,-3512.96,4957.76,-1430.38,-3610.6,1490.59,-2808.39,2647.86,134.514,1058.66,-2025.01,485.435,3088.29,-408.039,1755.96,-843.537,223.64,-979.537,157.066,-382.401,-1592.82,146.539,630.355,1663.4,390.568,-1767.98,-422.267,-1066.21,3073.98,426.967,1910.6,-1257.09,-400.344,-1141.72,499.265,-2604.22,-1076.11,-4120.46,-2216.12,-5824.17,-626.233,4606.2,242.817,3643.23,1542.24,2193.71,656.864,865.569,271.498,-601.193,3442.11,1343.81,-669.027,-589.169,-124.323,-568.395,1995.34,2199.27,3168.19,1360.03,-1589.59,215.181,-2315.43,-552.459,2949.46,968.289,-1405.52
-250354,0,1,0,1,1,250404,-0.384764,0.00591807,1.98251,0.65987,0.194549,-1.62464,-1.32884,-0.638008,0.776036,1.76188,-0.149657,0.116447,-1.54277,-0.0636614,0.2482,-1.00728,-1.59481,-1.01706,-0.127135,0.559175,1.40119,-1.61276,1.8305,-0.0898098,-1.26576,-1.76124,1.23195,-0.269686,1.22789,-1.59845,-1.56077,0.458786,1.996,-0.185011,-1.75004,1.38731,-0.797919,-1.56933,0.936032,-1.67351,1.35279,0.444837,1.42627,-1.3104,-0.0724454,0.89088,-0.393547,0.886616,0.0264761,-0.478673,-1.03596,0.226382,0.0675763,-1.26799,0.156639,-0.0321617,0.998724,0.212245,-0.63784,-0.775643,-0.788799,1.94885,1.21166,0.828242,-0.92643,-0.62419,-1.08532,0.0134659,-0.922084,-1.04397,-1.82062,-0.720654,-1.94471,-0.376988,1.76676,-0.594025,1.17955,0.313105,1.16384,0.0323358,0.112372,0.276904,0.173359,1.84303,0.871915,-1.30925,-0.819472,-0.271119,0.144731,1.18899,1.07535,1.68402,1.67163,-0.91779,-0.253471,-1.68299,-0.374937,1.42931,0.855572,-1.19532,-0.555394,0.284253,-2.42659,0.00561902,2.48026,-0.744094,0.948231,-1.11352,-0.303357,-1.43725,-1.98893,-1.3306,-0.658499,-1.17771,-0.636607,-0.955696,-1.05117,0.111694,0.39495,1.25938,-0.269728,2.06928,-1.35438,-0.390389,-0.908416,0.842123,-0.337434,-0.382253,0.450004,1.04092,-1.61018,-1.01058,-0.688165,-1.62479,-0.587382,-0.177488,-0.900874,-0.796489,-0.545776,-1.30609,-0.811339,-1.01569,0.986277,-0.478975,-0.452586,-1.38294,-0.78081,0.509815,-1.33688,1.7069,1.19092,-0.339102,-0.853873,0.263168,0.18402,-0.00313901,-1.46158,-1.75761,-1.2247,0.215169,0.527809,1.42304,0.197669,-0.610576,-0.756479,1.70242,-1.50097,1.32935,0.785124,0.222572,1.4902,0.0570025,0.180556,-0.757214,0.248278,-1.82568,0.706768,0.867968,0.56611,1.63653,-0.413635,-0.318799,0.571804,0.43672,0.449664,-0.11186,-0.466744,-0.190043,-0.443071,-0.476339,1.7582,0.018705,1.19915,1.04041,0.659161,0.321781,1.07219,0.0225366,0.538536,0.244526,-547.184,-508.299,2761.5,815.011,520.894,-1882.04,-2005.36,-819.359,713.376,4167.89,684.524,-60.5022,-3825.74,-379.508,89.5438,-786.665,-2764.26,-1893.05,-1138.15,1330.48,3721.9,-4549.31,2287.66,267.703,-2638.59,-2872.07,3581.78,-691.08,1559.76,-2665.15,-3407.54,531.827,2745.55,-223.138,-3512.96,4957.76,-1430.38,-3610.6,1490.59,-2808.39,2647.86,134.514,1058.66,-2025.01,485.435,3088.29,-408.039,1755.96,-843.537,223.64,-979.537,157.066,-382.401,-1592.82,146.539,630.355,1663.4,390.568,-1767.98,-422.267,-1066.21,3073.98,426.967,1910.6,-1257.09,-400.344,-1141.72,499.265,-2604.22,-1076.11,-4120.46,-2216.12,-5824.17,-626.233,4606.2,242.817,3643.23,1542.24,2193.71,656.864,865.569,271.498,-601.193,3442.11,1343.81,-669.027,-589.169,-124.323,-568.395,1995.34,2199.27,3168.19,1360.03,-1589.59,215.181,-2315.43,-552.459,2949.46,968.289,-1405.52
-250354,0,1,0,1,1,250408,-0.384764,0.00591807,1.98251,0.65987,0.194549,-1.62464,-1.32884,-0.638008,0.776036,1.76188,-0.149657,0.116447,-1.54277,-0.0636614,0.2482,-1.00728,-1.59481,-1.01706,-0.127135,0.559175,1.40119,-1.61276,1.8305,-0.0898098,-1.26576,-1.76124,1.23195,-0.269686,1.22789,-1.59845,-1.56077,0.458786,1.996,-0.185011,-1.75004,1.38731,-0.797919,-1.56933,0.936032,-1.67351,1.35279,0.444837,1.42627,-1.3104,-0.0724454,0.89088,-0.393547,0.886616,0.0264761,-0.478673,-1.03596,0.226382,0.0675763,-1.26799,0.156639,-0.0321617,0.998724,0.212245,-0.63784,-0.775643,-0.788799,1.94885,1.21166,0.828242,-0.92643,-0.62419,-1.08532,0.0134659,-0.922084,-1.04397,-1.82062,-0.720654,-1.94471,-0.376988,1.76676,-0.594025,1.17955,0.313105,1.16384,0.0323358,0.112372,0.276904,0.173359,1.84303,0.871915,-1.30925,-0.819472,-0.271119,0.144731,1.18899,1.07535,1.68402,1.67163,-0.91779,-0.253471,-1.68299,-0.374937,1.42931,0.855572,-1.19532,0.391642,0.0517301,0.183329,-0.9236,-0.507271,0.651636,-1.33951,-0.112166,1.52145,-0.0529076,1.6636,-1.09762,-0.0621216,0.917544,-0.79658,0.903535,-1.33449,-0.412028,-1.69655,1.15125,-1.44523,-0.00642525,0.596733,0.326848,-0.163589,0.523214,-1.18865,1.64975,-0.955372,-0.807326,1.2969,0.0439189,1.30233,0.98499,0.345539,-0.689621,-0.981878,-0.42947,-1.01233,0.393203,0.84874,1.71487,-1.50683,0.635104,0.75911,-0.201034,-1.03595,-0.299563,1.57976,-1.07667,0.131877,0.959796,0.721199,-1.75671,-0.655504,1.18421,-1.3267,1.36715,1.27967,0.266123,-1.46553,-1.09672,-1.03906,0.671024,1.39265,3.86074,-0.0595306,-0.408025,1.05442,0.525593,1.34689,0.588086,-1.92975,-1.70536,-1.69706,-0.29771,-1.0546,0.258494,0.857052,0.923563,-0.996829,-0.0596352,0.264036,2.21212,0.394221,-0.123595,-0.24573,0.618109,-0.821411,-0.259927,-1.53539,0.226581,-0.0132135,-0.132581,-0.380365,1.7762,-0.133184,0.307347,0.0338763,0.262987,-547.184,-508.299,2761.5,815.011,520.894,-1882.04,-2005.36,-819.359,713.376,4167.89,684.524,-60.5022,-3825.74,-379.508,89.5438,-786.665,-2764.26,-1893.05,-1138.15,1330.48,3721.9,-4549.31,2287.66,267.703,-2638.59,-2872.07,3581.78,-691.08,1559.76,-2665.15,-3407.54,531.827,2745.55,-223.138,-3512.96,4957.76,-1430.38,-3610.6,1490.59,-2808.39,2647.86,134.514,1058.66,-2025.01,485.435,3088.29,-408.039,1755.96,-843.537,223.64,-979.537,157.066,-382.401,-1592.82,146.539,630.355,1663.4,390.568,-1767.98,-422.267,-1066.21,3073.98,426.967,1910.6,-1257.09,-400.344,-1141.72,499.265,-2604.22,-1076.11,-4120.46,-2216.12,-5824.17,-626.233,4606.2,242.817,3643.23,1542.24,2193.71,656.864,865.569,271.498,-601.193,3442.11,1343.81,-669.027,-589.169,-124.323,-568.395,1995.34,2199.27,3168.19,1360.03,-1589.59,215.181,-2315.43,-552.459,2949.46,968.289,-1405.52
-250354,0,1,0,1,1,250407,-0.384764,0.00591807,1.98251,0.65987,0.194549,-1.62464,-1.32884,-0.638008,0.776036,1.76188,-0.149657,0.116447,-1.54277,-0.0636614,0.2482,-1.00728,-1.59481,-1.01706,-0.127135,0.559175,1.40119,-1.61276,1.8305,-0.0898098,-1.26576,-1.76124,1.23195,-0.269686,1.22789,-1.59845,-1.56077,0.458786,1.996,-0.185011,-1.75004,1.38731,-0.797919,-1.56933,0.936032,-1.67351,1.35279,0.444837,1.42627,-1.3104,-0.0724454,0.89088,-0.393547,0.886616,0.0264761,-0.478673,-1.03596,0.226382,0.0675763,-1.26799,0.156639,-0.0321617,0.998724,0.212245,-0.63784,-0.775643,-0.788799,1.94885,1.21166,0.828242,-0.92643,-0.62419,-1.08532,0.0134659,-0.922084,-1.04397,-1.82062,-0.720654,-1.94471,-0.376988,1.76676,-0.594025,1.17955,0.313105,1.16384,0.0323358,0.112372,0.276904,0.173359,1.84303,0.871915,-1.30925,-0.819472,-0.271119,0.144731,1.18899,1.07535,1.68402,1.67163,-0.91779,-0.253471,-1.68299,-0.374937,1.42931,0.855572,-1.19532,0.0149225,1.39674,0.393042,-1.70227,0.96994,0.307714,-0.792479,0.0280795,0.328046,-1.76159,0.967388,0.864682,0.155622,0.54938,1.37965,-1.02478,-1.07767,1.28146,-0.627051,-1.5821,0.792067,2.97002,-0.65344,0.778325,0.296964,-0.82999,0.585139,1.09935,0.498054,-0.647977,-1.83958,-0.234777,1.3815,-0.295231,0.730497,0.706308,-2.3445,1.48434,-0.830667,-1.53843,1.4566,-1.3673,0.341552,-0.607887,-0.139676,-1.07515,-1.10212,1.19651,1.1591,0.118247,1.64999,-1.50527,-0.180096,-0.855093,1.474,-1.20097,-0.179466,0.698568,-0.283535,-0.728628,-0.594492,-0.386067,0.438801,0.670403,-0.742612,1.67059,-0.23248,-0.337169,1.13005,0.377032,1.57515,-0.178182,-2.39433,-0.614594,0.124772,-1.57546,-1.79398,0.839504,0.584358,1.33938,0.158553,0.0357388,-0.794593,1.12143,-0.573608,0.554723,-0.165082,-0.33274,-0.447065,0.867317,-1.08021,0.290093,0.839188,0.136314,0.458924,-0.979506,-0.19822,1.2902,1.23438,0.54988,-547.184,-508.299,2761.5,815.011,520.894,-1882.04,-2005.36,-819.359,713.376,4167.89,684.524,-60.5022,-3825.74,-379.508,89.5438,-786.665,-2764.26,-1893.05,-1138.15,1330.48,3721.9,-4549.31,2287.66,267.703,-2638.59,-2872.07,3581.78,-691.08,1559.76,-2665.15,-3407.54,531.827,2745.55,-223.138,-3512.96,4957.76,-1430.38,-3610.6,1490.59,-2808.39,2647.86,134.514,1058.66,-2025.01,485.435,3088.29,-408.039,1755.96,-843.537,223.64,-979.537,157.066,-382.401,-1592.82,146.539,630.355,1663.4,390.568,-1767.98,-422.267,-1066.21,3073.98,426.967,1910.6,-1257.09,-400.344,-1141.72,499.265,-2604.22,-1076.11,-4120.46,-2216.12,-5824.17,-626.233,4606.2,242.817,3643.23,1542.24,2193.71,656.864,865.569,271.498,-601.193,3442.11,1343.81,-669.027,-589.169,-124.323,-568.395,1995.34,2199.27,3168.19,1360.03,-1589.59,215.181,-2315.43,-552.459,2949.46,968.289,-1405.52
-250354,0,1,0,1,1,250400,-0.384764,0.00591807,1.98251,0.65987,0.194549,-1.62464,-1.32884,-0.638008,0.776036,1.76188,-0.149657,0.116447,-1.54277,-0.0636614,0.2482,-1.00728,-1.59481,-1.01706,-0.127135,0.559175,1.40119,-1.61276,1.8305,-0.0898098,-1.26576,-1.76124,1.23195,-0.269686,1.22789,-1.59845,-1.56077,0.458786,1.996,-0.185011,-1.75004,1.38731,-0.797919,-1.56933,0.936032,-1.67351,1.35279,0.444837,1.42627,-1.3104,-0.0724454,0.89088,-0.393547,0.886616,0.0264761,-0.478673,-1.03596,0.226382,0.0675763,-1.26799,0.156639,-0.0321617,0.998724,0.212245,-0.63784,-0.775643,-0.788799,1.94885,1.21166,0.828242,-0.92643,-0.62419,-1.08532,0.0134659,-0.922084,-1.04397,-1.82062,-0.720654,-1.94471,-0.376988,1.76676,-0.594025,1.17955,0.313105,1.16384,0.0323358,0.112372,0.276904,0.173359,1.84303,0.871915,-1.30925,-0.819472,-0.271119,0.144731,1.18899,1.07535,1.68402,1.67163,-0.91779,-0.253471,-1.68299,-0.374937,1.42931,0.855572,-1.19532,1.20733,0.528682,0.620047,0.695874,-1.26719,1.23749,-0.151405,0.619302,-0.694427,-0.953892,-0.125542,-0.219271,1.1291,-1.17778,0.616745,-0.228054,-0.211354,0.452981,0.65586,-1.40496,0.943741,0.058453,0.0380349,0.138279,-0.722171,-1.21939,0.969292,-0.486846,1.04934,-0.288142,2.87964,1.20692,-1.98926,-0.621597,0.132259,-1.83727,1.54016,0.528902,0.626085,-0.312013,-2.57879,-0.45386,-1.33912,-0.208401,-0.64994,-0.349143,1.58581,0.0306295,0.0978025,-1.0157,0.436412,1.42171,-0.390703,0.389827,-1.01678,-1.4812,-1.26703,0.0847784,-0.031565,0.717696,-0.541742,-0.0022202,0.584323,0.287568,-2.58298,1.2472,0.0207295,-0.824851,0.973822,-0.33927,0.0240113,0.0909317,-1.1988,-1.61855,2.15448,-0.771247,0.628547,-0.183554,-0.06241,0.397322,0.0950283,0.57298,-0.238984,1.13099,-0.201091,0.0462133,-0.00691236,0.454408,0.742515,-0.467013,-0.55693,-0.412036,-0.718186,-0.499371,-0.41635,0.410104,0.0860033,-2.33451,-0.514888,1.37048,-547.184,-508.299,2761.5,815.011,520.894,-1882.04,-2005.36,-819.359,713.376,4167.89,684.524,-60.5022,-3825.74,-379.508,89.5438,-786.665,-2764.26,-1893.05,-1138.15,1330.48,3721.9,-4549.31,2287.66,267.703,-2638.59,-2872.07,3581.78,-691.08,1559.76,-2665.15,-3407.54,531.827,2745.55,-223.138,-3512.96,4957.76,-1430.38,-3610.6,1490.59,-2808.39,2647.86,134.514,1058.66,-2025.01,485.435,3088.29,-408.039,1755.96,-843.537,223.64,-979.537,157.066,-382.401,-1592.82,146.539,630.355,1663.4,390.568,-1767.98,-422.267,-1066.21,3073.98,426.967,1910.6,-1257.09,-400.344,-1141.72,499.265,-2604.22,-1076.11,-4120.46,-2216.12,-5824.17,-626.233,4606.2,242.817,3643.23,1542.24,2193.71,656.864,865.569,271.498,-601.193,3442.11,1343.81,-669.027,-589.169,-124.323,-568.395,1995.34,2199.27,3168.19,1360.03,-1589.59,215.181,-2315.43,-552.459,2949.46,968.289,-1405.52
-250354,0,1,0,1,1,250405,-0.384764,0.00591807,1.98251,0.65987,0.194549,-1.62464,-1.32884,-0.638008,0.776036,1.76188,-0.149657,0.116447,-1.54277,-0.0636614,0.2482,-1.00728,-1.59481,-1.01706,-0.127135,0.559175,1.40119,-1.61276,1.8305,-0.0898098,-1.26576,-1.76124,1.23195,-0.269686,1.22789,-1.59845,-1.56077,0.458786,1.996,-0.185011,-1.75004,1.38731,-0.797919,-1.56933,0.936032,-1.67351,1.35279,0.444837,1.42627,-1.3104,-0.0724454,0.89088,-0.393547,0.886616,0.0264761,-0.478673,-1.03596,0.226382,0.0675763,-1.26799,0.156639,-0.0321617,0.998724,0.212245,-0.63784,-0.775643,-0.788799,1.94885,1.21166,0.828242,-0.92643,-0.62419,-1.08532,0.0134659,-0.922084,-1.04397,-1.82062,-0.720654,-1.94471,-0.376988,1.76676,-0.594025,1.17955,0.313105,1.16384,0.0323358,0.112372,0.276904,0.173359,1.84303,0.871915,-1.30925,-0.819472,-0.271119,0.144731,1.18899,1.07535,1.68402,1.67163,-0.91779,-0.253471,-1.68299,-0.374937,1.42931,0.855572,-1.19532,0.668335,-0.296416,-0.78068,0.0874302,-0.471135,1.4103,-0.624092,1.39548,1.11103,2.46789,1.56814,0.304009,0.0471084,-0.942285,-1.82098,0.0496287,1.14546,0.984853,0.15772,1.21261,-0.958816,-2.82965,0.118759,0.630968,-2.01736,0.957298,-0.347361,1.40106,-0.992931,-1.03824,0.216362,-0.63652,-0.446143,-0.345725,0.853775,1.05698,1.10903,0.198228,-1.36114,-0.976211,0.775448,0.647616,-0.439915,1.03391,0.565858,-1.20539,0.531314,-0.397435,0.967686,0.150845,-0.491342,-0.187932,0.924516,1.73882,1.19362,-1.34599,0.540476,-0.248338,1.34203,1.0541,-1.35965,0.348623,-0.940755,-0.635456,0.146653,-0.372852,0.377953,1.40479,0.601234,0.365985,1.90566,0.892577,0.0339776,1.35755,-0.728173,-0.932218,-1.01609,0.461291,1.53685,-0.198565,-0.624408,2.03402,-0.859726,-0.263264,0.763526,-0.482806,0.149212,0.737216,2.17848,-1.47343,-0.339222,0.62793,-1.23309,0.277739,0.237052,0.918537,-0.61263,-1.19808,-0.549781,0.808048,-547.184,-508.299,2761.5,815.011,520.894,-1882.04,-2005.36,-819.359,713.376,4167.89,684.524,-60.5022,-3825.74,-379.508,89.5438,-786.665,-2764.26,-1893.05,-1138.15,1330.48,3721.9,-4549.31,2287.66,267.703,-2638.59,-2872.07,3581.78,-691.08,1559.76,-2665.15,-3407.54,531.827,2745.55,-223.138,-3512.96,4957.76,-1430.38,-3610.6,1490.59,-2808.39,2647.86,134.514,1058.66,-2025.01,485.435,3088.29,-408.039,1755.96,-843.537,223.64,-979.537,157.066,-382.401,-1592.82,146.539,630.355,1663.4,390.568,-1767.98,-422.267,-1066.21,3073.98,426.967,1910.6,-1257.09,-400.344,-1141.72,499.265,-2604.22,-1076.11,-4120.46,-2216.12,-5824.17,-626.233,4606.2,242.817,3643.23,1542.24,2193.71,656.864,865.569,271.498,-601.193,3442.11,1343.81,-669.027,-589.169,-124.323,-568.395,1995.34,2199.27,3168.19,1360.03,-1589.59,215.181,-2315.43,-552.459,2949.46,968.289,-1405.52
-250354,0,1,0,1,1,250400,-0.384764,0.00591807,1.98251,0.65987,0.194549,-1.62464,-1.32884,-0.638008,0.776036,1.76188,-0.149657,0.116447,-1.54277,-0.0636614,0.2482,-1.00728,-1.59481,-1.01706,-0.127135,0.559175,1.40119,-1.61276,1.8305,-0.0898098,-1.26576,-1.76124,1.23195,-0.269686,1.22789,-1.59845,-1.56077,0.458786,1.996,-0.185011,-1.75004,1.38731,-0.797919,-1.56933,0.936032,-1.67351,1.35279,0.444837,1.42627,-1.3104,-0.0724454,0.89088,-0.393547,0.886616,0.0264761,-0.478673,-1.03596,0.226382,0.0675763,-1.26799,0.156639,-0.0321617,0.998724,0.212245,-0.63784,-0.775643,-0.788799,1.94885,1.21166,0.828242,-0.92643,-0.62419,-1.08532,0.0134659,-0.922084,-1.04397,-1.82062,-0.720654,-1.94471,-0.376988,1.76676,-0.594025,1.17955,0.313105,1.16384,0.0323358,0.112372,0.276904,0.173359,1.84303,0.871915,-1.30925,-0.819472,-0.271119,0.144731,1.18899,1.07535,1.68402,1.67163,-0.91779,-0.253471,-1.68299,-0.374937,1.42931,0.855572,-1.19532,-1.34189,-1.02977,-0.298336,0.366855,0.290313,-0.604284,0.0292463,1.43754,0.137904,1.02897,1.11789,1.24481,0.362412,-0.560189,-0.700134,-2.1059,0.964799,0.13829,2.52365,-2.00944,1.18018,-0.24303,0.0986341,0.687896,1.54787,-0.949732,1.62637,0.531954,-0.0819421,1.62739,0.338827,-1.85877,0.280377,0.65651,0.236855,0.0749207,-0.405334,-1.50047,-0.85422,1.08393,-1.33718,0.764611,-0.722598,0.136933,0.14957,2.18837,0.562366,-1.10951,0.399272,0.290305,0.123131,-0.791299,-0.489789,-0.187099,-1.39815,1.04251,0.538627,0.283396,1.70596,0.85332,-0.892857,-0.0300043,-0.109212,-0.352165,1.77836,0.637552,0.176971,-0.413491,0.0738501,-0.691863,-0.421759,0.141913,1.30003,-1.10164,-0.042638,0.517717,-0.246597,-0.361582,-0.163755,-0.00201569,-1.07986,-1.35429,0.147919,1.19288,-1.37237,-0.916501,1.11455,-2.01565,0.584321,0.491435,1.72449,-0.65481,0.929201,1.11941,0.340144,0.895114,-0.31727,-0.014559,-1.01285,-0.569638,-547.184,-508.299,2761.5,815.011,520.894,-1882.04,-2005.36,-819.359,713.376,4167.89,684.524,-60.5022,-3825.74,-379.508,89.5438,-786.665,-2764.26,-1893.05,-1138.15,1330.48,3721.9,-4549.31,2287.66,267.703,-2638.59,-2872.07,3581.78,-691.08,1559.76,-2665.15,-3407.54,531.827,2745.55,-223.138,-3512.96,4957.76,-1430.38,-3610.6,1490.59,-2808.39,2647.86,134.514,1058.66,-2025.01,485.435,3088.29,-408.039,1755.96,-843.537,223.64,-979.537,157.066,-382.401,-1592.82,146.539,630.355,1663.4,390.568,-1767.98,-422.267,-1066.21,3073.98,426.967,1910.6,-1257.09,-400.344,-1141.72,499.265,-2604.22,-1076.11,-4120.46,-2216.12,-5824.17,-626.233,4606.2,242.817,3643.23,1542.24,2193.71,656.864,865.569,271.498,-601.193,3442.11,1343.81,-669.027,-589.169,-124.323,-568.395,1995.34,2199.27,3168.19,1360.03,-1589.59,215.181,-2315.43,-552.459,2949.46,968.289,-1405.52
-250354,0,1,0,1,1,250412,-0.384764,0.00591807,1.98251,0.65987,0.194549,-1.62464,-1.32884,-0.638008,0.776036,1.76188,-0.149657,0.116447,-1.54277,-0.0636614,0.2482,-1.00728,-1.59481,-1.01706,-0.127135,0.559175,1.40119,-1.61276,1.8305,-0.0898098,-1.26576,-1.76124,1.23195,-0.269686,1.22789,-1.59845,-1.56077,0.458786,1.996,-0.185011,-1.75004,1.38731,-0.797919,-1.56933,0.936032,-1.67351,1.35279,0.444837,1.42627,-1.3104,-0.0724454,0.89088,-0.393547,0.886616,0.0264761,-0.478673,-1.03596,0.226382,0.0675763,-1.26799,0.156639,-0.0321617,0.998724,0.212245,-0.63784,-0.775643,-0.788799,1.94885,1.21166,0.828242,-0.92643,-0.62419,-1.08532,0.0134659,-0.922084,-1.04397,-1.82062,-0.720654,-1.94471,-0.376988,1.76676,-0.594025,1.17955,0.313105,1.16384,0.0323358,0.112372,0.276904,0.173359,1.84303,0.871915,-1.30925,-0.819472,-0.271119,0.144731,1.18899,1.07535,1.68402,1.67163,-0.91779,-0.253471,-1.68299,-0.374937,1.42931,0.855572,-1.19532,1.49383,-0.347631,2.1321,1.04313,-1.52979,-1.05887,-0.0302566,0.595591,1.78766,-0.76813,-0.312692,0.308501,2.19256,-2.57968,0.863509,1.08809,-1.81848,0.74432,-0.350464,0.294348,-1.95382,-0.170816,0.107087,-0.268045,0.0989178,-0.0241326,-1.38075,0.273751,-1.13005,2.05812,0.869731,3.01006,-0.0695519,-0.152322,-0.353296,1.58201,-1.96517,-0.207916,-1.57343,-0.669767,-0.58863,0.793541,1.68512,-0.556439,0.0633738,1.19126,-1.50502,-1.22655,-1.26494,-0.880425,0.813658,-0.432306,1.08647,-0.0983698,1.06518,-0.343281,0.481917,0.370069,-0.180369,-0.251742,-0.309068,-0.412999,-1.95429,-1.13875,0.194831,-1.15461,0.473127,-0.0761528,-1.36557,-1.05655,-1.52743,0.15387,0.398481,0.481741,0.431397,0.146477,-0.212718,-0.148609,0.991919,-0.901596,0.646697,-1.37739,0.786077,-0.870106,-0.347307,-1.14433,-1.15839,0.0339657,0.771664,0.222232,1.77149,0.870993,-1.89071,0.346093,1.05442,-0.651397,-1.18516,1.05592,0.967599,1.27019,-547.184,-508.299,2761.5,815.011,520.894,-1882.04,-2005.36,-819.359,713.376,4167.89,684.524,-60.5022,-3825.74,-379.508,89.5438,-786.665,-2764.26,-1893.05,-1138.15,1330.48,3721.9,-4549.31,2287.66,267.703,-2638.59,-2872.07,3581.78,-691.08,1559.76,-2665.15,-3407.54,531.827,2745.55,-223.138,-3512.96,4957.76,-1430.38,-3610.6,1490.59,-2808.39,2647.86,134.514,1058.66,-2025.01,485.435,3088.29,-408.039,1755.96,-843.537,223.64,-979.537,157.066,-382.401,-1592.82,146.539,630.355,1663.4,390.568,-1767.98,-422.267,-1066.21,3073.98,426.967,1910.6,-1257.09,-400.344,-1141.72,499.265,-2604.22,-1076.11,-4120.46,-2216.12,-5824.17,-626.233,4606.2,242.817,3643.23,1542.24,2193.71,656.864,865.569,271.498,-601.193,3442.11,1343.81,-669.027,-589.169,-124.323,-568.395,1995.34,2199.27,3168.19,1360.03,-1589.59,215.181,-2315.43,-552.459,2949.46,968.289,-1405.52
-250354,0,1,0,1,1,250399,-0.384764,0.00591807,1.98251,0.65987,0.194549,-1.62464,-1.32884,-0.638008,0.776036,1.76188,-0.149657,0.116447,-1.54277,-0.0636614,0.2482,-1.00728,-1.59481,-1.01706,-0.127135,0.559175,1.40119,-1.61276,1.8305,-0.0898098,-1.26576,-1.76124,1.23195,-0.269686,1.22789,-1.59845,-1.56077,0.458786,1.996,-0.185011,-1.75004,1.38731,-0.797919,-1.56933,0.936032,-1.67351,1.35279,0.444837,1.42627,-1.3104,-0.0724454,0.89088,-0.393547,0.886616,0.0264761,-0.478673,-1.03596,0.226382,0.0675763,-1.26799,0.156639,-0.0321617,0.998724,0.212245,-0.63784,-0.775643,-0.788799,1.94885,1.21166,0.828242,-0.92643,-0.62419,-1.08532,0.0134659,-0.922084,-1.04397,-1.82062,-0.720654,-1.94471,-0.376988,1.76676,-0.594025,1.17955,0.313105,1.16384,0.0323358,0.112372,0.276904,0.173359,1.84303,0.871915,-1.30925,-0.819472,-0.271119,0.144731,1.18899,1.07535,1.68402,1.67163,-0.91779,-0.253471,-1.68299,-0.374937,1.42931,0.855572,-1.19532,-0.0772114,-0.407207,0.386873,-0.462522,-0.83583,-1.79837,-0.522883,1.10487,-0.00436603,1.26793,0.778883,0.0758229,0.36779,-0.826976,0.469881,1.1182,0.996756,-0.100837,-0.645364,-0.0601291,0.833356,-1.07788,-2.6896,0.15869,-1.88633,0.578757,0.265108,-1.18583,0.653889,-1.63026,0.828768,-1.16566,0.118845,-0.568502,0.982088,-0.257259,-0.80363,-0.306693,-0.813617,-1.09248,0.607698,0.530871,0.422255,-0.533986,-0.845538,-0.819711,0.395639,-1.32958,-0.176027,0.190916,0.717328,-0.930937,-0.450849,-0.385742,0.336603,-0.636442,0.652862,1.19048,-1.08872,0.5592,0.886095,-0.0565012,0.642689,-0.937086,-1.48581,-0.384185,0.70042,-2.12219,1.61073,-0.383714,1.70307,-1.12919,-2.71009,-1.89871,-0.856412,0.323875,0.824641,0.125981,1.62149,-0.0341688,0.375559,-0.0719754,1.13553,-0.479453,-0.333186,-0.401061,0.800334,0.11814,0.553799,0.152225,0.255825,-1.00454,0.292692,-1.72319,0.449748,1.73198,0.218377,-0.0510425,-1.00524,-1.46499,-547.184,-508.299,2761.5,815.011,520.894,-1882.04,-2005.36,-819.359,713.376,4167.89,684.524,-60.5022,-3825.74,-379.508,89.5438,-786.665,-2764.26,-1893.05,-1138.15,1330.48,3721.9,-4549.31,2287.66,267.703,-2638.59,-2872.07,3581.78,-691.08,1559.76,-2665.15,-3407.54,531.827,2745.55,-223.138,-3512.96,4957.76,-1430.38,-3610.6,1490.59,-2808.39,2647.86,134.514,1058.66,-2025.01,485.435,3088.29,-408.039,1755.96,-843.537,223.64,-979.537,157.066,-382.401,-1592.82,146.539,630.355,1663.4,390.568,-1767.98,-422.267,-1066.21,3073.98,426.967,1910.6,-1257.09,-400.344,-1141.72,499.265,-2604.22,-1076.11,-4120.46,-2216.12,-5824.17,-626.233,4606.2,242.817,3643.23,1542.24,2193.71,656.864,865.569,271.498,-601.193,3442.11,1343.81,-669.027,-589.169,-124.323,-568.395,1995.34,2199.27,3168.19,1360.03,-1589.59,215.181,-2315.43,-552.459,2949.46,968.289,-1405.52
-250354,0,1,0,1,1,250396,-0.384764,0.00591807,1.98251,0.65987,0.194549,-1.62464,-1.32884,-0.638008,0.776036,1.76188,-0.149657,0.116447,-1.54277,-0.0636614,0.2482,-1.00728,-1.59481,-1.01706,-0.127135,0.559175,1.40119,-1.61276,1.8305,-0.0898098,-1.26576,-1.76124,1.23195,-0.269686,1.22789,-1.59845,-1.56077,0.458786,1.996,-0.185011,-1.75004,1.38731,-0.797919,-1.56933,0.936032,-1.67351,1.35279,0.444837,1.42627,-1.3104,-0.0724454,0.89088,-0.393547,0.886616,0.0264761,-0.478673,-1.03596,0.226382,0.0675763,-1.26799,0.156639,-0.0321617,0.998724,0.212245,-0.63784,-0.775643,-0.788799,1.94885,1.21166,0.828242,-0.92643,-0.62419,-1.08532,0.0134659,-0.922084,-1.04397,-1.82062,-0.720654,-1.94471,-0.376988,1.76676,-0.594025,1.17955,0.313105,1.16384,0.0323358,0.112372,0.276904,0.173359,1.84303,0.871915,-1.30925,-0.819472,-0.271119,0.144731,1.18899,1.07535,1.68402,1.67163,-0.91779,-0.253471,-1.68299,-0.374937,1.42931,0.855572,-1.19532,1.24018,-0.3964,0.318225,-1.24173,-1.54157,0.130292,0.66749,0.40023,-0.845009,-0.315702,0.126623,0.066537,1.56543,-1.14948,-1.17457,1.02657,0.667827,-1.09675,-0.120594,-1.18644,0.326381,-1.61384,-0.0051226,-0.332498,-0.320407,0.634842,0.578634,0.506033,-1.14836,-0.168811,1.18086,1.77725,0.953248,-0.0907559,0.155806,0.489479,0.43077,0.231197,-0.815672,2.2995,-1.06812,-0.277319,-0.119291,0.93528,0.543933,2.40042,0.400094,-0.232718,1.17039,-1.0168,1.64772,0.0138131,1.66778,0.576048,-0.999942,0.613533,-0.00447746,0.0750137,-0.21051,0.0511191,-0.314296,-0.291432,0.333143,1.46584,0.267932,1.72808,0.386383,0.227811,0.0237843,-0.57661,-0.45767,0.070668,-0.188769,-0.571425,-0.238835,1.10673,-0.778193,1.83742,1.20402,0.175994,-0.56385,0.390309,-0.256083,-0.428836,1.39025,1.51888,-1.75733,1.13213,-0.981175,-0.525338,-0.367343,0.736067,1.42672,0.763176,0.640812,-0.344656,-1.32769,-1.27676,0.469314,0.725965,-547.184,-508.299,2761.5,815.011,520.894,-1882.04,-2005.36,-819.359,713.376,4167.89,684.524,-60.5022,-3825.74,-379.508,89.5438,-786.665,-2764.26,-1893.05,-1138.15,1330.48,3721.9,-4549.31,2287.66,267.703,-2638.59,-2872.07,3581.78,-691.08,1559.76,-2665.15,-3407.54,531.827,2745.55,-223.138,-3512.96,4957.76,-1430.38,-3610.6,1490.59,-2808.39,2647.86,134.514,1058.66,-2025.01,485.435,3088.29,-408.039,1755.96,-843.537,223.64,-979.537,157.066,-382.401,-1592.82,146.539,630.355,1663.4,390.568,-1767.98,-422.267,-1066.21,3073.98,426.967,1910.6,-1257.09,-400.344,-1141.72,499.265,-2604.22,-1076.11,-4120.46,-2216.12,-5824.17,-626.233,4606.2,242.817,3643.23,1542.24,2193.71,656.864,865.569,271.498,-601.193,3442.11,1343.81,-669.027,-589.169,-124.323,-568.395,1995.34,2199.27,3168.19,1360.03,-1589.59,215.181,-2315.43,-552.459,2949.46,968.289,-1405.52
-250354,0,1,0,1,1,250406,-0.384764,0.00591807,1.98251,0.65987,0.194549,-1.62464,-1.32884,-0.638008,0.776036,1.76188,-0.149657,0.116447,-1.54277,-0.0636614,0.2482,-1.00728,-1.59481,-1.01706,-0.127135,0.559175,1.40119,-1.61276,1.8305,-0.0898098,-1.26576,-1.76124,1.23195,-0.269686,1.22789,-1.59845,-1.56077,0.458786,1.996,-0.185011,-1.75004,1.38731,-0.797919,-1.56933,0.936032,-1.67351,1.35279,0.444837,1.42627,-1.3104,-0.0724454,0.89088,-0.393547,0.886616,0.0264761,-0.478673,-1.03596,0.226382,0.0675763,-1.26799,0.156639,-0.0321617,0.998724,0.212245,-0.63784,-0.775643,-0.788799,1.94885,1.21166,0.828242,-0.92643,-0.62419,-1.08532,0.0134659,-0.922084,-1.04397,-1.82062,-0.720654,-1.94471,-0.376988,1.76676,-0.594025,1.17955,0.313105,1.16384,0.0323358,0.112372,0.276904,0.173359,1.84303,0.871915,-1.30925,-0.819472,-0.271119,0.144731,1.18899,1.07535,1.68402,1.67163,-0.91779,-0.253471,-1.68299,-0.374937,1.42931,0.855572,-1.19532,0.241816,1.74683,0.774831,-2.48578,-0.781871,2.30233,-1.80902,0.66125,-1.45146,1.26726,-0.102848,-0.187601,0.887703,1.07385,-0.425887,0.631189,-0.841828,-0.910277,-0.363988,-1.64865,0.994613,1.61664,0.565093,0.984944,-0.522898,-0.185761,-0.742071,-2.49311,1.72282,1.07619,0.792719,-0.625937,0.35515,-1.84551,0.25633,-0.348713,0.608053,-1.76764,-0.513379,0.573151,0.784921,-0.730421,1.21201,-1.11016,-1.3666,1.73691,-0.95054,0.478887,0.220597,0.129944,0.850414,-0.29673,-0.0858183,-0.304666,0.204847,0.309781,1.5787,1.16162,-1.21938,0.148034,1.56176,-1.81926,-0.00206087,0.275247,0.0912138,0.392419,0.184519,0.488073,-0.494361,-0.55002,-0.10609,0.208742,1.08509,-1.84852,-1.60768,0.892394,0.601764,0.2273,0.981561,0.0951318,-1.07212,-0.292207,1.27426,0.465644,-1.67509,1.29982,0.436335,1.37652,-0.531252,0.467493,-0.99218,-1.13202,-0.511546,-1.69431,0.20334,-0.336587,-0.338873,0.587361,0.119031,-0.92579,-547.184,-508.299,2761.5,815.011,520.894,-1882.04,-2005.36,-819.359,713.376,4167.89,684.524,-60.5022,-3825.74,-379.508,89.5438,-786.665,-2764.26,-1893.05,-1138.15,1330.48,3721.9,-4549.31,2287.66,267.703,-2638.59,-2872.07,3581.78,-691.08,1559.76,-2665.15,-3407.54,531.827,2745.55,-223.138,-3512.96,4957.76,-1430.38,-3610.6,1490.59,-2808.39,2647.86,134.514,1058.66,-2025.01,485.435,3088.29,-408.039,1755.96,-843.537,223.64,-979.537,157.066,-382.401,-1592.82,146.539,630.355,1663.4,390.568,-1767.98,-422.267,-1066.21,3073.98,426.967,1910.6,-1257.09,-400.344,-1141.72,499.265,-2604.22,-1076.11,-4120.46,-2216.12,-5824.17,-626.233,4606.2,242.817,3643.23,1542.24,2193.71,656.864,865.569,271.498,-601.193,3442.11,1343.81,-669.027,-589.169,-124.323,-568.395,1995.34,2199.27,3168.19,1360.03,-1589.59,215.181,-2315.43,-552.459,2949.46,968.289,-1405.52
-250354,0,1,0,1,1,250392,-0.384764,0.00591807,1.98251,0.65987,0.194549,-1.62464,-1.32884,-0.638008,0.776036,1.76188,-0.149657,0.116447,-1.54277,-0.0636614,0.2482,-1.00728,-1.59481,-1.01706,-0.127135,0.559175,1.40119,-1.61276,1.8305,-0.0898098,-1.26576,-1.76124,1.23195,-0.269686,1.22789,-1.59845,-1.56077,0.458786,1.996,-0.185011,-1.75004,1.38731,-0.797919,-1.56933,0.936032,-1.67351,1.35279,0.444837,1.42627,-1.3104,-0.0724454,0.89088,-0.393547,0.886616,0.0264761,-0.478673,-1.03596,0.226382,0.0675763,-1.26799,0.156639,-0.0321617,0.998724,0.212245,-0.63784,-0.775643,-0.788799,1.94885,1.21166,0.828242,-0.92643,-0.62419,-1.08532,0.0134659,-0.922084,-1.04397,-1.82062,-0.720654,-1.94471,-0.376988,1.76676,-0.594025,1.17955,0.313105,1.16384,0.0323358,0.112372,0.276904,0.173359,1.84303,0.871915,-1.30925,-0.819472,-0.271119,0.144731,1.18899,1.07535,1.68402,1.67163,-0.91779,-0.253471,-1.68299,-0.374937,1.42931,0.855572,-1.19532,0.7744,0.419839,0.128308,0.63925,2.22351,-0.661656,-0.457282,-0.0669335,-0.247656,0.278387,1.40579,-0.478841,1.43025,-0.676371,0.18703,-0.22403,0.37339,-1.10302,-1.09762,-1.28787,0.917976,-1.11099,-1.15246,0.109125,-0.560109,-0.458924,-0.244123,1.93207,0.275785,-1.29565,0.284122,0.322495,1.39003,0.518377,1.22597,0.264734,-0.3611,0.875932,0.238545,0.0963117,1.16218,-0.389263,0.693416,0.935078,-0.687186,0.881618,0.736113,0.298179,-0.204086,0.0444682,-0.733492,0.256615,0.489471,-0.934062,-1.02781,-0.471185,0.626866,0.945093,0.129525,-0.309644,1.33265,1.48012,0.190211,-0.382573,-2.2114,-0.338907,-1.05402,-0.462645,-0.181535,-0.74693,0.686368,-1.04615,-0.793608,-0.824159,-1.36026,-1.13067,-2.02027,-0.715296,0.470822,1.50394,-1.13395,-0.191618,-0.316563,-0.502863,1.18491,-0.33338,-0.147319,0.30463,-1.0414,-1.23905,0.284224,-0.292971,0.868456,0.231264,-1.13023,-0.447558,-0.745131,-0.00969178,1.20683,1.5356,-547.184,-508.299,2761.5,815.011,520.894,-1882.04,-2005.36,-819.359,713.376,4167.89,684.524,-60.5022,-3825.74,-379.508,89.5438,-786.665,-2764.26,-1893.05,-1138.15,1330.48,3721.9,-4549.31,2287.66,267.703,-2638.59,-2872.07,3581.78,-691.08,1559.76,-2665.15,-3407.54,531.827,2745.55,-223.138,-3512.96,4957.76,-1430.38,-3610.6,1490.59,-2808.39,2647.86,134.514,1058.66,-2025.01,485.435,3088.29,-408.039,1755.96,-843.537,223.64,-979.537,157.066,-382.401,-1592.82,146.539,630.355,1663.4,390.568,-1767.98,-422.267,-1066.21,3073.98,426.967,1910.6,-1257.09,-400.344,-1141.72,499.265,-2604.22,-1076.11,-4120.46,-2216.12,-5824.17,-626.233,4606.2,242.817,3643.23,1542.24,2193.71,656.864,865.569,271.498,-601.193,3442.11,1343.81,-669.027,-589.169,-124.323,-568.395,1995.34,2199.27,3168.19,1360.03,-1589.59,215.181,-2315.43,-552.459,2949.46,968.289,-1405.52
-250354,0,1,0,1,1,250396,-0.384764,0.00591807,1.98251,0.65987,0.194549,-1.62464,-1.32884,-0.638008,0.776036,1.76188,-0.149657,0.116447,-1.54277,-0.0636614,0.2482,-1.00728,-1.59481,-1.01706,-0.127135,0.559175,1.40119,-1.61276,1.8305,-0.0898098,-1.26576,-1.76124,1.23195,-0.269686,1.22789,-1.59845,-1.56077,0.458786,1.996,-0.185011,-1.75004,1.38731,-0.797919,-1.56933,0.936032,-1.67351,1.35279,0.444837,1.42627,-1.3104,-0.0724454,0.89088,-0.393547,0.886616,0.0264761,-0.478673,-1.03596,0.226382,0.0675763,-1.26799,0.156639,-0.0321617,0.998724,0.212245,-0.63784,-0.775643,-0.788799,1.94885,1.21166,0.828242,-0.92643,-0.62419,-1.08532,0.0134659,-0.922084,-1.04397,-1.82062,-0.720654,-1.94471,-0.376988,1.76676,-0.594025,1.17955,0.313105,1.16384,0.0323358,0.112372,0.276904,0.173359,1.84303,0.871915,-1.30925,-0.819472,-0.271119,0.144731,1.18899,1.07535,1.68402,1.67163,-0.91779,-0.253471,-1.68299,-0.374937,1.42931,0.855572,-1.19532,-1.34208,0.131129,-0.0917438,0.772605,-0.803976,-0.525009,-0.902937,0.974158,0.0066773,2.0642,0.544032,0.219318,0.522214,0.637854,0.0857692,-0.607924,1.45376,0.541092,0.0597157,0.483566,0.608293,0.000446973,-0.5742,-2.29111,-0.529247,-0.274079,0.287348,0.650596,1.14676,-0.545583,-3.17189,1.07253,0.399567,0.0420905,0.0340389,-0.262677,0.16997,0.512707,-0.169449,2.11598,-0.177271,0.104449,0.353781,0.0190957,-1.47591,0.664566,0.623345,0.13633,-0.378078,-0.0774124,-0.492741,0.773733,0.0217846,-1.02524,-0.208812,1.49451,-0.0986514,0.574107,0.288103,0.612827,-0.864695,0.28164,-1.94321,1.12001,-0.0359285,-1.63383,0.132287,-1.1904,-0.841529,0.654921,0.290432,-0.0254977,-1.51817,-0.534732,0.869356,-1.35831,0.246729,1.33871,-0.0958654,-1.32515,-0.944443,0.25084,-1.14041,1.77337,-0.399739,-0.108073,-0.231319,-1.48847,-1.99964,-0.961529,-0.26108,-0.301805,1.13456,0.0571509,-1.13598,0.162207,-0.0567619,-0.583576,-0.904448,0.0920941,-547.184,-508.299,2761.5,815.011,520.894,-1882.04,-2005.36,-819.359,713.376,4167.89,684.524,-60.5022,-3825.74,-379.508,89.5438,-786.665,-2764.26,-1893.05,-1138.15,1330.48,3721.9,-4549.31,2287.66,267.703,-2638.59,-2872.07,3581.78,-691.08,1559.76,-2665.15,-3407.54,531.827,2745.55,-223.138,-3512.96,4957.76,-1430.38,-3610.6,1490.59,-2808.39,2647.86,134.514,1058.66,-2025.01,485.435,3088.29,-408.039,1755.96,-843.537,223.64,-979.537,157.066,-382.401,-1592.82,146.539,630.355,1663.4,390.568,-1767.98,-422.267,-1066.21,3073.98,426.967,1910.6,-1257.09,-400.344,-1141.72,499.265,-2604.22,-1076.11,-4120.46,-2216.12,-5824.17,-626.233,4606.2,242.817,3643.23,1542.24,2193.71,656.864,865.569,271.498,-601.193,3442.11,1343.81,-669.027,-589.169,-124.323,-568.395,1995.34,2199.27,3168.19,1360.03,-1589.59,215.181,-2315.43,-552.459,2949.46,968.289,-1405.52
-250354,0,1,0,1,1,250413,-0.384764,0.00591807,1.98251,0.65987,0.194549,-1.62464,-1.32884,-0.638008,0.776036,1.76188,-0.149657,0.116447,-1.54277,-0.0636614,0.2482,-1.00728,-1.59481,-1.01706,-0.127135,0.559175,1.40119,-1.61276,1.8305,-0.0898098,-1.26576,-1.76124,1.23195,-0.269686,1.22789,-1.59845,-1.56077,0.458786,1.996,-0.185011,-1.75004,1.38731,-0.797919,-1.56933,0.936032,-1.67351,1.35279,0.444837,1.42627,-1.3104,-0.0724454,0.89088,-0.393547,0.886616,0.0264761,-0.478673,-1.03596,0.226382,0.0675763,-1.26799,0.156639,-0.0321617,0.998724,0.212245,-0.63784,-0.775643,-0.788799,1.94885,1.21166,0.828242,-0.92643,-0.62419,-1.08532,0.0134659,-0.922084,-1.04397,-1.82062,-0.720654,-1.94471,-0.376988,1.76676,-0.594025,1.17955,0.313105,1.16384,0.0323358,0.112372,0.276904,0.173359,1.84303,0.871915,-1.30925,-0.819472,-0.271119,0.144731,1.18899,1.07535,1.68402,1.67163,-0.91779,-0.253471,-1.68299,-0.374937,1.42931,0.855572,-1.19532,2.12879,-0.95941,0.717948,-1.21678,0.0393091,-0.49833,-0.0257278,-0.622676,1.50716,-0.748455,-2.09836,-0.197038,1.1641,-0.611415,-3.02827,-0.969141,-1.06187,0.753346,-1.25547,-1.29467,-0.468233,1.33558,0.343165,0.453662,0.813366,0.196061,-1.52114,0.863879,0.812893,1.27188,0.799321,-0.0527702,0.294568,0.625021,-0.855951,0.173445,-0.803712,-1.61042,-0.406908,0.462346,0.309095,-1.39664,1.00749,-0.465079,1.25499,0.0370408,0.0766485,0.745464,0.155164,-1.19246,-0.103428,1.78314,-1.23984,0.849431,-0.318322,-0.317499,0.0331797,-0.0788166,-1.26216,-1.60405,1.26503,-1.56686,-1.02449,-0.938374,-0.365731,1.24102,1.08033,0.0884576,0.344044,1.90077,-0.0804999,1.67321,1.18136,1.7577,-0.434135,-0.244494,0.244716,0.922181,0.259177,2.68581,0.583573,0.269944,-0.78041,-1.11808,-1.27322,1.16608,-0.787858,-0.246766,-0.987845,-1.42038,-0.611176,1.02597,-1.67442,-0.801024,-1.7202,0.0760912,-0.00877899,-0.263082,3.24185,0.213435,-547.184,-508.299,2761.5,815.011,520.894,-1882.04,-2005.36,-819.359,713.376,4167.89,684.524,-60.5022,-3825.74,-379.508,89.5438,-786.665,-2764.26,-1893.05,-1138.15,1330.48,3721.9,-4549.31,2287.66,267.703,-2638.59,-2872.07,3581.78,-691.08,1559.76,-2665.15,-3407.54,531.827,2745.55,-223.138,-3512.96,4957.76,-1430.38,-3610.6,1490.59,-2808.39,2647.86,134.514,1058.66,-2025.01,485.435,3088.29,-408.039,1755.96,-843.537,223.64,-979.537,157.066,-382.401,-1592.82,146.539,630.355,1663.4,390.568,-1767.98,-422.267,-1066.21,3073.98,426.967,1910.6,-1257.09,-400.344,-1141.72,499.265,-2604.22,-1076.11,-4120.46,-2216.12,-5824.17,-626.233,4606.2,242.817,3643.23,1542.24,2193.71,656.864,865.569,271.498,-601.193,3442.11,1343.81,-669.027,-589.169,-124.323,-568.395,1995.34,2199.27,3168.19,1360.03,-1589.59,215.181,-2315.43,-552.459,2949.46,968.289,-1405.52
-250354,0,1,0,1,1,250396,-0.384764,0.00591807,1.98251,0.65987,0.194549,-1.62464,-1.32884,-0.638008,0.776036,1.76188,-0.149657,0.116447,-1.54277,-0.0636614,0.2482,-1.00728,-1.59481,-1.01706,-0.127135,0.559175,1.40119,-1.61276,1.8305,-0.0898098,-1.26576,-1.76124,1.23195,-0.269686,1.22789,-1.59845,-1.56077,0.458786,1.996,-0.185011,-1.75004,1.38731,-0.797919,-1.56933,0.936032,-1.67351,1.35279,0.444837,1.42627,-1.3104,-0.0724454,0.89088,-0.393547,0.886616,0.0264761,-0.478673,-1.03596,0.226382,0.0675763,-1.26799,0.156639,-0.0321617,0.998724,0.212245,-0.63784,-0.775643,-0.788799,1.94885,1.21166,0.828242,-0.92643,-0.62419,-1.08532,0.0134659,-0.922084,-1.04397,-1.82062,-0.720654,-1.94471,-0.376988,1.76676,-0.594025,1.17955,0.313105,1.16384,0.0323358,0.112372,0.276904,0.173359,1.84303,0.871915,-1.30925,-0.819472,-0.271119,0.144731,1.18899,1.07535,1.68402,1.67163,-0.91779,-0.253471,-1.68299,-0.374937,1.42931,0.855572,-1.19532,1.67995,-1.00135,-1.06053,-0.352086,-0.967892,2.34111,1.16184,1.34796,-0.316102,0.136128,0.422975,-0.0602049,-0.933541,1.74053,0.0407894,0.748652,-0.985502,0.174294,-0.466569,0.752992,-0.874537,0.347527,0.340209,-0.127579,0.28772,1.78063,-0.271596,-1.09405,-0.717061,-0.358575,-0.467491,0.808753,0.111386,-1.97004,-0.355312,0.291149,-0.658297,0.943657,-0.565609,-0.538725,-1.34756,-1.63304,0.164495,-0.591459,0.171514,0.0810035,-0.555784,1.01355,-2.31188,-0.297689,1.31096,0.656961,0.663537,-0.451803,1.51902,-0.639884,-1.38495,1.41719,0.00714104,0.802478,0.295323,0.273516,-0.901147,0.0621001,0.465696,1.66627,-0.423773,-1.17611,-0.9327,1.65851,-0.681677,-0.577974,-0.209695,0.924083,1.00101,-0.716991,-0.043291,-0.697672,-1.16883,-0.451406,1.58164,0.396148,1.38759,0.212892,1.10025,-0.254713,-0.238414,-0.683273,-0.316972,0.447897,0.762404,-1.09657,0.302313,-0.734888,-0.0219,-1.80245,0.736318,-0.999726,-0.149781,0.4402,-547.184,-508.299,2761.5,815.011,520.894,-1882.04,-2005.36,-819.359,713.376,4167.89,684.524,-60.5022,-3825.74,-379.508,89.5438,-786.665,-2764.26,-1893.05,-1138.15,1330.48,3721.9,-4549.31,2287.66,267.703,-2638.59,-2872.07,3581.78,-691.08,1559.76,-2665.15,-3407.54,531.827,2745.55,-223.138,-3512.96,4957.76,-1430.38,-3610.6,1490.59,-2808.39,2647.86,134.514,1058.66,-2025.01,485.435,3088.29,-408.039,1755.96,-843.537,223.64,-979.537,157.066,-382.401,-1592.82,146.539,630.355,1663.4,390.568,-1767.98,-422.267,-1066.21,3073.98,426.967,1910.6,-1257.09,-400.344,-1141.72,499.265,-2604.22,-1076.11,-4120.46,-2216.12,-5824.17,-626.233,4606.2,242.817,3643.23,1542.24,2193.71,656.864,865.569,271.498,-601.193,3442.11,1343.81,-669.027,-589.169,-124.323,-568.395,1995.34,2199.27,3168.19,1360.03,-1589.59,215.181,-2315.43,-552.459,2949.46,968.289,-1405.52
-250354,0,1,0,1,1,250395,-0.384764,0.00591807,1.98251,0.65987,0.194549,-1.62464,-1.32884,-0.638008,0.776036,1.76188,-0.149657,0.116447,-1.54277,-0.0636614,0.2482,-1.00728,-1.59481,-1.01706,-0.127135,0.559175,1.40119,-1.61276,1.8305,-0.0898098,-1.26576,-1.76124,1.23195,-0.269686,1.22789,-1.59845,-1.56077,0.458786,1.996,-0.185011,-1.75004,1.38731,-0.797919,-1.56933,0.936032,-1.67351,1.35279,0.444837,1.42627,-1.3104,-0.0724454,0.89088,-0.393547,0.886616,0.0264761,-0.478673,-1.03596,0.226382,0.0675763,-1.26799,0.156639,-0.0321617,0.998724,0.212245,-0.63784,-0.775643,-0.788799,1.94885,1.21166,0.828242,-0.92643,-0.62419,-1.08532,0.0134659,-0.922084,-1.04397,-1.82062,-0.720654,-1.94471,-0.376988,1.76676,-0.594025,1.17955,0.313105,1.16384,0.0323358,0.112372,0.276904,0.173359,1.84303,0.871915,-1.30925,-0.819472,-0.271119,0.144731,1.18899,1.07535,1.68402,1.67163,-0.91779,-0.253471,-1.68299,-0.374937,1.42931,0.855572,-1.19532,1.03894,0.766242,1.53388,0.26983,-0.297802,2.42529,0.0133502,-0.219707,-0.695031,1.33927,-0.620366,0.649623,-0.060659,1.00039,-0.130999,-0.970169,-0.559051,0.535847,-0.621099,-0.901615,1.43673,0.332661,-0.118588,0.832751,0.28943,0.915242,-1.30357,2.13827,0.272,-0.677158,1.19898,-0.684093,0.0122111,-1.36045,-0.963223,0.415468,-0.80564,0.237709,-1.31995,0.494656,1.62593,-0.184949,-0.25014,0.835689,-0.888174,1.28998,0.105032,-1.0628,1.26628,1.12554,-1.08932,-2.23641,-2.37045,-0.0248386,0.0191869,-1.44703,0.933012,-0.687431,1.16451,0.501077,-0.983059,-0.853889,-0.0321764,-0.490644,-0.540317,-0.809872,-1.78863,-0.101216,0.334509,0.233099,0.416571,0.295922,-0.0711656,-0.727558,0.311985,-0.521468,-0.261203,0.419208,0.14468,0.733453,0.428609,0.503071,-0.215474,1.50086,0.0887068,0.481446,-0.77659,-0.828442,0.272547,-0.540618,-0.920515,-0.741046,-0.053141,0.0500036,-0.201098,-0.0375899,-0.834314,-0.828213,-1.65939,1.01024,-547.184,-508.299,2761.5,815.011,520.894,-1882.04,-2005.36,-819.359,713.376,4167.89,684.524,-60.5022,-3825.74,-379.508,89.5438,-786.665,-2764.26,-1893.05,-1138.15,1330.48,3721.9,-4549.31,2287.66,267.703,-2638.59,-2872.07,3581.78,-691.08,1559.76,-2665.15,-3407.54,531.827,2745.55,-223.138,-3512.96,4957.76,-1430.38,-3610.6,1490.59,-2808.39,2647.86,134.514,1058.66,-2025.01,485.435,3088.29,-408.039,1755.96,-843.537,223.64,-979.537,157.066,-382.401,-1592.82,146.539,630.355,1663.4,390.568,-1767.98,-422.267,-1066.21,3073.98,426.967,1910.6,-1257.09,-400.344,-1141.72,499.265,-2604.22,-1076.11,-4120.46,-2216.12,-5824.17,-626.233,4606.2,242.817,3643.23,1542.24,2193.71,656.864,865.569,271.498,-601.193,3442.11,1343.81,-669.027,-589.169,-124.323,-568.395,1995.34,2199.27,3168.19,1360.03,-1589.59,215.181,-2315.43,-552.459,2949.46,968.289,-1405.52
-250354,0,1,0,1,1,250404,-0.384764,0.00591807,1.98251,0.65987,0.194549,-1.62464,-1.32884,-0.638008,0.776036,1.76188,-0.149657,0.116447,-1.54277,-0.0636614,0.2482,-1.00728,-1.59481,-1.01706,-0.127135,0.559175,1.40119,-1.61276,1.8305,-0.0898098,-1.26576,-1.76124,1.23195,-0.269686,1.22789,-1.59845,-1.56077,0.458786,1.996,-0.185011,-1.75004,1.38731,-0.797919,-1.56933,0.936032,-1.67351,1.35279,0.444837,1.42627,-1.3104,-0.0724454,0.89088,-0.393547,0.886616,0.0264761,-0.478673,-1.03596,0.226382,0.0675763,-1.26799,0.156639,-0.0321617,0.998724,0.212245,-0.63784,-0.775643,-0.788799,1.94885,1.21166,0.828242,-0.92643,-0.62419,-1.08532,0.0134659,-0.922084,-1.04397,-1.82062,-0.720654,-1.94471,-0.376988,1.76676,-0.594025,1.17955,0.313105,1.16384,0.0323358,0.112372,0.276904,0.173359,1.84303,0.871915,-1.30925,-0.819472,-0.271119,0.144731,1.18899,1.07535,1.68402,1.67163,-0.91779,-0.253471,-1.68299,-0.374937,1.42931,0.855572,-1.19532,1.41229,-1.38032,-0.790978,-1.61683,-0.065654,-2.18383,-0.852655,-0.486217,-0.49805,-1.3814,2.20961,1.11895,0.113986,0.252803,-0.30336,0.283074,-0.442748,-0.00694209,-1.13231,-0.594763,-1.45403,-1.121,-0.886241,0.915292,-0.600996,-0.878629,0.772096,-0.0942811,0.160227,-1.3325,-0.260398,-0.296665,0.218236,-0.420443,1.34468,-1.17372,0.135794,-1.39745,1.09106,0.845355,0.59296,1.50381,1.3778,-0.271273,-0.726442,-0.394358,0.119674,-0.484355,1.86064,-0.0919802,1.65429,-0.48371,-0.647391,1.15828,1.51763,0.916004,1.48717,-0.160629,-1.10025,-1.23298,-0.358479,-0.63249,-0.451355,2.33433,-1.15263,-0.835979,0.00365873,2.16268,0.684233,1.71433,0.894801,0.95566,-1.53391,-2.13345,0.340151,0.905722,-0.563903,-0.0485015,0.166003,0.735903,-0.192162,0.592082,-0.0392976,1.43644,-1.63334,-0.00898862,0.745746,-1.0133,0.355868,0.606022,-0.472024,-0.74299,0.204411,-0.92159,0.0627039,0.569773,-0.757931,0.621354,1.35403,-0.669429,-547.184,-508.299,2761.5,815.011,520.894,-1882.04,-2005.36,-819.359,713.376,4167.89,684.524,-60.5022,-3825.74,-379.508,89.5438,-786.665,-2764.26,-1893.05,-1138.15,1330.48,3721.9,-4549.31,2287.66,267.703,-2638.59,-2872.07,3581.78,-691.08,1559.76,-2665.15,-3407.54,531.827,2745.55,-223.138,-3512.96,4957.76,-1430.38,-3610.6,1490.59,-2808.39,2647.86,134.514,1058.66,-2025.01,485.435,3088.29,-408.039,1755.96,-843.537,223.64,-979.537,157.066,-382.401,-1592.82,146.539,630.355,1663.4,390.568,-1767.98,-422.267,-1066.21,3073.98,426.967,1910.6,-1257.09,-400.344,-1141.72,499.265,-2604.22,-1076.11,-4120.46,-2216.12,-5824.17,-626.233,4606.2,242.817,3643.23,1542.24,2193.71,656.864,865.569,271.498,-601.193,3442.11,1343.81,-669.027,-589.169,-124.323,-568.395,1995.34,2199.27,3168.19,1360.03,-1589.59,215.181,-2315.43,-552.459,2949.46,968.289,-1405.52
-250354,0,1,0,1,1,250409,-0.384764,0.00591807,1.98251,0.65987,0.194549,-1.62464,-1.32884,-0.638008,0.776036,1.76188,-0.149657,0.116447,-1.54277,-0.0636614,0.2482,-1.00728,-1.59481,-1.01706,-0.127135,0.559175,1.40119,-1.61276,1.8305,-0.0898098,-1.26576,-1.76124,1.23195,-0.269686,1.22789,-1.59845,-1.56077,0.458786,1.996,-0.185011,-1.75004,1.38731,-0.797919,-1.56933,0.936032,-1.67351,1.35279,0.444837,1.42627,-1.3104,-0.0724454,0.89088,-0.393547,0.886616,0.0264761,-0.478673,-1.03596,0.226382,0.0675763,-1.26799,0.156639,-0.0321617,0.998724,0.212245,-0.63784,-0.775643,-0.788799,1.94885,1.21166,0.828242,-0.92643,-0.62419,-1.08532,0.0134659,-0.922084,-1.04397,-1.82062,-0.720654,-1.94471,-0.376988,1.76676,-0.594025,1.17955,0.313105,1.16384,0.0323358,0.112372,0.276904,0.173359,1.84303,0.871915,-1.30925,-0.819472,-0.271119,0.144731,1.18899,1.07535,1.68402,1.67163,-0.91779,-0.253471,-1.68299,-0.374937,1.42931,0.855572,-1.19532,1.20513,1.68752,-1.17078,-1.57706,1.23516,0.018543,0.203785,-2.46486,-0.687245,0.521103,-0.943305,-0.389131,0.281344,-0.744746,-3.33806,0.812224,2.29287,-0.511932,0.0313911,0.565784,-0.849699,-0.252278,-1.30797,1.75496,-1.34922,0.830189,-0.396374,0.264832,-0.672762,-0.0145651,-0.0400449,-0.101662,0.538691,-1.14368,0.266421,1.62836,1.90063,-0.516092,-0.973628,-1.67755,-0.46434,-0.159914,0.955805,0.162086,0.673695,-0.647995,0.243019,-0.104056,-0.179359,-0.43525,0.251738,1.45126,0.754836,-2.28016,1.21178,-0.689451,0.964798,1.07068,-0.850027,0.78756,-0.646461,0.764777,-1.66817,-0.0381655,0.416714,-0.433344,-1.73707,-0.549044,1.01329,0.449181,0.113657,-1.05736,-0.977447,1.05588,-1.70425,1.26483,-0.301887,1.17075,-1.76595,0.354432,0.339679,1.08327,0.871517,-0.895502,-1.43042,-0.648041,-0.200067,-0.552834,0.860778,-0.458266,0.0559971,1.38924,-0.0697539,-1.32405,-0.810993,0.115345,-1.58469,-1.03114,0.975234,0.0871384,-547.184,-508.299,2761.5,815.011,520.894,-1882.04,-2005.36,-819.359,713.376,4167.89,684.524,-60.5022,-3825.74,-379.508,89.5438,-786.665,-2764.26,-1893.05,-1138.15,1330.48,3721.9,-4549.31,2287.66,267.703,-2638.59,-2872.07,3581.78,-691.08,1559.76,-2665.15,-3407.54,531.827,2745.55,-223.138,-3512.96,4957.76,-1430.38,-3610.6,1490.59,-2808.39,2647.86,134.514,1058.66,-2025.01,485.435,3088.29,-408.039,1755.96,-843.537,223.64,-979.537,157.066,-382.401,-1592.82,146.539,630.355,1663.4,390.568,-1767.98,-422.267,-1066.21,3073.98,426.967,1910.6,-1257.09,-400.344,-1141.72,499.265,-2604.22,-1076.11,-4120.46,-2216.12,-5824.17,-626.233,4606.2,242.817,3643.23,1542.24,2193.71,656.864,865.569,271.498,-601.193,3442.11,1343.81,-669.027,-589.169,-124.323,-568.395,1995.34,2199.27,3168.19,1360.03,-1589.59,215.181,-2315.43,-552.459,2949.46,968.289,-1405.52
-250354,0,1,0,1,1,250401,-0.384764,0.00591807,1.98251,0.65987,0.194549,-1.62464,-1.32884,-0.638008,0.776036,1.76188,-0.149657,0.116447,-1.54277,-0.0636614,0.2482,-1.00728,-1.59481,-1.01706,-0.127135,0.559175,1.40119,-1.61276,1.8305,-0.0898098,-1.26576,-1.76124,1.23195,-0.269686,1.22789,-1.59845,-1.56077,0.458786,1.996,-0.185011,-1.75004,1.38731,-0.797919,-1.56933,0.936032,-1.67351,1.35279,0.444837,1.42627,-1.3104,-0.0724454,0.89088,-0.393547,0.886616,0.0264761,-0.478673,-1.03596,0.226382,0.0675763,-1.26799,0.156639,-0.0321617,0.998724,0.212245,-0.63784,-0.775643,-0.788799,1.94885,1.21166,0.828242,-0.92643,-0.62419,-1.08532,0.0134659,-0.922084,-1.04397,-1.82062,-0.720654,-1.94471,-0.376988,1.76676,-0.594025,1.17955,0.313105,1.16384,0.0323358,0.112372,0.276904,0.173359,1.84303,0.871915,-1.30925,-0.819472,-0.271119,0.144731,1.18899,1.07535,1.68402,1.67163,-0.91779,-0.253471,-1.68299,-0.374937,1.42931,0.855572,-1.19532,0.396147,-0.928239,0.19451,-0.271262,-1.68506,-0.984575,0.898004,0.549288,-1.58681,-0.573634,0.496787,-0.665494,0.0204484,1.36058,-0.395684,-0.898007,0.113727,0.839709,0.567279,1.18439,-1.0935,1.08884,0.525665,0.0856877,-0.175411,0.393324,0.436242,1.68622,-0.760709,-0.672039,-0.666201,0.43333,-0.699481,-1.40765,0.922304,0.856536,-0.088222,-0.911017,-0.40404,-0.309381,-0.582087,0.0323609,-0.742283,1.49804,-0.342667,-0.176259,-0.0109346,-0.48394,-0.869899,0.791905,-0.547196,-0.724373,0.107167,-3.26579,1.7672,0.516492,0.247138,-0.626299,-0.133406,1.11626,0.816319,0.53949,1.34351,-0.176118,-1.08683,0.0576111,0.185864,0.501406,-0.602878,2.03013,-2.15664,-1.06281,-1.20627,0.300565,1.23961,-0.711143,1.65695,0.87969,-1.42674,0.4629,0.0497001,2.22872,0.234897,1.27045,0.299475,-1.22558,-0.13736,1.30797,-0.0654653,-1.14638,-1.32557,0.0487099,-0.703633,1.6818,-1.34336,1.16412,0.774923,-0.678869,-1.01236,-0.339765,-547.184,-508.299,2761.5,815.011,520.894,-1882.04,-2005.36,-819.359,713.376,4167.89,684.524,-60.5022,-3825.74,-379.508,89.5438,-786.665,-2764.26,-1893.05,-1138.15,1330.48,3721.9,-4549.31,2287.66,267.703,-2638.59,-2872.07,3581.78,-691.08,1559.76,-2665.15,-3407.54,531.827,2745.55,-223.138,-3512.96,4957.76,-1430.38,-3610.6,1490.59,-2808.39,2647.86,134.514,1058.66,-2025.01,485.435,3088.29,-408.039,1755.96,-843.537,223.64,-979.537,157.066,-382.401,-1592.82,146.539,630.355,1663.4,390.568,-1767.98,-422.267,-1066.21,3073.98,426.967,1910.6,-1257.09,-400.344,-1141.72,499.265,-2604.22,-1076.11,-4120.46,-2216.12,-5824.17,-626.233,4606.2,242.817,3643.23,1542.24,2193.71,656.864,865.569,271.498,-601.193,3442.11,1343.81,-669.027,-589.169,-124.323,-568.395,1995.34,2199.27,3168.19,1360.03,-1589.59,215.181,-2315.43,-552.459,2949.46,968.289,-1405.52
-250354,0,1,0,1,1,250399,-0.384764,0.00591807,1.98251,0.65987,0.194549,-1.62464,-1.32884,-0.638008,0.776036,1.76188,-0.149657,0.116447,-1.54277,-0.0636614,0.2482,-1.00728,-1.59481,-1.01706,-0.127135,0.559175,1.40119,-1.61276,1.8305,-0.0898098,-1.26576,-1.76124,1.23195,-0.269686,1.22789,-1.59845,-1.56077,0.458786,1.996,-0.185011,-1.75004,1.38731,-0.797919,-1.56933,0.936032,-1.67351,1.35279,0.444837,1.42627,-1.3104,-0.0724454,0.89088,-0.393547,0.886616,0.0264761,-0.478673,-1.03596,0.226382,0.0675763,-1.26799,0.156639,-0.0321617,0.998724,0.212245,-0.63784,-0.775643,-0.788799,1.94885,1.21166,0.828242,-0.92643,-0.62419,-1.08532,0.0134659,-0.922084,-1.04397,-1.82062,-0.720654,-1.94471,-0.376988,1.76676,-0.594025,1.17955,0.313105,1.16384,0.0323358,0.112372,0.276904,0.173359,1.84303,0.871915,-1.30925,-0.819472,-0.271119,0.144731,1.18899,1.07535,1.68402,1.67163,-0.91779,-0.253471,-1.68299,-0.374937,1.42931,0.855572,-1.19532,0.432748,-0.701454,-0.558676,0.354402,-1.01725,-1.64616,1.06982,1.05076,-0.339537,1.62162,-0.726743,0.819896,0.312502,-0.484227,-1.69768,0.729301,0.415373,0.141062,-1.08278,1.09336,1.16591,0.574303,0.119582,0.675751,-1.22939,-1.74886,0.765659,0.0810678,-0.132968,1.14338,-0.789415,-0.396891,-0.526666,0.32759,-1.11085,-0.538866,-0.951063,-0.150014,0.296408,-0.645574,-2.25174,-1.63625,-0.742269,0.37998,-0.540445,-0.904077,-0.800874,0.13186,1.90416,-0.169891,-0.156422,0.20809,-0.0969525,1.05668,-0.137224,-1.38957,-1.18708,-0.135543,0.198158,-0.51666,0.553057,-1.26421,-1.23971,1.54721,-0.949555,1.04757,-1.43123,-0.575942,-2.65834,0.0351606,0.531606,-0.347863,0.762458,-0.441595,-0.966495,-0.269542,0.568693,0.0965625,-1.21042,-1.17685,1.25183,-0.158615,0.841464,-1.84841,1.80434,0.0923455,0.268739,-0.504861,1.35627,0.457717,0.608655,0.645254,-0.237235,-0.406804,0.348241,1.41462,0.665407,-0.797776,1.37426,-0.55244,-547.184,-508.299,2761.5,815.011,520.894,-1882.04,-2005.36,-819.359,713.376,4167.89,684.524,-60.5022,-3825.74,-379.508,89.5438,-786.665,-2764.26,-1893.05,-1138.15,1330.48,3721.9,-4549.31,2287.66,267.703,-2638.59,-2872.07,3581.78,-691.08,1559.76,-2665.15,-3407.54,531.827,2745.55,-223.138,-3512.96,4957.76,-1430.38,-3610.6,1490.59,-2808.39,2647.86,134.514,1058.66,-2025.01,485.435,3088.29,-408.039,1755.96,-843.537,223.64,-979.537,157.066,-382.401,-1592.82,146.539,630.355,1663.4,390.568,-1767.98,-422.267,-1066.21,3073.98,426.967,1910.6,-1257.09,-400.344,-1141.72,499.265,-2604.22,-1076.11,-4120.46,-2216.12,-5824.17,-626.233,4606.2,242.817,3643.23,1542.24,2193.71,656.864,865.569,271.498,-601.193,3442.11,1343.81,-669.027,-589.169,-124.323,-568.395,1995.34,2199.27,3168.19,1360.03,-1589.59,215.181,-2315.43,-552.459,2949.46,968.289,-1405.52
-250354,0,1,0,1,1,250393,-0.384764,0.00591807,1.98251,0.65987,0.194549,-1.62464,-1.32884,-0.638008,0.776036,1.76188,-0.149657,0.116447,-1.54277,-0.0636614,0.2482,-1.00728,-1.59481,-1.01706,-0.127135,0.559175,1.40119,-1.61276,1.8305,-0.0898098,-1.26576,-1.76124,1.23195,-0.269686,1.22789,-1.59845,-1.56077,0.458786,1.996,-0.185011,-1.75004,1.38731,-0.797919,-1.56933,0.936032,-1.67351,1.35279,0.444837,1.42627,-1.3104,-0.0724454,0.89088,-0.393547,0.886616,0.0264761,-0.478673,-1.03596,0.226382,0.0675763,-1.26799,0.156639,-0.0321617,0.998724,0.212245,-0.63784,-0.775643,-0.788799,1.94885,1.21166,0.828242,-0.92643,-0.62419,-1.08532,0.0134659,-0.922084,-1.04397,-1.82062,-0.720654,-1.94471,-0.376988,1.76676,-0.594025,1.17955,0.313105,1.16384,0.0323358,0.112372,0.276904,0.173359,1.84303,0.871915,-1.30925,-0.819472,-0.271119,0.144731,1.18899,1.07535,1.68402,1.67163,-0.91779,-0.253471,-1.68299,-0.374937,1.42931,0.855572,-1.19532,0.720485,0.865372,-0.269734,0.771132,0.933903,0.250489,0.605567,-1.31288,0.608222,-0.342286,1.20751,1.26131,0.378384,-0.498172,-0.163233,0.362955,0.337234,0.897452,-0.864554,-0.524573,0.591423,-1.01344,1.08063,0.148394,-0.457747,0.697076,0.939631,0.874973,-0.266691,0.0243561,0.449497,-0.322823,-1.34645,0.365489,0.220475,1.62705,1.24556,1.01681,-0.00366454,-1.00987,-0.291896,0.838287,1.67335,-0.437115,-1.64416,1.05298,0.283267,1.74579,0.272334,0.260868,0.312645,0.335553,0.448667,0.0935227,-0.339198,-0.0431809,-0.369944,0.197926,0.53593,0.445555,1.63772,-0.178644,1.48385,1.11588,-1.61728,-0.782108,-0.199546,0.149887,0.325469,-0.201434,-0.814445,-0.781351,0.952319,2.08059,0.279323,-1.61142,-1.88892,-0.378244,1.13365,-0.95124,1.0392,-0.907286,-0.823619,1.41629,0.0476535,-0.0430257,-0.473891,0.137315,-1.4783,0.24955,-1.65987,0.733192,0.0983192,-0.298537,0.550152,1.44223,1.78095,-0.999214,0.0909356,-0.237759,-547.184,-508.299,2761.5,815.011,520.894,-1882.04,-2005.36,-819.359,713.376,4167.89,684.524,-60.5022,-3825.74,-379.508,89.5438,-786.665,-2764.26,-1893.05,-1138.15,1330.48,3721.9,-4549.31,2287.66,267.703,-2638.59,-2872.07,3581.78,-691.08,1559.76,-2665.15,-3407.54,531.827,2745.55,-223.138,-3512.96,4957.76,-1430.38,-3610.6,1490.59,-2808.39,2647.86,134.514,1058.66,-2025.01,485.435,3088.29,-408.039,1755.96,-843.537,223.64,-979.537,157.066,-382.401,-1592.82,146.539,630.355,1663.4,390.568,-1767.98,-422.267,-1066.21,3073.98,426.967,1910.6,-1257.09,-400.344,-1141.72,499.265,-2604.22,-1076.11,-4120.46,-2216.12,-5824.17,-626.233,4606.2,242.817,3643.23,1542.24,2193.71,656.864,865.569,271.498,-601.193,3442.11,1343.81,-669.027,-589.169,-124.323,-568.395,1995.34,2199.27,3168.19,1360.03,-1589.59,215.181,-2315.43,-552.459,2949.46,968.289,-1405.52
-250354,0,1,0,1,1,250404,-0.384764,0.00591807,1.98251,0.65987,0.194549,-1.62464,-1.32884,-0.638008,0.776036,1.76188,-0.149657,0.116447,-1.54277,-0.0636614,0.2482,-1.00728,-1.59481,-1.01706,-0.127135,0.559175,1.40119,-1.61276,1.8305,-0.0898098,-1.26576,-1.76124,1.23195,-0.269686,1.22789,-1.59845,-1.56077,0.458786,1.996,-0.185011,-1.75004,1.38731,-0.797919,-1.56933,0.936032,-1.67351,1.35279,0.444837,1.42627,-1.3104,-0.0724454,0.89088,-0.393547,0.886616,0.0264761,-0.478673,-1.03596,0.226382,0.0675763,-1.26799,0.156639,-0.0321617,0.998724,0.212245,-0.63784,-0.775643,-0.788799,1.94885,1.21166,0.828242,-0.92643,-0.62419,-1.08532,0.0134659,-0.922084,-1.04397,-1.82062,-0.720654,-1.94471,-0.376988,1.76676,-0.594025,1.17955,0.313105,1.16384,0.0323358,0.112372,0.276904,0.173359,1.84303,0.871915,-1.30925,-0.819472,-0.271119,0.144731,1.18899,1.07535,1.68402,1.67163,-0.91779,-0.253471,-1.68299,-0.374937,1.42931,0.855572,-1.19532,0.0778441,-0.358218,0.54335,0.576324,0.362466,0.953852,0.661701,-0.664149,-0.673541,-0.0829143,-1.57351,-1.33876,0.670698,0.0355653,0.25766,-0.167418,2.27832,-0.667536,0.400547,-0.229163,-2.33138,1.8322,-0.298623,-0.0046091,0.602328,-0.715988,-1.37263,1.84519,1.74937,-0.651079,-1.2569,0.265042,1.1545,-1.1379,1.27061,-1.9321,0.870766,-1.13796,0.919212,0.104216,-0.683787,1.40878,1.30459,0.0676283,-1.56815,-0.966858,0.482116,0.507645,-0.299149,1.09838,0.114409,-0.610106,-0.125517,0.60945,0.73799,-1.22622,1.38532,-1.14781,-0.576962,-0.106763,-1.72015,-0.258188,0.238787,-0.606646,-0.981452,0.0286738,0.673067,0.00133849,1.35918,-0.109778,-0.494917,1.05506,-0.0416109,-0.374909,1.03838,-0.722421,-0.217538,-0.508265,-1.4347,1.70083,0.564995,-1.15058,-1.03215,-0.154479,-2.28342,-1.23416,-0.189181,-0.700832,-0.826159,-0.568822,0.173241,-2.18329,-1.54823,1.2572,0.101234,0.625924,0.634899,-1.50981,-0.373412,1.02836,-547.184,-508.299,2761.5,815.011,520.894,-1882.04,-2005.36,-819.359,713.376,4167.89,684.524,-60.5022,-3825.74,-379.508,89.5438,-786.665,-2764.26,-1893.05,-1138.15,1330.48,3721.9,-4549.31,2287.66,267.703,-2638.59,-2872.07,3581.78,-691.08,1559.76,-2665.15,-3407.54,531.827,2745.55,-223.138,-3512.96,4957.76,-1430.38,-3610.6,1490.59,-2808.39,2647.86,134.514,1058.66,-2025.01,485.435,3088.29,-408.039,1755.96,-843.537,223.64,-979.537,157.066,-382.401,-1592.82,146.539,630.355,1663.4,390.568,-1767.98,-422.267,-1066.21,3073.98,426.967,1910.6,-1257.09,-400.344,-1141.72,499.265,-2604.22,-1076.11,-4120.46,-2216.12,-5824.17,-626.233,4606.2,242.817,3643.23,1542.24,2193.71,656.864,865.569,271.498,-601.193,3442.11,1343.81,-669.027,-589.169,-124.323,-568.395,1995.34,2199.27,3168.19,1360.03,-1589.59,215.181,-2315.43,-552.459,2949.46,968.289,-1405.52
-250354,0,1,0,1,1,250408,-0.384764,0.00591807,1.98251,0.65987,0.194549,-1.62464,-1.32884,-0.638008,0.776036,1.76188,-0.149657,0.116447,-1.54277,-0.0636614,0.2482,-1.00728,-1.59481,-1.01706,-0.127135,0.559175,1.40119,-1.61276,1.8305,-0.0898098,-1.26576,-1.76124,1.23195,-0.269686,1.22789,-1.59845,-1.56077,0.458786,1.996,-0.185011,-1.75004,1.38731,-0.797919,-1.56933,0.936032,-1.67351,1.35279,0.444837,1.42627,-1.3104,-0.0724454,0.89088,-0.393547,0.886616,0.0264761,-0.478673,-1.03596,0.226382,0.0675763,-1.26799,0.156639,-0.0321617,0.998724,0.212245,-0.63784,-0.775643,-0.788799,1.94885,1.21166,0.828242,-0.92643,-0.62419,-1.08532,0.0134659,-0.922084,-1.04397,-1.82062,-0.720654,-1.94471,-0.376988,1.76676,-0.594025,1.17955,0.313105,1.16384,0.0323358,0.112372,0.276904,0.173359,1.84303,0.871915,-1.30925,-0.819472,-0.271119,0.144731,1.18899,1.07535,1.68402,1.67163,-0.91779,-0.253471,-1.68299,-0.374937,1.42931,0.855572,-1.19532,-0.566755,-2.27144,0.257303,0.477997,0.400156,-1.19046,-1.26887,0.112954,1.29366,0.78609,-1.62706,-1.82496,1.74283,-1.97489,0.218202,0.0919738,1.19643,1.488,-0.105574,0.23014,-0.973622,1.48159,-0.773289,-0.0563248,-1.05004,1.10482,-1.02631,-1.53118,1.46722,0.305991,0.00245699,0.0953517,-0.066267,0.691969,0.653013,0.172991,-0.401343,0.566852,-0.323991,1.69095,-0.126497,-2.05218,-0.0870623,1.63986,0.789908,0.940101,-3.0882,1.96306,-1.24198,-1.70388,0.769891,-1.17097,0.361829,-1.51956,0.980163,-0.248497,-0.642296,-0.669247,0.521396,-0.438288,-0.0710255,1.34022,0.0643884,-0.452856,-2.17963,-1.01917,0.0110038,-1.23102,0.101303,0.239634,0.821887,-0.641456,-0.0716108,-0.389997,0.367133,1.64594,-0.220462,1.05467,0.994068,0.372783,0.010757,-1.01945,1.28325,-1.40036,0.402305,0.0551828,1.02897,0.309548,-0.43486,-1.45184,0.801944,-0.681138,-1.13053,0.699796,-0.0446411,-0.78952,-0.219611,0.161389,-1.19474,-1.39745,-547.184,-508.299,2761.5,815.011,520.894,-1882.04,-2005.36,-819.359,713.376,4167.89,684.524,-60.5022,-3825.74,-379.508,89.5438,-786.665,-2764.26,-1893.05,-1138.15,1330.48,3721.9,-4549.31,2287.66,267.703,-2638.59,-2872.07,3581.78,-691.08,1559.76,-2665.15,-3407.54,531.827,2745.55,-223.138,-3512.96,4957.76,-1430.38,-3610.6,1490.59,-2808.39,2647.86,134.514,1058.66,-2025.01,485.435,3088.29,-408.039,1755.96,-843.537,223.64,-979.537,157.066,-382.401,-1592.82,146.539,630.355,1663.4,390.568,-1767.98,-422.267,-1066.21,3073.98,426.967,1910.6,-1257.09,-400.344,-1141.72,499.265,-2604.22,-1076.11,-4120.46,-2216.12,-5824.17,-626.233,4606.2,242.817,3643.23,1542.24,2193.71,656.864,865.569,271.498,-601.193,3442.11,1343.81,-669.027,-589.169,-124.323,-568.395,1995.34,2199.27,3168.19,1360.03,-1589.59,215.181,-2315.43,-552.459,2949.46,968.289,-1405.52
-250354,0,1,0,1,1,250411,-0.384764,0.00591807,1.98251,0.65987,0.194549,-1.62464,-1.32884,-0.638008,0.776036,1.76188,-0.149657,0.116447,-1.54277,-0.0636614,0.2482,-1.00728,-1.59481,-1.01706,-0.127135,0.559175,1.40119,-1.61276,1.8305,-0.0898098,-1.26576,-1.76124,1.23195,-0.269686,1.22789,-1.59845,-1.56077,0.458786,1.996,-0.185011,-1.75004,1.38731,-0.797919,-1.56933,0.936032,-1.67351,1.35279,0.444837,1.42627,-1.3104,-0.0724454,0.89088,-0.393547,0.886616,0.0264761,-0.478673,-1.03596,0.226382,0.0675763,-1.26799,0.156639,-0.0321617,0.998724,0.212245,-0.63784,-0.775643,-0.788799,1.94885,1.21166,0.828242,-0.92643,-0.62419,-1.08532,0.0134659,-0.922084,-1.04397,-1.82062,-0.720654,-1.94471,-0.376988,1.76676,-0.594025,1.17955,0.313105,1.16384,0.0323358,0.112372,0.276904,0.173359,1.84303,0.871915,-1.30925,-0.819472,-0.271119,0.144731,1.18899,1.07535,1.68402,1.67163,-0.91779,-0.253471,-1.68299,-0.374937,1.42931,0.855572,-1.19532,1.6082,-0.635739,-1.27031,0.360437,0.385067,1.03678,-0.492667,-0.755624,0.103304,-1.43936,2.77556,0.440294,0.332757,-0.431935,-2.66022,-0.29828,2.22074,0.922788,-0.0286841,-1.5851,1.49781,1.17968,-0.170043,0.72829,-0.184097,0.273836,-0.584524,-0.894603,-2.28435,1.6457,-0.121813,-0.406488,-0.123102,0.631877,-0.421926,0.61065,-0.426126,-0.930161,-0.264691,1.49418,-0.307415,1.58521,0.887696,1.85848,1.21284,0.0642233,1.31128,-0.454659,-1.65328,1.19002,2.22248,-0.968583,-1.39642,0.529874,-0.84571,0.132048,-0.293401,-0.265962,0.33277,0.700966,0.719744,-0.545322,0.0193164,1.84398,2.01733,0.23818,0.979335,0.310119,0.028151,-0.523977,-0.237532,-0.0595928,1.73642,-1.10987,-0.601664,-0.557333,-1.069,2.11002,-0.260241,-0.158816,1.14689,0.169725,0.446267,0.27397,-0.204512,-1.25661,0.158695,-2.52837,-2.32337,0.294779,-0.47123,-0.383236,-0.908185,0.421951,0.969045,-1.35418,-0.64572,-0.502976,-0.0544081,-0.308979,-547.184,-508.299,2761.5,815.011,520.894,-1882.04,-2005.36,-819.359,713.376,4167.89,684.524,-60.5022,-3825.74,-379.508,89.5438,-786.665,-2764.26,-1893.05,-1138.15,1330.48,3721.9,-4549.31,2287.66,267.703,-2638.59,-2872.07,3581.78,-691.08,1559.76,-2665.15,-3407.54,531.827,2745.55,-223.138,-3512.96,4957.76,-1430.38,-3610.6,1490.59,-2808.39,2647.86,134.514,1058.66,-2025.01,485.435,3088.29,-408.039,1755.96,-843.537,223.64,-979.537,157.066,-382.401,-1592.82,146.539,630.355,1663.4,390.568,-1767.98,-422.267,-1066.21,3073.98,426.967,1910.6,-1257.09,-400.344,-1141.72,499.265,-2604.22,-1076.11,-4120.46,-2216.12,-5824.17,-626.233,4606.2,242.817,3643.23,1542.24,2193.71,656.864,865.569,271.498,-601.193,3442.11,1343.81,-669.027,-589.169,-124.323,-568.395,1995.34,2199.27,3168.19,1360.03,-1589.59,215.181,-2315.43,-552.459,2949.46,968.289,-1405.52
-250354,0,1,0,1,1,250410,-0.384764,0.00591807,1.98251,0.65987,0.194549,-1.62464,-1.32884,-0.638008,0.776036,1.76188,-0.149657,0.116447,-1.54277,-0.0636614,0.2482,-1.00728,-1.59481,-1.01706,-0.127135,0.559175,1.40119,-1.61276,1.8305,-0.0898098,-1.26576,-1.76124,1.23195,-0.269686,1.22789,-1.59845,-1.56077,0.458786,1.996,-0.185011,-1.75004,1.38731,-0.797919,-1.56933,0.936032,-1.67351,1.35279,0.444837,1.42627,-1.3104,-0.0724454,0.89088,-0.393547,0.886616,0.0264761,-0.478673,-1.03596,0.226382,0.0675763,-1.26799,0.156639,-0.0321617,0.998724,0.212245,-0.63784,-0.775643,-0.788799,1.94885,1.21166,0.828242,-0.92643,-0.62419,-1.08532,0.0134659,-0.922084,-1.04397,-1.82062,-0.720654,-1.94471,-0.376988,1.76676,-0.594025,1.17955,0.313105,1.16384,0.0323358,0.112372,0.276904,0.173359,1.84303,0.871915,-1.30925,-0.819472,-0.271119,0.144731,1.18899,1.07535,1.68402,1.67163,-0.91779,-0.253471,-1.68299,-0.374937,1.42931,0.855572,-1.19532,-0.305595,-0.220045,0.36755,0.619186,0.513177,0.985766,0.779096,0.34093,1.13298,2.24699,-1.7454,-0.527868,1.18204,0.847889,-0.215215,0.695392,-1.35241,-1.4253,1.15045,1.81616,0.946662,-0.0362423,0.712688,0.512003,1.23337,-0.570836,-0.298498,-1.05668,0.590122,-0.0545366,-0.0639254,-0.524366,-0.816469,1.24848,0.566881,0.861211,-0.163662,0.855719,0.611498,-1.4573,1.14854,-0.457684,-0.350913,0.486732,-1.27921,-1.80703,-2.22711,-0.560963,0.181349,-1.79443,0.0542765,-1.44884,-0.326566,-1.61147,0.41512,-0.810797,-2.04635,-1.44491,-0.221268,-1.1124,-1.03369,-0.25221,0.389499,0.302373,-0.376381,0.498021,1.66398,0.574366,0.112565,0.458955,-1.97044,1.086,-0.721933,-1.26362,0.283691,-1.0532,-1.37854,0.551304,2.60354,-0.87906,-0.754676,-0.573981,-2.34468,1.18794,0.317433,-2.71938,-0.169657,-1.00998,-0.667329,0.777179,0.460554,1.34218,0.161038,-0.135389,1.2139,-1.69541,-0.347048,-0.910985,0.107862,-0.37235,-547.184,-508.299,2761.5,815.011,520.894,-1882.04,-2005.36,-819.359,713.376,4167.89,684.524,-60.5022,-3825.74,-379.508,89.5438,-786.665,-2764.26,-1893.05,-1138.15,1330.48,3721.9,-4549.31,2287.66,267.703,-2638.59,-2872.07,3581.78,-691.08,1559.76,-2665.15,-3407.54,531.827,2745.55,-223.138,-3512.96,4957.76,-1430.38,-3610.6,1490.59,-2808.39,2647.86,134.514,1058.66,-2025.01,485.435,3088.29,-408.039,1755.96,-843.537,223.64,-979.537,157.066,-382.401,-1592.82,146.539,630.355,1663.4,390.568,-1767.98,-422.267,-1066.21,3073.98,426.967,1910.6,-1257.09,-400.344,-1141.72,499.265,-2604.22,-1076.11,-4120.46,-2216.12,-5824.17,-626.233,4606.2,242.817,3643.23,1542.24,2193.71,656.864,865.569,271.498,-601.193,3442.11,1343.81,-669.027,-589.169,-124.323,-568.395,1995.34,2199.27,3168.19,1360.03,-1589.59,215.181,-2315.43,-552.459,2949.46,968.289,-1405.52
-250354,0,1,0,1,1,250405,-0.384764,0.00591807,1.98251,0.65987,0.194549,-1.62464,-1.32884,-0.638008,0.776036,1.76188,-0.149657,0.116447,-1.54277,-0.0636614,0.2482,-1.00728,-1.59481,-1.01706,-0.127135,0.559175,1.40119,-1.61276,1.8305,-0.0898098,-1.26576,-1.76124,1.23195,-0.269686,1.22789,-1.59845,-1.56077,0.458786,1.996,-0.185011,-1.75004,1.38731,-0.797919,-1.56933,0.936032,-1.67351,1.35279,0.444837,1.42627,-1.3104,-0.0724454,0.89088,-0.393547,0.886616,0.0264761,-0.478673,-1.03596,0.226382,0.0675763,-1.26799,0.156639,-0.0321617,0.998724,0.212245,-0.63784,-0.775643,-0.788799,1.94885,1.21166,0.828242,-0.92643,-0.62419,-1.08532,0.0134659,-0.922084,-1.04397,-1.82062,-0.720654,-1.94471,-0.376988,1.76676,-0.594025,1.17955,0.313105,1.16384,0.0323358,0.112372,0.276904,0.173359,1.84303,0.871915,-1.30925,-0.819472,-0.271119,0.144731,1.18899,1.07535,1.68402,1.67163,-0.91779,-0.253471,-1.68299,-0.374937,1.42931,0.855572,-1.19532,1.36182,-1.32964,-0.906359,1.15184,-1.27321,-0.765971,-0.0857567,-0.273422,0.809661,0.894653,-1.14425,0.542077,0.244116,-0.89392,1.20018,-0.529727,0.53827,0.240218,0.845807,0.68606,0.723158,0.0706661,0.852569,1.25411,-1.24533,-1.8482,-0.697249,-0.104512,-0.300258,-1.00071,-0.619692,0.562296,-0.798271,1.71356,-0.13215,0.645224,1.14516,1.87345,1.20063,-0.887323,0.362078,0.297803,1.54439,0.694619,-0.496275,-0.316588,0.264341,1.04459,-1.2577,-1.46756,0.91283,0.428945,1.52495,-0.634044,2.1537,-0.100612,0.351307,-0.0104476,0.338071,0.611551,1.49072,0.833964,-2.40702,-0.0229039,-1.07569,0.736241,1.40034,-1.56887,0.0216086,-1.44318,0.31017,1.79251,1.14397,-0.416361,0.946991,0.114653,-0.177084,-0.701756,-1.95707,0.697919,0.785577,-0.0238384,-0.133847,1.90254,0.685809,-0.400341,-1.28962,0.0454554,0.797238,-0.325838,1.36943,1.32709,1.40032,0.622002,-0.984222,-0.586483,2.00572,-0.711331,-1.18676,-0.626049,-547.184,-508.299,2761.5,815.011,520.894,-1882.04,-2005.36,-819.359,713.376,4167.89,684.524,-60.5022,-3825.74,-379.508,89.5438,-786.665,-2764.26,-1893.05,-1138.15,1330.48,3721.9,-4549.31,2287.66,267.703,-2638.59,-2872.07,3581.78,-691.08,1559.76,-2665.15,-3407.54,531.827,2745.55,-223.138,-3512.96,4957.76,-1430.38,-3610.6,1490.59,-2808.39,2647.86,134.514,1058.66,-2025.01,485.435,3088.29,-408.039,1755.96,-843.537,223.64,-979.537,157.066,-382.401,-1592.82,146.539,630.355,1663.4,390.568,-1767.98,-422.267,-1066.21,3073.98,426.967,1910.6,-1257.09,-400.344,-1141.72,499.265,-2604.22,-1076.11,-4120.46,-2216.12,-5824.17,-626.233,4606.2,242.817,3643.23,1542.24,2193.71,656.864,865.569,271.498,-601.193,3442.11,1343.81,-669.027,-589.169,-124.323,-568.395,1995.34,2199.27,3168.19,1360.03,-1589.59,215.181,-2315.43,-552.459,2949.46,968.289,-1405.52
-250354,0,1,0,1,1,250415,-0.384764,0.00591807,1.98251,0.65987,0.194549,-1.62464,-1.32884,-0.638008,0.776036,1.76188,-0.149657,0.116447,-1.54277,-0.0636614,0.2482,-1.00728,-1.59481,-1.01706,-0.127135,0.559175,1.40119,-1.61276,1.8305,-0.0898098,-1.26576,-1.76124,1.23195,-0.269686,1.22789,-1.59845,-1.56077,0.458786,1.996,-0.185011,-1.75004,1.38731,-0.797919,-1.56933,0.936032,-1.67351,1.35279,0.444837,1.42627,-1.3104,-0.0724454,0.89088,-0.393547,0.886616,0.0264761,-0.478673,-1.03596,0.226382,0.0675763,-1.26799,0.156639,-0.0321617,0.998724,0.212245,-0.63784,-0.775643,-0.788799,1.94885,1.21166,0.828242,-0.92643,-0.62419,-1.08532,0.0134659,-0.922084,-1.04397,-1.82062,-0.720654,-1.94471,-0.376988,1.76676,-0.594025,1.17955,0.313105,1.16384,0.0323358,0.112372,0.276904,0.173359,1.84303,0.871915,-1.30925,-0.819472,-0.271119,0.144731,1.18899,1.07535,1.68402,1.67163,-0.91779,-0.253471,-1.68299,-0.374937,1.42931,0.855572,-1.19532,-1.04614,0.456706,1.52503,1.41353,-1.03862,-0.562007,0.909844,1.58368,-1.47167,-0.431215,0.510305,-0.237682,1.22196,0.816508,-0.601999,-1.06326,0.378213,0.767327,-0.168063,-0.968547,-0.906184,-0.535147,-0.0244126,2.24259,-0.0596034,1.01733,-1.86665,0.216643,1.0532,-1.18902,0.0903674,0.373415,-2.21945,1.01137,-0.694256,-0.86771,-0.764773,0.447797,0.562784,-0.00371585,-0.39976,0.721041,-0.22206,-0.213683,-2.33894,0.317749,0.816403,0.519961,0.0794427,-0.37829,-0.89082,-0.469303,0.742697,0.422363,0.447702,1.32114,-0.735093,0.0780612,0.342944,0.612958,-1.67061,-2.13834,-0.275957,0.986204,0.12688,1.02726,-1.31179,-0.316483,1.29564,-3.39113,0.822453,-0.973655,1.07895,-1.89858,-0.823724,0.0684219,0.366115,-1.84673,-0.893365,1.32098,-0.976444,-0.374185,-1.57139,2.0988,2.64899,-1.80154,0.283934,-1.17041,-1.60091,0.299837,-0.139329,-2.03153,-0.26267,0.216182,-0.404413,1.56464,-0.46043,0.0104111,-0.76305,-1.45387,-547.184,-508.299,2761.5,815.011,520.894,-1882.04,-2005.36,-819.359,713.376,4167.89,684.524,-60.5022,-3825.74,-379.508,89.5438,-786.665,-2764.26,-1893.05,-1138.15,1330.48,3721.9,-4549.31,2287.66,267.703,-2638.59,-2872.07,3581.78,-691.08,1559.76,-2665.15,-3407.54,531.827,2745.55,-223.138,-3512.96,4957.76,-1430.38,-3610.6,1490.59,-2808.39,2647.86,134.514,1058.66,-2025.01,485.435,3088.29,-408.039,1755.96,-843.537,223.64,-979.537,157.066,-382.401,-1592.82,146.539,630.355,1663.4,390.568,-1767.98,-422.267,-1066.21,3073.98,426.967,1910.6,-1257.09,-400.344,-1141.72,499.265,-2604.22,-1076.11,-4120.46,-2216.12,-5824.17,-626.233,4606.2,242.817,3643.23,1542.24,2193.71,656.864,865.569,271.498,-601.193,3442.11,1343.81,-669.027,-589.169,-124.323,-568.395,1995.34,2199.27,3168.19,1360.03,-1589.59,215.181,-2315.43,-552.459,2949.46,968.289,-1405.52
-250354,0,1,0,1,1,250411,-0.384764,0.00591807,1.98251,0.65987,0.194549,-1.62464,-1.32884,-0.638008,0.776036,1.76188,-0.149657,0.116447,-1.54277,-0.0636614,0.2482,-1.00728,-1.59481,-1.01706,-0.127135,0.559175,1.40119,-1.61276,1.8305,-0.0898098,-1.26576,-1.76124,1.23195,-0.269686,1.22789,-1.59845,-1.56077,0.458786,1.996,-0.185011,-1.75004,1.38731,-0.797919,-1.56933,0.936032,-1.67351,1.35279,0.444837,1.42627,-1.3104,-0.0724454,0.89088,-0.393547,0.886616,0.0264761,-0.478673,-1.03596,0.226382,0.0675763,-1.26799,0.156639,-0.0321617,0.998724,0.212245,-0.63784,-0.775643,-0.788799,1.94885,1.21166,0.828242,-0.92643,-0.62419,-1.08532,0.0134659,-0.922084,-1.04397,-1.82062,-0.720654,-1.94471,-0.376988,1.76676,-0.594025,1.17955,0.313105,1.16384,0.0323358,0.112372,0.276904,0.173359,1.84303,0.871915,-1.30925,-0.819472,-0.271119,0.144731,1.18899,1.07535,1.68402,1.67163,-0.91779,-0.253471,-1.68299,-0.374937,1.42931,0.855572,-1.19532,1.11552,-1.07234,0.425895,1.22974,-0.104868,0.795678,0.691324,-0.291501,1.63969,-0.742254,-0.196017,0.437989,-0.0177237,-1.05621,-0.663003,1.48145,-0.348116,-0.930627,0.598766,0.780777,-0.0908385,-0.209592,-1.24191,-0.999677,2.16521,-0.301066,2.13022,-0.293759,-0.301122,-0.6112,-0.533966,-1.92569,-0.524605,0.483211,-0.30993,-0.715538,-0.0373202,-1.05615,-1.7745,1.33786,-0.715965,-1.25213,0.482584,0.909869,0.127222,1.19388,0.347481,-0.534679,-0.025489,1.12883,-0.939337,-1.02359,-0.320491,-0.393078,0.543693,0.647721,0.0465522,-0.100587,0.863192,0.0883248,-1.59916,0.760097,-0.709947,0.55506,1.39256,-1.67397,-2.23966,-0.348169,-0.0427419,0.198024,0.567234,-1.23973,2.66878,-1.25129,-0.90561,1.85904,-1.15316,1.0243,-0.65482,0.489485,1.40606,0.513143,-3.41498,-0.155019,-1.41075,1.82326,1.25649,-0.768098,-0.42913,-0.304767,-1.54928,-0.792034,-1.83673,0.798498,-1.9255,0.29914,0.585403,0.909327,-0.502613,0.559811,-547.184,-508.299,2761.5,815.011,520.894,-1882.04,-2005.36,-819.359,713.376,4167.89,684.524,-60.5022,-3825.74,-379.508,89.5438,-786.665,-2764.26,-1893.05,-1138.15,1330.48,3721.9,-4549.31,2287.66,267.703,-2638.59,-2872.07,3581.78,-691.08,1559.76,-2665.15,-3407.54,531.827,2745.55,-223.138,-3512.96,4957.76,-1430.38,-3610.6,1490.59,-2808.39,2647.86,134.514,1058.66,-2025.01,485.435,3088.29,-408.039,1755.96,-843.537,223.64,-979.537,157.066,-382.401,-1592.82,146.539,630.355,1663.4,390.568,-1767.98,-422.267,-1066.21,3073.98,426.967,1910.6,-1257.09,-400.344,-1141.72,499.265,-2604.22,-1076.11,-4120.46,-2216.12,-5824.17,-626.233,4606.2,242.817,3643.23,1542.24,2193.71,656.864,865.569,271.498,-601.193,3442.11,1343.81,-669.027,-589.169,-124.323,-568.395,1995.34,2199.27,3168.19,1360.03,-1589.59,215.181,-2315.43,-552.459,2949.46,968.289,-1405.52
-250354,0,1,0,1,1,250407,-0.384764,0.00591807,1.98251,0.65987,0.194549,-1.62464,-1.32884,-0.638008,0.776036,1.76188,-0.149657,0.116447,-1.54277,-0.0636614,0.2482,-1.00728,-1.59481,-1.01706,-0.127135,0.559175,1.40119,-1.61276,1.8305,-0.0898098,-1.26576,-1.76124,1.23195,-0.269686,1.22789,-1.59845,-1.56077,0.458786,1.996,-0.185011,-1.75004,1.38731,-0.797919,-1.56933,0.936032,-1.67351,1.35279,0.444837,1.42627,-1.3104,-0.0724454,0.89088,-0.393547,0.886616,0.0264761,-0.478673,-1.03596,0.226382,0.0675763,-1.26799,0.156639,-0.0321617,0.998724,0.212245,-0.63784,-0.775643,-0.788799,1.94885,1.21166,0.828242,-0.92643,-0.62419,-1.08532,0.0134659,-0.922084,-1.04397,-1.82062,-0.720654,-1.94471,-0.376988,1.76676,-0.594025,1.17955,0.313105,1.16384,0.0323358,0.112372,0.276904,0.173359,1.84303,0.871915,-1.30925,-0.819472,-0.271119,0.144731,1.18899,1.07535,1.68402,1.67163,-0.91779,-0.253471,-1.68299,-0.374937,1.42931,0.855572,-1.19532,-0.490721,-1.1263,0.577883,-1.68887,-0.414081,0.156329,-0.18056,0.629302,0.891354,-0.191418,-0.485162,-0.879671,-1.30655,-1.78312,0.0560106,-2.30931,0.0612472,1.23655,0.463376,-0.422755,-2.93682,-0.0394105,0.732234,-0.538303,0.361689,-0.327478,1.0089,-0.256341,0.0350476,0.610279,-0.90864,1.76816,0.489142,1.44797,-1.90263,-1.01905,-1.51455,-0.920466,0.0905602,1.25153,0.403489,-0.6871,-1.41761,0.24832,-0.195462,0.660852,-2.3662,-0.649811,0.334055,-0.793276,0.141818,-0.958388,-2.82646,-0.468775,-0.00652164,-1.01019,-0.597113,0.487066,0.868596,-0.593132,-0.353109,-0.422323,0.25119,-0.948024,-0.595276,-1.0235,0.992306,1.89292,-0.308068,1.81295,-1.66125,-0.101162,-0.517589,-1.5152,-1.47121,0.63519,1.68534,-1.10355,2.03108,-0.623918,-0.86888,0.0619111,-0.904864,0.338161,-1.40053,0.218732,-1.17144,0.283995,-0.929192,0.035692,0.610901,1.03501,-0.181976,0.147956,-0.159567,1.42,-0.452102,0.120147,0.093719,1.20121,-547.184,-508.299,2761.5,815.011,520.894,-1882.04,-2005.36,-819.359,713.376,4167.89,684.524,-60.5022,-3825.74,-379.508,89.5438,-786.665,-2764.26,-1893.05,-1138.15,1330.48,3721.9,-4549.31,2287.66,267.703,-2638.59,-2872.07,3581.78,-691.08,1559.76,-2665.15,-3407.54,531.827,2745.55,-223.138,-3512.96,4957.76,-1430.38,-3610.6,1490.59,-2808.39,2647.86,134.514,1058.66,-2025.01,485.435,3088.29,-408.039,1755.96,-843.537,223.64,-979.537,157.066,-382.401,-1592.82,146.539,630.355,1663.4,390.568,-1767.98,-422.267,-1066.21,3073.98,426.967,1910.6,-1257.09,-400.344,-1141.72,499.265,-2604.22,-1076.11,-4120.46,-2216.12,-5824.17,-626.233,4606.2,242.817,3643.23,1542.24,2193.71,656.864,865.569,271.498,-601.193,3442.11,1343.81,-669.027,-589.169,-124.323,-568.395,1995.34,2199.27,3168.19,1360.03,-1589.59,215.181,-2315.43,-552.459,2949.46,968.289,-1405.52
-250354,0,1,0,1,1,250405,-0.384764,0.00591807,1.98251,0.65987,0.194549,-1.62464,-1.32884,-0.638008,0.776036,1.76188,-0.149657,0.116447,-1.54277,-0.0636614,0.2482,-1.00728,-1.59481,-1.01706,-0.127135,0.559175,1.40119,-1.61276,1.8305,-0.0898098,-1.26576,-1.76124,1.23195,-0.269686,1.22789,-1.59845,-1.56077,0.458786,1.996,-0.185011,-1.75004,1.38731,-0.797919,-1.56933,0.936032,-1.67351,1.35279,0.444837,1.42627,-1.3104,-0.0724454,0.89088,-0.393547,0.886616,0.0264761,-0.478673,-1.03596,0.226382,0.0675763,-1.26799,0.156639,-0.0321617,0.998724,0.212245,-0.63784,-0.775643,-0.788799,1.94885,1.21166,0.828242,-0.92643,-0.62419,-1.08532,0.0134659,-0.922084,-1.04397,-1.82062,-0.720654,-1.94471,-0.376988,1.76676,-0.594025,1.17955,0.313105,1.16384,0.0323358,0.112372,0.276904,0.173359,1.84303,0.871915,-1.30925,-0.819472,-0.271119,0.144731,1.18899,1.07535,1.68402,1.67163,-0.91779,-0.253471,-1.68299,-0.374937,1.42931,0.855572,-1.19532,-0.497695,-1.02386,-1.14563,1.00528,0.280277,-0.270329,-0.368726,0.475133,2.04372,0.743519,-1.12396,-1.35531,1.86798,2.16457,-0.322059,-0.435368,-0.0335101,-0.491725,-0.561048,-1.16242,0.578253,0.116749,1.82127,0.634646,1.41308,-1.0206,0.535411,-1.97105,-0.371809,1.74654,1.05391,-0.0526844,-0.982746,-0.0745795,-1.18656,-0.606415,0.0480663,0.0123582,1.36268,-2.00807,0.560028,1.08508,-0.654352,-0.159049,-0.122633,0.450523,-0.868856,-0.223853,0.234009,-0.013348,0.51223,0.41239,0.819358,0.120784,-0.724875,1.04197,0.516074,-0.0192141,1.98654,-1.03352,2.50397,1.35727,-0.48681,1.07966,-1.0941,-0.284809,-0.309654,-0.311426,-1.68708,-0.379398,0.738942,1.18732,0.25813,-1.24799,-0.0993391,0.815612,1.58064,0.669075,0.679231,-1.07501,1.32521,1.18773,-0.534559,0.516774,-1.18216,0.653081,-1.8148,0.193758,0.278663,-0.52802,0.68104,-0.122733,0.146499,0.501357,0.37154,-1.07096,-1.51888,-0.747015,-1.43865,2.20596,-547.184,-508.299,2761.5,815.011,520.894,-1882.04,-2005.36,-819.359,713.376,4167.89,684.524,-60.5022,-3825.74,-379.508,89.5438,-786.665,-2764.26,-1893.05,-1138.15,1330.48,3721.9,-4549.31,2287.66,267.703,-2638.59,-2872.07,3581.78,-691.08,1559.76,-2665.15,-3407.54,531.827,2745.55,-223.138,-3512.96,4957.76,-1430.38,-3610.6,1490.59,-2808.39,2647.86,134.514,1058.66,-2025.01,485.435,3088.29,-408.039,1755.96,-843.537,223.64,-979.537,157.066,-382.401,-1592.82,146.539,630.355,1663.4,390.568,-1767.98,-422.267,-1066.21,3073.98,426.967,1910.6,-1257.09,-400.344,-1141.72,499.265,-2604.22,-1076.11,-4120.46,-2216.12,-5824.17,-626.233,4606.2,242.817,3643.23,1542.24,2193.71,656.864,865.569,271.498,-601.193,3442.11,1343.81,-669.027,-589.169,-124.323,-568.395,1995.34,2199.27,3168.19,1360.03,-1589.59,215.181,-2315.43,-552.459,2949.46,968.289,-1405.52
-250354,0,1,0,1,1,250406,-0.384764,0.00591807,1.98251,0.65987,0.194549,-1.62464,-1.32884,-0.638008,0.776036,1.76188,-0.149657,0.116447,-1.54277,-0.0636614,0.2482,-1.00728,-1.59481,-1.01706,-0.127135,0.559175,1.40119,-1.61276,1.8305,-0.0898098,-1.26576,-1.76124,1.23195,-0.269686,1.22789,-1.59845,-1.56077,0.458786,1.996,-0.185011,-1.75004,1.38731,-0.797919,-1.56933,0.936032,-1.67351,1.35279,0.444837,1.42627,-1.3104,-0.0724454,0.89088,-0.393547,0.886616,0.0264761,-0.478673,-1.03596,0.226382,0.0675763,-1.26799,0.156639,-0.0321617,0.998724,0.212245,-0.63784,-0.775643,-0.788799,1.94885,1.21166,0.828242,-0.92643,-0.62419,-1.08532,0.0134659,-0.922084,-1.04397,-1.82062,-0.720654,-1.94471,-0.376988,1.76676,-0.594025,1.17955,0.313105,1.16384,0.0323358,0.112372,0.276904,0.173359,1.84303,0.871915,-1.30925,-0.819472,-0.271119,0.144731,1.18899,1.07535,1.68402,1.67163,-0.91779,-0.253471,-1.68299,-0.374937,1.42931,0.855572,-1.19532,0.448703,0.0379584,-2.08735,0.132778,-0.0466732,-0.63971,-0.441441,-0.248264,0.197906,0.369149,-1.30215,0.520872,0.808097,-0.966954,0.511211,-0.415705,0.0103246,1.81351,0.395452,1.56866,-1.07478,1.41649,-0.187315,0.876547,-1.07413,-1.59571,0.330949,-1.5949,-0.00157109,0.0724987,-1.31743,1.20096,0.881647,1.85691,1.35218,-0.380135,-1.12854,-0.201899,-1.00497,0.231433,-0.520808,-1.72378,-0.882347,1.00191,0.915077,1.38382,-1.3324,-1.56635,-0.245618,1.28029,-1.46154,-0.99983,-1.04652,-0.115867,-0.478677,-0.290579,0.737601,-0.311061,-1.71412,-0.298333,0.0851606,-0.212007,-0.514567,-0.74945,-0.434478,0.674493,-2.35599,-0.208073,0.261361,-1.46908,-1.04155,0.49985,1.30994,-0.0988377,-1.35193,-0.300025,0.164009,-1.08922,0.924842,1.7787,-1.75299,0.223633,0.0281319,-0.466371,-1.32942,-1.0481,1.23679,-1.51473,1.0004,0.362335,1.69378,0.652298,0.422797,0.298485,-0.359582,2.45667,-1.73553,-0.844955,-0.0307705,0.780272,-547.184,-508.299,2761.5,815.011,520.894,-1882.04,-2005.36,-819.359,713.376,4167.89,684.524,-60.5022,-3825.74,-379.508,89.5438,-786.665,-2764.26,-1893.05,-1138.15,1330.48,3721.9,-4549.31,2287.66,267.703,-2638.59,-2872.07,3581.78,-691.08,1559.76,-2665.15,-3407.54,531.827,2745.55,-223.138,-3512.96,4957.76,-1430.38,-3610.6,1490.59,-2808.39,2647.86,134.514,1058.66,-2025.01,485.435,3088.29,-408.039,1755.96,-843.537,223.64,-979.537,157.066,-382.401,-1592.82,146.539,630.355,1663.4,390.568,-1767.98,-422.267,-1066.21,3073.98,426.967,1910.6,-1257.09,-400.344,-1141.72,499.265,-2604.22,-1076.11,-4120.46,-2216.12,-5824.17,-626.233,4606.2,242.817,3643.23,1542.24,2193.71,656.864,865.569,271.498,-601.193,3442.11,1343.81,-669.027,-589.169,-124.323,-568.395,1995.34,2199.27,3168.19,1360.03,-1589.59,215.181,-2315.43,-552.459,2949.46,968.289,-1405.52
-250354,0,1,0,1,1,250413,-0.384764,0.00591807,1.98251,0.65987,0.194549,-1.62464,-1.32884,-0.638008,0.776036,1.76188,-0.149657,0.116447,-1.54277,-0.0636614,0.2482,-1.00728,-1.59481,-1.01706,-0.127135,0.559175,1.40119,-1.61276,1.8305,-0.0898098,-1.26576,-1.76124,1.23195,-0.269686,1.22789,-1.59845,-1.56077,0.458786,1.996,-0.185011,-1.75004,1.38731,-0.797919,-1.56933,0.936032,-1.67351,1.35279,0.444837,1.42627,-1.3104,-0.0724454,0.89088,-0.393547,0.886616,0.0264761,-0.478673,-1.03596,0.226382,0.0675763,-1.26799,0.156639,-0.0321617,0.998724,0.212245,-0.63784,-0.775643,-0.788799,1.94885,1.21166,0.828242,-0.92643,-0.62419,-1.08532,0.0134659,-0.922084,-1.04397,-1.82062,-0.720654,-1.94471,-0.376988,1.76676,-0.594025,1.17955,0.313105,1.16384,0.0323358,0.112372,0.276904,0.173359,1.84303,0.871915,-1.30925,-0.819472,-0.271119,0.144731,1.18899,1.07535,1.68402,1.67163,-0.91779,-0.253471,-1.68299,-0.374937,1.42931,0.855572,-1.19532,-0.358879,-1.15985,-0.334646,-0.499216,0.0997284,2.35495,0.587765,1.3926,-1.32512,1.23271,-0.100923,-0.191532,0.590745,-1.30009,-0.605489,-0.993548,-0.673203,-0.895383,1.29639,0.19192,-1.89367,-1.31701,-0.832766,-0.271934,-1.27227,1.57948,-0.0418838,-1.44135,-0.251543,0.626092,-0.781016,0.854597,-1.78962,-0.873011,0.392966,-1.07563,0.144163,0.135812,0.796523,-1.13254,0.123548,0.553283,0.632096,0.283857,-1.52662,-0.81144,0.277228,1.23349,-0.175102,-1.6392,0.940503,2.54371,-0.0711166,0.155482,-0.266095,-0.69496,0.25144,-1.9867,-1.0108,1.04863,0.426025,-0.774253,0.858098,1.18457,-1.41926,0.612636,-0.561368,0.826591,-1.56234,0.092631,-1.7631,-1.17714,-1.43334,-0.940205,1.4427,-0.24098,-0.456125,0.578502,1.06701,0.0354032,-0.280298,-1.08435,-1.11152,0.360411,-3.0418,-0.547674,0.0165941,0.11465,0.0746491,0.515354,1.43865,2.67342,-1.27468,0.665668,-1.0167,-3.03471,0.362811,-0.708289,-0.352105,0.548174,-547.184,-508.299,2761.5,815.011,520.894,-1882.04,-2005.36,-819.359,713.376,4167.89,684.524,-60.5022,-3825.74,-379.508,89.5438,-786.665,-2764.26,-1893.05,-1138.15,1330.48,3721.9,-4549.31,2287.66,267.703,-2638.59,-2872.07,3581.78,-691.08,1559.76,-2665.15,-3407.54,531.827,2745.55,-223.138,-3512.96,4957.76,-1430.38,-3610.6,1490.59,-2808.39,2647.86,134.514,1058.66,-2025.01,485.435,3088.29,-408.039,1755.96,-843.537,223.64,-979.537,157.066,-382.401,-1592.82,146.539,630.355,1663.4,390.568,-1767.98,-422.267,-1066.21,3073.98,426.967,1910.6,-1257.09,-400.344,-1141.72,499.265,-2604.22,-1076.11,-4120.46,-2216.12,-5824.17,-626.233,4606.2,242.817,3643.23,1542.24,2193.71,656.864,865.569,271.498,-601.193,3442.11,1343.81,-669.027,-589.169,-124.323,-568.395,1995.34,2199.27,3168.19,1360.03,-1589.59,215.181,-2315.43,-552.459,2949.46,968.289,-1405.52
-250354,0,1,0,1,1,250409,-0.384764,0.00591807,1.98251,0.65987,0.194549,-1.62464,-1.32884,-0.638008,0.776036,1.76188,-0.149657,0.116447,-1.54277,-0.0636614,0.2482,-1.00728,-1.59481,-1.01706,-0.127135,0.559175,1.40119,-1.61276,1.8305,-0.0898098,-1.26576,-1.76124,1.23195,-0.269686,1.22789,-1.59845,-1.56077,0.458786,1.996,-0.185011,-1.75004,1.38731,-0.797919,-1.56933,0.936032,-1.67351,1.35279,0.444837,1.42627,-1.3104,-0.0724454,0.89088,-0.393547,0.886616,0.0264761,-0.478673,-1.03596,0.226382,0.0675763,-1.26799,0.156639,-0.0321617,0.998724,0.212245,-0.63784,-0.775643,-0.788799,1.94885,1.21166,0.828242,-0.92643,-0.62419,-1.08532,0.0134659,-0.922084,-1.04397,-1.82062,-0.720654,-1.94471,-0.376988,1.76676,-0.594025,1.17955,0.313105,1.16384,0.0323358,0.112372,0.276904,0.173359,1.84303,0.871915,-1.30925,-0.819472,-0.271119,0.144731,1.18899,1.07535,1.68402,1.67163,-0.91779,-0.253471,-1.68299,-0.374937,1.42931,0.855572,-1.19532,-1.18942,-0.466512,-0.953493,-0.909721,1.73397,-0.0658702,-1.07808,0.689567,-0.110197,1.08632,1.40762,-0.550349,-0.316266,-1.35262,0.196296,1.46467,-1.69788,0.936422,-0.472344,2.33452,-0.695,0.238358,1.43869,-1.26112,0.152485,0.924417,0.93501,1.51352,0.338453,-0.396954,-1.16903,0.446033,0.245613,-0.416688,0.935525,-1.22655,1.72499,0.743758,-0.432328,-0.602476,-0.170942,0.375234,-0.487352,1.30577,2.34842,0.229745,-0.285119,0.738111,0.313418,0.625215,-0.0180872,0.405121,-0.63606,-0.688442,-1.91841,1.21,-0.0364156,0.551757,-1.0841,0.204742,-0.0573958,-2.03147,0.324138,-1.18383,0.936282,-0.166259,-0.509991,1.21888,-0.740669,-1.43169,-2.36442,-1.42074,-1.89965,-1.12388,0.78384,-0.546782,1.32677,-1.56037,-0.11617,-0.84447,0.272126,0.606439,-1.66456,-0.731884,-0.823291,1.40964,-0.511251,1.4785,-0.561606,-0.586978,0.439876,0.360802,1.46772,1.18099,-1.19932,-0.00968592,0.46687,-0.520127,2.46643,1.02456,-547.184,-508.299,2761.5,815.011,520.894,-1882.04,-2005.36,-819.359,713.376,4167.89,684.524,-60.5022,-3825.74,-379.508,89.5438,-786.665,-2764.26,-1893.05,-1138.15,1330.48,3721.9,-4549.31,2287.66,267.703,-2638.59,-2872.07,3581.78,-691.08,1559.76,-2665.15,-3407.54,531.827,2745.55,-223.138,-3512.96,4957.76,-1430.38,-3610.6,1490.59,-2808.39,2647.86,134.514,1058.66,-2025.01,485.435,3088.29,-408.039,1755.96,-843.537,223.64,-979.537,157.066,-382.401,-1592.82,146.539,630.355,1663.4,390.568,-1767.98,-422.267,-1066.21,3073.98,426.967,1910.6,-1257.09,-400.344,-1141.72,499.265,-2604.22,-1076.11,-4120.46,-2216.12,-5824.17,-626.233,4606.2,242.817,3643.23,1542.24,2193.71,656.864,865.569,271.498,-601.193,3442.11,1343.81,-669.027,-589.169,-124.323,-568.395,1995.34,2199.27,3168.19,1360.03,-1589.59,215.181,-2315.43,-552.459,2949.46,968.289,-1405.52
-250354,0,1,0,1,1,250409,-0.384764,0.00591807,1.98251,0.65987,0.194549,-1.62464,-1.32884,-0.638008,0.776036,1.76188,-0.149657,0.116447,-1.54277,-0.0636614,0.2482,-1.00728,-1.59481,-1.01706,-0.127135,0.559175,1.40119,-1.61276,1.8305,-0.0898098,-1.26576,-1.76124,1.23195,-0.269686,1.22789,-1.59845,-1.56077,0.458786,1.996,-0.185011,-1.75004,1.38731,-0.797919,-1.56933,0.936032,-1.67351,1.35279,0.444837,1.42627,-1.3104,-0.0724454,0.89088,-0.393547,0.886616,0.0264761,-0.478673,-1.03596,0.226382,0.0675763,-1.26799,0.156639,-0.0321617,0.998724,0.212245,-0.63784,-0.775643,-0.788799,1.94885,1.21166,0.828242,-0.92643,-0.62419,-1.08532,0.0134659,-0.922084,-1.04397,-1.82062,-0.720654,-1.94471,-0.376988,1.76676,-0.594025,1.17955,0.313105,1.16384,0.0323358,0.112372,0.276904,0.173359,1.84303,0.871915,-1.30925,-0.819472,-0.271119,0.144731,1.18899,1.07535,1.68402,1.67163,-0.91779,-0.253471,-1.68299,-0.374937,1.42931,0.855572,-1.19532,-0.841651,0.385777,-0.140419,-1.40993,1.31999,0.646356,-0.550686,0.328086,0.273926,0.955584,1.38698,-0.211547,0.116252,0.115253,0.882295,0.810722,-2.25113,1.5002,-0.251893,0.419066,-0.770704,0.0822392,0.758331,-1.62261,-0.0293464,-2.87746,0.409598,0.473021,0.650452,-0.373083,-1.24751,-0.224554,1.1064,-0.193002,-2.22805,-0.258931,1.33817,0.265904,0.0329734,0.929673,0.695318,0.0554099,-0.393626,0.0206446,-0.556379,-0.413765,0.523213,1.55596,-0.350475,-1.82659,0.295437,-0.422691,-0.855604,-0.127176,0.454932,-0.483759,-1.3752,2.41643,1.46467,-0.356855,0.189494,-1.06764,-0.489385,0.290909,0.610708,-0.0758626,-1.20728,-0.554923,0.383813,-0.379877,0.117021,0.67189,-2.66555,-0.0678841,-0.15661,2.14425,-0.217887,0.256287,-0.488207,1.3119,0.236263,0.951866,-0.619654,-0.146421,0.78195,1.71243,-0.116272,1.33722,-2.25845,-0.279873,2.93999,-0.871514,-0.314665,1.49521,0.541859,0.924889,-0.401827,-0.446453,2.10802,-1.38253,-547.184,-508.299,2761.5,815.011,520.894,-1882.04,-2005.36,-819.359,713.376,4167.89,684.524,-60.5022,-3825.74,-379.508,89.5438,-786.665,-2764.26,-1893.05,-1138.15,1330.48,3721.9,-4549.31,2287.66,267.703,-2638.59,-2872.07,3581.78,-691.08,1559.76,-2665.15,-3407.54,531.827,2745.55,-223.138,-3512.96,4957.76,-1430.38,-3610.6,1490.59,-2808.39,2647.86,134.514,1058.66,-2025.01,485.435,3088.29,-408.039,1755.96,-843.537,223.64,-979.537,157.066,-382.401,-1592.82,146.539,630.355,1663.4,390.568,-1767.98,-422.267,-1066.21,3073.98,426.967,1910.6,-1257.09,-400.344,-1141.72,499.265,-2604.22,-1076.11,-4120.46,-2216.12,-5824.17,-626.233,4606.2,242.817,3643.23,1542.24,2193.71,656.864,865.569,271.498,-601.193,3442.11,1343.81,-669.027,-589.169,-124.323,-568.395,1995.34,2199.27,3168.19,1360.03,-1589.59,215.181,-2315.43,-552.459,2949.46,968.289,-1405.52
-250354,0,1,0,1,1,250414,-0.384764,0.00591807,1.98251,0.65987,0.194549,-1.62464,-1.32884,-0.638008,0.776036,1.76188,-0.149657,0.116447,-1.54277,-0.0636614,0.2482,-1.00728,-1.59481,-1.01706,-0.127135,0.559175,1.40119,-1.61276,1.8305,-0.0898098,-1.26576,-1.76124,1.23195,-0.269686,1.22789,-1.59845,-1.56077,0.458786,1.996,-0.185011,-1.75004,1.38731,-0.797919,-1.56933,0.936032,-1.67351,1.35279,0.444837,1.42627,-1.3104,-0.0724454,0.89088,-0.393547,0.886616,0.0264761,-0.478673,-1.03596,0.226382,0.0675763,-1.26799,0.156639,-0.0321617,0.998724,0.212245,-0.63784,-0.775643,-0.788799,1.94885,1.21166,0.828242,-0.92643,-0.62419,-1.08532,0.0134659,-0.922084,-1.04397,-1.82062,-0.720654,-1.94471,-0.376988,1.76676,-0.594025,1.17955,0.313105,1.16384,0.0323358,0.112372,0.276904,0.173359,1.84303,0.871915,-1.30925,-0.819472,-0.271119,0.144731,1.18899,1.07535,1.68402,1.67163,-0.91779,-0.253471,-1.68299,-0.374937,1.42931,0.855572,-1.19532,-1.72717,-0.587839,1.54231,-0.794277,-0.871729,-0.954666,-0.425082,-0.687646,-0.405777,1.41725,0.312224,-1.22417,1.54138,0.0831561,1.32422,1.88728,-0.428683,0.504643,0.577105,0.0110456,-0.308457,-0.141641,0.685394,0.480894,0.0376882,2.23966,-2.45425,0.296633,-2.77999,1.25881,-0.291951,0.602391,-0.121856,-2.17409,0.676725,1.21163,-0.943569,-0.162128,0.147279,0.46234,-0.980779,-0.733935,1.21699,-0.734003,0.976885,-0.687726,0.106538,-0.374238,0.624857,-0.279378,-0.438189,2.0915,2.08788,0.982872,-0.797064,-0.582245,0.574892,0.639732,0.73811,1.21164,1.79646,0.586241,-0.841111,-0.0684386,-0.037957,-0.608397,-0.0512777,2.13636,0.918342,1.10668,1.38861,-0.81498,-0.719642,1.21093,-0.839641,1.21926,0.986333,-1.1584,0.486768,-0.386605,0.914637,-1.80258,-0.946546,0.874542,-0.756123,0.250243,-3.61218,1.48402,1.04661,0.166897,0.917387,1.24667,0.501229,-0.549056,-0.836056,0.553201,-0.24237,0.98321,1.03929,-0.537658,-547.184,-508.299,2761.5,815.011,520.894,-1882.04,-2005.36,-819.359,713.376,4167.89,684.524,-60.5022,-3825.74,-379.508,89.5438,-786.665,-2764.26,-1893.05,-1138.15,1330.48,3721.9,-4549.31,2287.66,267.703,-2638.59,-2872.07,3581.78,-691.08,1559.76,-2665.15,-3407.54,531.827,2745.55,-223.138,-3512.96,4957.76,-1430.38,-3610.6,1490.59,-2808.39,2647.86,134.514,1058.66,-2025.01,485.435,3088.29,-408.039,1755.96,-843.537,223.64,-979.537,157.066,-382.401,-1592.82,146.539,630.355,1663.4,390.568,-1767.98,-422.267,-1066.21,3073.98,426.967,1910.6,-1257.09,-400.344,-1141.72,499.265,-2604.22,-1076.11,-4120.46,-2216.12,-5824.17,-626.233,4606.2,242.817,3643.23,1542.24,2193.71,656.864,865.569,271.498,-601.193,3442.11,1343.81,-669.027,-589.169,-124.323,-568.395,1995.34,2199.27,3168.19,1360.03,-1589.59,215.181,-2315.43,-552.459,2949.46,968.289,-1405.52
-250354,0,1,0,1,1,250403,-0.384764,0.00591807,1.98251,0.65987,0.194549,-1.62464,-1.32884,-0.638008,0.776036,1.76188,-0.149657,0.116447,-1.54277,-0.0636614,0.2482,-1.00728,-1.59481,-1.01706,-0.127135,0.559175,1.40119,-1.61276,1.8305,-0.0898098,-1.26576,-1.76124,1.23195,-0.269686,1.22789,-1.59845,-1.56077,0.458786,1.996,-0.185011,-1.75004,1.38731,-0.797919,-1.56933,0.936032,-1.67351,1.35279,0.444837,1.42627,-1.3104,-0.0724454,0.89088,-0.393547,0.886616,0.0264761,-0.478673,-1.03596,0.226382,0.0675763,-1.26799,0.156639,-0.0321617,0.998724,0.212245,-0.63784,-0.775643,-0.788799,1.94885,1.21166,0.828242,-0.92643,-0.62419,-1.08532,0.0134659,-0.922084,-1.04397,-1.82062,-0.720654,-1.94471,-0.376988,1.76676,-0.594025,1.17955,0.313105,1.16384,0.0323358,0.112372,0.276904,0.173359,1.84303,0.871915,-1.30925,-0.819472,-0.271119,0.144731,1.18899,1.07535,1.68402,1.67163,-0.91779,-0.253471,-1.68299,-0.374937,1.42931,0.855572,-1.19532,0.655934,-1.36361,1.5869,0.520398,0.997971,-0.57075,-0.635833,0.0702465,-2.25594,0.847336,-0.564602,-0.834141,0.244924,-0.914861,1.16494,-0.377901,1.84155,0.155458,-0.724892,-0.577825,0.411072,0.414884,1.98678,-0.245407,-0.516657,0.4078,-1.97214,0.59077,-1.01598,1.78908,-0.183831,-1.35447,-0.17965,-0.547166,-0.453528,-1.32352,0.945226,-0.0477607,1.36028,0.0654018,1.56693,0.292309,0.368422,-0.0318249,-1.52693,-0.298799,-0.214775,-1.0005,0.758927,-1.30762,-0.568383,0.81789,-0.214587,1.76208,-0.0230208,0.752394,-0.362477,0.779271,-0.247456,0.404235,-1.49877,0.103913,1.05396,-1.02177,-0.172247,0.174362,-0.658502,-1.6584,0.0413758,-1.40953,-1.06623,-0.626919,2.152,-0.556395,-1.06679,0.511747,0.18507,0.28798,-2.68302,-1.25544,0.933912,-1.45082,-1.14763,-0.296838,-0.12097,-0.7889,-0.551119,-1.92153,1.42269,0.0956401,0.441272,0.489042,0.769359,-0.274367,-1.0083,-0.0558878,1.65489,0.141473,-0.553472,0.335779,-547.184,-508.299,2761.5,815.011,520.894,-1882.04,-2005.36,-819.359,713.376,4167.89,684.524,-60.5022,-3825.74,-379.508,89.5438,-786.665,-2764.26,-1893.05,-1138.15,1330.48,3721.9,-4549.31,2287.66,267.703,-2638.59,-2872.07,3581.78,-691.08,1559.76,-2665.15,-3407.54,531.827,2745.55,-223.138,-3512.96,4957.76,-1430.38,-3610.6,1490.59,-2808.39,2647.86,134.514,1058.66,-2025.01,485.435,3088.29,-408.039,1755.96,-843.537,223.64,-979.537,157.066,-382.401,-1592.82,146.539,630.355,1663.4,390.568,-1767.98,-422.267,-1066.21,3073.98,426.967,1910.6,-1257.09,-400.344,-1141.72,499.265,-2604.22,-1076.11,-4120.46,-2216.12,-5824.17,-626.233,4606.2,242.817,3643.23,1542.24,2193.71,656.864,865.569,271.498,-601.193,3442.11,1343.81,-669.027,-589.169,-124.323,-568.395,1995.34,2199.27,3168.19,1360.03,-1589.59,215.181,-2315.43,-552.459,2949.46,968.289,-1405.52
-250354,0,1,0,1,1,250393,-0.384764,0.00591807,1.98251,0.65987,0.194549,-1.62464,-1.32884,-0.638008,0.776036,1.76188,-0.149657,0.116447,-1.54277,-0.0636614,0.2482,-1.00728,-1.59481,-1.01706,-0.127135,0.559175,1.40119,-1.61276,1.8305,-0.0898098,-1.26576,-1.76124,1.23195,-0.269686,1.22789,-1.59845,-1.56077,0.458786,1.996,-0.185011,-1.75004,1.38731,-0.797919,-1.56933,0.936032,-1.67351,1.35279,0.444837,1.42627,-1.3104,-0.0724454,0.89088,-0.393547,0.886616,0.0264761,-0.478673,-1.03596,0.226382,0.0675763,-1.26799,0.156639,-0.0321617,0.998724,0.212245,-0.63784,-0.775643,-0.788799,1.94885,1.21166,0.828242,-0.92643,-0.62419,-1.08532,0.0134659,-0.922084,-1.04397,-1.82062,-0.720654,-1.94471,-0.376988,1.76676,-0.594025,1.17955,0.313105,1.16384,0.0323358,0.112372,0.276904,0.173359,1.84303,0.871915,-1.30925,-0.819472,-0.271119,0.144731,1.18899,1.07535,1.68402,1.67163,-0.91779,-0.253471,-1.68299,-0.374937,1.42931,0.855572,-1.19532,-1.19111,0.11332,-0.0850041,1.34578,-0.397675,-1.53175,-0.563236,-0.444503,0.418315,0.912921,0.11833,0.393498,-1.16999,-0.605926,0.36934,0.172771,-1.32706,-0.724249,0.0872901,-0.0699751,-0.10093,-0.293507,0.41017,0.731653,0.876263,-0.391126,-0.41942,-0.185491,-2.10134,0.332261,1.03739,0.213805,0.684779,1.0259,-0.552977,-0.671661,0.349331,1.16339,-1.52456,0.408297,0.197051,-1.28476,0.85441,-0.0700951,0.879188,0.32768,1.6163,0.746076,-0.146129,-0.952105,1.20687,-0.463756,-0.304352,-0.432815,1.27234,-0.911478,-0.973533,-0.0313478,-2.35865,-1.22333,0.874864,2.71336,-0.0650815,-0.0589939,0.177854,0.824893,-0.884217,-1.30983,-1.35083,-0.660095,1.23074,-1.01611,-1.14526,-0.344175,0.646136,-0.509675,1.1159,-1.21626,-0.215773,-0.66434,-0.806199,-0.481718,-0.852992,-0.420811,-1.09928,0.927184,-0.16736,0.542257,-0.0249326,0.646789,-0.473241,0.360461,1.74033,0.110198,0.0835637,-0.167274,-0.375693,1.42759,1.24995,0.359237,-547.184,-508.299,2761.5,815.011,520.894,-1882.04,-2005.36,-819.359,713.376,4167.89,684.524,-60.5022,-3825.74,-379.508,89.5438,-786.665,-2764.26,-1893.05,-1138.15,1330.48,3721.9,-4549.31,2287.66,267.703,-2638.59,-2872.07,3581.78,-691.08,1559.76,-2665.15,-3407.54,531.827,2745.55,-223.138,-3512.96,4957.76,-1430.38,-3610.6,1490.59,-2808.39,2647.86,134.514,1058.66,-2025.01,485.435,3088.29,-408.039,1755.96,-843.537,223.64,-979.537,157.066,-382.401,-1592.82,146.539,630.355,1663.4,390.568,-1767.98,-422.267,-1066.21,3073.98,426.967,1910.6,-1257.09,-400.344,-1141.72,499.265,-2604.22,-1076.11,-4120.46,-2216.12,-5824.17,-626.233,4606.2,242.817,3643.23,1542.24,2193.71,656.864,865.569,271.498,-601.193,3442.11,1343.81,-669.027,-589.169,-124.323,-568.395,1995.34,2199.27,3168.19,1360.03,-1589.59,215.181,-2315.43,-552.459,2949.46,968.289,-1405.52
-250354,0,1,0,1,1,250406,-0.384764,0.00591807,1.98251,0.65987,0.194549,-1.62464,-1.32884,-0.638008,0.776036,1.76188,-0.149657,0.116447,-1.54277,-0.0636614,0.2482,-1.00728,-1.59481,-1.01706,-0.127135,0.559175,1.40119,-1.61276,1.8305,-0.0898098,-1.26576,-1.76124,1.23195,-0.269686,1.22789,-1.59845,-1.56077,0.458786,1.996,-0.185011,-1.75004,1.38731,-0.797919,-1.56933,0.936032,-1.67351,1.35279,0.444837,1.42627,-1.3104,-0.0724454,0.89088,-0.393547,0.886616,0.0264761,-0.478673,-1.03596,0.226382,0.0675763,-1.26799,0.156639,-0.0321617,0.998724,0.212245,-0.63784,-0.775643,-0.788799,1.94885,1.21166,0.828242,-0.92643,-0.62419,-1.08532,0.0134659,-0.922084,-1.04397,-1.82062,-0.720654,-1.94471,-0.376988,1.76676,-0.594025,1.17955,0.313105,1.16384,0.0323358,0.112372,0.276904,0.173359,1.84303,0.871915,-1.30925,-0.819472,-0.271119,0.144731,1.18899,1.07535,1.68402,1.67163,-0.91779,-0.253471,-1.68299,-0.374937,1.42931,0.855572,-1.19532,-0.672958,-0.173323,-0.196893,0.196469,-0.829043,0.69523,-0.682118,-0.084527,-0.57303,0.0616669,0.24827,-0.714246,-0.531742,-0.605277,-0.567377,0.285036,1.27275,0.976661,-0.572194,1.47692,-0.0284707,0.074696,0.416608,-1.45062,-0.266502,0.525102,-0.817075,-0.37828,0.628518,-0.529077,0.936507,-0.727641,0.128264,-0.82147,1.79566,0.0917226,-1.1402,2.09406,1.27305,0.940162,-0.501775,1.03565,-2.42587,0.699943,1.47286,0.00640617,0.179016,-0.147612,-2.28796,0.395797,2.18205,-0.44727,0.912689,3.59806,1.53081,-0.0820677,-0.796516,-0.583798,-0.103169,-0.694282,0.179211,-1.13026,0.401359,0.894713,0.080267,-1.29578,1.28332,0.928485,0.594806,0.886026,-0.907285,-2.06445,0.348072,1.94525,-0.726385,-1.89418,1.85223,-0.179686,0.574965,0.325857,0.351028,0.60302,0.979036,0.096618,-1.3465,-0.469845,0.736128,0.521829,-0.816884,0.430257,1.16329,0.171801,-1.11392,-1.32762,0.657183,-1.22732,0.000947952,0.824031,-0.253205,-1.34725,-547.184,-508.299,2761.5,815.011,520.894,-1882.04,-2005.36,-819.359,713.376,4167.89,684.524,-60.5022,-3825.74,-379.508,89.5438,-786.665,-2764.26,-1893.05,-1138.15,1330.48,3721.9,-4549.31,2287.66,267.703,-2638.59,-2872.07,3581.78,-691.08,1559.76,-2665.15,-3407.54,531.827,2745.55,-223.138,-3512.96,4957.76,-1430.38,-3610.6,1490.59,-2808.39,2647.86,134.514,1058.66,-2025.01,485.435,3088.29,-408.039,1755.96,-843.537,223.64,-979.537,157.066,-382.401,-1592.82,146.539,630.355,1663.4,390.568,-1767.98,-422.267,-1066.21,3073.98,426.967,1910.6,-1257.09,-400.344,-1141.72,499.265,-2604.22,-1076.11,-4120.46,-2216.12,-5824.17,-626.233,4606.2,242.817,3643.23,1542.24,2193.71,656.864,865.569,271.498,-601.193,3442.11,1343.81,-669.027,-589.169,-124.323,-568.395,1995.34,2199.27,3168.19,1360.03,-1589.59,215.181,-2315.43,-552.459,2949.46,968.289,-1405.52
-250354,0,1,0,1,1,250401,-0.384764,0.00591807,1.98251,0.65987,0.194549,-1.62464,-1.32884,-0.638008,0.776036,1.76188,-0.149657,0.116447,-1.54277,-0.0636614,0.2482,-1.00728,-1.59481,-1.01706,-0.127135,0.559175,1.40119,-1.61276,1.8305,-0.0898098,-1.26576,-1.76124,1.23195,-0.269686,1.22789,-1.59845,-1.56077,0.458786,1.996,-0.185011,-1.75004,1.38731,-0.797919,-1.56933,0.936032,-1.67351,1.35279,0.444837,1.42627,-1.3104,-0.0724454,0.89088,-0.393547,0.886616,0.0264761,-0.478673,-1.03596,0.226382,0.0675763,-1.26799,0.156639,-0.0321617,0.998724,0.212245,-0.63784,-0.775643,-0.788799,1.94885,1.21166,0.828242,-0.92643,-0.62419,-1.08532,0.0134659,-0.922084,-1.04397,-1.82062,-0.720654,-1.94471,-0.376988,1.76676,-0.594025,1.17955,0.313105,1.16384,0.0323358,0.112372,0.276904,0.173359,1.84303,0.871915,-1.30925,-0.819472,-0.271119,0.144731,1.18899,1.07535,1.68402,1.67163,-0.91779,-0.253471,-1.68299,-0.374937,1.42931,0.855572,-1.19532,0.451484,0.89436,-0.87802,0.253091,-0.661742,-0.301748,0.458372,-0.633223,1.14334,-0.0882326,-1.01357,-0.0365712,0.0999535,-0.0934823,0.945407,0.907657,1.42677,0.606755,0.705871,-0.0673214,1.65574,0.120167,-0.495427,-0.752666,-1.67526,1.06254,-0.364006,-2.37051,-0.611014,0.705419,0.704675,-0.446208,-0.982974,0.0764414,-0.472331,0.673721,0.285395,0.595859,0.772965,-0.701868,1.1125,-0.989607,1.04625,-2.3935,-1.72994,0.225801,0.147781,-0.513368,0.567139,0.780732,-0.0699725,-0.841123,-0.745176,-0.524249,-0.47643,-0.191259,0.951294,1.34499,0.212676,0.445928,-0.0666695,1.2072,1.61132,1.10184,-1.5649,-1.78262,-1.7175,0.546853,0.126598,-1.08099,1.83878,-0.276548,-0.488194,-1.81679,0.404882,1.25023,-0.575526,1.85743,-0.587804,1.33659,0.544308,0.483468,-1.61948,0.392499,0.621188,-0.358791,-0.358513,-1.43425,1.55289,0.0242938,0.338836,0.199496,1.64244,-1.34553,-1.68225,0.0839194,-1.36191,-0.847151,0.200683,0.0529658,-547.184,-508.299,2761.5,815.011,520.894,-1882.04,-2005.36,-819.359,713.376,4167.89,684.524,-60.5022,-3825.74,-379.508,89.5438,-786.665,-2764.26,-1893.05,-1138.15,1330.48,3721.9,-4549.31,2287.66,267.703,-2638.59,-2872.07,3581.78,-691.08,1559.76,-2665.15,-3407.54,531.827,2745.55,-223.138,-3512.96,4957.76,-1430.38,-3610.6,1490.59,-2808.39,2647.86,134.514,1058.66,-2025.01,485.435,3088.29,-408.039,1755.96,-843.537,223.64,-979.537,157.066,-382.401,-1592.82,146.539,630.355,1663.4,390.568,-1767.98,-422.267,-1066.21,3073.98,426.967,1910.6,-1257.09,-400.344,-1141.72,499.265,-2604.22,-1076.11,-4120.46,-2216.12,-5824.17,-626.233,4606.2,242.817,3643.23,1542.24,2193.71,656.864,865.569,271.498,-601.193,3442.11,1343.81,-669.027,-589.169,-124.323,-568.395,1995.34,2199.27,3168.19,1360.03,-1589.59,215.181,-2315.43,-552.459,2949.46,968.289,-1405.52
-250354,0,1,0,1,1,250407,-0.384764,0.00591807,1.98251,0.65987,0.194549,-1.62464,-1.32884,-0.638008,0.776036,1.76188,-0.149657,0.116447,-1.54277,-0.0636614,0.2482,-1.00728,-1.59481,-1.01706,-0.127135,0.559175,1.40119,-1.61276,1.8305,-0.0898098,-1.26576,-1.76124,1.23195,-0.269686,1.22789,-1.59845,-1.56077,0.458786,1.996,-0.185011,-1.75004,1.38731,-0.797919,-1.56933,0.936032,-1.67351,1.35279,0.444837,1.42627,-1.3104,-0.0724454,0.89088,-0.393547,0.886616,0.0264761,-0.478673,-1.03596,0.226382,0.0675763,-1.26799,0.156639,-0.0321617,0.998724,0.212245,-0.63784,-0.775643,-0.788799,1.94885,1.21166,0.828242,-0.92643,-0.62419,-1.08532,0.0134659,-0.922084,-1.04397,-1.82062,-0.720654,-1.94471,-0.376988,1.76676,-0.594025,1.17955,0.313105,1.16384,0.0323358,0.112372,0.276904,0.173359,1.84303,0.871915,-1.30925,-0.819472,-0.271119,0.144731,1.18899,1.07535,1.68402,1.67163,-0.91779,-0.253471,-1.68299,-0.374937,1.42931,0.855572,-1.19532,0.160833,-0.819951,-0.756689,0.678044,1.92367,-0.21955,1.12339,0.717427,0.409449,0.455752,-0.62707,-0.0975137,2.09907,1.7129,-1.04225,0.284634,-0.385101,-0.0113782,0.692523,1.54751,-0.277042,0.214125,-1.2655,0.916961,-0.852753,0.982125,-0.94279,1.33877,-0.271594,-1.76741,1.39205,-0.23291,0.370072,2.10926,0.808478,-1.05434,-0.356746,-0.152404,-0.53426,0.881121,-0.10727,-0.502664,0.657976,-0.175578,0.711179,-2.56454,-0.457463,0.660585,-0.412031,0.569334,-2.51374,0.104386,-2.07556,-1.8475,0.273465,-0.118113,0.0544708,-0.34047,-0.905569,0.871126,0.0618648,0.517921,-1.5607,-0.465725,0.0748513,-2.0166,1.59792,1.32358,-0.400212,-1.11746,-0.110849,-0.217577,0.0116997,1.31634,-1.10973,0.808998,2.15576,1.21542,-1.7727,0.857899,2.02721,-0.0295967,-0.0814478,1.00463,1.32198,0.310231,0.937752,0.46508,-0.00828397,-0.468194,1.02494,-0.198685,0.479945,0.0222025,0.104466,0.120646,1.4113,-0.13164,0.824793,-1.73564,-547.184,-508.299,2761.5,815.011,520.894,-1882.04,-2005.36,-819.359,713.376,4167.89,684.524,-60.5022,-3825.74,-379.508,89.5438,-786.665,-2764.26,-1893.05,-1138.15,1330.48,3721.9,-4549.31,2287.66,267.703,-2638.59,-2872.07,3581.78,-691.08,1559.76,-2665.15,-3407.54,531.827,2745.55,-223.138,-3512.96,4957.76,-1430.38,-3610.6,1490.59,-2808.39,2647.86,134.514,1058.66,-2025.01,485.435,3088.29,-408.039,1755.96,-843.537,223.64,-979.537,157.066,-382.401,-1592.82,146.539,630.355,1663.4,390.568,-1767.98,-422.267,-1066.21,3073.98,426.967,1910.6,-1257.09,-400.344,-1141.72,499.265,-2604.22,-1076.11,-4120.46,-2216.12,-5824.17,-626.233,4606.2,242.817,3643.23,1542.24,2193.71,656.864,865.569,271.498,-601.193,3442.11,1343.81,-669.027,-589.169,-124.323,-568.395,1995.34,2199.27,3168.19,1360.03,-1589.59,215.181,-2315.43,-552.459,2949.46,968.289,-1405.52
-250354,0,1,0,1,1,250403,-0.384764,0.00591807,1.98251,0.65987,0.194549,-1.62464,-1.32884,-0.638008,0.776036,1.76188,-0.149657,0.116447,-1.54277,-0.0636614,0.2482,-1.00728,-1.59481,-1.01706,-0.127135,0.559175,1.40119,-1.61276,1.8305,-0.0898098,-1.26576,-1.76124,1.23195,-0.269686,1.22789,-1.59845,-1.56077,0.458786,1.996,-0.185011,-1.75004,1.38731,-0.797919,-1.56933,0.936032,-1.67351,1.35279,0.444837,1.42627,-1.3104,-0.0724454,0.89088,-0.393547,0.886616,0.0264761,-0.478673,-1.03596,0.226382,0.0675763,-1.26799,0.156639,-0.0321617,0.998724,0.212245,-0.63784,-0.775643,-0.788799,1.94885,1.21166,0.828242,-0.92643,-0.62419,-1.08532,0.0134659,-0.922084,-1.04397,-1.82062,-0.720654,-1.94471,-0.376988,1.76676,-0.594025,1.17955,0.313105,1.16384,0.0323358,0.112372,0.276904,0.173359,1.84303,0.871915,-1.30925,-0.819472,-0.271119,0.144731,1.18899,1.07535,1.68402,1.67163,-0.91779,-0.253471,-1.68299,-0.374937,1.42931,0.855572,-1.19532,1.02591,-1.8404,1.0065,-1.31433,-0.0367209,1.37161,-0.615813,0.204117,1.06456,1.18347,0.108185,-1.64559,-0.621383,1.23803,-0.0968273,0.570127,0.349795,1.94454,0.772572,-1.17704,0.899397,0.00399013,-0.806339,-0.661225,0.386391,-0.568598,1.93998,1.85175,0.953825,-1.25261,1.2309,-0.0199297,-0.393628,-1.32048,1.3021,-0.328345,-1.75475,0.299744,-1.0871,0.407978,-0.793263,1.33844,-0.686021,0.566491,1.15799,-0.203381,-0.932059,0.664897,1.87273,-0.0270937,0.971,-0.710675,-0.780544,0.258708,-0.415652,-0.44904,-1.91547,1.95722,-2.03869,-0.98582,0.47376,0.366163,1.01828,0.133808,0.178941,-1.10298,0.493412,0.466346,-0.341573,0.515422,-0.929154,0.499725,2.01429,-0.368814,0.40885,1.59175,1.61275,0.198875,0.409835,-0.266543,-0.0862514,1.27771,0.781392,0.34237,1.12479,0.119326,-1.2518,0.703252,0.175134,-1.66914,0.309851,0.938272,-0.550108,-1.05195,-0.968738,-0.446746,-0.54057,0.0134626,0.141613,1.19088,-547.184,-508.299,2761.5,815.011,520.894,-1882.04,-2005.36,-819.359,713.376,4167.89,684.524,-60.5022,-3825.74,-379.508,89.5438,-786.665,-2764.26,-1893.05,-1138.15,1330.48,3721.9,-4549.31,2287.66,267.703,-2638.59,-2872.07,3581.78,-691.08,1559.76,-2665.15,-3407.54,531.827,2745.55,-223.138,-3512.96,4957.76,-1430.38,-3610.6,1490.59,-2808.39,2647.86,134.514,1058.66,-2025.01,485.435,3088.29,-408.039,1755.96,-843.537,223.64,-979.537,157.066,-382.401,-1592.82,146.539,630.355,1663.4,390.568,-1767.98,-422.267,-1066.21,3073.98,426.967,1910.6,-1257.09,-400.344,-1141.72,499.265,-2604.22,-1076.11,-4120.46,-2216.12,-5824.17,-626.233,4606.2,242.817,3643.23,1542.24,2193.71,656.864,865.569,271.498,-601.193,3442.11,1343.81,-669.027,-589.169,-124.323,-568.395,1995.34,2199.27,3168.19,1360.03,-1589.59,215.181,-2315.43,-552.459,2949.46,968.289,-1405.52
-250354,0,1,0,1,1,250427,-0.384764,0.00591807,1.98251,0.65987,0.194549,-1.62464,-1.32884,-0.638008,0.776036,1.76188,-0.149657,0.116447,-1.54277,-0.0636614,0.2482,-1.00728,-1.59481,-1.01706,-0.127135,0.559175,1.40119,-1.61276,1.8305,-0.0898098,-1.26576,-1.76124,1.23195,-0.269686,1.22789,-1.59845,-1.56077,0.458786,1.996,-0.185011,-1.75004,1.38731,-0.797919,-1.56933,0.936032,-1.67351,1.35279,0.444837,1.42627,-1.3104,-0.0724454,0.89088,-0.393547,0.886616,0.0264761,-0.478673,-1.03596,0.226382,0.0675763,-1.26799,0.156639,-0.0321617,0.998724,0.212245,-0.63784,-0.775643,-0.788799,1.94885,1.21166,0.828242,-0.92643,-0.62419,-1.08532,0.0134659,-0.922084,-1.04397,-1.82062,-0.720654,-1.94471,-0.376988,1.76676,-0.594025,1.17955,0.313105,1.16384,0.0323358,0.112372,0.276904,0.173359,1.84303,0.871915,-1.30925,-0.819472,-0.271119,0.144731,1.18899,1.07535,1.68402,1.67163,-0.91779,-0.253471,-1.68299,-0.374937,1.42931,0.855572,-1.19532,1.89508,-1.04507,0.895139,-0.794814,-1.00502,0.885249,-1.52396,1.87899,-0.7271,-0.049984,1.63401,-0.116411,-2.28365,1.00874,-1.33905,0.864931,-0.409304,-0.523876,1.00138,0.0735445,-0.281381,1.49899,-0.53921,-1.3722,0.303966,0.0930754,0.834016,0.786926,0.757572,-0.411296,0.427449,-0.822381,1.39671,-0.45095,0.93879,-0.365283,0.151509,-0.0165041,2.1389,-1.07365,-1.53909,-0.378938,0.384623,0.836402,-1.89564,-1.98177,1.16231,3.13147,-0.713028,-0.377078,0.543541,1.64554,-1.24042,0.144577,1.99925,-2.62315,-1.67333,-0.791654,-0.230082,-0.585255,0.049982,-0.628641,-1.97136,0.52969,-0.651744,2.71442,-2.98668,0.304924,1.03892,1.34761,0.59728,-1.21782,0.572247,-2.31542,0.0984905,-0.129832,-1.20233,0.0249732,-0.645209,-2.2243,1.16019,-0.833035,0.844099,-0.387804,-1.22081,0.703056,-1.08323,-0.816732,0.141037,0.964633,-0.781907,0.226747,1.26759,-0.746327,2.45653,-0.343412,-0.985212,-0.0883336,-1.03927,-1.91741,-547.184,-508.299,2761.5,815.011,520.894,-1882.04,-2005.36,-819.359,713.376,4167.89,684.524,-60.5022,-3825.74,-379.508,89.5438,-786.665,-2764.26,-1893.05,-1138.15,1330.48,3721.9,-4549.31,2287.66,267.703,-2638.59,-2872.07,3581.78,-691.08,1559.76,-2665.15,-3407.54,531.827,2745.55,-223.138,-3512.96,4957.76,-1430.38,-3610.6,1490.59,-2808.39,2647.86,134.514,1058.66,-2025.01,485.435,3088.29,-408.039,1755.96,-843.537,223.64,-979.537,157.066,-382.401,-1592.82,146.539,630.355,1663.4,390.568,-1767.98,-422.267,-1066.21,3073.98,426.967,1910.6,-1257.09,-400.344,-1141.72,499.265,-2604.22,-1076.11,-4120.46,-2216.12,-5824.17,-626.233,4606.2,242.817,3643.23,1542.24,2193.71,656.864,865.569,271.498,-601.193,3442.11,1343.81,-669.027,-589.169,-124.323,-568.395,1995.34,2199.27,3168.19,1360.03,-1589.59,215.181,-2315.43,-552.459,2949.46,968.289,-1405.52
-250354,0,1,0,1,1,250411,-0.384764,0.00591807,1.98251,0.65987,0.194549,-1.62464,-1.32884,-0.638008,0.776036,1.76188,-0.149657,0.116447,-1.54277,-0.0636614,0.2482,-1.00728,-1.59481,-1.01706,-0.127135,0.559175,1.40119,-1.61276,1.8305,-0.0898098,-1.26576,-1.76124,1.23195,-0.269686,1.22789,-1.59845,-1.56077,0.458786,1.996,-0.185011,-1.75004,1.38731,-0.797919,-1.56933,0.936032,-1.67351,1.35279,0.444837,1.42627,-1.3104,-0.0724454,0.89088,-0.393547,0.886616,0.0264761,-0.478673,-1.03596,0.226382,0.0675763,-1.26799,0.156639,-0.0321617,0.998724,0.212245,-0.63784,-0.775643,-0.788799,1.94885,1.21166,0.828242,-0.92643,-0.62419,-1.08532,0.0134659,-0.922084,-1.04397,-1.82062,-0.720654,-1.94471,-0.376988,1.76676,-0.594025,1.17955,0.313105,1.16384,0.0323358,0.112372,0.276904,0.173359,1.84303,0.871915,-1.30925,-0.819472,-0.271119,0.144731,1.18899,1.07535,1.68402,1.67163,-0.91779,-0.253471,-1.68299,-0.374937,1.42931,0.855572,-1.19532,0.528938,-0.0284847,0.0762529,1.00672,2.57916,0.695637,1.10099,0.758265,1.55012,-0.566654,-0.66487,0.727061,1.00307,-0.656464,-0.563193,-1.16929,0.752874,1.34914,2.29259,0.551624,-0.562859,0.0607846,1.01405,-1.10271,0.347361,0.0564412,0.778753,1.32171,0.496177,-0.48899,0.0839127,1.27592,0.537603,-0.0292768,-1.22301,0.899221,1.01482,-0.724043,0.299519,0.630614,-0.66309,-0.304352,-2.11495,0.237076,0.498639,1.54246,1.24251,1.12551,1.48608,1.10865,1.00562,-1.48579,1.1872,-0.699488,-1.80395,-1.24283,-0.428684,0.66533,0.595052,1.69783,-0.773064,-0.0839333,-1.30749,-0.540168,1.18568,-0.615835,-0.505538,0.580201,-2.1872,0.743405,1.67231,-1.69297,2.74027,1.30316,-0.382228,2.7142,-0.823391,1.40413,0.0222033,0.964312,-0.99304,-0.0754245,1.39072,0.470681,0.376019,-1.12526,-0.351949,-0.457545,-0.469757,-0.714112,-0.518366,0.0886369,-0.828046,0.581367,-1.48094,-0.824334,-0.65589,-1.26401,0.495304,1.2131,-547.184,-508.299,2761.5,815.011,520.894,-1882.04,-2005.36,-819.359,713.376,4167.89,684.524,-60.5022,-3825.74,-379.508,89.5438,-786.665,-2764.26,-1893.05,-1138.15,1330.48,3721.9,-4549.31,2287.66,267.703,-2638.59,-2872.07,3581.78,-691.08,1559.76,-2665.15,-3407.54,531.827,2745.55,-223.138,-3512.96,4957.76,-1430.38,-3610.6,1490.59,-2808.39,2647.86,134.514,1058.66,-2025.01,485.435,3088.29,-408.039,1755.96,-843.537,223.64,-979.537,157.066,-382.401,-1592.82,146.539,630.355,1663.4,390.568,-1767.98,-422.267,-1066.21,3073.98,426.967,1910.6,-1257.09,-400.344,-1141.72,499.265,-2604.22,-1076.11,-4120.46,-2216.12,-5824.17,-626.233,4606.2,242.817,3643.23,1542.24,2193.71,656.864,865.569,271.498,-601.193,3442.11,1343.81,-669.027,-589.169,-124.323,-568.395,1995.34,2199.27,3168.19,1360.03,-1589.59,215.181,-2315.43,-552.459,2949.46,968.289,-1405.52
-250354,0,1,0,1,1,250413,-0.384764,0.00591807,1.98251,0.65987,0.194549,-1.62464,-1.32884,-0.638008,0.776036,1.76188,-0.149657,0.116447,-1.54277,-0.0636614,0.2482,-1.00728,-1.59481,-1.01706,-0.127135,0.559175,1.40119,-1.61276,1.8305,-0.0898098,-1.26576,-1.76124,1.23195,-0.269686,1.22789,-1.59845,-1.56077,0.458786,1.996,-0.185011,-1.75004,1.38731,-0.797919,-1.56933,0.936032,-1.67351,1.35279,0.444837,1.42627,-1.3104,-0.0724454,0.89088,-0.393547,0.886616,0.0264761,-0.478673,-1.03596,0.226382,0.0675763,-1.26799,0.156639,-0.0321617,0.998724,0.212245,-0.63784,-0.775643,-0.788799,1.94885,1.21166,0.828242,-0.92643,-0.62419,-1.08532,0.0134659,-0.922084,-1.04397,-1.82062,-0.720654,-1.94471,-0.376988,1.76676,-0.594025,1.17955,0.313105,1.16384,0.0323358,0.112372,0.276904,0.173359,1.84303,0.871915,-1.30925,-0.819472,-0.271119,0.144731,1.18899,1.07535,1.68402,1.67163,-0.91779,-0.253471,-1.68299,-0.374937,1.42931,0.855572,-1.19532,-1.23346,1.34778,-0.38071,-0.433369,0.231437,-0.177601,0.535196,-0.73895,0.574776,-0.334943,0.17335,-0.737333,0.997595,-0.0859799,0.424732,0.169985,-0.0486127,0.332213,0.144197,-0.16573,-0.593591,-0.47961,-0.271955,0.303489,-0.829659,-0.386176,0.950599,-1.25542,-1.31345,0.459097,-1.67982,-0.544879,-0.0370356,-1.35511,-0.715333,1.09542,0.672408,-0.105884,-1.35157,0.262471,1.4155,-0.759497,0.147467,-0.542118,0.0682103,1.19318,-1.4613,0.148143,0.655036,1.18281,0.661762,-2.10531,-1.00787,-0.516314,1.37528,-1.01472,-0.0848833,-0.938321,0.946597,1.59852,0.539203,0.92299,1.49856,-2.18798,-2.45992,-0.00715686,-0.519657,0.585495,-3.03384,0.417621,2.10488,-1.46555,1.04279,-0.249874,0.48579,-1.59477,0.597899,0.121963,0.448455,-1.3934,1.93209,1.20899,-0.303505,-0.27654,0.04833,-1.43484,0.0819956,0.761793,-0.162198,-1.19154,0.783402,-0.483206,-0.457376,3.08379,2.06238,-0.115539,1.46868,-0.926235,2.83236,1.40737,-547.184,-508.299,2761.5,815.011,520.894,-1882.04,-2005.36,-819.359,713.376,4167.89,684.524,-60.5022,-3825.74,-379.508,89.5438,-786.665,-2764.26,-1893.05,-1138.15,1330.48,3721.9,-4549.31,2287.66,267.703,-2638.59,-2872.07,3581.78,-691.08,1559.76,-2665.15,-3407.54,531.827,2745.55,-223.138,-3512.96,4957.76,-1430.38,-3610.6,1490.59,-2808.39,2647.86,134.514,1058.66,-2025.01,485.435,3088.29,-408.039,1755.96,-843.537,223.64,-979.537,157.066,-382.401,-1592.82,146.539,630.355,1663.4,390.568,-1767.98,-422.267,-1066.21,3073.98,426.967,1910.6,-1257.09,-400.344,-1141.72,499.265,-2604.22,-1076.11,-4120.46,-2216.12,-5824.17,-626.233,4606.2,242.817,3643.23,1542.24,2193.71,656.864,865.569,271.498,-601.193,3442.11,1343.81,-669.027,-589.169,-124.323,-568.395,1995.34,2199.27,3168.19,1360.03,-1589.59,215.181,-2315.43,-552.459,2949.46,968.289,-1405.52
# 
#  Elapsed Time: 5.992 seconds (Warm-up)
#                0.005 seconds (Sampling)
#                5.997 seconds (Total)
# 
